Re 				Cl				RE			Cd
49.54407295		0.044715923		52.02501	1.43253
59.87841945		0.122302432		62.13917	1.393358
79.93920973		0.211146832		81.85268	1.350521
100				0.305760463		101.0363	1.332542
119.4528875		0.383083938		121.9149	1.314544
139.5136778		0.45173603		141.6885	1.31431
160.7902736		0.523237667		162.5972	1.317612
200.3039514		0.646136311		201.5946	1.327802
250.1519757		0.768736849		251.8863	1.334307
297.5683891		0.879869067		302.198		1.355014
349.2401216		0.962032383		351.3698	1.368633
399.0881459		1.026940613		402.7864	1.371575
