l	Ux	Uy	Uz
0.0	0	0	0
0.50505051	9.3706769e-05	0.02340328	1.7238719e-22
1.010101	0.00028457686	0.045575052	6.3303926e-23
1.5151515	0.00055384741	0.066531001	-3.7684316e-23
2.020202	0.00088084232	0.086280561	-1.1351731e-22
2.5252525	0.0012432639	0.10483088	-1.7284886e-22
3.030303	0.0016183886	0.12218985	-1.3378427e-22
3.5353535	0.0019844715	0.13822691	-9.6900306e-23
4.040404	0.0023204594	0.15298359	-1.9803748e-23
4.5454545	0.002615613	0.16660176	-5.1183577e-23
5.0505051	0.0028604292	0.17910501	-2.5343062e-22
5.5555556	0.0030474436	0.1905202	-3.4489732e-22
6.0606061	0.0031711768	0.20087716	-8.3393237e-23
6.5656566	0.0032268589	0.21019104	-8.7195728e-23
7.0707071	0.0032002298	0.21832299	6.2060992e-23
7.5757576	0.0031067905	0.22552155	-9.8042757e-23
8.0808081	0.0029494556	0.23182332	-1.8709409e-22
8.5858586	0.0027322102	0.2372641	-4.8270104e-23
9.0909091	0.0024599675	0.24187846	1.4868977e-22
9.5959596	0.0021384311	0.24569928	1.6495998e-23
10.10101	0.001769443	0.24865684	1.7980049e-22
10.606061	0.0013650141	0.25082816	-9.1175789e-23
11.111111	0.0009353139	0.25229991	-3.0910855e-22
11.616162	0.00048713956	0.25308921	-3.0783147e-22
12.121212	2.7765947e-05	0.25320896	-3.0522481e-23
12.626263	-0.00043511351	0.2526686	3.4476201e-22
13.131313	-0.0008931984	0.25145276	5.7989808e-24
13.636364	-0.0013351384	0.24946571	-1.6314988e-22
14.141414	-0.0017557492	0.24682604	-6.7593645e-23
14.646465	-0.0021487459	0.2435261	9.7122154e-23
15.151515	-0.0025079966	0.23955504	3.8708226e-23
15.656566	-0.0028275723	0.23489883	-2.7841954e-22
16.161616	-0.0031017859	0.22954036	-3.8634673e-22
16.666667	-0.0033161729	0.22334071	5.2963529e-22
17.171717	-0.0034687896	0.21632994	9.8668715e-22
17.676768	-0.0035592978	0.20852835	8.561424e-22
18.181818	-0.0035847131	0.19990447	1.9814646e-22
18.686869	-0.0035431293	0.19042505	-4.4523629e-22
19.191919	-0.0034339794	0.1800569	-4.1324273e-22
19.69697	-0.0032534338	0.16869416	-1.3388924e-22
20.20202	-0.0030002856	0.15619627	-1.5442931e-21
20.707071	-0.0026926565	0.14269414	-1.3578547e-21
21.212121	-0.0023391273	0.12817187	8.0310341e-22
21.717172	-0.0019486789	0.11259807	3.657865e-21
22.222222	-0.0015299713	0.095890743	4.4798044e-21
22.727273	-0.0010941721	0.077570975	6.0460827e-21
23.232323	-0.0006608226	0.056986894	5.0467408e-21
23.737374	-0.00031348946	0.03542376	-3.9368413e-21
24.242424	-7.5326432e-05	0.010616635	-3.3063083e-21
75.6	-6.880588e-05	-0.0035427037	6.210573e-22
75.84646465	-0.00046401638	-0.023892064	4.1885521e-21
76.09292929	-0.0009100545	-0.043742636	7.0784524e-21
76.33939394	-0.0018171695	-0.059069179	3.8229571e-21
76.58585859	-0.0027242845	-0.074395722	5.6746172e-22
76.8323232	-0.0041787885	-0.08842137	-9.2470399e-22
77.0787879	-0.0057558818	-0.10215574	-2.0221319e-21
77.3252525	-0.0075628518	-0.1141133	-1.6143248e-21
77.5717172	-0.0094974974	-0.12508396	-3.7045613e-22
77.8181818	-0.011482977	-0.13577413	7.1145897e-22
78.0646465	-0.01371429	-0.14510766	1.0102157e-21
78.3111111	-0.015945603	-0.1544412	1.3089725e-21
78.5575758	-0.018267619	-0.16298648	9.1887784e-22
78.8040404	-0.020647135	-0.17103198	9.2023679e-23
79.0505051	-0.023027865	-0.17902889	-6.770912e-22
79.2969697	-0.025431729	-0.18609489	-3.4071814e-22
79.5434343	-0.027835593	-0.1931609	-4.3450813e-24
79.789899	-0.030197897	-0.19981647	1.4100028e-22
80.0363636	-0.032522851	-0.20610331	1.1473959e-22
80.2828283	-0.034840275	-0.21235936	9.106356e-23
80.5292929	-0.037005002	-0.21799146	1.1970691e-22
80.7757576	-0.039169729	-0.22362356	1.4835025e-22
81.0222222	-0.04120274	-0.22890547	8.1641802e-23
81.2686869	-0.043146834	-0.23395099	-4.9431293e-23
81.5151515	-0.045048038	-0.23890524	-1.5961378e-22
81.7616162	-0.046728305	-0.24338938	-1.6219422e-22
82.0080808	-0.048408573	-0.24787351	-1.6477466e-22
82.2545455	-0.049873379	-0.25194059	-1.6484525e-22
82.5010101	-0.051260419	-0.25585713	-1.6400345e-22
82.7474747	-0.052551154	-0.25958976	-1.8056082e-22
82.9939394	-0.053626919	-0.26291186	-2.3597377e-22
83.240404	-0.054702684	-0.26623395	-2.9138673e-22
83.4868687	-0.055495656	-0.26899692	-1.8566021e-23
83.7333333	-0.056251773	-0.271687	2.9703388e-22
83.979798	-0.056861238	-0.27406767	5.1924872e-22
84.2262626	-0.057298683	-0.27608538	6.3192658e-22
84.4727273	-0.057724962	-0.27807759	7.3381955e-22
84.7191919	-0.057849948	-0.27938171	5.4453261e-22
84.9656566	-0.057974934	-0.28068584	3.5524567e-22
85.2121212	-0.057917015	-0.28153367	2.0640849e-22
85.4585859	-0.057742785	-0.28209135	8.3300937e-23
85.705051	-0.057516206	-0.28250597	-2.682911e-23
85.951515	-0.057061782	-0.28229794	-8.0484868e-23
86.19798	-0.056607358	-0.28208991	-1.3414063e-22
86.444444	-0.055955714	-0.28129095	-1.0300078e-22
86.690909	-0.0552426	-0.28030779	-4.5431567e-23
86.937374	-0.0544513	-0.27906378	-2.4223554e-23
87.183838	-0.053506823	-0.27730867	-7.4253588e-23
87.430303	-0.052562346	-0.27555356	-1.2428362e-22
87.676768	-0.051434715	-0.27310873	-1.7623726e-22
87.923232	-0.050289735	-0.27059857	-2.2837489e-22
88.169697	-0.049062875	-0.26773407	-1.7756899e-22
88.416162	-0.047750463	-0.26449934	-1.9198259e-23
88.662626	-0.046429499	-0.26122062	1.3207095e-22
88.909091	-0.044984677	-0.25730472	1.8048504e-22
89.155556	-0.043539855	-0.25338881	2.2889913e-22
89.40202	-0.042033386	-0.24907228	1.4942546e-22
89.648485	-0.040492262	-0.24453051	-1.9468193e-24
89.894949	-0.038938186	-0.23986792	-1.1021559e-22
90.141414	-0.037337016	-0.23476598	-6.1728655e-23
90.387879	-0.035735847	-0.22966403	-1.324172e-23
90.634343	-0.034115261	-0.22417766	7.4957768e-23
90.880808	-0.032489552	-0.21858985	1.7363883e-22
91.127273	-0.030867253	-0.21285348	1.8247519e-22
91.373737	-0.029250844	-0.20686063	3.6185151e-23
91.620202	-0.027634434	-0.20086778	-1.1010489e-22
91.866667	-0.026056326	-0.19457346	-1.4047099e-22
92.113131	-0.024480563	-0.18826069	-1.637414e-22
92.359596	-0.022940414	-0.18182737	-1.4967471e-22
92.606061	-0.021433423	-0.17528184	-1.0084558e-22
92.852525	-0.019935125	-0.16872268	-5.2061078e-23
93.09899	-0.018521201	-0.16203132	-3.7023123e-24
93.345455	-0.017107278	-0.15533997	4.4656453e-23
93.591919	-0.015769018	-0.14860775	9.1703041e-23
93.838384	-0.014468202	-0.14185532	1.3810006e-22
94.084848	-0.01319883	-0.13510768	1.7278545e-22
94.331313	-0.012026617	-0.12837484	1.7128511e-22
94.577778	-0.010854404	-0.121642	1.6978477e-22
94.824242	-0.0097965534	-0.1149869	9.3379383e-23
95.070707	-0.0087637963	-0.10834886	5.385804e-25
95.317172	-0.007788672	-0.10177543	-3.7824028e-23
95.563636	-0.0069015967	-0.095300719	7.0422058e-24
95.810101	-0.0060145214	-0.088826007	5.190844e-23
96.056566	-0.0052706478	-0.08256935	9.7841949e-23
96.30303	-0.0045310269	-0.07631917	1.4380707e-22
96.549495	-0.0038706821	-0.070220954	1.2751636e-22
96.79596	-0.0032760679	-0.064248738	5.9606949e-23
97.042424	-0.0026983963	-0.058316093	-1.2646623e-31
97.288889	-0.0022423649	-0.05266755	-1.2646623e-31
97.535354	-0.0017863334	-0.047019007	-1.2646623e-31
97.781818	-0.0014199974	-0.041622977	-3.9448876e-24
98.028283	-0.0010925057	-0.036336303	-9.5981712e-24
98.274747	-0.00079696784	-0.031157111	-1.2151349e-23
98.521212	-0.00058637156	-0.026263631	-6.4630439e-24
98.767677	-0.00037577527	-0.021370151	-7.7473891e-25
99.014141	-0.0002516283	-0.016832184	3.3520871e-24
99.260606	-0.0001428686	-0.012357494	7.2009826e-24
99.507071	-6.6218897e-05	-0.0080695313	7.7676914e-24
99.753535	-3.3109449e-05	-0.0040347656	3.8838457e-24
99.999999	-1.1365234e-11	-1.1646798e-08	9.875614e-28
