l	Ux	Uy	Uz
0.0	0	0	0
0.50505051	8.2970188e-06	0.016415386	1.4623013e-22
1.010101	2.3780515e-05	0.032094341	5.3618186e-23
1.5151515	4.3773165e-05	0.04705168	-3.4905989e-23
2.020202	6.557432e-05	0.061300636	-1.050787e-22
2.5252525	8.6439865e-05	0.074853434	-1.601252e-22
3.030303	0.00010367881	0.087721476	-1.2407522e-22
3.5353535	0.0001142084	0.099834017	-9.1025537e-23
4.040404	0.00011594845	0.11121231	-1.7816763e-23
4.5454545	0.00010832663	0.1219321	-4.7373556e-23
5.0505051	9.0397307e-05	0.13199948	-2.3812716e-22
5.5555556	6.1482675e-05	0.14142036	-3.2372202e-22
6.0606061	2.1178005e-05	0.15020043	-7.5957268e-23
6.5656566	-3.0851117e-05	0.15833392	-8.0484036e-23
7.0707071	-9.6427996e-05	0.16570856	5.5822e-23
7.5757576	-0.0001725321	0.17245985	-9.2674423e-23
8.0808081	-0.00025831365	0.17859169	-1.7495294e-22
8.5858586	-0.00035272411	0.1841076	-4.382769e-23
9.0909091	-0.000454526	0.18901062	1.4199355e-22
9.5959596	-0.00056230315	0.19330335	1.6544564e-23
10.10101	-0.00067471603	0.19690379	1.6584028e-22
10.606061	-0.00078897537	0.19984593	-8.2392302e-23
11.111111	-0.00090204876	0.20218219	-2.7937695e-22
11.616162	-0.0010133102	0.2039119	-2.7620978e-22
12.121212	-0.0011202577	0.20503326	-2.7449497e-23
12.626263	-0.0012203501	0.20554391	3.0443406e-22
13.131313	-0.0013172831	0.20542044	6.5001658e-24
13.636364	-0.0014066986	0.20456416	-1.4305309e-22
14.141414	-0.0014791447	0.20308396	-5.5792386e-23
14.646465	-0.0015365755	0.20097305	8.0408622e-23
15.151515	-0.0015786581	0.19822344	2.7731714e-23
15.656566	-0.0016039533	0.19482585	-2.3225707e-22
16.161616	-0.0016115368	0.19076972	-3.163705e-22
16.666667	-0.0015976983	0.18593493	4.4548445e-22
17.171717	-0.0015635804	0.18036115	8.1428051e-22
17.676768	-0.00151053	0.17407697	6.9971311e-22
18.181818	-0.0014390019	0.16706339	1.6136513e-22
18.686869	-0.0013498497	0.15929974	-3.5912303e-22
19.191919	-0.0012443602	0.15076493	-3.316939e-22
19.69697	-0.001123375	0.14137502	-1.0863377e-22
20.20202	-0.00098911376	0.13101597	-1.234825e-21
20.707071	-0.00084722906	0.11980123	-1.077237e-21
21.212121	-0.00070146558	0.10771623	6.3883716e-22
21.717172	-0.00055540307	0.094732437	2.8749593e-21
22.222222	-0.00041264474	0.080777473	3.4504902e-21
22.727273	-0.00028087328	0.065423296	4.7414494e-21
23.232323	-0.00016049365	0.048120874	4.0494741e-21
23.737374	-7.2235594e-05	0.029941805	-2.3304518e-21
24.242424	-1.6645224e-05	0.0089785314	-2.1641936e-21
75.6	9.9123982e-06	-0.0021738418	9.6623935e-22
75.84646465	6.6857161e-05	-0.01466044	6.5165792e-21
76.09292929	0.00012783538	-0.026900826	1.1012708e-20
76.33939394	0.00022535654	-0.036908023	5.9477782e-21
76.58585859	0.00032287769	-0.046915221	8.828486e-22
76.8323232	0.00045276589	-0.056601796	-1.5327624e-21
77.0787879	0.00058988911	-0.066216577	-3.3552893e-21
77.3252525	0.00072996518	-0.074901745	-2.5819023e-21
77.5717172	0.00087167877	-0.083070577	-3.6667475e-22
77.8181818	0.0010129154	-0.091090557	1.5744235e-21
78.0646465	0.0011518434	-0.098390591	2.1899789e-21
78.3111111	0.0012907713	-0.10569063	2.8055342e-21
78.5575758	0.001422999	-0.11250492	1.9619525e-21
78.8040404	0.0015509786	-0.11901122	1.9321618e-22
79.0505051	0.0016781693	-0.12548226	-1.452998e-21
79.2969697	0.0017902564	-0.13127784	-7.5336528e-22
79.5434343	0.0019023434	-0.13707342	-5.3732585e-23
79.789899	0.0020049337	-0.14252108	2.5986147e-22
80.0363636	0.0020989926	-0.14765618	2.2666763e-22
80.2828283	0.0021921687	-0.15276216	1.9859311e-22
80.5292929	0.0022674656	-0.15727793	2.741437e-22
80.7757576	0.0023427625	-0.1617937	3.4969428e-22
81.0222222	0.0024070339	-0.16596216	1.9160911e-22
81.2686869	0.0024638637	-0.16989616	-1.2418712e-22
81.5151515	0.0025178953	-0.17374108	-3.8872322e-22
81.7616162	0.0025575179	-0.17712713	-3.8923087e-22
82.0080808	0.0025971404	-0.18051317	-3.8973853e-22
82.2545455	0.0026254304	-0.18351852	-3.9484053e-22
82.5010101	0.0026496313	-0.18638646	-4.0158487e-22
82.7474747	0.002669699	-0.18910226	-4.5220596e-22
82.9939394	0.0026805433	-0.19147842	-6.0081165e-22
83.240404	0.0026913875	-0.19385459	-7.4941733e-22
83.4868687	0.002692364	-0.19581641	-5.8856952e-23
83.7333333	0.0026920554	-0.19772424	7.4107371e-22
83.979798	0.0026876677	-0.19942622	1.3184144e-21
84.2262626	0.0026784971	-0.20088673	1.6346654e-21
84.4727273	0.0026691182	-0.20233192	1.9225131e-21
84.7191919	0.0026541412	-0.20336383	1.4435108e-21
84.9656566	0.0026391641	-0.20439574	9.6450847e-22
85.2121212	0.0026195879	-0.20517478	5.8025945e-22
85.4585859	0.0025970884	-0.20579301	2.5628433e-22
85.705051	0.0025746451	-0.20633704	-3.7275479e-23
85.951515	0.0025524504	-0.20655809	-1.9848181e-22
86.19798	0.0025302557	-0.20677914	-3.5968815e-22
86.444444	0.0025050052	-0.20671124	-2.7373763e-22
86.690909	0.0024788029	-0.20655327	-1.1075223e-22
86.937374	0.0024505639	-0.20627078	-5.667332e-23
87.183838	0.002418336	-0.2057443	-2.1596298e-22
87.430303	0.0023861081	-0.20521782	-3.7525265e-22
87.676768	0.0023562437	-0.20436288	-5.3531034e-22
87.923232	0.0023266037	-0.20347682	-6.9544613e-22
88.169697	0.0022960937	-0.20242034	-5.4210768e-22
88.416162	0.0022646755	-0.20118576	-6.122325e-23
88.662626	0.0022331809	-0.19992926	3.9914527e-22
88.909091	0.0022005866	-0.19835512	5.6237781e-22
89.155556	0.0021679922	-0.19678098	7.2561034e-22
89.40202	0.0021345329	-0.19499462	4.7403191e-22
89.648485	0.0021005879	-0.19308896	-1.0753867e-23
89.894949	0.0020662505	-0.19111337	-3.5598167e-22
90.141414	0.0020304875	-0.18888349	-1.9367443e-22
90.387879	0.0019947245	-0.1866536	-3.1367185e-23
90.634343	0.001957053	-0.1841723	2.5575818e-22
90.880808	0.0019188782	-0.18162467	5.7582808e-22
91.127273	0.0018796232	-0.17896258	6.0101098e-22
91.373737	0.001838504	-0.1761029	1.1703926e-22
91.620202	0.0017973848	-0.17324323	-3.6693247e-22
91.866667	0.0017530363	-0.17009427	-4.6929452e-22
92.113131	0.0017084902	-0.16692761	-5.4829837e-22
92.359596	0.0016619514	-0.16360422	-5.0288757e-22
92.606061	0.0016135576	-0.16013492	-3.4164122e-22
92.852525	0.0015647797	-0.15663769	-1.8047865e-22
93.09899	0.0015122756	-0.15286937	-2.0102899e-23
93.345455	0.0014597716	-0.14910104	1.4027285e-22
93.591919	0.0014044972	-0.14513461	3.0236264e-22
93.838384	0.0013478523	-0.14107016	4.6529967e-22
94.084848	0.0012902571	-0.13693381	5.8875933e-22
94.331313	0.0012297265	-0.13257533	5.9024517e-22
94.577778	0.0011691959	-0.12821686	5.9173101e-22
94.824242	0.0011059655	-0.12361837	3.2413625e-22
95.070707	0.0010421429	-0.11896721	-2.499144e-24
95.317172	0.00097740391	-0.11420045	-1.3396993e-22
95.563636	0.00091126514	-0.10925708	3.2721309e-23
95.810101	0.00084512637	-0.1043137	1.9941255e-22
96.056566	0.00077807781	-0.099086141	3.6263506e-22
96.30303	0.0007110023	-0.093850142	5.2575422e-22
96.549495	0.00064442247	-0.088453436	4.6446581e-22
96.79596	0.00057825373	-0.082923482	2.1711246e-22
97.042424	0.00051245731	-0.077357284	2.5508585e-30
97.288889	0.00044933428	-0.071530864	2.5508585e-30
97.535354	0.00038621125	-0.065704444	2.5508585e-30
97.781818	0.00032705341	-0.059668327	-1.4510748e-23
98.028283	0.00026961283	-0.053541398	-3.53056e-23
98.274747	0.00021495561	-0.047330945	-4.4711409e-23
98.521212	0.00016769737	-0.040898465	-2.38399e-23
98.767677	0.00012043912	-0.034465985	-2.9683913e-24
99.014141	8.5619959e-05	-0.027767963	1.9748959e-23
99.260606	5.3014848e-05	-0.021022678	4.2794853e-23
99.507071	2.8253035e-05	-0.014139642	4.6244526e-23
99.753535	1.4126518e-05	-0.0070698211	2.3122263e-23
99.999999	1.4019966e-11	-2.1894972e-08	3.399879e-27
