RE			Sr_others
83.33127641	0.137564067
110.3600968	0.12684796
132.5121238	0.136622698
82.80262416	0.142273633
112.4134563	0.15527228
135.2261756	0.157904646
135.1732582	0.159424299
178.7301781	0.154938772
191.2351218	0.152373039
202.0586988	0.158618577
213.6536989	0.161976773
219.0989833	0.164263053
182.7695963	0.168166557
181.9587474	0.165429821
191.5467505	0.166051281
221.0387385	0.170040456
236.3650099	0.169754204
250.379043	0.166121994
280.27906	0.168127461
259.1146329	0.172969954
252.3783183	0.175242635
313.4919287	0.1733242
312.9280106	0.180314606
315.9951601	0.18244484
334.6649478	0.179572457
365.3052889	0.17944361
382.3242573	0.182647121
391.4550188	0.191012014
446.5720628	0.199557431
572.0760699	0.197951086
501.2531496	0.191077288
558.6448199	0.190194053
525.5716504	0.187138428
489.5996507	0.182408464
441.8810655	0.180557682
495.6811258	0.214478592
