Re				Sr_TopLine
48.70309038		0.122832607
52.54523523		0.128019827
55.81465099		0.133658863
61.14359864		0.13960999
74.88925426		0.152277508
79.95973814		0.157917905
83.18333123		0.164463294
98.42577981		0.171194645
128.2895171		0.182358829
151.7140315		0.191217695
156.1944976		0.19821626
163.5673432		0.199140291
173.299129		0.194748254
197.2931247		0.191287048
228.6844158		0.19801296
256.7522882		0.208529846
278.9504403		0.206576054
309.3041356		0.205539494
327.1301561		0.207985898
335.454428		0.210424143
403.6407292		0.211992752
524.7001647		0.213581759
