Re			Sr
52.40438	0.125051
55.85159	0.130966
61.17321	0.136316
65.19725	0.140868
70.76237	0.144399
74.05685	0.148153
79.65		0.151115
84.12037	0.154643
87.23916	0.157033
91.30074	0.159651
95.55142	0.162155
102.768		0.163981
109.5281	0.168419
111.54		0.17058
118.8773	0.172063
118.8773	0.173995
130.2041	0.177413
133.808		0.178552
142.6101	0.179922
143.9139	0.182196
153.3807	0.183566
157.6262	0.1855
166.473		0.187324
222.7543	0.18258
207.1121	0.180982
192.5684	0.178588
150.6141	0.175496
226.8461	0.185423
226.8461	0.187695
246.2092	0.194294
237.4073	0.191336
246.2092	0.199863
257.672		0.201913
292.6868	0.200561
320.5744	0.201707
354.3293	0.20183
417.4009	0.203096
500.7313	0.205046
