t	etaU
0	1.15728e-14
0.555556	1.21168
1.11111	1.05501
1.66667	1.54817
2.22222	0.63632
2.77778	1.13963
3.33333	1.07878
3.88889	0.226367
4.44444	1.53391
5	1.57012
5.55556	1.3236
6.11111	2.69922
6.66667	0.15961
7.22222	0.25686
7.77778	1.05206
8.33333	0.469688
8.88889	1.09159
9.44444	0.0828268
10	0.23777
10.5556	1.90128
11.1111	0.539817
11.6667	0.793903
12.2222	0.471221
12.7778	0.214499
13.3333	0.0504241
13.8889	0.637764
14.4444	0.472294
15	1.12
15.5556	2.32888
16.1111	0.329055
16.6667	1.19495
17.2222	0.440741
17.7778	1.02185
18.3333	0.964726
18.8889	1.55619
19.4444	1.25483
20	0.904214
20.5556	0.693367
21.1111	0.089266
21.6667	0.587559
22.2222	0.386392
22.7778	1.81947
23.3333	0.657972
23.8889	1.12729
24.4444	0.338399
25	0.792148
25.5556	0.587284
26.1111	0.960168
26.6667	0.844207
27.2222	0.838447
27.7778	0.329065
28.3333	1.28274
28.8889	0.185226
29.4444	0.403432
30	0.0934759
30.5556	0.283333
31.1111	0.0387883
31.6667	0.427885
32.2222	0.988893
32.7778	0.772049
33.3333	0.0892127
33.8889	0.972854
34.4444	0.171991
35	0.0746837
35.5556	0.316357
36.1111	0.0416978
36.6667	0.192337
37.2222	1.127
37.7778	0.179371
38.3333	0.71471
38.8889	0.632425
39.4444	0.838865
40	1.48106
40.5556	0.408373
41.1111	0.166446
41.6667	0.0183044
42.2222	0.449361
42.7778	0.370566
43.3333	0.291523
43.8889	0.363025
44.4444	0.258193
45	0.0995005
45.5556	1.23887
46.1111	0.252239
46.6667	0.444288
47.2222	0.0438294
47.7778	0.178085
48.3333	0.0805425
48.8889	1.81237
49.4444	1.86447
50	1.08735
50.5556	0.463194
51.1111	1.41918
51.6667	0.88638
52.2222	0.0816081
52.7778	0.356716
53.3333	0.358242
53.8889	1.56633
54.4444	0.45616
55	0.981376
55.5556	1.28507
56.1111	0.526383
56.6667	0.320469
57.2222	0.457362
57.7778	1.07035
58.3333	0.651999
58.8889	1.36176
59.4444	1.47454
60	0.922755
60.5556	0.507904
61.1111	0.263885
61.6667	0.551318
62.2222	0.488798
62.7778	1.04194
63.3333	1.11945
63.8889	0.993083
64.4444	0.763664
65	0.742041
65.5556	1.1613
66.1111	0.924792
66.6667	0.234339
67.2222	0.725148
67.7778	0.615857
68.3333	0.617952
68.8889	1.43588
69.4444	2.02084
70	0.519772
70.5556	0.366209
71.1111	0.613369
71.6667	1.14194
72.2222	0.569469
72.7778	1.28578
73.3333	0.310704
73.8889	0.297549
74.4444	0.137079
75	0.11132
75.5556	0.100999
76.1111	1.00238
76.6667	0.974942
77.2222	1.01675
77.7778	0.810755
78.3333	0.574877
78.8889	1.5297
79.4444	0.501513
80	0.938979
80.5556	0.567423
81.1111	0.3933
81.6667	0.10215
82.2222	0.0211011
82.7778	0.605324
83.3333	1.65783
83.8889	2.34158
84.4444	1.39304
85	0.188632
85.5556	0.292308
86.1111	0.330362
86.6667	0.234196
87.2222	0.664312
87.7778	0.206653
88.3333	0.256274
88.8889	0.820328
89.4444	0.819745
90	0.0708583
90.5556	0.39554
91.1111	0.464003
91.6667	0.714493
92.2222	0.11823
92.7778	0.251407
93.3333	1.90765
93.8889	0.32482
94.4444	0.207812
95	0.441761
95.5556	0.46032
96.1111	0.339874
96.6667	0.052397
97.2222	0.60692
97.7778	0.495915
98.3333	0.588481
98.8889	0.945178
99.4444	0.804375
100	1.08432
100.556	0.424252
101.111	0.205791
101.667	0.623213
102.222	0.0132201
102.778	0.0822326
103.333	1.13904
103.889	1.64873
104.444	0.482695
105	0.716718
105.556	0.39615
106.111	0.0798583
106.667	0.397662
107.222	0.467607
107.778	1.7597
108.333	0.445774
108.889	1.01695
109.444	1.09455
110	0.127475
110.556	0.45066
111.111	0.868717
111.667	0.387092
112.222	0.518685
112.778	0.200447
113.333	0.50906
113.889	0.812385
114.444	1.66531
115	0.15397
115.556	0.0205792
116.111	0.405232
116.667	0.154072
117.222	0.676632
117.778	1.17331
118.333	0.446308
118.889	0.0975634
119.444	0.560307
120	0.178033
120.556	0.16683
121.111	1.36124
121.667	1.2164
122.222	0.443214
122.778	0.0810095
123.333	0.891814
123.889	1.18807
124.444	0.0367998
125	0.397762
125.556	1.00992
126.111	1.44627
126.667	0.638084
127.222	0.588475
127.778	0.514321
128.333	0.349595
128.889	0.793404
129.444	0.290886
130	0.129853
130.556	0.813773
131.111	0.805548
131.667	0.00130728
132.222	0.0119307
132.778	0.0959691
133.333	0.509181
133.889	0.336357
134.444	0.200661
135	1.04879
135.556	0.484904
136.111	0.124472
136.667	0.184406
137.222	0.677908
137.778	0.132562
138.333	0.385206
138.889	0.653969
139.444	0.442112
140	0.164939
140.556	0.512068
141.111	0.606868
141.667	0.588899
142.222	1.27094
142.778	0.134564
143.333	0.252249
143.889	0.445137
144.444	0.767723
145	0.601232
145.556	0.190278
146.111	0.548936
146.667	1.12325
147.222	1.24219
147.778	0.446003
148.333	1.04428
148.889	0.219111
149.444	0.399282
150	0.853652
150.556	0.0872889
151.111	0.00507189
151.667	0.584093
152.222	0.579302
152.778	0.0856831
153.333	0.230296
153.889	0.913531
154.444	0.178528
155	0.0517417
155.556	0.0475632
156.111	0.875011
156.667	0.404608
157.222	0.0682101
157.778	0.376078
158.333	0.756907
158.889	0.73174
159.444	0.14091
160	0.121452
160.556	0.174414
161.111	0.2176
161.667	0.196237
162.222	0.284966
162.778	0.408475
163.333	0.371306
163.889	0.470871
164.444	1.04692
165	0.135925
165.556	0.333492
166.111	0.357964
166.667	0.628343
167.222	0.0978299
167.778	0.931986
168.333	0.538145
168.889	0.601535
169.444	0.644757
170	0.171543
170.556	0.340928
171.111	0.118986
171.667	0.482017
172.222	0.734065
172.778	0.177884
173.333	0.483221
173.889	0.745471
174.444	0.312604
175	0.130669
175.556	0.320761
176.111	0.292718
176.667	0.957885
177.222	0.364232
177.778	0.472479
178.333	0.249973
178.889	0.25141
179.444	0.19435
180	0.230556
180.556	0.462515
181.111	0.399463
181.667	0.0784623
182.222	0.156539
182.778	1.02879
183.333	0.309136
183.889	0.0518141
184.444	0.549382
185	0.284432
185.556	0.526572
186.111	0.116678
186.667	0.400651
187.222	0.582601
187.778	0.439821
188.333	0.108443
188.889	0.583927
189.444	0.35416
190	0.149783
190.556	0.698183
191.111	0.0294817
191.667	0.00292036
192.222	0.393215
192.778	0.238452
193.333	0.121144
193.889	0.0381688
194.444	0.223267
195	0.0126849
195.556	0.14201
196.111	0.0487682
196.667	0.296721
197.222	0.0134388
197.778	0.227486
198.333	0.32669
198.889	0.272988
199.444	0.299034
200	0.137842
200.556	0.180549
201.111	0.771564
201.667	0.113896
202.222	0.130732
202.778	0.35458
203.333	0.00856248
203.889	0.358757
204.444	0.386505
205	0.280877
205.556	0.00537056
206.111	0.147989
206.667	0.0520026
207.222	0.10371
207.778	0.205313
208.333	0.125043
208.889	0.131305
209.444	0.233078
210	0.18985
210.556	0.0884396
211.111	0.196907
211.667	0.286229
212.222	0.338053
212.778	0.0398035
213.333	0.702346
213.889	0.264204
214.444	0.501082
215	0.514638
215.556	0.134815
216.111	0.349304
216.667	0.147283
217.222	0.73048
217.778	0.351286
218.333	0.052054
218.889	0.261026
219.444	0.00412802
220	0.355247
220.556	0.241049
221.111	0.0140856
221.667	0.407027
222.222	0.263367
222.778	0.170467
223.333	0.622695
223.889	0.126187
224.444	0.0720158
225	0.295204
225.556	0.0261807
226.111	0.00151576
226.667	0.359176
227.222	0.0733603
227.778	0.0628964
228.333	0.24483
228.889	0.185885
229.444	0.231979
230	0.11497
230.556	0.0465684
231.111	0.0416323
231.667	0.235737
232.222	0.0022437
232.778	0.328638
233.333	0.245988
233.889	0.202324
234.444	0.0979808
235	0.123721
235.556	0.232955
236.111	0.252028
236.667	0.339576
237.222	0.028577
237.778	0.299227
238.333	0.163179
238.889	0.158997
239.444	0.361986
240	0.0551765
240.556	0.203408
241.111	0.25067
241.667	0.0518993
242.222	0.179315
242.778	0.183968
243.333	0.176741
243.889	0.200109
244.444	0.249225
245	0.325613
245.556	0.524483
246.111	0.00827517
246.667	0.301058
247.222	0.430208
247.778	0.378427
248.333	0.00979882
248.889	0.142804
249.444	0.180859
250	0.14156
250.556	0.0602794
251.111	0.10523
251.667	0.0762609
252.222	0.189503
252.778	0.316414
253.333	0.0434283
253.889	0.185427
254.444	0.20534
255	0.362469
255.556	0.0427263
256.111	0.0973216
256.667	0.155547
257.222	0.154271
257.778	0.0764832
258.333	0.0979499
258.889	0.202054
259.444	0.0514015
260	0.291897
260.556	0.0206788
261.111	0.0536769
261.667	0.319818
262.222	0.0900489
262.778	0.00803953
263.333	0.0741916
263.889	0.117718
264.444	0.0412157
265	0.195182
265.556	0.435463
266.111	0.507117
266.667	0.0994039
267.222	0.153527
267.778	0.114866
268.333	0.070209
268.889	0.0340151
269.444	0.394118
270	0.0709753
270.556	0.257114
271.111	0.187387
271.667	0.0937627
272.222	0.0195752
272.778	0.032992
273.333	0.097638
273.889	0.00978302
274.444	0.0181879
275	0.0268301
275.556	0.205308
276.111	0.379548
276.667	0.0625087
277.222	0.326115
277.778	0.205149
278.333	0.00180284
278.889	0.126361
279.444	0.305789
280	0.00241754
280.556	0.104003
281.111	0.174032
281.667	0.00182496
282.222	0.0130155
282.778	0.0580813
283.333	0.0443941
283.889	0.112672
284.444	0.0202417
285	0.151072
285.556	0.0576933
286.111	0.0648481
286.667	0.110171
287.222	0.101132
287.778	0.0233542
288.333	0.0891388
288.889	0.0684144
289.444	0.0661757
290	0.100746
290.556	0.0270232
291.111	0.161014
291.667	0.0393102
292.222	0.058531
292.778	0.0122509
293.333	0.155333
293.889	0.0523862
294.444	0.102121
295	0.144042
295.556	0.0243149
296.111	0.0377554
296.667	0.141977
297.222	0.246873
297.778	0.0380652
298.333	0.0555678
298.889	0.031149
299.444	0.266007
300	0.0106143
300.556	0.0518557
301.111	0.0829481
301.667	0.126661
302.222	0.196227
302.778	0.120891
303.333	0.209141
303.889	0.0609932
304.444	0.105521
305	0.105524
305.556	0.0687911
306.111	0.121593
306.667	0.0253662
307.222	0.0961105
307.778	0.0492467
308.333	0.0414452
308.889	0.0191922
309.444	0.0335092
310	0.0573006
310.556	0.0577195
311.111	0.149052
311.667	0.100668
312.222	0.120605
312.778	0.111428
313.333	0.0335232
313.889	0.0221917
314.444	0.0868239
315	0.0108499
315.556	0.0285535
316.111	0.0329149
316.667	0.0297577
317.222	0.113618
317.778	0.0569675
318.333	0.124887
318.889	0.00681504
319.444	0.0200787
320	0.0614
320.556	0.0807203
321.111	0.0332176
321.667	0.0248501
322.222	0.168528
322.778	0.0213876
323.333	0.0352124
323.889	0.157479
324.444	0.0672326
325	0.0237776
325.556	0.000856054
326.111	0.0225295
326.667	0.0122653
327.222	0.0436034
327.778	0.0640742
328.333	0.0660269
328.889	0.0376813
329.444	0.136244
330	0.0150432
330.556	0.20384
331.111	0.104873
331.667	0.167785
332.222	0.0205625
332.778	0.0229943
333.333	0.0163517
333.889	0.218653
334.444	0.0217545
335	0.049079
335.556	0.0180358
336.111	0.116142
336.667	0.104838
337.222	0.111731
337.778	0.101041
338.333	0.00751611
338.889	0.00804388
339.444	0.0854993
340	0.0770727
340.556	0.0250342
341.111	0.0757744
341.667	0.0243359
342.222	0.00327507
342.778	0.0348241
343.333	0.00361524
343.889	0.0302612
344.444	0.0437078
345	0.192568
345.556	0.0690114
346.111	0.0750342
346.667	0.0650491
347.222	0.0342182
347.778	0.0335863
348.333	0.0716105
348.889	0.0646957
349.444	0.000418403
350	0.0267127
350.556	0.0138919
351.111	0.0201553
351.667	0.116611
352.222	0.0238282
352.778	0.00106048
353.333	0.0340728
353.889	0.0113993
354.444	0.00279281
355	0.0639919
355.556	0.00280754
356.111	3.51648e-05
356.667	0.0288984
357.222	0.0889354
357.778	0.0359997
358.333	0.122692
358.889	0.0074599
359.444	0.0482701
360	0.0445098
360.556	0.0857294
361.111	0.00657641
361.667	0.00324857
362.222	0.0348586
362.778	0.033969
363.333	0.0714291
363.889	0.014887
364.444	0.00554593
365	0.130423
365.556	0.0379639
366.111	0.0274986
366.667	0.0172656
367.222	0.0338447
367.778	0.00980877
368.333	0.0143912
368.889	0.0111297
369.444	0.0132429
370	0.0632225
370.556	0.00879113
371.111	0.0327245
371.667	0.0916967
372.222	0.00226642
372.778	0.0206385
373.333	0.0662848
373.889	0.0656144
374.444	0.0307334
375	0.0252365
375.556	0.00500393
376.111	0.0444327
376.667	0.0633298
377.222	0.0407567
377.778	0.0103384
378.333	0.0472527
378.889	0.0108664
379.444	0.0150916
380	0.04115
380.556	0.00997616
381.111	0.0686676
381.667	0.0104568
382.222	0.0129484
382.778	0.0832673
383.333	0.0192163
383.889	0.0250316
384.444	0.0313622
385	0.018307
385.556	0.0446487
386.111	0.0918075
386.667	0.0361002
387.222	0.0597383
387.778	0.045678
388.333	0.0791411
388.889	0.0140326
389.444	0.0364114
390	0.00849262
390.556	0.0967383
391.111	0.025017
391.667	0.0453964
392.222	0.00683666
392.778	0.0238319
393.333	0.00533452
393.889	0.0396532
394.444	0.0610018
395	0.00949643
395.556	0.0135774
396.111	0.0145156
396.667	0.0535872
397.222	0.0494533
397.778	0.0792118
398.333	0.0245094
398.889	0.0035803
399.444	0.0748358
400	0.0695288
400.556	0.00138565
401.111	0.0102066
401.667	0.0491267
402.222	0.00726922
402.778	0.00125859
403.333	0.0272009
403.889	0.00700742
404.444	0.0219194
405	0.0392523
405.556	0.0291471
406.111	0.013142
406.667	0.0213509
407.222	0.00278575
407.778	0.00379439
408.333	0.00157265
408.889	0.00567152
409.444	0.007133
410	0.0564073
410.556	0.0322611
411.111	0.0155629
411.667	0.0525938
412.222	0.0570678
412.778	0.00847608
413.333	0.0237354
413.889	0.0295953
414.444	0.00139701
415	0.0261991
415.556	0.0173536
416.111	0.0734962
416.667	0.0262722
417.222	0.0511879
417.778	0.0198092
418.333	0.0296797
418.889	0.0554392
419.444	0.0316448
420	0.0321277
420.556	0.0170567
421.111	0.0453117
421.667	0.0581446
422.222	0.0903006
422.778	0.0445812
423.333	0.000791655
423.889	0.0092938
424.444	0.00764242
425	0.0192776
425.556	0.0101088
426.111	0.0135967
426.667	0.0138827
427.222	0.0922813
427.778	0.00290497
428.333	0.0126695
428.889	0.0193891
429.444	0.0124651
430	0.0459537
430.556	0.0414445
431.111	0.0155855
431.667	0.0129374
432.222	0.000599726
432.778	0.0249943
433.333	0.0754178
433.889	0.0103239
434.444	0.00514645
435	0.0273097
435.556	0.0392879
436.111	0.00657243
436.667	0.02781
437.222	0.04882
437.778	0.00608328
438.333	0.0128024
438.889	0.0272077
439.444	0.00864796
440	0.0276005
440.556	0.00218709
441.111	0.00621942
441.667	0.0537504
442.222	0.0358628
442.778	0.0406583
443.333	0.00663776
443.889	0.0117741
444.444	0.0349141
445	0.00817562
445.556	0.039808
446.111	0.00341735
446.667	0.0336532
447.222	0.0271033
447.778	0.00697239
448.333	0.0457568
448.889	0.0348362
449.444	0.050788
450	0.00982727
450.556	0.0256874
451.111	0.0319844
451.667	0.00138784
452.222	0.0348874
452.778	0.0286332
453.333	0.0290808
453.889	0.039313
454.444	0.0287155
455	0.0527134
455.556	0.0252528
456.111	0.000305566
456.667	0.0298927
457.222	0.00783334
457.778	0.0182545
458.333	0.0147919
458.889	0.00869079
459.444	0.0103009
460	0.0210815
460.556	0.0256309
461.111	8.01756e-05
461.667	0.00101344
462.222	0.00956356
462.778	0.00339971
463.333	0.0408816
463.889	0.00470159
464.444	0.0102627
465	0.0162438
465.556	0.0201006
466.111	0.0374158
466.667	0.00283378
467.222	0.041571
467.778	0.0115424
468.333	0.00569081
468.889	0.0660586
469.444	0.00692685
470	0.0346793
470.556	0.0167176
471.111	0.00664099
471.667	0.000810596
472.222	0.0189145
472.778	0.0374403
473.333	0.0136801
473.889	0.0054478
474.444	0.0528458
475	0.00210376
475.556	0.0194564
476.111	0.0175813
476.667	0.0130627
477.222	0.0479658
477.778	0.0179555
478.333	0.0143173
478.889	0.031972
479.444	0.0484919
480	0.0253877
480.556	0.0101149
481.111	0.0315145
481.667	0.0399264
482.222	0.00249437
482.778	0.00965484
483.333	0.0115839
483.889	0.0334871
484.444	0.0243492
485	0.0261451
485.556	0.0188992
486.111	0.00187088
486.667	0.0118366
487.222	0.0273211
487.778	0.0213889
488.333	0.00642905
488.889	0.0330145
489.444	0.0135117
490	0.0129112
490.556	0.00891119
491.111	0.0195744
491.667	0.0031205
492.222	0.015227
492.778	0.00091959
493.333	0.0410733
493.889	0.00949342
494.444	0.0401617
495	0.00272572
495.556	0.0317113
496.111	0.000659694
496.667	0.00857162
497.222	0.0707478
497.778	0.000741356
498.333	0.039059
498.889	0.000487153
499.444	0.00839808
500	0.00712116
500.556	0.0325206
501.111	0.00443255
501.667	0.0603038
502.222	0.00620455
502.778	0.0276515
503.333	0.0101482
503.889	0.0166696
504.444	0.0355543
505	0.00528388
505.556	0.0156826
506.111	0.0210421
506.667	0.0227662
507.222	0.0236288
507.778	0.0212259
508.333	7.03402e-05
508.889	0.0241645
509.444	0.00888484
510	0.00527631
510.556	0.00467377
511.111	0.0102401
511.667	0.0291884
512.222	0.0229147
512.778	0.03029
513.333	0.0359154
513.889	0.025174
514.444	0.0164577
515	0.00471781
515.556	0.0124647
516.111	0.0143261
516.667	0.00383889
517.222	0.026794
517.778	0.0219336
518.333	0.0133261
518.889	0.0446099
519.444	0.0114462
520	0.00279078
520.556	0.00342597
521.111	0.016675
521.667	0.0212744
522.222	0.0199423
522.778	0.0285655
523.333	0.0111767
523.889	0.0258285
524.444	0.0157839
525	0.0205408
525.556	0.00928234
526.111	0.0345285
526.667	0.00641275
527.222	0.0556842
527.778	0.0196175
528.333	0.00627547
528.889	0.0182025
529.444	0.0210727
530	0.00572483
530.556	0.000329165
531.111	0.0376832
531.667	0.0401792
532.222	0.0199965
532.778	0.00776915
533.333	0.00592816
533.889	0.0318927
534.444	0.00015602
535	0.018125
535.556	0.00223746
536.111	0.0397048
536.667	0.00549328
537.222	0.00340153
537.778	0.00516796
538.333	0.0154125
538.889	0.0281527
539.444	0.0204513
540	0.00493253
540.556	0.00798068
541.111	0.00683664
541.667	0.00612072
542.222	0.00547629
542.778	0.0393711
543.333	0.0326552
543.889	0.0268054
544.444	0.00174874
545	0.00446167
545.556	0.013212
546.111	0.0173764
546.667	0.0420052
547.222	0.0112701
547.778	0.00956333
548.333	0.0205056
548.889	0.0269789
549.444	0.0054413
550	0.0166597
550.556	0.0204907
551.111	0.0365131
551.667	0.00483146
552.222	0.0207744
552.778	0.00720532
553.333	0.000701177
553.889	0.00186443
554.444	0.00303732
555	0.0097374
555.556	0.0113253
556.111	0.0294182
556.667	0.000449073
557.222	0.014273
557.778	0.0209438
558.333	0.023616
558.889	0.0143574
559.444	0.0281997
560	0.00938792
560.556	0.00579819
561.111	0.0195141
561.667	0.00307002
562.222	0.00273165
562.778	0.00105523
563.333	0.0211393
563.889	0.00804721
564.444	0.0128053
565	0.0121385
565.556	0.0214371
566.111	0.00737606
566.667	0.0291924
567.222	0.0021672
567.778	0.00774355
568.333	0.0262362
568.889	0.0143614
569.444	0.014999
570	0.0038598
570.556	0.0200888
571.111	0.00895413
571.667	0.0128343
572.222	0.0087525
572.778	0.00273307
573.333	0.00475772
573.889	0.0209101
574.444	0.00341965
575	0.0192422
575.556	0.0203069
576.111	0.00836194
576.667	0.0155656
577.222	0.0124614
577.778	0.0430849
578.333	0.00361987
578.889	0.00183568
579.444	0.00261596
580	0.00866483
580.556	0.0201705
581.111	0.00748195
581.667	0.000436454
582.222	0.0247769
582.778	0.0240014
583.333	0.0263941
583.889	0.0147069
584.444	0.00115292
585	0.0136284
585.556	0.0110734
586.111	0.0044401
586.667	0.00367476
587.222	0.0106109
587.778	0.0303537
588.333	0.0197812
588.889	0.00167638
589.444	0.00893765
590	0.00356788
590.556	0.0262174
591.111	0.00205345
591.667	0.0220326
592.222	0.00330774
592.778	0.00256318
593.333	0.0166209
593.889	0.0090543
594.444	0.0112937
595	0.0199281
595.556	0.0169592
596.111	0.000525579
596.667	0.0316143
597.222	0.00240623
597.778	0.0222002
598.333	0.00624612
598.889	0.00202378
599.444	0.00130827
600	0.00251141
600.556	0.0103562
601.111	0.016573
601.667	0.013636
602.222	0.0391044
602.778	0.0193304
603.333	0.0125606
603.889	0.00918381
604.444	0.00561066
605	0.019676
605.556	0.00952471
606.111	0.0142704
606.667	0.00305391
607.222	0.0119334
607.778	0.0151318
608.333	0.00567935
608.889	0.0052082
609.444	0.0282188
610	0.00480727
610.556	0.007657
611.111	0.0173371
611.667	0.0165364
612.222	0.0135739
612.778	0.00130952
613.333	0.015861
613.889	0.00801515
614.444	0.0218678
615	0.0204064
615.556	0.015622
616.111	0.00767218
616.667	0.0252122
617.222	0.00153175
617.778	0.00594417
618.333	0.0029056
618.889	0.00330397
619.444	0.000723654
620	0.0105198
620.556	0.0105161
621.111	0.0188232
621.667	0.00300819
622.222	0.0223984
622.778	0.00127653
623.333	0.0113839
623.889	0.00173096
624.444	0.0124139
625	0.019744
625.556	0.00938429
626.111	0.00436176
626.667	0.0115189
627.222	0.00120023
627.778	0.0189493
628.333	0.0144076
628.889	0.00311264
629.444	0.024901
630	0.00488756
630.556	0.00184687
631.111	0.00537695
631.667	0.0103712
632.222	0.0164847
632.778	0.000872358
633.333	0.0101104
633.889	0.0115371
634.444	0.00785664
635	0.00223456
635.556	0.00632247
636.111	0.00940959
636.667	0.019762
637.222	0.0145079
637.778	0.00157632
638.333	0.00536446
638.889	0.0153668
639.444	0.0167115
640	4.15083e-05
640.556	0.00954916
641.111	0.0338276
641.667	0.0108803
642.222	0.0138211
642.778	0.00023972
643.333	0.00203447
643.889	0.0163004
644.444	0.00184578
645	0.0175315
645.556	0.000836267
646.111	0.0208376
646.667	0.0170941
647.222	0.0146452
647.778	0.000312077
648.333	0.0386858
648.889	0.0172018
649.444	0.00995689
650	0.00199292
650.556	0.00356398
651.111	0.0169476
651.667	0.00202685
652.222	0.0224891
652.778	0.0048391
653.333	0.00729533
653.889	0.0193996
654.444	0.000964315
655	0.00381795
655.556	0.0281023
656.111	0.0093224
656.667	0.00968424
657.222	0.000436659
657.778	0.0127537
658.333	0.0168202
658.889	0.0129956
659.444	0.00988431
660	0.00541604
660.556	0.00670733
661.111	0.027353
661.667	0.00435983
662.222	0.00740313
662.778	0.00152027
663.333	0.00222444
663.889	0.00888816
664.444	0.00268084
665	0.00581245
665.556	0.0151606
666.111	0.0175304
666.667	0.0180998
667.222	0.00710157
667.778	0.00124549
668.333	0.0190716
668.889	0.00300114
669.444	0.00540117
670	0.00721202
670.556	0.00108193
671.111	0.0103346
671.667	0.00819117
672.222	0.016697
672.778	0.00619213
673.333	0.0233345
673.889	0.00432438
674.444	0.0131504
675	0.00852625
675.556	0.0222324
676.111	0.00268812
676.667	0.00395079
677.222	0.00629458
677.778	0.00226294
678.333	0.029439
678.889	0.00152963
679.444	0.0222156
680	0.00527576
680.556	0.0176583
681.111	0.00101575
681.667	0.0138947
682.222	0.00762591
682.778	0.0173697
683.333	0.0136934
683.889	0.0111886
684.444	0.00883946
685	0.00332385
685.556	0.0251507
686.111	0.00994635
686.667	0.0204442
687.222	0.00599828
687.778	0.0074412
688.333	0.00807803
688.889	0.0116115
689.444	0.0154616
690	0.00224308
690.556	0.00405068
691.111	0.0164529
691.667	0.00436061
692.222	0.003129
692.778	0.027332
693.333	0.0134849
693.889	0.00118164
694.444	0.00871416
695	0.000743371
695.556	0.0220605
696.111	0.00570948
696.667	0.00772302
697.222	0.0102824
697.778	0.00909038
698.333	0.0231342
698.889	0.0115223
699.444	0.00705722
700	0.0121728
700.556	0.0124013
701.111	0.000186933
701.667	0.016972
702.222	0.00967987
702.778	0.0274646
703.333	0.00952396
703.889	0.00619548
704.444	0.0145501
705	0.0116404
705.556	0.0268989
706.111	0.0149029
706.667	0.00230692
707.222	0.00111251
707.778	0.0145381
708.333	0.0015795
708.889	0.00444157
709.444	0.0105833
710	0.0195815
710.556	0.00885557
711.111	0.00822484
711.667	0.000603285
712.222	0.00961594
712.778	0.0316207
713.333	0.0077299
713.889	0.00989501
714.444	0.001493
715	0.00263671
715.556	0.0121395
716.111	0.00499174
716.667	0.0139248
717.222	0.00962527
717.778	0.00374198
718.333	0.00490033
718.889	0.0154933
719.444	0.0128057
720	0.0183214
720.556	4.57963e-06
721.111	0.00514888
721.667	0.0040489
722.222	0.00265223
722.778	0.0204448
723.333	0.00500127
723.889	0.011131
724.444	0.00164706
725	0.0084739
725.556	0.0213552
726.111	0.0135826
726.667	0.00734165
727.222	0.00321616
727.778	0.00650092
728.333	2.31336e-05
728.889	0.00218517
729.444	0.00210008
730	0.0306962
730.556	0.0110442
731.111	0.00170462
731.667	0.00106161
732.222	0.011654
732.778	0.0160971
733.333	0.0112612
733.889	0.0112306
734.444	0.0013501
735	0.0107418
735.556	0.00775878
736.111	0.00188851
736.667	0.00548539
737.222	0.0318805
737.778	0.0027612
738.333	0.000386923
738.889	0.00703078
739.444	0.00858104
740	0.0208281
740.556	0.0111425
741.111	0.0170896
741.667	0.00303135
742.222	0.0111966
742.778	0.0148236
743.333	0.000993582
743.889	9.58389e-05
744.444	0.0120952
745	0.0040327
745.556	0.00207022
746.111	0.00970887
746.667	0.00454798
747.222	0.0169213
747.778	0.00627227
748.333	0.00960073
748.889	0.00822636
749.444	0.00680007
750	0.0250382
750.556	0.00156062
751.111	0.00146506
751.667	0.00710812
752.222	0.00340865
752.778	0.00831848
753.333	0.0105073
753.889	0.00810926
754.444	0.00464203
755	0.0103297
755.556	0.00227461
756.111	0.00792489
756.667	0.0031365
757.222	0.0245423
757.778	0.001088
758.333	0.00622531
758.889	0.000223841
759.444	0.00122666
760	0.0186302
760.556	0.00878456
761.111	0.0108357
761.667	0.00149702
762.222	0.00959231
762.778	0.00735927
763.333	0.0130436
763.889	0.0069387
764.444	0.0176709
765	0.0060545
765.556	0.00437883
766.111	0.0070544
766.667	0.00571015
767.222	0.0192577
767.778	0.00295614
768.333	0.0116476
768.889	0.0118344
769.444	0.0107487
770	0.00877051
770.556	0.00562563
771.111	0.00421467
771.667	0.00577705
772.222	0.0101305
772.778	0.00212572
773.333	0.00796509
773.889	0.00283649
774.444	0.0202819
775	0.00501512
775.556	0.00675425
776.111	0.0181826
776.667	0.00792205
777.222	0.014722
777.778	0.00345064
778.333	0.000595072
778.889	0.000982742
779.444	0.00257089
780	0.0163528
780.556	0.00535202
781.111	0.000553616
781.667	0.0105357
782.222	0.00480352
782.778	0.00202351
783.333	0.0170568
783.889	0.00196068
784.444	0.0167559
785	0.00144419
785.556	0.000691584
786.111	0.00290451
786.667	0.00409218
787.222	0.0261562
787.778	0.00572004
788.333	0.00289735
788.889	0.00691338
789.444	0.00342998
790	0.00329503
790.556	0.0138571
791.111	0.00620498
791.667	0.0115414
792.222	0.00183029
792.778	0.00289543
793.333	0.00371217
793.889	0.00740589
794.444	0.0251822
795	0.00590248
795.556	0.000721084
796.111	0.00740246
796.667	0.00574295
797.222	0.00742638
797.778	0.00602498
798.333	0.0105699
798.889	0.00930271
799.444	0.00462434
800	0.00190834
800.556	0.00811295
801.111	0.00684914
801.667	0.0177753
802.222	0.00693984
802.778	0.00247808
803.333	0.013382
803.889	0.00166974
804.444	0.0128146
805	0.00280788
805.556	0.00409545
806.111	0.00665485
806.667	0.00114419
807.222	0.0141578
807.778	0.0118257
808.333	0.00173855
808.889	0.00577208
809.444	0.00491105
810	0.00137113
810.556	0.0152278
811.111	0.00676448
811.667	0.0181421
812.222	0.00289124
812.778	0.00607916
813.333	0.0062057
813.889	0.00598435
814.444	0.0211429
815	0.010795
815.556	0.000289704
816.111	0.000120892
816.667	0.00366323
817.222	0.0027288
817.778	0.0106673
818.333	0.0122619
818.889	0.0147581
819.444	0.00353493
820	0.0110265
820.556	0.0128703
821.111	0.00396799
821.667	0.0229114
822.222	0.0103427
822.778	0.00190777
823.333	0.000435101
823.889	0.00421359
824.444	0.00759661
825	0.00399092
825.556	0.00775394
826.111	0.0119739
826.667	0.000171952
827.222	0.00475677
827.778	0.0126568
828.333	0.000902882
828.889	0.00996628
829.444	0.0090222
830	0.000731437
830.556	0.0115517
831.111	0.00452478
831.667	0.0177565
832.222	0.000158729
832.778	0.00210362
833.333	0.0129748
833.889	0.00265697
834.444	0.00679145
835	0.010803
835.556	0.00325531
836.111	0.000824841
836.667	1.41899e-06
837.222	0.00100557
837.778	0.0153553
838.333	0.00162065
838.889	0.0171296
839.444	0.00129754
840	0.0112859
840.556	0.00995804
841.111	0.000283102
841.667	0.0172494
842.222	0.0122602
842.778	0.00721998
843.333	0.00254345
843.889	0.00732088
844.444	0.00480226
845	0.0148981
845.556	0.0110546
846.111	0.0141345
846.667	0.00168131
847.222	0.0156979
847.778	0.00681251
848.333	0.00151199
848.889	0.0165842
849.444	0.0102706
850	0.00437653
850.556	0.00191266
851.111	0.0116244
851.667	0.00851054
852.222	0.0109479
852.778	0.0103044
853.333	0.0107056
853.889	0.00418797
854.444	0.00465946
855	0.00640206
855.556	0.00637767
856.111	0.012524
856.667	0.00729309
857.222	0.00051305
857.778	0.0137607
858.333	0.00755473
858.889	0.0116789
859.444	0.00700347
860	3.72854e-05
860.556	0.00678168
861.111	0.00172114
861.667	0.00930971
862.222	0.00552053
862.778	0.00738799
863.333	0.00236405
863.889	0.000226595
864.444	0.0017193
865	0.0176957
865.556	0.00285731
866.111	0.0130846
866.667	0.00393813
867.222	0.00780844
867.778	0.00825486
868.333	0.00347677
868.889	0.021531
869.444	0.00751508
870	0.00388266
870.556	0.00128074
871.111	0.0085126
871.667	0.00232104
872.222	0.0152811
872.778	0.0126979
873.333	0.00585375
873.889	0.00431256
874.444	0.0109917
875	0.00663624
875.556	0.00344718
876.111	0.018516
876.667	0.0112144
877.222	6.41598e-05
877.778	0.0068966
878.333	0.0104651
878.889	0.00510341
879.444	0.0114055
880	0.0128662
880.556	0.00596187
881.111	0.00402342
881.667	0.0013008
882.222	0.00412006
882.778	0.00238291
883.333	0.0108259
883.889	0.010367
884.444	0.0052989
885	0.0126562
885.556	0.00440011
886.111	0.00655093
886.667	0.00648439
887.222	0.00448889
887.778	0.00765117
888.333	0.00147291
888.889	0.00996336
889.444	0.00577725
890	0.00512972
890.556	0.00373634
891.111	0.00435921
891.667	0.000770684
892.222	0.0164038
892.778	0.00708384
893.333	0.0049659
893.889	0.00452037
894.444	0.00578989
895	0.00864993
895.556	0.00156442
896.111	0.0172309
896.667	0.00820004
897.222	0.0018213
897.778	0.00224049
898.333	0.00216251
898.889	0.00134577
899.444	0.0126499
900	0.0145614
900.556	0.00562258
901.111	0.000876571
901.667	0.0080728
902.222	0.00918085
902.778	0.000313328
903.333	0.0154732
903.889	0.0154628
904.444	0.00179605
905	0.00402821
905.556	0.00617588
906.111	0.00742379
906.667	0.00677162
907.222	0.0127479
907.778	0.00945222
908.333	0.000554343
908.889	0.0025955
909.444	0.00458296
910	0.00341704
910.556	0.00774389
911.111	0.0131574
911.667	0.00201949
912.222	0.00795507
912.778	0.00266016
913.333	0.00751106
913.889	0.00668264
914.444	0.00431408
915	0.0112515
915.556	0.000602854
916.111	0.00743712
916.667	0.00485492
917.222	0.00498157
917.778	0.000114989
918.333	0.00769626
918.889	0.00103317
919.444	0.0119476
920	0.00662073
920.556	0.00566743
921.111	0.00405764
921.667	0.00768668
922.222	0.0110629
922.778	0.00142868
923.333	0.0149052
923.889	0.00917718
924.444	0.00113928
925	0.00218591
925.556	0.00230282
926.111	0.00811812
926.667	0.0127774
927.222	0.0122231
927.778	0.00543327
928.333	0.000419011
928.889	0.00966756
929.444	0.00827131
930	0.00664202
930.556	0.0124525
931.111	0.0141458
931.667	0.00305394
932.222	0.00289207
932.778	0.00840926
933.333	0.0111023
933.889	0.00985502
934.444	0.0106953
935	0.00678467
935.556	0.000413954
936.111	0.00189618
936.667	0.00167728
937.222	0.010432
937.778	0.00570138
938.333	0.0136204
938.889	0.0019541
939.444	0.00798116
940	0.00355191
940.556	0.0102043
941.111	0.00589466
941.667	0.00271711
942.222	0.0101679
942.778	0.00294367
943.333	0.00793601
943.889	0.0020168
944.444	0.00602872
945	0.000182339
945.556	0.00659525
946.111	0.0031003
946.667	0.0103175
947.222	0.00380221
947.778	0.00330184
948.333	0.00576182
948.889	0.00517269
949.444	0.00956901
950	0.00481548
950.556	0.0140585
951.111	0.0082494
951.667	0.00105837
952.222	0.000459669
952.778	0.00510625
953.333	0.0100631
953.889	0.0120702
954.444	0.013161
955	0.0024462
955.556	0.00402338
956.111	0.00985318
956.667	0.0049603
957.222	0.00897991
957.778	0.0147508
958.333	0.0123922
958.889	0.00505302
959.444	0.00218321
960	0.00997514
960.556	0.0114568
961.111	0.0114588
961.667	0.0123818
962.222	0.00420549
962.778	0.000657957
963.333	0.00266699
963.889	0.00189006
964.444	0.010062
965	0.00953204
965.556	0.0117905
966.111	0.00367555
966.667	0.00632141
967.222	0.00231746
967.778	0.00728499
968.333	0.0104542
968.889	0.0036863
969.444	0.00843021
970	0.00159084
970.556	0.00864062
971.111	0.00306691
971.667	0.00649776
972.222	0.00356507
972.778	0.00509374
973.333	0.00225267
973.889	0.00727961
974.444	0.00854792
975	0.00207811
975.556	0.00543382
976.111	0.00518798
976.667	0.00787399
977.222	0.00339871
977.778	0.0139608
978.333	0.00881732
978.889	0.00136775
979.444	0.000843624
980	0.00437195
980.556	0.0100013
981.111	0.0106112
981.667	0.0145406
982.222	0.000546151
982.778	0.00102143
983.333	0.00600752
983.889	0.00702995
984.444	0.00906281
985	0.0137947
985.556	0.0133995
986.111	0.00598521
986.667	0.0016061
987.222	0.00682491
987.778	0.0113088
988.333	0.0112855
988.889	0.0110741
989.444	0.00519416
990	0.00472083
990.556	0.00104709
991.111	0.00287047
991.667	0.0112532
992.222	0.00864645
992.778	0.0124781
993.333	0.00328912
993.889	0.00187874
994.444	2.0789e-05
995	0.00679748
995.556	0.0124619
996.111	0.00318708
996.667	0.00955729
997.222	0.00498491
997.778	0.00771402
998.333	0.00294838
998.889	0.00750725
999.444	0.00640009
1000	0.00423571
1000.56	0.00423571
1001.11	0.00640009
1001.67	0.00750725
1002.22	0.00294838
1002.78	0.00771402
1003.33	0.00498491
1003.89	0.00955729
1004.44	0.00318708
1005	0.0124619
1005.56	0.00679748
1006.11	2.0789e-05
1006.67	0.00187874
1007.22	0.00328912
1007.78	0.0124781
1008.33	0.00864645
1008.89	0.0112532
1009.44	0.00287047
1010	0.00104709
1010.56	0.00472083
1011.11	0.00519416
1011.67	0.0110741
1012.22	0.0112855
1012.78	0.0113088
1013.33	0.00682491
1013.89	0.0016061
1014.44	0.00598521
1015	0.0133995
1015.56	0.0137947
1016.11	0.00906281
1016.67	0.00702995
1017.22	0.00600752
1017.78	0.00102143
1018.33	0.000546151
1018.89	0.0145406
1019.44	0.0106112
1020	0.0100013
1020.56	0.00437195
1021.11	0.000843624
1021.67	0.00136775
1022.22	0.00881732
1022.78	0.0139608
1023.33	0.00339871
1023.89	0.00787399
1024.44	0.00518798
1025	0.00543382
1025.56	0.00207811
1026.11	0.00854792
1026.67	0.00727961
1027.22	0.00225267
1027.78	0.00509374
1028.33	0.00356507
1028.89	0.00649776
1029.44	0.00306691
1030	0.00864062
1030.56	0.00159084
1031.11	0.00843021
1031.67	0.0036863
1032.22	0.0104542
1032.78	0.00728499
1033.33	0.00231746
1033.89	0.00632141
1034.44	0.00367555
1035	0.0117905
1035.56	0.00953204
1036.11	0.010062
1036.67	0.00189006
1037.22	0.00266699
1037.78	0.000657957
1038.33	0.00420549
1038.89	0.0123818
1039.44	0.0114588
1040	0.0114568
1040.56	0.00997514
1041.11	0.00218321
1041.67	0.00505302
1042.22	0.0123922
1042.78	0.0147508
1043.33	0.00897991
1043.89	0.0049603
1044.44	0.00985318
1045	0.00402338
1045.56	0.0024462
1046.11	0.013161
1046.67	0.0120702
1047.22	0.0100631
1047.78	0.00510625
1048.33	0.000459669
1048.89	0.00105837
1049.44	0.0082494
1050	0.0140585
1050.56	0.00481548
1051.11	0.00956901
1051.67	0.00517269
1052.22	0.00576182
1052.78	0.00330184
1053.33	0.00380221
1053.89	0.0103175
1054.44	0.0031003
1055	0.00659525
1055.56	0.000182339
1056.11	0.00602872
1056.67	0.0020168
1057.22	0.00793601
1057.78	0.00294367
1058.33	0.0101679
1058.89	0.00271711
1059.44	0.00589466
1060	0.0102043
1060.56	0.00355191
1061.11	0.00798116
1061.67	0.0019541
1062.22	0.0136204
1062.78	0.00570138
1063.33	0.010432
1063.89	0.00167728
1064.44	0.00189618
1065	0.000413954
1065.56	0.00678467
1066.11	0.0106953
1066.67	0.00985502
1067.22	0.0111023
1067.78	0.00840926
1068.33	0.00289207
1068.89	0.00305394
1069.44	0.0141458
1070	0.0124525
1070.56	0.00664202
1071.11	0.00827131
1071.67	0.00966756
1072.22	0.000419011
1072.78	0.00543327
1073.33	0.0122231
1073.89	0.0127774
1074.44	0.00811812
1075	0.00230282
1075.56	0.00218591
1076.11	0.00113928
1076.67	0.00917718
1077.22	0.0149052
1077.78	0.00142868
1078.33	0.0110629
1078.89	0.00768668
1079.44	0.00405764
1080	0.00566743
1080.56	0.00662073
1081.11	0.0119476
1081.67	0.00103317
1082.22	0.00769626
1082.78	0.000114989
1083.33	0.00498157
1083.89	0.00485492
1084.44	0.00743712
1085	0.000602854
1085.56	0.0112515
1086.11	0.00431408
1086.67	0.00668264
1087.22	0.00751106
1087.78	0.00266016
1088.33	0.00795507
1088.89	0.00201949
1089.44	0.0131574
1090	0.00774389
1090.56	0.00341704
1091.11	0.00458296
1091.67	0.0025955
1092.22	0.000554343
1092.78	0.00945222
1093.33	0.0127479
1093.89	0.00677162
1094.44	0.00742379
1095	0.00617588
1095.56	0.00402821
1096.11	0.00179605
1096.67	0.0154628
1097.22	0.0154732
1097.78	0.000313328
1098.33	0.00918085
1098.89	0.0080728
1099.44	0.000876571
1100	0.00562258
1100.56	0.0145614
1101.11	0.0126499
1101.67	0.00134577
1102.22	0.00216251
1102.78	0.00224049
1103.33	0.0018213
1103.89	0.00820004
1104.44	0.0172309
1105	0.00156442
1105.56	0.00864993
1106.11	0.00578989
1106.67	0.00452037
1107.22	0.0049659
1107.78	0.00708384
1108.33	0.0164038
1108.89	0.000770684
1109.44	0.00435921
1110	0.00373634
1110.56	0.00512972
1111.11	0.00577725
1111.67	0.00996336
1112.22	0.00147291
1112.78	0.00765117
1113.33	0.00448889
1113.89	0.00648439
1114.44	0.00655093
1115	0.00440011
1115.56	0.0126562
1116.11	0.0052989
1116.67	0.010367
1117.22	0.0108259
1117.78	0.00238291
1118.33	0.00412006
1118.89	0.0013008
1119.44	0.00402342
1120	0.00596187
1120.56	0.0128662
1121.11	0.0114055
1121.67	0.00510341
1122.22	0.0104651
1122.78	0.0068966
1123.33	6.41598e-05
1123.89	0.0112144
1124.44	0.018516
1125	0.00344718
1125.56	0.00663624
1126.11	0.0109917
1126.67	0.00431256
1127.22	0.00585375
1127.78	0.0126979
1128.33	0.0152811
1128.89	0.00232104
1129.44	0.0085126
1130	0.00128074
1130.56	0.00388266
1131.11	0.00751508
1131.67	0.021531
1132.22	0.00347677
1132.78	0.00825486
1133.33	0.00780844
1133.89	0.00393813
1134.44	0.0130846
1135	0.00285731
1135.56	0.0176957
1136.11	0.0017193
1136.67	0.000226595
1137.22	0.00236405
1137.78	0.00738799
1138.33	0.00552053
1138.89	0.00930971
1139.44	0.00172114
1140	0.00678168
1140.56	3.72854e-05
1141.11	0.00700347
1141.67	0.0116789
1142.22	0.00755473
1142.78	0.0137607
1143.33	0.00051305
1143.89	0.00729309
1144.44	0.012524
1145	0.00637767
1145.56	0.00640206
1146.11	0.00465946
1146.67	0.00418797
1147.22	0.0107056
1147.78	0.0103044
1148.33	0.0109479
1148.89	0.00851054
1149.44	0.0116244
1150	0.00191266
1150.56	0.00437653
1151.11	0.0102706
1151.67	0.0165842
1152.22	0.00151199
1152.78	0.00681251
1153.33	0.0156979
1153.89	0.00168131
1154.44	0.0141345
1155	0.0110546
1155.56	0.0148981
1156.11	0.00480226
1156.67	0.00732088
1157.22	0.00254345
1157.78	0.00721998
1158.33	0.0122602
1158.89	0.0172494
1159.44	0.000283102
1160	0.00995804
1160.56	0.0112859
1161.11	0.00129754
1161.67	0.0171296
1162.22	0.00162065
1162.78	0.0153553
1163.33	0.00100557
1163.89	1.41899e-06
1164.44	0.000824841
1165	0.00325531
1165.56	0.010803
1166.11	0.00679145
1166.67	0.00265697
1167.22	0.0129748
1167.78	0.00210362
1168.33	0.000158729
1168.89	0.0177565
1169.44	0.00452478
1170	0.0115517
1170.56	0.000731437
1171.11	0.0090222
1171.67	0.00996628
1172.22	0.000902882
1172.78	0.0126568
1173.33	0.00475677
1173.89	0.000171952
1174.44	0.0119739
1175	0.00775394
1175.56	0.00399092
1176.11	0.00759661
1176.67	0.00421359
1177.22	0.000435101
1177.78	0.00190777
1178.33	0.0103427
1178.89	0.0229114
1179.44	0.00396799
1180	0.0128703
1180.56	0.0110265
1181.11	0.00353493
1181.67	0.0147581
1182.22	0.0122619
1182.78	0.0106673
1183.33	0.0027288
1183.89	0.00366323
1184.44	0.000120892
1185	0.000289704
1185.56	0.010795
1186.11	0.0211429
1186.67	0.00598435
1187.22	0.0062057
1187.78	0.00607916
1188.33	0.00289124
1188.89	0.0181421
1189.44	0.00676448
1190	0.0152278
1190.56	0.00137113
1191.11	0.00491105
1191.67	0.00577208
1192.22	0.00173855
1192.78	0.0118257
1193.33	0.0141578
1193.89	0.00114419
1194.44	0.00665485
1195	0.00409545
1195.56	0.00280788
1196.11	0.0128146
1196.67	0.00166974
1197.22	0.013382
1197.78	0.00247808
1198.33	0.00693984
1198.89	0.0177753
1199.44	0.00684914
1200	0.00811295
1200.56	0.00190834
1201.11	0.00462434
1201.67	0.00930271
1202.22	0.0105699
1202.78	0.00602498
1203.33	0.00742638
1203.89	0.00574295
1204.44	0.00740246
1205	0.000721084
1205.56	0.00590248
1206.11	0.0251822
1206.67	0.00740589
1207.22	0.00371217
1207.78	0.00289543
1208.33	0.00183029
1208.89	0.0115414
1209.44	0.00620498
1210	0.0138571
1210.56	0.00329503
1211.11	0.00342998
1211.67	0.00691338
1212.22	0.00289735
1212.78	0.00572004
1213.33	0.0261562
1213.89	0.00409218
1214.44	0.00290451
1215	0.000691584
1215.56	0.00144419
1216.11	0.0167559
1216.67	0.00196068
1217.22	0.0170568
1217.78	0.00202351
1218.33	0.00480352
1218.89	0.0105357
1219.44	0.000553616
1220	0.00535202
1220.56	0.0163528
1221.11	0.00257089
1221.67	0.000982742
1222.22	0.000595072
1222.78	0.00345064
1223.33	0.014722
1223.89	0.00792205
1224.44	0.0181826
1225	0.00675425
1225.56	0.00501512
1226.11	0.0202819
1226.67	0.00283649
1227.22	0.00796509
1227.78	0.00212572
1228.33	0.0101305
1228.89	0.00577705
1229.44	0.00421467
1230	0.00562563
1230.56	0.00877051
1231.11	0.0107487
1231.67	0.0118344
1232.22	0.0116476
1232.78	0.00295614
1233.33	0.0192577
1233.89	0.00571015
1234.44	0.0070544
1235	0.00437883
1235.56	0.0060545
1236.11	0.0176709
1236.67	0.0069387
1237.22	0.0130436
1237.78	0.00735927
1238.33	0.00959231
1238.89	0.00149702
1239.44	0.0108357
1240	0.00878456
1240.56	0.0186302
1241.11	0.00122666
1241.67	0.000223841
1242.22	0.00622531
1242.78	0.001088
1243.33	0.0245423
1243.89	0.0031365
1244.44	0.00792489
1245	0.00227461
1245.56	0.0103297
1246.11	0.00464203
1246.67	0.00810926
1247.22	0.0105073
1247.78	0.00831848
1248.33	0.00340865
1248.89	0.00710812
1249.44	0.00146506
1250	0.00156062
1250.56	0.0250382
1251.11	0.00680007
1251.67	0.00822636
1252.22	0.00960073
1252.78	0.00627227
1253.33	0.0169213
1253.89	0.00454798
1254.44	0.00970887
1255	0.00207022
1255.56	0.0040327
1256.11	0.0120952
1256.67	9.58389e-05
1257.22	0.000993582
1257.78	0.0148236
1258.33	0.0111966
1258.89	0.00303135
1259.44	0.0170896
1260	0.0111425
1260.56	0.0208281
1261.11	0.00858104
1261.67	0.00703078
1262.22	0.000386923
1262.78	0.0027612
1263.33	0.0318805
1263.89	0.00548539
1264.44	0.00188851
1265	0.00775878
1265.56	0.0107418
1266.11	0.0013501
1266.67	0.0112306
1267.22	0.0112612
1267.78	0.0160971
1268.33	0.011654
1268.89	0.00106161
1269.44	0.00170462
1270	0.0110442
1270.56	0.0306962
1271.11	0.00210008
1271.67	0.00218517
1272.22	2.31336e-05
1272.78	0.00650092
1273.33	0.00321616
1273.89	0.00734165
1274.44	0.0135826
1275	0.0213552
1275.56	0.0084739
1276.11	0.00164706
1276.67	0.011131
1277.22	0.00500127
1277.78	0.0204448
1278.33	0.00265223
1278.89	0.0040489
1279.44	0.00514888
1280	4.57963e-06
1280.56	0.0183214
1281.11	0.0128057
1281.67	0.0154933
1282.22	0.00490033
1282.78	0.00374198
1283.33	0.00962527
1283.89	0.0139248
1284.44	0.00499174
1285	0.0121395
1285.56	0.00263671
1286.11	0.001493
1286.67	0.00989501
1287.22	0.0077299
1287.78	0.0316207
1288.33	0.00961594
1288.89	0.000603285
1289.44	0.00822484
1290	0.00885557
1290.56	0.0195815
1291.11	0.0105833
1291.67	0.00444157
1292.22	0.0015795
1292.78	0.0145381
1293.33	0.00111251
1293.89	0.00230692
1294.44	0.0149029
1295	0.0268989
1295.56	0.0116404
1296.11	0.0145501
1296.67	0.00619548
1297.22	0.00952396
1297.78	0.0274646
1298.33	0.00967987
1298.89	0.016972
1299.44	0.000186933
1300	0.0124013
1300.56	0.0121728
1301.11	0.00705722
1301.67	0.0115223
1302.22	0.0231342
1302.78	0.00909038
1303.33	0.0102824
1303.89	0.00772302
1304.44	0.00570948
1305	0.0220605
1305.56	0.000743371
1306.11	0.00871416
1306.67	0.00118164
1307.22	0.0134849
1307.78	0.027332
1308.33	0.003129
1308.89	0.00436061
1309.44	0.0164529
1310	0.00405068
1310.56	0.00224308
1311.11	0.0154616
1311.67	0.0116115
1312.22	0.00807803
1312.78	0.0074412
1313.33	0.00599828
1313.89	0.0204442
1314.44	0.00994635
1315	0.0251507
1315.56	0.00332385
1316.11	0.00883946
1316.67	0.0111886
1317.22	0.0136934
1317.78	0.0173697
1318.33	0.00762591
1318.89	0.0138947
1319.44	0.00101575
1320	0.0176583
1320.56	0.00527576
1321.11	0.0222156
1321.67	0.00152963
1322.22	0.029439
1322.78	0.00226294
1323.33	0.00629458
1323.89	0.00395079
1324.44	0.00268812
1325	0.0222324
1325.56	0.00852625
1326.11	0.0131504
1326.67	0.00432438
1327.22	0.0233345
1327.78	0.00619213
1328.33	0.016697
1328.89	0.00819117
1329.44	0.0103346
1330	0.00108193
1330.56	0.00721202
1331.11	0.00540117
1331.67	0.00300114
1332.22	0.0190716
1332.78	0.00124549
1333.33	0.00710157
1333.89	0.0180998
1334.44	0.0175304
1335	0.0151606
1335.56	0.00581245
1336.11	0.00268084
1336.67	0.00888816
1337.22	0.00222444
1337.78	0.00152027
1338.33	0.00740313
1338.89	0.00435983
1339.44	0.027353
1340	0.00670733
1340.56	0.00541604
1341.11	0.00988431
1341.67	0.0129956
1342.22	0.0168202
1342.78	0.0127537
1343.33	0.000436659
1343.89	0.00968424
1344.44	0.0093224
1345	0.0281023
1345.56	0.00381795
1346.11	0.000964315
1346.67	0.0193996
1347.22	0.00729533
1347.78	0.0048391
1348.33	0.0224891
1348.89	0.00202685
1349.44	0.0169476
1350	0.00356398
1350.56	0.00199292
1351.11	0.00995689
1351.67	0.0172018
1352.22	0.0386858
1352.78	0.000312077
1353.33	0.0146452
1353.89	0.0170941
1354.44	0.0208376
1355	0.000836267
1355.56	0.0175315
1356.11	0.00184578
1356.67	0.0163004
1357.22	0.00203447
1357.78	0.00023972
1358.33	0.0138211
1358.89	0.0108803
1359.44	0.0338276
1360	0.00954916
1360.56	4.15083e-05
1361.11	0.0167115
1361.67	0.0153668
1362.22	0.00536446
1362.78	0.00157632
1363.33	0.0145079
1363.89	0.019762
1364.44	0.00940959
1365	0.00632247
1365.56	0.00223456
1366.11	0.00785664
1366.67	0.0115371
1367.22	0.0101104
1367.78	0.000872358
1368.33	0.0164847
1368.89	0.0103712
1369.44	0.00537695
1370	0.00184687
1370.56	0.00488756
1371.11	0.024901
1371.67	0.00311264
1372.22	0.0144076
1372.78	0.0189493
1373.33	0.00120023
1373.89	0.0115189
1374.44	0.00436176
1375	0.00938429
1375.56	0.019744
1376.11	0.0124139
1376.67	0.00173096
1377.22	0.0113839
1377.78	0.00127653
1378.33	0.0223984
1378.89	0.00300819
1379.44	0.0188232
1380	0.0105161
1380.56	0.0105198
1381.11	0.000723654
1381.67	0.00330397
1382.22	0.0029056
1382.78	0.00594417
1383.33	0.00153175
1383.89	0.0252122
1384.44	0.00767218
1385	0.015622
1385.56	0.0204064
1386.11	0.0218678
1386.67	0.00801515
1387.22	0.015861
1387.78	0.00130952
1388.33	0.0135739
1388.89	0.0165364
1389.44	0.0173371
1390	0.007657
1390.56	0.00480727
1391.11	0.0282188
1391.67	0.0052082
1392.22	0.00567935
1392.78	0.0151318
1393.33	0.0119334
1393.89	0.00305391
1394.44	0.0142704
1395	0.00952471
1395.56	0.019676
1396.11	0.00561066
1396.67	0.00918381
1397.22	0.0125606
1397.78	0.0193304
1398.33	0.0391044
1398.89	0.013636
1399.44	0.016573
1400	0.0103562
1400.56	0.00251141
1401.11	0.00130827
1401.67	0.00202378
1402.22	0.00624612
1402.78	0.0222002
1403.33	0.00240623
1403.89	0.0316143
1404.44	0.000525579
1405	0.0169592
1405.56	0.0199281
1406.11	0.0112937
1406.67	0.0090543
1407.22	0.0166209
1407.78	0.00256318
1408.33	0.00330774
1408.89	0.0220326
1409.44	0.00205345
1410	0.0262174
1410.56	0.00356788
1411.11	0.00893765
1411.67	0.00167638
1412.22	0.0197812
1412.78	0.0303537
1413.33	0.0106109
1413.89	0.00367476
1414.44	0.0044401
1415	0.0110734
1415.56	0.0136284
1416.11	0.00115292
1416.67	0.0147069
1417.22	0.0263941
1417.78	0.0240014
1418.33	0.0247769
1418.89	0.000436454
1419.44	0.00748195
1420	0.0201705
1420.56	0.00866483
1421.11	0.00261596
1421.67	0.00183568
1422.22	0.00361987
1422.78	0.0430849
1423.33	0.0124614
1423.89	0.0155656
1424.44	0.00836194
1425	0.0203069
1425.56	0.0192422
1426.11	0.00341965
1426.67	0.0209101
1427.22	0.00475772
1427.78	0.00273307
1428.33	0.0087525
1428.89	0.0128343
1429.44	0.00895413
1430	0.0200888
1430.56	0.0038598
1431.11	0.014999
1431.67	0.0143614
1432.22	0.0262362
1432.78	0.00774355
1433.33	0.0021672
1433.89	0.0291924
1434.44	0.00737606
1435	0.0214371
1435.56	0.0121385
1436.11	0.0128053
1436.67	0.00804721
1437.22	0.0211393
1437.78	0.00105523
1438.33	0.00273165
1438.89	0.00307002
1439.44	0.0195141
1440	0.00579819
1440.56	0.00938792
1441.11	0.0281997
1441.67	0.0143574
1442.22	0.023616
1442.78	0.0209438
1443.33	0.014273
1443.89	0.000449073
1444.44	0.0294182
1445	0.0113253
1445.56	0.0097374
1446.11	0.00303732
1446.67	0.00186443
1447.22	0.000701177
1447.78	0.00720532
1448.33	0.0207744
1448.89	0.00483146
1449.44	0.0365131
1450	0.0204907
1450.56	0.0166597
1451.11	0.0054413
1451.67	0.0269789
1452.22	0.0205056
1452.78	0.00956333
1453.33	0.0112701
1453.89	0.0420052
1454.44	0.0173764
1455	0.013212
1455.56	0.00446167
1456.11	0.00174874
1456.67	0.0268054
1457.22	0.0326552
1457.78	0.0393711
1458.33	0.00547629
1458.89	0.00612072
1459.44	0.00683664
1460	0.00798068
1460.56	0.00493253
1461.11	0.0204513
1461.67	0.0281527
1462.22	0.0154125
1462.78	0.00516796
1463.33	0.00340153
1463.89	0.00549328
1464.44	0.0397048
1465	0.00223746
1465.56	0.018125
1466.11	0.00015602
1466.67	0.0318927
1467.22	0.00592816
1467.78	0.00776915
1468.33	0.0199965
1468.89	0.0401792
1469.44	0.0376832
1470	0.000329165
1470.56	0.00572483
1471.11	0.0210727
1471.67	0.0182025
1472.22	0.00627547
1472.78	0.0196175
1473.33	0.0556842
1473.89	0.00641275
1474.44	0.0345285
1475	0.00928234
1475.56	0.0205408
1476.11	0.0157839
1476.67	0.0258285
1477.22	0.0111767
1477.78	0.0285655
1478.33	0.0199423
1478.89	0.0212744
1479.44	0.016675
1480	0.00342597
1480.56	0.00279078
1481.11	0.0114462
1481.67	0.0446099
1482.22	0.0133261
1482.78	0.0219336
1483.33	0.026794
1483.89	0.00383889
1484.44	0.0143261
1485	0.0124647
1485.56	0.00471781
1486.11	0.0164577
1486.67	0.025174
1487.22	0.0359154
1487.78	0.03029
1488.33	0.0229147
1488.89	0.0291884
1489.44	0.0102401
1490	0.00467377
1490.56	0.00527631
1491.11	0.00888484
1491.67	0.0241645
1492.22	7.03402e-05
1492.78	0.0212259
1493.33	0.0236288
1493.89	0.0227662
1494.44	0.0210421
1495	0.0156826
1495.56	0.00528388
1496.11	0.0355543
1496.67	0.0166696
1497.22	0.0101482
1497.78	0.0276515
1498.33	0.00620455
1498.89	0.0603038
1499.44	0.00443255
1500	0.0325206
1500.56	0.00712116
1501.11	0.00839808
1501.67	0.000487153
1502.22	0.039059
1502.78	0.000741356
1503.33	0.0707478
1503.89	0.00857162
1504.44	0.000659694
1505	0.0317113
1505.56	0.00272572
1506.11	0.0401617
1506.67	0.00949342
1507.22	0.0410733
1507.78	0.00091959
1508.33	0.015227
1508.89	0.0031205
1509.44	0.0195744
1510	0.00891119
1510.56	0.0129112
1511.11	0.0135117
1511.67	0.0330145
1512.22	0.00642905
1512.78	0.0213889
1513.33	0.0273211
1513.89	0.0118366
1514.44	0.00187088
1515	0.0188992
1515.56	0.0261451
1516.11	0.0243492
1516.67	0.0334871
1517.22	0.0115839
1517.78	0.00965484
1518.33	0.00249437
1518.89	0.0399264
1519.44	0.0315145
1520	0.0101149
1520.56	0.0253877
1521.11	0.0484919
1521.67	0.031972
1522.22	0.0143173
1522.78	0.0179555
1523.33	0.0479658
1523.89	0.0130627
1524.44	0.0175813
1525	0.0194564
1525.56	0.00210376
1526.11	0.0528458
1526.67	0.0054478
1527.22	0.0136801
1527.78	0.0374403
1528.33	0.0189145
1528.89	0.000810596
1529.44	0.00664099
1530	0.0167176
1530.56	0.0346793
1531.11	0.00692685
1531.67	0.0660586
1532.22	0.00569081
1532.78	0.0115424
1533.33	0.041571
1533.89	0.00283378
1534.44	0.0374158
1535	0.0201006
1535.56	0.0162438
1536.11	0.0102627
1536.67	0.00470159
1537.22	0.0408816
1537.78	0.00339971
1538.33	0.00956356
1538.89	0.00101344
1539.44	8.01756e-05
1540	0.0256309
1540.56	0.0210815
1541.11	0.0103009
1541.67	0.00869079
1542.22	0.0147919
1542.78	0.0182545
1543.33	0.00783334
1543.89	0.0298927
1544.44	0.000305566
1545	0.0252528
1545.56	0.0527134
1546.11	0.0287155
1546.67	0.039313
1547.22	0.0290808
1547.78	0.0286332
1548.33	0.0348874
1548.89	0.00138784
1549.44	0.0319844
1550	0.0256874
1550.56	0.00982727
1551.11	0.050788
1551.67	0.0348362
1552.22	0.0457568
1552.78	0.00697239
1553.33	0.0271033
1553.89	0.0336532
1554.44	0.00341735
1555	0.039808
1555.56	0.00817562
1556.11	0.0349141
1556.67	0.0117741
1557.22	0.00663776
1557.78	0.0406583
1558.33	0.0358628
1558.89	0.0537504
1559.44	0.00621942
1560	0.00218709
1560.56	0.0276005
1561.11	0.00864796
1561.67	0.0272077
1562.22	0.0128024
1562.78	0.00608328
1563.33	0.04882
1563.89	0.02781
1564.44	0.00657243
1565	0.0392879
1565.56	0.0273097
1566.11	0.00514645
1566.67	0.0103239
1567.22	0.0754178
1567.78	0.0249943
1568.33	0.000599726
1568.89	0.0129374
1569.44	0.0155855
1570	0.0414445
1570.56	0.0459537
1571.11	0.0124651
1571.67	0.0193891
1572.22	0.0126695
1572.78	0.00290497
1573.33	0.0922813
1573.89	0.0138827
1574.44	0.0135967
1575	0.0101088
1575.56	0.0192776
1576.11	0.00764242
1576.67	0.0092938
1577.22	0.000791655
1577.78	0.0445812
1578.33	0.0903006
1578.89	0.0581446
1579.44	0.0453117
1580	0.0170567
1580.56	0.0321277
1581.11	0.0316448
1581.67	0.0554392
1582.22	0.0296797
1582.78	0.0198092
1583.33	0.0511879
1583.89	0.0262722
1584.44	0.0734962
1585	0.0173536
1585.56	0.0261991
1586.11	0.00139701
1586.67	0.0295953
1587.22	0.0237354
1587.78	0.00847608
1588.33	0.0570678
1588.89	0.0525938
1589.44	0.0155629
1590	0.0322611
1590.56	0.0564073
1591.11	0.007133
1591.67	0.00567152
1592.22	0.00157265
1592.78	0.00379439
1593.33	0.00278575
1593.89	0.0213509
1594.44	0.013142
1595	0.0291471
1595.56	0.0392523
1596.11	0.0219194
1596.67	0.00700742
1597.22	0.0272009
1597.78	0.00125859
1598.33	0.00726922
1598.89	0.0491267
1599.44	0.0102066
1600	0.00138565
1600.56	0.0695288
1601.11	0.0748358
1601.67	0.0035803
1602.22	0.0245094
1602.78	0.0792118
1603.33	0.0494533
1603.89	0.0535872
1604.44	0.0145156
1605	0.0135774
1605.56	0.00949643
1606.11	0.0610018
1606.67	0.0396532
1607.22	0.00533452
1607.78	0.0238319
1608.33	0.00683666
1608.89	0.0453964
1609.44	0.025017
1610	0.0967383
1610.56	0.00849262
1611.11	0.0364114
1611.67	0.0140326
1612.22	0.0791411
1612.78	0.045678
1613.33	0.0597383
1613.89	0.0361002
1614.44	0.0918075
1615	0.0446487
1615.56	0.018307
1616.11	0.0313622
1616.67	0.0250316
1617.22	0.0192163
1617.78	0.0832673
1618.33	0.0129484
1618.89	0.0104568
1619.44	0.0686676
1620	0.00997616
1620.56	0.04115
1621.11	0.0150916
1621.67	0.0108664
1622.22	0.0472527
1622.78	0.0103384
1623.33	0.0407567
1623.89	0.0633298
1624.44	0.0444327
1625	0.00500393
1625.56	0.0252365
1626.11	0.0307334
1626.67	0.0656144
1627.22	0.0662848
1627.78	0.0206385
1628.33	0.00226642
1628.89	0.0916967
1629.44	0.0327245
1630	0.00879113
1630.56	0.0632225
1631.11	0.0132429
1631.67	0.0111297
1632.22	0.0143912
1632.78	0.00980877
1633.33	0.0338447
1633.89	0.0172656
1634.44	0.0274986
1635	0.0379639
1635.56	0.130423
1636.11	0.00554593
1636.67	0.014887
1637.22	0.0714291
1637.78	0.033969
1638.33	0.0348586
1638.89	0.00324857
1639.44	0.00657641
1640	0.0857294
1640.56	0.0445098
1641.11	0.0482701
1641.67	0.0074599
1642.22	0.122692
1642.78	0.0359997
1643.33	0.0889354
1643.89	0.0288984
1644.44	3.51648e-05
1645	0.00280754
1645.56	0.0639919
1646.11	0.00279281
1646.67	0.0113993
1647.22	0.0340728
1647.78	0.00106048
1648.33	0.0238282
1648.89	0.116611
1649.44	0.0201553
1650	0.0138919
1650.56	0.0267127
1651.11	0.000418403
1651.67	0.0646957
1652.22	0.0716105
1652.78	0.0335863
1653.33	0.0342182
1653.89	0.0650491
1654.44	0.0750342
1655	0.0690114
1655.56	0.192568
1656.11	0.0437078
1656.67	0.0302612
1657.22	0.00361524
1657.78	0.0348241
1658.33	0.00327507
1658.89	0.0243359
1659.44	0.0757744
1660	0.0250342
1660.56	0.0770727
1661.11	0.0854993
1661.67	0.00804388
1662.22	0.00751611
1662.78	0.101041
1663.33	0.111731
1663.89	0.104838
1664.44	0.116142
1665	0.0180358
1665.56	0.049079
1666.11	0.0217545
1666.67	0.218653
1667.22	0.0163517
1667.78	0.0229943
1668.33	0.0205625
1668.89	0.167785
1669.44	0.104873
1670	0.20384
1670.56	0.0150432
1671.11	0.136244
1671.67	0.0376813
1672.22	0.0660269
1672.78	0.0640742
1673.33	0.0436034
1673.89	0.0122653
1674.44	0.0225295
1675	0.000856054
1675.56	0.0237776
1676.11	0.0672326
1676.67	0.157479
1677.22	0.0352124
1677.78	0.0213876
1678.33	0.168528
1678.89	0.0248501
1679.44	0.0332176
1680	0.0807203
1680.56	0.0614
1681.11	0.0200787
1681.67	0.00681504
1682.22	0.124887
1682.78	0.0569675
1683.33	0.113618
1683.89	0.0297577
1684.44	0.0329149
1685	0.0285535
1685.56	0.0108499
1686.11	0.0868239
1686.67	0.0221917
1687.22	0.0335232
1687.78	0.111428
1688.33	0.120605
1688.89	0.100668
1689.44	0.149052
1690	0.0577195
1690.56	0.0573006
1691.11	0.0335092
1691.67	0.0191922
1692.22	0.0414452
1692.78	0.0492467
1693.33	0.0961105
1693.89	0.0253662
1694.44	0.121593
1695	0.0687911
1695.56	0.105524
1696.11	0.105521
1696.67	0.0609932
1697.22	0.209141
1697.78	0.120891
1698.33	0.196227
1698.89	0.126661
1699.44	0.0829481
1700	0.0518557
1700.56	0.0106143
1701.11	0.266007
1701.67	0.031149
1702.22	0.0555678
1702.78	0.0380652
1703.33	0.246873
1703.89	0.141977
1704.44	0.0377554
1705	0.0243149
1705.56	0.144042
1706.11	0.102121
1706.67	0.0523862
1707.22	0.155333
1707.78	0.0122509
1708.33	0.058531
1708.89	0.0393102
1709.44	0.161014
1710	0.0270232
1710.56	0.100746
1711.11	0.0661757
1711.67	0.0684144
1712.22	0.0891388
1712.78	0.0233542
1713.33	0.101132
1713.89	0.110171
1714.44	0.0648481
1715	0.0576933
1715.56	0.151072
1716.11	0.0202417
1716.67	0.112672
1717.22	0.0443941
1717.78	0.0580813
1718.33	0.0130155
1718.89	0.00182496
1719.44	0.174032
1720	0.104003
1720.56	0.00241754
1721.11	0.305789
1721.67	0.126361
1722.22	0.00180284
1722.78	0.205149
1723.33	0.326115
1723.89	0.0625087
1724.44	0.379548
1725	0.205308
1725.56	0.0268301
1726.11	0.0181879
1726.67	0.00978302
1727.22	0.097638
1727.78	0.032992
1728.33	0.0195752
1728.89	0.0937627
1729.44	0.187387
1730	0.257114
1730.56	0.0709753
1731.11	0.394118
1731.67	0.0340151
1732.22	0.070209
1732.78	0.114866
1733.33	0.153527
1733.89	0.0994039
1734.44	0.507117
1735	0.435463
1735.56	0.195182
1736.11	0.0412157
1736.67	0.117718
1737.22	0.0741916
1737.78	0.00803953
1738.33	0.0900489
1738.89	0.319818
1739.44	0.0536769
1740	0.0206788
1740.56	0.291897
1741.11	0.0514015
1741.67	0.202054
1742.22	0.0979499
1742.78	0.0764832
1743.33	0.154271
1743.89	0.155547
1744.44	0.0973216
1745	0.0427263
1745.56	0.362469
1746.11	0.20534
1746.67	0.185427
1747.22	0.0434283
1747.78	0.316414
1748.33	0.189503
1748.89	0.0762609
1749.44	0.10523
1750	0.0602794
1750.56	0.14156
1751.11	0.180859
1751.67	0.142804
1752.22	0.00979882
1752.78	0.378427
1753.33	0.430208
1753.89	0.301058
1754.44	0.00827517
1755	0.524483
1755.56	0.325613
1756.11	0.249225
1756.67	0.200109
1757.22	0.176741
1757.78	0.183968
1758.33	0.179315
1758.89	0.0518993
1759.44	0.25067
1760	0.203408
1760.56	0.0551765
1761.11	0.361986
1761.67	0.158997
1762.22	0.163179
1762.78	0.299227
1763.33	0.028577
1763.89	0.339576
1764.44	0.252028
1765	0.232955
1765.56	0.123721
1766.11	0.0979808
1766.67	0.202324
1767.22	0.245988
1767.78	0.328638
1768.33	0.0022437
1768.89	0.235737
1769.44	0.0416323
1770	0.0465684
1770.56	0.11497
1771.11	0.231979
1771.67	0.185885
1772.22	0.24483
1772.78	0.0628964
1773.33	0.0733603
1773.89	0.359176
1774.44	0.00151576
1775	0.0261807
1775.56	0.295204
1776.11	0.0720158
1776.67	0.126187
1777.22	0.622695
1777.78	0.170467
1778.33	0.263367
1778.89	0.407027
1779.44	0.0140856
1780	0.241049
1780.56	0.355247
1781.11	0.00412802
1781.67	0.261026
1782.22	0.052054
1782.78	0.351286
1783.33	0.73048
1783.89	0.147283
1784.44	0.349304
1785	0.134815
1785.56	0.514638
1786.11	0.501082
1786.67	0.264204
1787.22	0.702346
1787.78	0.0398035
1788.33	0.338053
1788.89	0.286229
1789.44	0.196907
1790	0.0884396
1790.56	0.18985
1791.11	0.233078
1791.67	0.131305
1792.22	0.125043
1792.78	0.205313
1793.33	0.10371
1793.89	0.0520026
1794.44	0.147989
1795	0.00537056
1795.56	0.280877
1796.11	0.386505
1796.67	0.358757
1797.22	0.00856248
1797.78	0.35458
1798.33	0.130732
1798.89	0.113896
1799.44	0.771564
1800	0.180549
1800.56	0.137842
1801.11	0.299034
1801.67	0.272988
1802.22	0.32669
1802.78	0.227486
1803.33	0.0134388
1803.89	0.296721
1804.44	0.0487682
1805	0.14201
1805.56	0.0126849
1806.11	0.223267
1806.67	0.0381688
1807.22	0.121144
1807.78	0.238452
1808.33	0.393215
1808.89	0.00292036
1809.44	0.0294817
1810	0.698183
1810.56	0.149783
1811.11	0.35416
1811.67	0.583927
1812.22	0.108443
1812.78	0.439821
1813.33	0.582601
1813.89	0.400651
1814.44	0.116678
1815	0.526572
1815.56	0.284432
1816.11	0.549382
1816.67	0.0518141
1817.22	0.309136
1817.78	1.02879
1818.33	0.156539
1818.89	0.0784623
1819.44	0.399463
1820	0.462515
1820.56	0.230556
1821.11	0.19435
1821.67	0.25141
1822.22	0.249973
1822.78	0.472479
1823.33	0.364232
1823.89	0.957885
1824.44	0.292718
1825	0.320761
1825.56	0.130669
1826.11	0.312604
1826.67	0.745471
1827.22	0.483221
1827.78	0.177884
1828.33	0.734065
1828.89	0.482017
1829.44	0.118986
1830	0.340928
1830.56	0.171543
1831.11	0.644757
1831.67	0.601535
1832.22	0.538145
1832.78	0.931986
1833.33	0.0978299
1833.89	0.628343
1834.44	0.357964
1835	0.333492
1835.56	0.135925
1836.11	1.04692
1836.67	0.470871
1837.22	0.371306
1837.78	0.408475
1838.33	0.284966
1838.89	0.196237
1839.44	0.2176
1840	0.174414
1840.56	0.121452
1841.11	0.14091
1841.67	0.73174
1842.22	0.756907
1842.78	0.376078
1843.33	0.0682101
1843.89	0.404608
1844.44	0.875011
1845	0.0475632
1845.56	0.0517417
1846.11	0.178528
1846.67	0.913531
1847.22	0.230296
1847.78	0.0856831
1848.33	0.579302
1848.89	0.584093
1849.44	0.00507189
1850	0.0872889
1850.56	0.853652
1851.11	0.399282
1851.67	0.219111
1852.22	1.04428
1852.78	0.446003
1853.33	1.24219
1853.89	1.12325
1854.44	0.548936
1855	0.190278
1855.56	0.601232
1856.11	0.767723
1856.67	0.445137
1857.22	0.252249
1857.78	0.134564
1858.33	1.27094
1858.89	0.588899
1859.44	0.606868
1860	0.512068
1860.56	0.164939
1861.11	0.442112
1861.67	0.653969
1862.22	0.385206
1862.78	0.132562
1863.33	0.677908
1863.89	0.184406
1864.44	0.124472
1865	0.484904
1865.56	1.04879
1866.11	0.200661
1866.67	0.336357
1867.22	0.509181
1867.78	0.0959691
1868.33	0.0119307
1868.89	0.00130728
1869.44	0.805548
1870	0.813773
1870.56	0.129853
1871.11	0.290886
1871.67	0.793404
1872.22	0.349595
1872.78	0.514321
1873.33	0.588475
1873.89	0.638084
1874.44	1.44627
1875	1.00992
1875.56	0.397762
1876.11	0.0367998
1876.67	1.18807
1877.22	0.891814
1877.78	0.0810095
1878.33	0.443214
1878.89	1.2164
1879.44	1.36124
1880	0.16683
1880.56	0.178033
1881.11	0.560307
1881.67	0.0975634
1882.22	0.446308
1882.78	1.17331
1883.33	0.676632
1883.89	0.154072
1884.44	0.405232
1885	0.0205792
1885.56	0.15397
1886.11	1.66531
1886.67	0.812385
1887.22	0.50906
1887.78	0.200447
1888.33	0.518685
1888.89	0.387092
1889.44	0.868717
1890	0.45066
1890.56	0.127475
1891.11	1.09455
1891.67	1.01695
1892.22	0.445774
1892.78	1.7597
1893.33	0.467607
1893.89	0.397662
1894.44	0.0798583
1895	0.39615
1895.56	0.716718
1896.11	0.482695
1896.67	1.64873
1897.22	1.13904
1897.78	0.0822326
1898.33	0.0132201
1898.89	0.623213
1899.44	0.205791
1900	0.424252
1900.56	1.08432
1901.11	0.804375
1901.67	0.945178
1902.22	0.588481
1902.78	0.495915
1903.33	0.60692
1903.89	0.052397
1904.44	0.339874
1905	0.46032
1905.56	0.441761
1906.11	0.207812
1906.67	0.32482
1907.22	1.90765
1907.78	0.251407
1908.33	0.11823
1908.89	0.714493
1909.44	0.464003
1910	0.39554
1910.56	0.0708583
1911.11	0.819745
1911.67	0.820328
1912.22	0.256274
1912.78	0.206653
1913.33	0.664312
1913.89	0.234196
1914.44	0.330362
1915	0.292308
1915.56	0.188632
1916.11	1.39304
1916.67	2.34158
1917.22	1.65783
1917.78	0.605324
1918.33	0.0211011
1918.89	0.10215
1919.44	0.3933
1920	0.567423
1920.56	0.938979
1921.11	0.501513
1921.67	1.5297
1922.22	0.574877
1922.78	0.810755
1923.33	1.01675
1923.89	0.974942
1924.44	1.00238
1925	0.100999
1925.56	0.11132
1926.11	0.137079
1926.67	0.297549
1927.22	0.310704
1927.78	1.28578
1928.33	0.569469
1928.89	1.14194
1929.44	0.613369
1930	0.366209
1930.56	0.519772
1931.11	2.02084
1931.67	1.43588
1932.22	0.617952
1932.78	0.615857
1933.33	0.725148
1933.89	0.234339
1934.44	0.924792
1935	1.1613
1935.56	0.742041
1936.11	0.763664
1936.67	0.993083
1937.22	1.11945
1937.78	1.04194
1938.33	0.488798
1938.89	0.551318
1939.44	0.263885
1940	0.507904
1940.56	0.922755
1941.11	1.47454
1941.67	1.36176
1942.22	0.651999
1942.78	1.07035
1943.33	0.457362
1943.89	0.320469
1944.44	0.526383
1945	1.28507
1945.56	0.981376
1946.11	0.45616
1946.67	1.56633
1947.22	0.358242
1947.78	0.356716
1948.33	0.0816081
1948.89	0.88638
1949.44	1.41918
1950	0.463194
1950.56	1.08735
1951.11	1.86447
1951.67	1.81237
1952.22	0.0805425
1952.78	0.178085
1953.33	0.0438294
1953.89	0.444288
1954.44	0.252239
1955	1.23887
1955.56	0.0995005
1956.11	0.258193
1956.67	0.363025
1957.22	0.291523
1957.78	0.370566
1958.33	0.449361
1958.89	0.0183044
1959.44	0.166446
1960	0.408373
1960.56	1.48106
1961.11	0.838865
1961.67	0.632425
1962.22	0.71471
1962.78	0.179371
1963.33	1.127
1963.89	0.192337
1964.44	0.0416978
1965	0.316357
1965.56	0.0746837
1966.11	0.171991
1966.67	0.972854
1967.22	0.0892127
1967.78	0.772049
1968.33	0.988893
1968.89	0.427885
1969.44	0.0387883
1970	0.283333
1970.56	0.0934759
1971.11	0.403432
1971.67	0.185226
1972.22	1.28274
1972.78	0.329065
1973.33	0.838447
1973.89	0.844207
1974.44	0.960168
1975	0.587284
1975.56	0.792148
1976.11	0.338399
1976.67	1.12729
1977.22	0.657972
1977.78	1.81947
1978.33	0.386392
1978.89	0.587559
1979.44	0.089266
1980	0.693367
1980.56	0.904214
1981.11	1.25483
1981.67	1.55619
1982.22	0.964726
1982.78	1.02185
1983.33	0.440741
1983.89	1.19495
1984.44	0.329055
1985	2.32888
1985.56	1.12
1986.11	0.472294
1986.67	0.637764
1987.22	0.0504241
1987.78	0.214499
1988.33	0.471221
1988.89	0.793903
1989.44	0.539817
1990	1.90128
1990.56	0.23777
1991.11	0.0828268
1991.67	1.09159
1992.22	0.469688
1992.78	1.05206
1993.33	0.25686
1993.89	0.15961
1994.44	2.69922
1995	1.3236
1995.56	1.57012
1996.11	1.53391
1996.67	0.226367
1997.22	1.07878
1997.78	1.13963
1998.33	0.63632
1998.89	1.54817
1999.44	1.05501
2000	1.21168
