t	etaU
0	2.72777e-15
0.555556	0.265361
1.11111	0.54721
1.66667	0.0885341
2.22222	2.60675
2.77778	0.934371
3.33333	0.715787
3.88889	2.0238
4.44444	1.31188
5	1.5063
5.55556	0.0231205
6.11111	1.04796
6.66667	1.2261
7.22222	2.14061
7.77778	1.09105
8.33333	1.08194
8.88889	0.0963157
9.44444	2.73615
10	0.427459
10.5556	0.301778
11.1111	0.264913
11.6667	0.763862
12.2222	0.961547
12.7778	1.31859
13.3333	1.08302
13.8889	0.383072
14.4444	1.89388
15	2.27216
15.5556	0.37746
16.1111	1.19452
16.6667	0.386794
17.2222	1.05119
17.7778	2.11055
18.3333	0.0652749
18.8889	1.3708
19.4444	2.39661
20	0.769418
20.5556	0.214653
21.1111	0.531116
21.6667	1.48333
22.2222	1.01685
22.7778	1.04646
23.3333	1.22838
23.8889	0.897118
24.4444	1.58897
25	0.505922
25.5556	0.308019
26.1111	0.963299
26.6667	0.80045
27.2222	0.0509142
27.7778	1.15564
28.3333	0.84218
28.8889	0.159333
29.4444	0.265363
30	0.668418
30.5556	1.14798
31.1111	1.30458
31.6667	1.08501
32.2222	2.13138
32.7778	0.738665
33.3333	1.23955
33.8889	1.05082
34.4444	2.03478
35	2.6041
35.5556	0.241117
36.1111	2.08689
36.6667	2.10259
37.2222	1.38599
37.7778	0.271286
38.3333	1.55218
38.8889	1.68916
39.4444	2.75651
40	1.23731
40.5556	0.170626
41.1111	0.74074
41.6667	0.658397
42.2222	0.0254468
42.7778	3.40781
43.3333	0.169813
43.8889	1.26394
44.4444	0.242599
45	0.0652127
45.5556	0.257322
46.1111	2.72338
46.6667	0.582608
47.2222	3.01068
47.7778	1.0083
48.3333	3.09322
48.8889	2.48875
49.4444	0.802545
50	1.21437
50.5556	1.47428
51.1111	0.913666
51.6667	1.04338
52.2222	1.70483
52.7778	2.06179
53.3333	2.69796
53.8889	2.18274
54.4444	1.94718
55	0.258539
55.5556	1.10995
56.1111	4.84709
56.6667	1.21664
57.2222	0.299851
57.7778	1.32637
58.3333	0.761
58.8889	2.64753
59.4444	1.29372
60	1.52341
60.5556	1.02483
61.1111	3.47077
61.6667	0.220138
62.2222	3.90293
62.7778	0.340632
63.3333	4.61742
63.8889	1.03074
64.4444	3.13989
65	2.11206
65.5556	0.349672
66.1111	1.62564
66.6667	0.00789244
67.2222	0.272098
67.7778	1.49751
68.3333	2.29282
68.8889	0.707578
69.4444	0.239348
70	0.785974
70.5556	2.41214
71.1111	1.76015
71.6667	2.64635
72.2222	1.45613
72.7778	2.37892
73.3333	0.946941
73.8889	2.77692
74.4444	0.533801
75	1.64964
75.5556	1.55935
76.1111	1.56409
76.6667	2.30827
77.2222	1.13096
77.7778	3.68646
78.3333	0.16502
78.8889	0.152814
79.4444	0.321249
80	2.88539
80.5556	1.79469
81.1111	3.61153
81.6667	1.57405
82.2222	0.781498
82.7778	1.81972
83.3333	1.59633
83.8889	1.85866
84.4444	1.88854
85	0.801871
85.5556	2.59939
86.1111	1.20761
86.6667	0.757752
87.2222	1.78309
87.7778	1.4771
88.3333	3.92931
88.8889	0.718239
89.4444	4.56291
90	0.862808
90.5556	2.49519
91.1111	0.0569603
91.6667	0.63529
92.2222	5.11423
92.7778	2.41736
93.3333	1.28846
93.8889	0.151368
94.4444	4.87797
95	0.892649
95.5556	3.31585
96.1111	4.4113
96.6667	3.45648
97.2222	1.59569
97.7778	3.42416
98.3333	1.9562
98.8889	1.86638
99.4444	1.20845
100	0.764027
100.556	1.4799
101.111	0.137117
101.667	2.25389
102.222	0.0894299
102.778	1.0374
103.333	3.11403
103.889	2.96371
104.444	0.77747
105	1.04042
105.556	4.15023
106.111	0.800134
106.667	2.01097
107.222	2.00653
107.778	1.54155
108.333	2.28386
108.889	0.290352
109.444	4.2394
110	0.669387
110.556	1.92436
111.111	0.753696
111.667	2.88744
112.222	3.60247
112.778	0.322438
113.333	0.335799
113.889	1.41222
114.444	0.199997
115	2.06776
115.556	2.11596
116.111	1.68981
116.667	2.50504
117.222	1.59722
117.778	0.883337
118.333	0.643886
118.889	0.0215015
119.444	1.24146
120	1.06391
120.556	1.59705
121.111	4.5917
121.667	0.383021
122.222	0.51489
122.778	0.264351
123.333	5.7801
123.889	5.25191
124.444	4.33708
125	4.46771
125.556	2.82443
126.111	2.54347
126.667	0.168053
127.222	1.44253
127.778	4.09759
128.333	0.0633684
128.889	0.5087
129.444	2.59599
130	3.75168
130.556	2.16965
131.111	2.73913
131.667	0.824986
132.222	2.85034
132.778	2.27803
133.333	2.96986
133.889	1.02523
134.444	3.58934
135	0.264087
135.556	1.39111
136.111	2.59064
136.667	5.31847
137.222	4.1284
137.778	1.61703
138.333	3.31306
138.889	7.99785
139.444	12.3888
140	4.36781
140.556	1.91792
141.111	11.1594
141.667	6.87113
142.222	17.8931
142.778	0.218076
143.333	2.20239
143.889	9.18981
144.444	5.83551
145	2.37032
145.556	4.78716
146.111	4.74481
146.667	1.17487
147.222	6.47786
147.778	4.17661
148.333	2.24906
148.889	4.03682
149.444	4.46214
150	2.53478
150.556	0.473536
151.111	1.99885
151.667	4.71536
152.222	3.90131
152.778	2.35966
153.333	1.20434
153.889	0.225301
154.444	0.576572
155	0.895495
155.556	3.17153
156.111	0.160601
156.667	1.44286
157.222	1.95236
157.778	1.74396
158.333	3.79859
158.889	3.6082
159.444	2.25963
160	2.21836
160.556	2.02547
161.111	1.55304
161.667	0.916557
162.222	0.356985
162.778	2.54146
163.333	0.74821
163.889	1.41771
164.444	0.912212
165	1.16795
165.556	0.86079
166.111	1.05136
166.667	0.64431
167.222	1.13048
167.778	0.929914
168.333	2.23321
168.889	0.377815
169.444	0.6135
170	1.79691
170.556	0.273501
171.111	1.53398
171.667	0.473267
172.222	0.653016
172.778	0.177246
173.333	0.0595373
173.889	0.696874
174.444	0.537582
175	0.834958
175.556	0.893167
176.111	0.590133
176.667	1.74182
177.222	0.0247459
177.778	0.653656
178.333	0.144997
178.889	0.28473
179.444	0.571272
180	0.684412
180.556	1.30058
181.111	0.024108
181.667	0.394774
182.222	0.679547
182.778	0.699369
183.333	0.276192
183.889	0.194512
184.444	0.420827
185	0.0349505
185.556	0.576946
186.111	1.50722
186.667	0.983078
187.222	1.86511
187.778	1.2221
188.333	2.42496
188.889	0.257766
189.444	0.195143
190	0.777207
190.556	1.60561
191.111	0.576341
191.667	0.27982
192.222	1.0795
192.778	0.18308
193.333	1.24635
193.889	0.576992
194.444	0.0568782
195	0.247784
195.556	0.0599175
196.111	1.66401
196.667	0.451484
197.222	0.85307
197.778	0.808844
198.333	0.39618
198.889	0.0888899
199.444	0.264537
200	0.0475465
200.556	0.231838
201.111	0.44995
201.667	1.19054
202.222	1.3945
202.778	0.509404
203.333	0.204779
203.889	0.501696
204.444	1.66528
205	1.95104
205.556	0.0225389
206.111	0.169497
206.667	0.119933
207.222	0.0570889
207.778	0.946445
208.333	0.810944
208.889	0.627138
209.444	0.421504
210	0.442263
210.556	0.830287
211.111	0.154825
211.667	0.546499
212.222	0.572449
212.778	0.405976
213.333	0.614998
213.889	0.429563
214.444	0.436104
215	0.29073
215.556	0.107435
216.111	0.349116
216.667	0.17683
217.222	0.130819
217.778	0.105178
218.333	0.645749
218.889	0.0656576
219.444	0.358891
220	0.650282
220.556	0.507247
221.111	0.216294
221.667	0.3302
222.222	0.276615
222.778	0.945221
223.333	0.436511
223.889	0.685857
224.444	0.324099
225	0.209648
225.556	0.142435
226.111	0.311943
226.667	0.501681
227.222	0.0536071
227.778	0.633883
228.333	0.134978
228.889	0.0352423
229.444	0.27067
230	0.133061
230.556	0.534397
231.111	0.825018
231.667	0.934491
232.222	0.372113
232.778	0.38744
233.333	0.630065
233.889	0.18213
234.444	0.136118
235	0.204678
235.556	0.287386
236.111	0.903146
236.667	0.301636
237.222	0.30476
237.778	0.0912531
238.333	0.214652
238.889	0.238461
239.444	0.0449494
240	0.0769701
240.556	0.918205
241.111	0.294246
241.667	0.0641792
242.222	0.338903
242.778	0.296268
243.333	0.228019
243.889	0.765867
244.444	0.201304
245	0.41579
245.556	0.353273
246.111	0.0247594
246.667	0.880866
247.222	0.157495
247.778	0.379323
248.333	0.294515
248.889	0.22511
249.444	0.25278
250	0.117948
250.556	0.0555335
251.111	0.597965
251.667	0.32578
252.222	0.0520167
252.778	0.518789
253.333	0.950494
253.889	0.433081
254.444	0.00756412
255	0.0370751
255.556	0.420233
256.111	0.209106
256.667	0.16122
257.222	0.461335
257.778	0.370513
258.333	0.312894
258.889	0.0571903
259.444	0.059494
260	0.270816
260.556	0.065847
261.111	0.364798
261.667	0.152567
262.222	0.105096
262.778	0.177254
263.333	0.276724
263.889	0.32276
264.444	0.250635
265	0.0641192
265.556	0.0408339
266.111	0.544136
266.667	0.191576
267.222	0.0787905
267.778	0.245083
268.333	0.199258
268.889	0.180696
269.444	0.0694059
270	0.395286
270.556	0.27694
271.111	0.100221
271.667	0.551203
272.222	0.605148
272.778	0.320184
273.333	0.13917
273.889	0.278491
274.444	0.115109
275	0.0370452
275.556	0.0597635
276.111	0.284208
276.667	0.387659
277.222	0.0731774
277.778	0.389842
278.333	0.715534
278.889	0.416101
279.444	0.054153
280	0.069902
280.556	0.307988
281.111	0.231238
281.667	0.280636
282.222	0.756215
282.778	0.257627
283.333	0.364042
283.889	0.264323
284.444	0.314125
285	0.108102
285.556	0.133049
286.111	0.0516022
286.667	0.129841
287.222	0.229934
287.778	0.3083
288.333	0.239739
288.889	0.244783
289.444	0.111412
290	0.216664
290.556	0.130101
291.111	0.42103
291.667	0.2845
292.222	0.307882
292.778	0.0075476
293.333	0.205501
293.889	0.490812
294.444	0.0597583
295	0.587748
295.556	0.11549
296.111	0.410615
296.667	0.185714
297.222	0.101499
297.778	0.110733
298.333	0.123838
298.889	0.391402
299.444	0.426651
300	0.197053
300.556	0.167867
301.111	0.268184
301.667	0.293893
302.222	0.262707
302.778	0.160685
303.333	0.0565969
303.889	0.0136959
304.444	0.101409
305	0.161086
305.556	0.318475
306.111	0.00944316
306.667	0.142798
307.222	0.204042
307.778	0.0795124
308.333	0.336846
308.889	0.00375876
309.444	0.0372879
310	0.187806
310.556	0.0969595
311.111	0.367339
311.667	0.149685
312.222	0.126321
312.778	0.041005
313.333	0.17074
313.889	0.210791
314.444	0.112457
315	0.1932
315.556	0.0800828
316.111	0.0469944
316.667	0.0320265
317.222	0.143463
317.778	0.176799
318.333	0.101137
318.889	0.201005
319.444	0.0282487
320	0.127136
320.556	0.0366373
321.111	0.348771
321.667	0.0271058
322.222	0.131414
322.778	0.0800497
323.333	0.0777047
323.889	0.182482
324.444	0.188116
325	0.00324266
325.556	0.446429
326.111	0.190714
326.667	0.155088
327.222	0.00257329
327.778	0.126928
328.333	0.11413
328.889	0.00303353
329.444	0.410655
330	0.046363
330.556	0.151959
331.111	0.0566966
331.667	0.0823159
332.222	0.127808
332.778	0.0223966
333.333	0.108154
333.889	0.401408
334.444	0.0639966
335	0.0576712
335.556	0.0733662
336.111	0.252162
336.667	0.205989
337.222	0.0258104
337.778	0.0177119
338.333	0.245759
338.889	0.0329287
339.444	0.156684
340	0.136415
340.556	0.13409
341.111	0.264427
341.667	0.110861
342.222	0.25122
342.778	0.14673
343.333	0.0457246
343.889	0.132595
344.444	0.0106685
345	0.127838
345.556	0.0718028
346.111	0.0281501
346.667	0.137646
347.222	0.0925338
347.778	0.0453797
348.333	0.157262
348.889	0.00329228
349.444	0.0709905
350	0.0641915
350.556	0.0159196
351.111	0.183467
351.667	0.212942
352.222	0.0600579
352.778	0.0349775
353.333	0.207995
353.889	0.145106
354.444	0.0604272
355	0.00735151
355.556	0.0347167
356.111	0.0176452
356.667	0.0137101
357.222	0.0212383
357.778	0.107546
358.333	0.0474003
358.889	0.0615961
359.444	0.000681756
360	0.0040286
360.556	0.23816
361.111	0.00914057
361.667	0.0364043
362.222	0.152428
362.778	0.0017052
363.333	0.0511456
363.889	0.0567247
364.444	0.109865
365	0.157917
365.556	0.234967
366.111	0.0759721
366.667	0.116252
367.222	0.0726994
367.778	0.0171889
368.333	0.0273341
368.889	0.000823394
369.444	0.0391413
370	0.111064
370.556	0.0748152
371.111	0.0620879
371.667	0.175843
372.222	0.218762
372.778	0.19451
373.333	0.078729
373.889	0.192732
374.444	0.0542187
375	0.0750408
375.556	0.0454643
376.111	0.0288717
376.667	0.240978
377.222	0.0450432
377.778	0.156293
378.333	0.22208
378.889	0.0109108
379.444	0.0148017
380	0.024069
380.556	0.0967905
381.111	0.0955385
381.667	0.00609037
382.222	0.071817
382.778	0.0373073
383.333	0.0981357
383.889	0.0400945
384.444	0.0749797
385	0.108303
385.556	0.0384934
386.111	0.122435
386.667	0.0916966
387.222	0.100297
387.778	0.00139519
388.333	0.158984
388.889	0.019703
389.444	0.0734352
390	0.0412553
390.556	0.131254
391.111	0.0633028
391.667	0.104232
392.222	0.0662042
392.778	0.245337
393.333	0.0388123
393.889	0.0207557
394.444	0.039905
395	0.151555
395.556	0.0478602
396.111	0.0313454
396.667	0.115846
397.222	0.0464865
397.778	0.100085
398.333	0.0459234
398.889	0.045755
399.444	0.00591682
400	0.0649305
400.556	0.0657522
401.111	0.0688558
401.667	0.023488
402.222	0.00412374
402.778	0.0613285
403.333	0.156749
403.889	0.0781126
404.444	0.0280951
405	0.0957923
405.556	0.058362
406.111	0.0632121
406.667	0.0222795
407.222	0.0946408
407.778	0.0660152
408.333	0.0312929
408.889	0.152293
409.444	0.0361461
410	0.0677965
410.556	0.0103608
411.111	0.0704115
411.667	0.0232002
412.222	0.0173985
412.778	0.112705
413.333	0.0126009
413.889	0.0349281
414.444	0.0277926
415	0.153799
415.556	0.107224
416.111	0.0879517
416.667	0.0271126
417.222	0.08677
417.778	0.0654026
418.333	0.102491
418.889	0.0155941
419.444	0.0753042
420	0.125201
420.556	0.0861001
421.111	0.0214778
421.667	0.0287499
422.222	0.0736765
422.778	0.181221
423.333	0.0565346
423.889	0.0253709
424.444	0.140289
425	0.134604
425.556	0.0321704
426.111	0.00371498
426.667	0.0137281
427.222	0.10325
427.778	0.0678661
428.333	0.0297768
428.889	0.0133842
429.444	0.0711522
430	0.132327
430.556	0.0687468
431.111	0.0296537
431.667	0.0488588
432.222	0.0650406
432.778	0.032035
433.333	0.0148877
433.889	0.0176479
434.444	0.118105
435	0.035567
435.556	0.0897405
436.111	0.0280803
436.667	0.0512317
437.222	0.116061
437.778	0.028836
438.333	0.0479449
438.889	0.042141
439.444	0.000367025
440	0.0352517
440.556	0.0915719
441.111	0.0414473
441.667	0.101897
442.222	0.0226704
442.778	0.148115
443.333	0.0665754
443.889	0.0686432
444.444	0.0144867
445	0.0017506
445.556	0.0279909
446.111	0.051268
446.667	0.0696806
447.222	0.122233
447.778	0.0440534
448.333	0.021417
448.889	0.0113719
449.444	0.0898282
450	0.131504
450.556	0.0698542
451.111	0.0456017
451.667	0.018931
452.222	0.101061
452.778	0.0106088
453.333	0.0336006
453.889	0.0100754
454.444	0.162127
455	0.0169236
455.556	0.037012
456.111	0.0921082
456.667	0.114391
457.222	0.108839
457.778	0.0712607
458.333	0.0921445
458.889	0.0864894
459.444	0.0721919
460	0.0601266
460.556	0.0825251
461.111	0.0317565
461.667	0.166333
462.222	0.00646882
462.778	0.124266
463.333	0.00364443
463.889	0.0889423
464.444	0.00842715
465	0.056222
465.556	0.0460332
466.111	0.079419
466.667	0.0571154
467.222	0.179753
467.778	0.0427396
468.333	0.0627825
468.889	0.0542648
469.444	0.0189604
470	0.129786
470.556	0.157037
471.111	0.00659452
471.667	0.0651959
472.222	0.0701733
472.778	0.062107
473.333	0.0484146
473.889	0.0112709
474.444	0.160017
475	0.0347945
475.556	0.00894387
476.111	0.00705199
476.667	0.0307411
477.222	0.103178
477.778	0.132673
478.333	0.0114307
478.889	0.0526937
479.444	0.119327
480	0.00650516
480.556	0.0289298
481.111	0.0531864
481.667	0.156381
482.222	0.0259079
482.778	0.0530275
483.333	0.035219
483.889	0.0372154
484.444	0.0762907
485	0.0169977
485.556	0.0596144
486.111	0.0795755
486.667	0.0430379
487.222	0.0622913
487.778	0.0454704
488.333	0.0896869
488.889	0.11677
489.444	0.0269991
490	0.0640228
490.556	0.0118414
491.111	0.0307646
491.667	0.000234838
492.222	0.0402143
492.778	0.00701561
493.333	0.123245
493.889	0.0253276
494.444	0.0919925
495	0.0313343
495.556	0.025986
496.111	0.0396904
496.667	0.0113139
497.222	0.0738351
497.778	0.0390249
498.333	0.0457817
498.889	0.0616437
499.444	0.105525
500	0.0219096
500.556	0.0559372
501.111	0.00430048
501.667	0.0994954
502.222	0.0397705
502.778	0.0313442
503.333	0.00647246
503.889	0.010228
504.444	0.0938047
505	0.0861586
505.556	0.019831
506.111	0.11648
506.667	0.0860825
507.222	0.0119645
507.778	0.020424
508.333	0.0275804
508.889	0.110178
509.444	0.0162486
510	0.0486958
510.556	0.000206882
511.111	0.0885145
511.667	0.0736233
512.222	0.00721103
512.778	0.021224
513.333	0.158602
513.889	0.103329
514.444	0.00525733
515	0.0343263
515.556	0.0116493
516.111	0.0987555
516.667	0.0351692
517.222	0.0775994
517.778	0.0300523
518.333	0.0763
518.889	0.0604808
519.444	0.0155737
520	0.0108155
520.556	0.154408
521.111	0.0461136
521.667	0.0193093
522.222	0.0182661
522.778	0.0302199
523.333	0.0362699
523.889	0.0196665
524.444	0.0811882
525	0.0783323
525.556	0.0681855
526.111	0.0793897
526.667	0.0816878
527.222	0.00205635
527.778	0.10125
528.333	0.0165752
528.889	0.0746279
529.444	0.0165999
530	0.0196485
530.556	0.0290788
531.111	0.0338757
531.667	0.0724323
532.222	0.0748041
532.778	0.0332099
533.333	0.0415941
533.889	0.0884422
534.444	0.0534684
535	0.0530071
535.556	0.0253768
536.111	0.0946498
536.667	0.00287096
537.222	0.00567127
537.778	0.00763714
538.333	0.0945121
538.889	0.0529886
539.444	0.0372349
540	0.00421762
540.556	0.0840748
541.111	0.0484636
541.667	0.00568682
542.222	0.00460816
542.778	0.00309904
543.333	0.102324
543.889	0.00706328
544.444	0.0401138
545	0.0225803
545.556	0.083621
546.111	0.0101092
546.667	0.0210356
547.222	0.0111349
547.778	0.0934886
548.333	0.0280059
548.889	0.0226296
549.444	0.0240407
550	0.00497815
550.556	0.106133
551.111	0.00608853
551.667	0.0583508
552.222	0.0722235
552.778	0.087151
553.333	0.0449891
553.889	0.00109454
554.444	0.0157124
555	0.0874563
555.556	0.00418314
556.111	0.0840002
556.667	0.0429508
557.222	0.0654229
557.778	0.0358479
558.333	0.0581387
558.889	0.0393884
559.444	0.114299
560	0.0461614
560.556	0.0592103
561.111	0.0465549
561.667	0.00454996
562.222	0.0457899
562.778	0.00735201
563.333	0.107738
563.889	0.0286142
564.444	0.037036
565	0.0581061
565.556	0.0556417
566.111	0.0474818
566.667	0.0966449
567.222	0.0106996
567.778	0.0749109
568.333	0.0881623
568.889	0.00091425
569.444	0.0162845
570	0.0217418
570.556	0.118413
571.111	0.011599
571.667	0.0393777
572.222	0.0450026
572.778	0.0448963
573.333	0.031854
573.889	0.0598081
574.444	0.031304
575	0.0863351
575.556	0.0131137
576.111	0.0104734
576.667	0.0191973
577.222	0.0533095
577.778	0.108348
578.333	0.0211114
578.889	0.0104542
579.444	0.0469682
580	0.0493078
580.556	0.0114015
581.111	0.0184557
581.667	0.0131781
582.222	0.0786337
582.778	0.00581849
583.333	0.0702511
583.889	0.0164411
584.444	0.0811503
585	0.0513297
585.556	0.0159428
586.111	0.044323
586.667	0.0686552
587.222	0.0188211
587.778	0.0136911
588.333	0.0519233
588.889	0.0186091
589.444	0.0769938
590	0.0219872
590.556	0.105479
591.111	0.00437708
591.667	0.0837854
592.222	0.0162473
592.778	0.0244206
593.333	0.0485806
593.889	0.057604
594.444	0.00739839
595	0.0832177
595.556	0.0719048
596.111	0.0114335
596.667	0.0750718
597.222	0.0158386
597.778	0.119895
598.333	0.0471433
598.889	0.0273726
599.444	0.0157554
600	0.0390107
600.556	0.0366299
601.111	0.0509473
601.667	0.0110376
602.222	0.0925257
602.778	0.0547656
603.333	0.0218701
603.889	0.0346044
604.444	0.0582408
605	0.0809092
605.556	0.0439495
606.111	0.0141893
606.667	0.0589897
607.222	0.0392556
607.778	0.0485442
608.333	0.00593817
608.889	0.0172802
609.444	0.123021
610	0.0146728
610.556	0.00321787
611.111	0.0364542
611.667	0.0703513
612.222	0.0534906
612.778	0.00623983
613.333	0.0592927
613.889	0.0585428
614.444	0.0437983
615	0.0299262
615.556	0.0425135
616.111	0.0576568
616.667	0.105295
617.222	0.0303711
617.778	0.0532168
618.333	0.039835
618.889	0.0636816
619.444	0.0104781
620	0.0150645
620.556	0.074721
621.111	0.0847672
621.667	0.0149784
622.222	0.0354515
622.778	0.0359748
623.333	0.0693227
623.889	0.0746644
624.444	0.0112802
625	0.0788825
625.556	0.0194006
626.111	0.0295249
626.667	0.0108625
627.222	0.0599665
627.778	0.0363962
628.333	0.0544449
628.889	0.00556119
629.444	0.0756437
630	0.00316253
630.556	0.031806
631.111	0.0363874
631.667	0.0141559
632.222	0.0681322
632.778	0.032466
633.333	0.025419
633.889	0.0480819
634.444	0.0631647
635	0.0236987
635.556	0.0432691
636.111	0.0171108
636.667	0.0956441
637.222	0.0118276
637.778	0.00636891
638.333	0.000257442
638.889	0.0492449
639.444	0.0462574
640	0.00120706
640.556	0.0499411
641.111	0.0866614
641.667	0.0432472
642.222	0.00998339
642.778	0.00506972
643.333	0.0223954
643.889	0.0919264
644.444	0.0417595
645	0.0343771
645.556	0.00586897
646.111	0.0662621
646.667	0.0483688
647.222	0.016138
647.778	0.0365578
648.333	0.108416
648.889	0.0434851
649.444	0.0195932
650	0.0230837
650.556	0.0398934
651.111	0.05378
651.667	0.0108044
652.222	0.0858929
652.778	0.0238214
653.333	0.0497842
653.889	0.045905
654.444	0.0394017
655	0.0240451
655.556	0.0941312
656.111	0.00156304
656.667	0.0443922
657.222	0.00745423
657.778	0.0366181
658.333	0.0379813
658.889	0.0283998
659.444	0.0817613
660	0.037632
660.556	0.0116475
661.111	0.0420001
661.667	0.0460294
662.222	0.013008
662.778	0.0555911
663.333	0.00882437
663.889	0.0722451
664.444	0.00098576
665	0.00303654
665.556	0.00799782
666.111	0.046874
666.667	0.0570855
667.222	0.0446886
667.778	0.00705119
668.333	0.0722184
668.889	0.0300394
669.444	0.0239648
670	0.00866688
670.556	0.0121627
671.111	0.0784238
671.667	0.0298333
672.222	0.0390061
672.778	0.0141288
673.333	0.0862654
673.889	0.0300795
674.444	0.0182132
675	0.0130858
675.556	0.0979165
676.111	0.0126329
676.667	0.00204494
677.222	0.0291703
677.778	0.0207701
678.333	0.0691049
678.889	0.0162434
679.444	0.0710884
680	0.0391269
680.556	0.0658652
681.111	0.0283067
681.667	0.00712336
682.222	0.0156455
682.778	0.080293
683.333	0.0127663
683.889	0.0292442
684.444	0.026723
685	0.039678
685.556	0.0606171
686.111	0.0143917
686.667	0.0664728
687.222	0.0661442
687.778	0.0338753
688.333	0.0304635
688.889	0.036749
689.444	0.00371377
690	0.048468
690.556	0.0195565
691.111	0.0824259
691.667	0.00408938
692.222	0.0241531
692.778	0.0342131
693.333	0.0539815
693.889	0.0486008
694.444	0.0666996
695	0.0131623
695.556	0.0572541
696.111	0.0264084
696.667	0.0196459
697.222	0.0186096
697.778	0.00615984
698.333	0.101633
698.889	0.0272396
699.444	0.00441497
700	0.0332742
700.556	0.0720479
701.111	0.0179818
701.667	0.0464964
702.222	0.0337909
702.778	0.0783932
703.333	0.0116119
703.889	0.00571362
704.444	0.0120846
705	0.0346712
705.556	0.0998253
706.111	0.0336122
706.667	0.0266291
707.222	0.0486244
707.778	0.0591126
708.333	0.0121709
708.889	0.00917674
709.444	0.0289477
710	0.0802836
710.556	0.000202576
711.111	0.0306566
711.667	0.013484
712.222	0.0600771
712.778	0.0616908
713.333	0.0109677
713.889	0.0378179
714.444	0.0622784
715	0.0222178
715.556	0.00564245
716.111	0.0313609
716.667	0.0115886
717.222	0.0660835
717.778	0.00448035
718.333	0.0648471
718.889	0.00854251
719.444	0.050615
720	0.0305445
720.556	0.0185504
721.111	0.0373853
721.667	0.0620672
722.222	0.017921
722.778	0.0436024
723.333	0.048061
723.889	0.00584968
724.444	0.0307855
725	0.0174286
725.556	0.0914824
726.111	0.0457424
726.667	0.00611181
727.222	0.0223021
727.778	0.0382697
728.333	0.0157088
728.889	0.0380181
729.444	0.0425622
730	0.085469
730.556	0.0270605
731.111	0.011707
731.667	0.00899956
732.222	0.0351487
732.778	0.0893254
733.333	0.058569
733.889	0.0294963
734.444	0.0253761
735	0.0524124
735.556	0.00848512
736.111	0.00922331
736.667	0.0315064
737.222	0.10839
737.778	0.00639732
738.333	0.00844826
738.889	0.00527667
739.444	0.0519466
740	0.0493893
740.556	0.0357555
741.111	0.0442159
741.667	0.0448643
742.222	0.0310182
742.778	0.0145996
743.333	0.0188818
743.889	0.00615386
744.444	0.0882005
745	0.00454304
745.556	0.0387555
746.111	0.0309632
746.667	0.0448971
747.222	0.010632
747.778	0.00422027
748.333	0.0457778
748.889	0.0601075
749.444	0.00362852
750	0.0465679
750.556	0.0324202
751.111	0.0323628
751.667	0.0478236
752.222	0.0074182
752.778	0.056761
753.333	0.0516267
753.889	0.0110469
754.444	0.000242942
755	0.0412125
755.556	0.0248531
756.111	0.0591558
756.667	0.015737
757.222	0.0833363
757.778	0.0189355
758.333	0.0418237
758.889	0.0122114
759.444	0.00820691
760	0.0684174
760.556	0.0521932
761.111	0.0298736
761.667	0.0169722
762.222	0.0578302
762.778	0.0126845
763.333	0.0316585
763.889	0.0153165
764.444	0.0934023
765	0.0102204
765.556	0.0139505
766.111	0.00311033
766.667	0.0255596
767.222	0.047516
767.778	0.0402493
768.333	0.0436322
768.889	0.0492279
769.444	0.0492286
770	0.0115387
770.556	0.00686086
771.111	0.00602108
771.667	0.0845068
772.222	0.0294784
772.778	0.0276231
773.333	0.00621044
773.889	0.0301351
774.444	0.0287245
775	0.000572
775.556	0.045093
776.111	0.0715943
776.667	0.019301
777.222	0.0291768
777.778	0.00964339
778.333	0.0256588
778.889	0.0403108
779.444	0.0292007
780	0.0575974
780.556	0.0313107
781.111	0.0191282
781.667	0.0164401
782.222	0.0352558
782.778	0.0201165
783.333	0.0791718
783.889	0.0128282
784.444	0.0543663
785	0.00229359
785.556	0.0438531
786.111	0.00914059
786.667	0.00462074
787.222	0.0790075
787.778	0.0417595
788.333	0.00213949
788.889	0.022761
789.444	0.0525275
790	0.00040896
790.556	0.0576438
791.111	0.0218819
791.667	0.0677167
792.222	0.0107867
792.778	0.0196008
793.333	0.00822867
793.889	0.0250668
794.444	0.0655311
795	0.0428511
795.556	0.0154168
796.111	0.0537362
796.667	0.0381039
797.222	0.0126918
797.778	0.0244004
798.333	0.0146253
798.889	0.0654134
799.444	0.0234516
800	0.0214937
800.556	0.0036695
801.111	0.0423612
801.667	0.0376301
802.222	0.0185632
802.778	0.0219969
803.333	0.075089
803.889	0.00632893
804.444	0.000531635
805	0.00938631
805.556	0.00982683
806.111	0.0426501
806.667	0.0284955
807.222	0.0585525
807.778	0.0320799
808.333	0.0368184
808.889	0.0139837
809.444	0.011565
810	0.0109499
810.556	0.0773173
811.111	0.0296655
811.667	0.0292588
812.222	0.016894
812.778	0.0257429
813.333	0.0227512
813.889	0.00261146
814.444	0.0747265
815	0.057638
815.556	0.0171921
816.111	0.0107585
816.667	0.0331728
817.222	0.00462289
817.778	0.055917
818.333	0.043062
818.889	0.0596633
819.444	0.00112042
820	0.0235094
820.556	0.0101142
821.111	0.0256201
821.667	0.0601985
822.222	0.0668359
822.778	0.0084627
823.333	0.0312215
823.889	0.0282014
824.444	0.0129823
825	0.0185346
825.556	0.0265287
826.111	0.0714226
826.667	0.0201593
827.222	0.00174083
827.778	0.0170677
828.333	0.0447194
828.889	0.0269327
829.444	0.0480832
830	0.0263308
830.556	0.053254
831.111	0.00422495
831.667	0.00279557
832.222	0.0105308
832.778	0.006921
833.333	0.0651992
833.889	0.0242949
834.444	0.0366256
835	0.0374722
835.556	0.0392105
836.111	0.00339512
836.667	0.0125231
837.222	0.0234064
837.778	0.0640091
838.333	0.0245662
838.889	0.0277535
839.444	0.0211559
840	0.0385204
840.556	0.0368166
841.111	0.0182737
841.667	0.0515746
842.222	0.0634416
842.778	0.0122014
843.333	0.0112493
843.889	0.0238656
844.444	0.00691735
845	0.0567524
845.556	0.0381995
846.111	0.0590911
846.667	0.00871096
847.222	0.0419274
847.778	0.0113611
848.333	0.00159128
848.889	0.0443565
849.444	0.0678946
850	0.0141648
850.556	0.0108696
851.111	0.0342061
851.667	0.00329025
852.222	0.0267385
852.778	0.0239267
853.333	0.0759194
853.889	0.0227388
854.444	0.0225723
855	0.008531
855.556	0.0207899
856.111	0.0199541
856.667	0.0497526
857.222	0.0377217
857.778	0.0465902
858.333	0.0199369
858.889	0.000367465
859.444	0.0007199
860	0.00568093
860.556	0.0622138
861.111	0.0448709
861.667	0.0181083
862.222	0.0241502
862.778	0.0216632
863.333	0.00755349
863.889	0.012973
864.444	0.0368521
865	0.070152
865.556	0.011382
866.111	0.0147358
866.667	0.00255346
867.222	0.0405933
867.778	0.0358157
868.333	0.0412092
868.889	0.0465396
869.444	0.0461302
870	0.00943292
870.556	0.00808005
871.111	0.0278291
871.667	0.0160953
872.222	0.0697465
872.778	0.0307067
873.333	0.0414577
873.889	0.00923857
874.444	0.046056
875	0.000298015
875.556	0.0180248
876.111	0.0488612
876.667	0.0563843
877.222	0.0114069
877.778	0.010508
878.333	0.0395962
878.889	0.0112831
879.444	0.0490926
880	0.0293567
880.556	0.0545459
881.111	0.0294886
881.667	0.0236798
882.222	0.0104604
882.778	0.00633783
883.333	0.0330642
883.889	0.0479087
884.444	0.0285317
885	0.0457043
885.556	0.0221792
886.111	0.0158018
886.667	0.0140935
887.222	0.00496349
887.778	0.0462332
888.333	0.0489413
888.889	0.0163736
889.444	0.00664989
890	0.0250838
890.556	0.00590631
891.111	0.0182102
891.667	0.0269403
892.222	0.0715069
892.778	0.0157161
893.333	0.00752689
893.889	0.000425781
894.444	0.0220978
895	0.0259891
895.556	0.0456688
896.111	0.0541351
896.667	0.0358367
897.222	0.0213505
897.778	0.00551273
898.333	0.014758
898.889	0.0119735
899.444	0.0739634
900	0.0465319
900.556	0.0168183
901.111	0.00134344
901.667	0.0348306
902.222	0.000952771
902.778	0.0242393
903.333	0.062375
903.889	0.0573992
904.444	0.00434671
905	0.00281285
905.556	0.0239727
906.111	0.0118422
906.667	0.0527639
907.222	0.0512097
907.778	0.0396258
908.333	0.0168599
908.889	0.0180141
909.444	0.00493171
910	0.00845244
910.556	0.0431768
911.111	0.05786
911.667	0.0176588
912.222	0.0277408
912.778	0.00752659
913.333	0.0247082
913.889	0.0136547
914.444	0.0251935
915	0.0480903
915.556	0.0351588
916.111	0.0158735
916.667	0.00596783
917.222	0.031997
917.778	0.00603757
918.333	0.0398994
918.889	0.0273637
919.444	0.0546023
920	0.022407
920.556	0.0132756
921.111	0.0136009
921.667	0.0101948
922.222	0.0370405
922.778	0.0395899
923.333	0.0462138
923.889	0.0332885
924.444	0.0293532
925	0.018807
925.556	0.0057103
926.111	0.0190205
926.667	0.0596675
927.222	0.0514137
927.778	0.0122603
928.333	0.0163505
928.889	0.0309208
929.444	0.015268
930	0.0301685
930.556	0.0560583
931.111	0.0618139
931.667	0.00627883
932.222	0.0179582
932.778	0.0116393
933.333	0.000761103
933.889	0.0430296
934.444	0.0553022
935	0.0456973
935.556	0.00111971
936.111	0.0265814
936.667	0.000321847
937.222	0.00299485
937.778	0.0353483
938.333	0.0655134
938.889	0.023751
939.444	0.00361382
940	0.00784468
940.556	0.0125093
941.111	0.0155353
941.667	0.0300983
942.222	0.0580572
942.778	0.0306025
943.333	0.000997564
943.889	0.00785361
944.444	0.0142328
945	0.00182219
945.556	0.0437977
946.111	0.0429822
946.667	0.0342499
947.222	0.0147154
947.778	0.00866726
948.333	0.0141584
948.889	0.00929867
949.444	0.0458695
950	0.0515683
950.556	0.0308945
951.111	0.0249302
951.667	0.0189568
952.222	0.0253123
952.778	0.00856718
953.333	0.0394377
953.889	0.0572358
954.444	0.0382771
955	0.0131222
955.556	0.0150629
956.111	0.032661
956.667	0.0205443
957.222	0.0475263
957.778	0.0479944
958.333	0.0465691
958.889	0.00319302
959.444	0.0252237
960	0.0181497
960.556	0.0179407
961.111	0.0495707
961.667	0.0479517
962.222	0.0356118
962.778	0.00347819
963.333	0.0339385
963.889	0.00455494
964.444	0.0266913
965	0.0378629
965.556	0.0546533
966.111	0.028696
966.667	0.00012899
967.222	0.0220471
967.778	0.0028418
968.333	0.0276271
968.889	0.0310683
969.444	0.0494803
970	0.0340694
970.556	0.00569427
971.111	0.0127704
971.667	0.00116595
972.222	0.00878719
972.778	0.0378168
973.333	0.0500664
973.889	0.0355644
974.444	0.00105066
975	0.0146855
975.556	0.00105914
976.111	0.00265494
976.667	0.0415974
977.222	0.0590554
977.778	0.0294075
978.333	0.00266866
978.889	0.0138122
979.444	0.0125454
980	0.00910846
980.556	0.0459836
981.111	0.0617888
981.667	0.0283995
982.222	0.00257466
982.778	0.0129129
983.333	0.0207047
983.889	0.0115018
984.444	0.0559767
985	0.0556719
985.556	0.0244967
986.111	0.00286832
986.667	0.0210808
987.222	0.0171902
987.778	0.0215698
988.333	0.0601616
988.889	0.0503365
989.444	0.0188223
990	0.000689366
990.556	0.0224243
991.111	0.0136966
991.667	0.0322798
992.222	0.0539386
992.778	0.0445825
993.333	0.0174579
993.889	0.000706051
994.444	0.0225749
995	0.00744539
995.556	0.0348698
996.111	0.0474814
996.667	0.0376509
997.222	0.023102
997.778	0.000696959
998.333	0.021537
998.889	0.000943078
999.444	0.0298682
1000	0.0402353
1000.56	0.0402353
1001.11	0.0298682
1001.67	0.000943078
1002.22	0.021537
1002.78	0.000696959
1003.33	0.023102
1003.89	0.0376509
1004.44	0.0474814
1005	0.0348698
1005.56	0.00744539
1006.11	0.0225749
1006.67	0.000706051
1007.22	0.0174579
1007.78	0.0445825
1008.33	0.0539386
1008.89	0.0322798
1009.44	0.0136966
1010	0.0224243
1010.56	0.000689366
1011.11	0.0188223
1011.67	0.0503365
1012.22	0.0601616
1012.78	0.0215698
1013.33	0.0171902
1013.89	0.0210808
1014.44	0.00286832
1015	0.0244967
1015.56	0.0556719
1016.11	0.0559767
1016.67	0.0115018
1017.22	0.0207047
1017.78	0.0129129
1018.33	0.00257466
1018.89	0.0283995
1019.44	0.0617888
1020	0.0459836
1020.56	0.00910846
1021.11	0.0125454
1021.67	0.0138122
1022.22	0.00266866
1022.78	0.0294075
1023.33	0.0590554
1023.89	0.0415974
1024.44	0.00265494
1025	0.00105914
1025.56	0.0146855
1026.11	0.00105066
1026.67	0.0355644
1027.22	0.0500664
1027.78	0.0378168
1028.33	0.00878719
1028.89	0.00116595
1029.44	0.0127704
1030	0.00569427
1030.56	0.0340694
1031.11	0.0494803
1031.67	0.0310683
1032.22	0.0276271
1032.78	0.0028418
1033.33	0.0220471
1033.89	0.00012899
1034.44	0.028696
1035	0.0546533
1035.56	0.0378629
1036.11	0.0266913
1036.67	0.00455494
1037.22	0.0339385
1037.78	0.00347819
1038.33	0.0356118
1038.89	0.0479517
1039.44	0.0495707
1040	0.0179407
1040.56	0.0181497
1041.11	0.0252237
1041.67	0.00319302
1042.22	0.0465691
1042.78	0.0479944
1043.33	0.0475263
1043.89	0.0205443
1044.44	0.032661
1045	0.0150629
1045.56	0.0131222
1046.11	0.0382771
1046.67	0.0572358
1047.22	0.0394377
1047.78	0.00856718
1048.33	0.0253123
1048.89	0.0189568
1049.44	0.0249302
1050	0.0308945
1050.56	0.0515683
1051.11	0.0458695
1051.67	0.00929867
1052.22	0.0141584
1052.78	0.00866726
1053.33	0.0147154
1053.89	0.0342499
1054.44	0.0429822
1055	0.0437977
1055.56	0.00182219
1056.11	0.0142328
1056.67	0.00785361
1057.22	0.000997564
1057.78	0.0306025
1058.33	0.0580572
1058.89	0.0300983
1059.44	0.0155353
1060	0.0125093
1060.56	0.00784468
1061.11	0.00361382
1061.67	0.023751
1062.22	0.0655134
1062.78	0.0353483
1063.33	0.00299485
1063.89	0.000321847
1064.44	0.0265814
1065	0.00111971
1065.56	0.0456973
1066.11	0.0553022
1066.67	0.0430296
1067.22	0.000761103
1067.78	0.0116393
1068.33	0.0179582
1068.89	0.00627883
1069.44	0.0618139
1070	0.0560583
1070.56	0.0301685
1071.11	0.015268
1071.67	0.0309208
1072.22	0.0163505
1072.78	0.0122603
1073.33	0.0514137
1073.89	0.0596675
1074.44	0.0190205
1075	0.0057103
1075.56	0.018807
1076.11	0.0293532
1076.67	0.0332885
1077.22	0.0462138
1077.78	0.0395899
1078.33	0.0370405
1078.89	0.0101948
1079.44	0.0136009
1080	0.0132756
1080.56	0.022407
1081.11	0.0546023
1081.67	0.0273637
1082.22	0.0398994
1082.78	0.00603757
1083.33	0.031997
1083.89	0.00596783
1084.44	0.0158735
1085	0.0351588
1085.56	0.0480903
1086.11	0.0251935
1086.67	0.0136547
1087.22	0.0247082
1087.78	0.00752659
1088.33	0.0277408
1088.89	0.0176588
1089.44	0.05786
1090	0.0431768
1090.56	0.00845244
1091.11	0.00493171
1091.67	0.0180141
1092.22	0.0168599
1092.78	0.0396258
1093.33	0.0512097
1093.89	0.0527639
1094.44	0.0118422
1095	0.0239727
1095.56	0.00281285
1096.11	0.00434671
1096.67	0.0573992
1097.22	0.062375
1097.78	0.0242393
1098.33	0.000952771
1098.89	0.0348306
1099.44	0.00134344
1100	0.0168183
1100.56	0.0465319
1101.11	0.0739634
1101.67	0.0119735
1102.22	0.014758
1102.78	0.00551273
1103.33	0.0213505
1103.89	0.0358367
1104.44	0.0541351
1105	0.0456688
1105.56	0.0259891
1106.11	0.0220978
1106.67	0.000425781
1107.22	0.00752689
1107.78	0.0157161
1108.33	0.0715069
1108.89	0.0269403
1109.44	0.0182102
1110	0.00590631
1110.56	0.0250838
1111.11	0.00664989
1111.67	0.0163736
1112.22	0.0489413
1112.78	0.0462332
1113.33	0.00496349
1113.89	0.0140935
1114.44	0.0158018
1115	0.0221792
1115.56	0.0457043
1116.11	0.0285317
1116.67	0.0479087
1117.22	0.0330642
1117.78	0.00633783
1118.33	0.0104604
1118.89	0.0236798
1119.44	0.0294886
1120	0.0545459
1120.56	0.0293567
1121.11	0.0490926
1121.67	0.0112831
1122.22	0.0395962
1122.78	0.010508
1123.33	0.0114069
1123.89	0.0563843
1124.44	0.0488612
1125	0.0180248
1125.56	0.000298015
1126.11	0.046056
1126.67	0.00923857
1127.22	0.0414577
1127.78	0.0307067
1128.33	0.0697465
1128.89	0.0160953
1129.44	0.0278291
1130	0.00808005
1130.56	0.00943292
1131.11	0.0461302
1131.67	0.0465396
1132.22	0.0412092
1132.78	0.0358157
1133.33	0.0405933
1133.89	0.00255346
1134.44	0.0147358
1135	0.011382
1135.56	0.070152
1136.11	0.0368521
1136.67	0.012973
1137.22	0.00755349
1137.78	0.0216632
1138.33	0.0241502
1138.89	0.0181083
1139.44	0.0448709
1140	0.0622138
1140.56	0.00568093
1141.11	0.0007199
1141.67	0.000367465
1142.22	0.0199369
1142.78	0.0465902
1143.33	0.0377217
1143.89	0.0497526
1144.44	0.0199541
1145	0.0207899
1145.56	0.008531
1146.11	0.0225723
1146.67	0.0227388
1147.22	0.0759194
1147.78	0.0239267
1148.33	0.0267385
1148.89	0.00329025
1149.44	0.0342061
1150	0.0108696
1150.56	0.0141648
1151.11	0.0678946
1151.67	0.0443565
1152.22	0.00159128
1152.78	0.0113611
1153.33	0.0419274
1153.89	0.00871096
1154.44	0.0590911
1155	0.0381995
1155.56	0.0567524
1156.11	0.00691735
1156.67	0.0238656
1157.22	0.0112493
1157.78	0.0122014
1158.33	0.0634416
1158.89	0.0515746
1159.44	0.0182737
1160	0.0368166
1160.56	0.0385204
1161.11	0.0211559
1161.67	0.0277535
1162.22	0.0245662
1162.78	0.0640091
1163.33	0.0234064
1163.89	0.0125231
1164.44	0.00339512
1165	0.0392105
1165.56	0.0374722
1166.11	0.0366256
1166.67	0.0242949
1167.22	0.0651992
1167.78	0.006921
1168.33	0.0105308
1168.89	0.00279557
1169.44	0.00422495
1170	0.053254
1170.56	0.0263308
1171.11	0.0480832
1171.67	0.0269327
1172.22	0.0447194
1172.78	0.0170677
1173.33	0.00174083
1173.89	0.0201593
1174.44	0.0714226
1175	0.0265287
1175.56	0.0185346
1176.11	0.0129823
1176.67	0.0282014
1177.22	0.0312215
1177.78	0.0084627
1178.33	0.0668359
1178.89	0.0601985
1179.44	0.0256201
1180	0.0101142
1180.56	0.0235094
1181.11	0.00112042
1181.67	0.0596633
1182.22	0.043062
1182.78	0.055917
1183.33	0.00462289
1183.89	0.0331728
1184.44	0.0107585
1185	0.0171921
1185.56	0.057638
1186.11	0.0747265
1186.67	0.00261146
1187.22	0.0227512
1187.78	0.0257429
1188.33	0.016894
1188.89	0.0292588
1189.44	0.0296655
1190	0.0773173
1190.56	0.0109499
1191.11	0.011565
1191.67	0.0139837
1192.22	0.0368184
1192.78	0.0320799
1193.33	0.0585525
1193.89	0.0284955
1194.44	0.0426501
1195	0.00982683
1195.56	0.00938631
1196.11	0.000531635
1196.67	0.00632893
1197.22	0.075089
1197.78	0.0219969
1198.33	0.0185632
1198.89	0.0376301
1199.44	0.0423612
1200	0.0036695
1200.56	0.0214937
1201.11	0.0234516
1201.67	0.0654134
1202.22	0.0146253
1202.78	0.0244004
1203.33	0.0126918
1203.89	0.0381039
1204.44	0.0537362
1205	0.0154168
1205.56	0.0428511
1206.11	0.0655311
1206.67	0.0250668
1207.22	0.00822867
1207.78	0.0196008
1208.33	0.0107867
1208.89	0.0677167
1209.44	0.0218819
1210	0.0576438
1210.56	0.00040896
1211.11	0.0525275
1211.67	0.022761
1212.22	0.00213949
1212.78	0.0417595
1213.33	0.0790075
1213.89	0.00462074
1214.44	0.00914059
1215	0.0438531
1215.56	0.00229359
1216.11	0.0543663
1216.67	0.0128282
1217.22	0.0791718
1217.78	0.0201165
1218.33	0.0352558
1218.89	0.0164401
1219.44	0.0191282
1220	0.0313107
1220.56	0.0575974
1221.11	0.0292007
1221.67	0.0403108
1222.22	0.0256588
1222.78	0.00964339
1223.33	0.0291768
1223.89	0.019301
1224.44	0.0715943
1225	0.045093
1225.56	0.000572
1226.11	0.0287245
1226.67	0.0301351
1227.22	0.00621044
1227.78	0.0276231
1228.33	0.0294784
1228.89	0.0845068
1229.44	0.00602108
1230	0.00686086
1230.56	0.0115387
1231.11	0.0492286
1231.67	0.0492279
1232.22	0.0436322
1232.78	0.0402493
1233.33	0.047516
1233.89	0.0255596
1234.44	0.00311033
1235	0.0139505
1235.56	0.0102204
1236.11	0.0934023
1236.67	0.0153165
1237.22	0.0316585
1237.78	0.0126845
1238.33	0.0578302
1238.89	0.0169722
1239.44	0.0298736
1240	0.0521932
1240.56	0.0684174
1241.11	0.00820691
1241.67	0.0122114
1242.22	0.0418237
1242.78	0.0189355
1243.33	0.0833363
1243.89	0.015737
1244.44	0.0591558
1245	0.0248531
1245.56	0.0412125
1246.11	0.000242942
1246.67	0.0110469
1247.22	0.0516267
1247.78	0.056761
1248.33	0.0074182
1248.89	0.0478236
1249.44	0.0323628
1250	0.0324202
1250.56	0.0465679
1251.11	0.00362852
1251.67	0.0601075
1252.22	0.0457778
1252.78	0.00422027
1253.33	0.010632
1253.89	0.0448971
1254.44	0.0309632
1255	0.0387555
1255.56	0.00454304
1256.11	0.0882005
1256.67	0.00615386
1257.22	0.0188818
1257.78	0.0145996
1258.33	0.0310182
1258.89	0.0448643
1259.44	0.0442159
1260	0.0357555
1260.56	0.0493893
1261.11	0.0519466
1261.67	0.00527667
1262.22	0.00844826
1262.78	0.00639732
1263.33	0.10839
1263.89	0.0315064
1264.44	0.00922331
1265	0.00848512
1265.56	0.0524124
1266.11	0.0253761
1266.67	0.0294963
1267.22	0.058569
1267.78	0.0893254
1268.33	0.0351487
1268.89	0.00899956
1269.44	0.011707
1270	0.0270605
1270.56	0.085469
1271.11	0.0425622
1271.67	0.0380181
1272.22	0.0157088
1272.78	0.0382697
1273.33	0.0223021
1273.89	0.00611181
1274.44	0.0457424
1275	0.0914824
1275.56	0.0174286
1276.11	0.0307855
1276.67	0.00584968
1277.22	0.048061
1277.78	0.0436024
1278.33	0.017921
1278.89	0.0620672
1279.44	0.0373853
1280	0.0185504
1280.56	0.0305445
1281.11	0.050615
1281.67	0.00854251
1282.22	0.0648471
1282.78	0.00448035
1283.33	0.0660835
1283.89	0.0115886
1284.44	0.0313609
1285	0.00564245
1285.56	0.0222178
1286.11	0.0622784
1286.67	0.0378179
1287.22	0.0109677
1287.78	0.0616908
1288.33	0.0600771
1288.89	0.013484
1289.44	0.0306566
1290	0.000202576
1290.56	0.0802836
1291.11	0.0289477
1291.67	0.00917674
1292.22	0.0121709
1292.78	0.0591126
1293.33	0.0486244
1293.89	0.0266291
1294.44	0.0336122
1295	0.0998253
1295.56	0.0346712
1296.11	0.0120846
1296.67	0.00571362
1297.22	0.0116119
1297.78	0.0783932
1298.33	0.0337909
1298.89	0.0464964
1299.44	0.0179818
1300	0.0720479
1300.56	0.0332742
1301.11	0.00441497
1301.67	0.0272396
1302.22	0.101633
1302.78	0.00615984
1303.33	0.0186096
1303.89	0.0196459
1304.44	0.0264084
1305	0.0572541
1305.56	0.0131623
1306.11	0.0666996
1306.67	0.0486008
1307.22	0.0539815
1307.78	0.0342131
1308.33	0.0241531
1308.89	0.00408938
1309.44	0.0824259
1310	0.0195565
1310.56	0.048468
1311.11	0.00371377
1311.67	0.036749
1312.22	0.0304635
1312.78	0.0338753
1313.33	0.0661442
1313.89	0.0664728
1314.44	0.0143917
1315	0.0606171
1315.56	0.039678
1316.11	0.026723
1316.67	0.0292442
1317.22	0.0127663
1317.78	0.080293
1318.33	0.0156455
1318.89	0.00712336
1319.44	0.0283067
1320	0.0658652
1320.56	0.0391269
1321.11	0.0710884
1321.67	0.0162434
1322.22	0.0691049
1322.78	0.0207701
1323.33	0.0291703
1323.89	0.00204494
1324.44	0.0126329
1325	0.0979165
1325.56	0.0130858
1326.11	0.0182132
1326.67	0.0300795
1327.22	0.0862654
1327.78	0.0141288
1328.33	0.0390061
1328.89	0.0298333
1329.44	0.0784238
1330	0.0121627
1330.56	0.00866688
1331.11	0.0239648
1331.67	0.0300394
1332.22	0.0722184
1332.78	0.00705119
1333.33	0.0446886
1333.89	0.0570855
1334.44	0.046874
1335	0.00799782
1335.56	0.00303654
1336.11	0.00098576
1336.67	0.0722451
1337.22	0.00882437
1337.78	0.0555911
1338.33	0.013008
1338.89	0.0460294
1339.44	0.0420001
1340	0.0116475
1340.56	0.037632
1341.11	0.0817613
1341.67	0.0283998
1342.22	0.0379813
1342.78	0.0366181
1343.33	0.00745423
1343.89	0.0443922
1344.44	0.00156304
1345	0.0941312
1345.56	0.0240451
1346.11	0.0394017
1346.67	0.045905
1347.22	0.0497842
1347.78	0.0238214
1348.33	0.0858929
1348.89	0.0108044
1349.44	0.05378
1350	0.0398934
1350.56	0.0230837
1351.11	0.0195932
1351.67	0.0434851
1352.22	0.108416
1352.78	0.0365578
1353.33	0.016138
1353.89	0.0483688
1354.44	0.0662621
1355	0.00586897
1355.56	0.0343771
1356.11	0.0417595
1356.67	0.0919264
1357.22	0.0223954
1357.78	0.00506972
1358.33	0.00998339
1358.89	0.0432472
1359.44	0.0866614
1360	0.0499411
1360.56	0.00120706
1361.11	0.0462574
1361.67	0.0492449
1362.22	0.000257442
1362.78	0.00636891
1363.33	0.0118276
1363.89	0.0956441
1364.44	0.0171108
1365	0.0432691
1365.56	0.0236987
1366.11	0.0631647
1366.67	0.0480819
1367.22	0.025419
1367.78	0.032466
1368.33	0.0681322
1368.89	0.0141559
1369.44	0.0363874
1370	0.031806
1370.56	0.00316253
1371.11	0.0756437
1371.67	0.00556119
1372.22	0.0544449
1372.78	0.0363962
1373.33	0.0599665
1373.89	0.0108625
1374.44	0.0295249
1375	0.0194006
1375.56	0.0788825
1376.11	0.0112802
1376.67	0.0746644
1377.22	0.0693227
1377.78	0.0359748
1378.33	0.0354515
1378.89	0.0149784
1379.44	0.0847672
1380	0.074721
1380.56	0.0150645
1381.11	0.0104781
1381.67	0.0636816
1382.22	0.039835
1382.78	0.0532168
1383.33	0.0303711
1383.89	0.105295
1384.44	0.0576568
1385	0.0425135
1385.56	0.0299262
1386.11	0.0437983
1386.67	0.0585428
1387.22	0.0592927
1387.78	0.00623983
1388.33	0.0534906
1388.89	0.0703513
1389.44	0.0364542
1390	0.00321787
1390.56	0.0146728
1391.11	0.123021
1391.67	0.0172802
1392.22	0.00593817
1392.78	0.0485442
1393.33	0.0392556
1393.89	0.0589897
1394.44	0.0141893
1395	0.0439495
1395.56	0.0809092
1396.11	0.0582408
1396.67	0.0346044
1397.22	0.0218701
1397.78	0.0547656
1398.33	0.0925257
1398.89	0.0110376
1399.44	0.0509473
1400	0.0366299
1400.56	0.0390107
1401.11	0.0157554
1401.67	0.0273726
1402.22	0.0471433
1402.78	0.119895
1403.33	0.0158386
1403.89	0.0750718
1404.44	0.0114335
1405	0.0719048
1405.56	0.0832177
1406.11	0.00739839
1406.67	0.057604
1407.22	0.0485806
1407.78	0.0244206
1408.33	0.0162473
1408.89	0.0837854
1409.44	0.00437708
1410	0.105479
1410.56	0.0219872
1411.11	0.0769938
1411.67	0.0186091
1412.22	0.0519233
1412.78	0.0136911
1413.33	0.0188211
1413.89	0.0686552
1414.44	0.044323
1415	0.0159428
1415.56	0.0513297
1416.11	0.0811503
1416.67	0.0164411
1417.22	0.0702511
1417.78	0.00581849
1418.33	0.0786337
1418.89	0.0131781
1419.44	0.0184557
1420	0.0114015
1420.56	0.0493078
1421.11	0.0469682
1421.67	0.0104542
1422.22	0.0211114
1422.78	0.108348
1423.33	0.0533095
1423.89	0.0191973
1424.44	0.0104734
1425	0.0131137
1425.56	0.0863351
1426.11	0.031304
1426.67	0.0598081
1427.22	0.031854
1427.78	0.0448963
1428.33	0.0450026
1428.89	0.0393777
1429.44	0.011599
1430	0.118413
1430.56	0.0217418
1431.11	0.0162845
1431.67	0.00091425
1432.22	0.0881623
1432.78	0.0749109
1433.33	0.0106996
1433.89	0.0966449
1434.44	0.0474818
1435	0.0556417
1435.56	0.0581061
1436.11	0.037036
1436.67	0.0286142
1437.22	0.107738
1437.78	0.00735201
1438.33	0.0457899
1438.89	0.00454996
1439.44	0.0465549
1440	0.0592103
1440.56	0.0461614
1441.11	0.114299
1441.67	0.0393884
1442.22	0.0581387
1442.78	0.0358479
1443.33	0.0654229
1443.89	0.0429508
1444.44	0.0840002
1445	0.00418314
1445.56	0.0874563
1446.11	0.0157124
1446.67	0.00109454
1447.22	0.0449891
1447.78	0.087151
1448.33	0.0722235
1448.89	0.0583508
1449.44	0.00608853
1450	0.106133
1450.56	0.00497815
1451.11	0.0240407
1451.67	0.0226296
1452.22	0.0280059
1452.78	0.0934886
1453.33	0.0111349
1453.89	0.0210356
1454.44	0.0101092
1455	0.083621
1455.56	0.0225803
1456.11	0.0401138
1456.67	0.00706328
1457.22	0.102324
1457.78	0.00309904
1458.33	0.00460816
1458.89	0.00568682
1459.44	0.0484636
1460	0.0840748
1460.56	0.00421762
1461.11	0.0372349
1461.67	0.0529886
1462.22	0.0945121
1462.78	0.00763714
1463.33	0.00567127
1463.89	0.00287096
1464.44	0.0946498
1465	0.0253768
1465.56	0.0530071
1466.11	0.0534684
1466.67	0.0884422
1467.22	0.0415941
1467.78	0.0332099
1468.33	0.0748041
1468.89	0.0724323
1469.44	0.0338757
1470	0.0290788
1470.56	0.0196485
1471.11	0.0165999
1471.67	0.0746279
1472.22	0.0165752
1472.78	0.10125
1473.33	0.00205635
1473.89	0.0816878
1474.44	0.0793897
1475	0.0681855
1475.56	0.0783323
1476.11	0.0811882
1476.67	0.0196665
1477.22	0.0362699
1477.78	0.0302199
1478.33	0.0182661
1478.89	0.0193093
1479.44	0.0461136
1480	0.154408
1480.56	0.0108155
1481.11	0.0155737
1481.67	0.0604808
1482.22	0.0763
1482.78	0.0300523
1483.33	0.0775994
1483.89	0.0351692
1484.44	0.0987555
1485	0.0116493
1485.56	0.0343263
1486.11	0.00525733
1486.67	0.103329
1487.22	0.158602
1487.78	0.021224
1488.33	0.00721103
1488.89	0.0736233
1489.44	0.0885145
1490	0.000206882
1490.56	0.0486958
1491.11	0.0162486
1491.67	0.110178
1492.22	0.0275804
1492.78	0.020424
1493.33	0.0119645
1493.89	0.0860825
1494.44	0.11648
1495	0.019831
1495.56	0.0861586
1496.11	0.0938047
1496.67	0.010228
1497.22	0.00647246
1497.78	0.0313442
1498.33	0.0397705
1498.89	0.0994954
1499.44	0.00430048
1500	0.0559372
1500.56	0.0219096
1501.11	0.105525
1501.67	0.0616437
1502.22	0.0457817
1502.78	0.0390249
1503.33	0.0738351
1503.89	0.0113139
1504.44	0.0396904
1505	0.025986
1505.56	0.0313343
1506.11	0.0919925
1506.67	0.0253276
1507.22	0.123245
1507.78	0.00701561
1508.33	0.0402143
1508.89	0.000234838
1509.44	0.0307646
1510	0.0118414
1510.56	0.0640228
1511.11	0.0269991
1511.67	0.11677
1512.22	0.0896869
1512.78	0.0454704
1513.33	0.0622913
1513.89	0.0430379
1514.44	0.0795755
1515	0.0596144
1515.56	0.0169977
1516.11	0.0762907
1516.67	0.0372154
1517.22	0.035219
1517.78	0.0530275
1518.33	0.0259079
1518.89	0.156381
1519.44	0.0531864
1520	0.0289298
1520.56	0.00650516
1521.11	0.119327
1521.67	0.0526937
1522.22	0.0114307
1522.78	0.132673
1523.33	0.103178
1523.89	0.0307411
1524.44	0.00705199
1525	0.00894387
1525.56	0.0347945
1526.11	0.160017
1526.67	0.0112709
1527.22	0.0484146
1527.78	0.062107
1528.33	0.0701733
1528.89	0.0651959
1529.44	0.00659452
1530	0.157037
1530.56	0.129786
1531.11	0.0189604
1531.67	0.0542648
1532.22	0.0627825
1532.78	0.0427396
1533.33	0.179753
1533.89	0.0571154
1534.44	0.079419
1535	0.0460332
1535.56	0.056222
1536.11	0.00842715
1536.67	0.0889423
1537.22	0.00364443
1537.78	0.124266
1538.33	0.00646882
1538.89	0.166333
1539.44	0.0317565
1540	0.0825251
1540.56	0.0601266
1541.11	0.0721919
1541.67	0.0864894
1542.22	0.0921445
1542.78	0.0712607
1543.33	0.108839
1543.89	0.114391
1544.44	0.0921082
1545	0.037012
1545.56	0.0169236
1546.11	0.162127
1546.67	0.0100754
1547.22	0.0336006
1547.78	0.0106088
1548.33	0.101061
1548.89	0.018931
1549.44	0.0456017
1550	0.0698542
1550.56	0.131504
1551.11	0.0898282
1551.67	0.0113719
1552.22	0.021417
1552.78	0.0440534
1553.33	0.122233
1553.89	0.0696806
1554.44	0.051268
1555	0.0279909
1555.56	0.0017506
1556.11	0.0144867
1556.67	0.0686432
1557.22	0.0665754
1557.78	0.148115
1558.33	0.0226704
1558.89	0.101897
1559.44	0.0414473
1560	0.0915719
1560.56	0.0352517
1561.11	0.000367025
1561.67	0.042141
1562.22	0.0479449
1562.78	0.028836
1563.33	0.116061
1563.89	0.0512317
1564.44	0.0280803
1565	0.0897405
1565.56	0.035567
1566.11	0.118105
1566.67	0.0176479
1567.22	0.0148877
1567.78	0.032035
1568.33	0.0650406
1568.89	0.0488588
1569.44	0.0296537
1570	0.0687468
1570.56	0.132327
1571.11	0.0711522
1571.67	0.0133842
1572.22	0.0297768
1572.78	0.0678661
1573.33	0.10325
1573.89	0.0137281
1574.44	0.00371498
1575	0.0321704
1575.56	0.134604
1576.11	0.140289
1576.67	0.0253709
1577.22	0.0565346
1577.78	0.181221
1578.33	0.0736765
1578.89	0.0287499
1579.44	0.0214778
1580	0.0861001
1580.56	0.125201
1581.11	0.0753042
1581.67	0.0155941
1582.22	0.102491
1582.78	0.0654026
1583.33	0.08677
1583.89	0.0271126
1584.44	0.0879517
1585	0.107224
1585.56	0.153799
1586.11	0.0277926
1586.67	0.0349281
1587.22	0.0126009
1587.78	0.112705
1588.33	0.0173985
1588.89	0.0232002
1589.44	0.0704115
1590	0.0103608
1590.56	0.0677965
1591.11	0.0361461
1591.67	0.152293
1592.22	0.0312929
1592.78	0.0660152
1593.33	0.0946408
1593.89	0.0222795
1594.44	0.0632121
1595	0.058362
1595.56	0.0957923
1596.11	0.0280951
1596.67	0.0781126
1597.22	0.156749
1597.78	0.0613285
1598.33	0.00412374
1598.89	0.023488
1599.44	0.0688558
1600	0.0657522
1600.56	0.0649305
1601.11	0.00591682
1601.67	0.045755
1602.22	0.0459234
1602.78	0.100085
1603.33	0.0464865
1603.89	0.115846
1604.44	0.0313454
1605	0.0478602
1605.56	0.151555
1606.11	0.039905
1606.67	0.0207557
1607.22	0.0388123
1607.78	0.245337
1608.33	0.0662042
1608.89	0.104232
1609.44	0.0633028
1610	0.131254
1610.56	0.0412553
1611.11	0.0734352
1611.67	0.019703
1612.22	0.158984
1612.78	0.00139519
1613.33	0.100297
1613.89	0.0916966
1614.44	0.122435
1615	0.0384934
1615.56	0.108303
1616.11	0.0749797
1616.67	0.0400945
1617.22	0.0981357
1617.78	0.0373073
1618.33	0.071817
1618.89	0.00609037
1619.44	0.0955385
1620	0.0967905
1620.56	0.024069
1621.11	0.0148017
1621.67	0.0109108
1622.22	0.22208
1622.78	0.156293
1623.33	0.0450432
1623.89	0.240978
1624.44	0.0288717
1625	0.0454643
1625.56	0.0750408
1626.11	0.0542187
1626.67	0.192732
1627.22	0.078729
1627.78	0.19451
1628.33	0.218762
1628.89	0.175843
1629.44	0.0620879
1630	0.0748152
1630.56	0.111064
1631.11	0.0391413
1631.67	0.000823394
1632.22	0.0273341
1632.78	0.0171889
1633.33	0.0726994
1633.89	0.116252
1634.44	0.0759721
1635	0.234967
1635.56	0.157917
1636.11	0.109865
1636.67	0.0567247
1637.22	0.0511456
1637.78	0.0017052
1638.33	0.152428
1638.89	0.0364043
1639.44	0.00914057
1640	0.23816
1640.56	0.0040286
1641.11	0.000681756
1641.67	0.0615961
1642.22	0.0474003
1642.78	0.107546
1643.33	0.0212383
1643.89	0.0137101
1644.44	0.0176452
1645	0.0347167
1645.56	0.00735151
1646.11	0.0604272
1646.67	0.145106
1647.22	0.207995
1647.78	0.0349775
1648.33	0.0600579
1648.89	0.212942
1649.44	0.183467
1650	0.0159196
1650.56	0.0641915
1651.11	0.0709905
1651.67	0.00329228
1652.22	0.157262
1652.78	0.0453797
1653.33	0.0925338
1653.89	0.137646
1654.44	0.0281501
1655	0.0718028
1655.56	0.127838
1656.11	0.0106685
1656.67	0.132595
1657.22	0.0457246
1657.78	0.14673
1658.33	0.25122
1658.89	0.110861
1659.44	0.264427
1660	0.13409
1660.56	0.136415
1661.11	0.156684
1661.67	0.0329287
1662.22	0.245759
1662.78	0.0177119
1663.33	0.0258104
1663.89	0.205989
1664.44	0.252162
1665	0.0733662
1665.56	0.0576712
1666.11	0.0639966
1666.67	0.401408
1667.22	0.108154
1667.78	0.0223966
1668.33	0.127808
1668.89	0.0823159
1669.44	0.0566966
1670	0.151959
1670.56	0.046363
1671.11	0.410655
1671.67	0.00303353
1672.22	0.11413
1672.78	0.126928
1673.33	0.00257329
1673.89	0.155088
1674.44	0.190714
1675	0.446429
1675.56	0.00324266
1676.11	0.188116
1676.67	0.182482
1677.22	0.0777047
1677.78	0.0800497
1678.33	0.131414
1678.89	0.0271058
1679.44	0.348771
1680	0.0366373
1680.56	0.127136
1681.11	0.0282487
1681.67	0.201005
1682.22	0.101137
1682.78	0.176799
1683.33	0.143463
1683.89	0.0320265
1684.44	0.0469944
1685	0.0800828
1685.56	0.1932
1686.11	0.112457
1686.67	0.210791
1687.22	0.17074
1687.78	0.041005
1688.33	0.126321
1688.89	0.149685
1689.44	0.367339
1690	0.0969595
1690.56	0.187806
1691.11	0.0372879
1691.67	0.00375876
1692.22	0.336846
1692.78	0.0795124
1693.33	0.204042
1693.89	0.142798
1694.44	0.00944316
1695	0.318475
1695.56	0.161086
1696.11	0.101409
1696.67	0.0136959
1697.22	0.0565969
1697.78	0.160685
1698.33	0.262707
1698.89	0.293893
1699.44	0.268184
1700	0.167867
1700.56	0.197053
1701.11	0.426651
1701.67	0.391402
1702.22	0.123838
1702.78	0.110733
1703.33	0.101499
1703.89	0.185714
1704.44	0.410615
1705	0.11549
1705.56	0.587748
1706.11	0.0597583
1706.67	0.490812
1707.22	0.205501
1707.78	0.0075476
1708.33	0.307882
1708.89	0.2845
1709.44	0.42103
1710	0.130101
1710.56	0.216664
1711.11	0.111412
1711.67	0.244783
1712.22	0.239739
1712.78	0.3083
1713.33	0.229934
1713.89	0.129841
1714.44	0.0516022
1715	0.133049
1715.56	0.108102
1716.11	0.314125
1716.67	0.264323
1717.22	0.364042
1717.78	0.257627
1718.33	0.756215
1718.89	0.280636
1719.44	0.231238
1720	0.307988
1720.56	0.069902
1721.11	0.054153
1721.67	0.416101
1722.22	0.715534
1722.78	0.389842
1723.33	0.0731774
1723.89	0.387659
1724.44	0.284208
1725	0.0597635
1725.56	0.0370452
1726.11	0.115109
1726.67	0.278491
1727.22	0.13917
1727.78	0.320184
1728.33	0.605148
1728.89	0.551203
1729.44	0.100221
1730	0.27694
1730.56	0.395286
1731.11	0.0694059
1731.67	0.180696
1732.22	0.199258
1732.78	0.245083
1733.33	0.0787905
1733.89	0.191576
1734.44	0.544136
1735	0.0408339
1735.56	0.0641192
1736.11	0.250635
1736.67	0.32276
1737.22	0.276724
1737.78	0.177254
1738.33	0.105096
1738.89	0.152567
1739.44	0.364798
1740	0.065847
1740.56	0.270816
1741.11	0.059494
1741.67	0.0571903
1742.22	0.312894
1742.78	0.370513
1743.33	0.461335
1743.89	0.16122
1744.44	0.209106
1745	0.420233
1745.56	0.0370751
1746.11	0.00756412
1746.67	0.433081
1747.22	0.950494
1747.78	0.518789
1748.33	0.0520167
1748.89	0.32578
1749.44	0.597965
1750	0.0555335
1750.56	0.117948
1751.11	0.25278
1751.67	0.22511
1752.22	0.294515
1752.78	0.379323
1753.33	0.157495
1753.89	0.880866
1754.44	0.0247594
1755	0.353273
1755.56	0.41579
1756.11	0.201304
1756.67	0.765867
1757.22	0.228019
1757.78	0.296268
1758.33	0.338903
1758.89	0.0641792
1759.44	0.294246
1760	0.918205
1760.56	0.0769701
1761.11	0.0449494
1761.67	0.238461
1762.22	0.214652
1762.78	0.0912531
1763.33	0.30476
1763.89	0.301636
1764.44	0.903146
1765	0.287386
1765.56	0.204678
1766.11	0.136118
1766.67	0.18213
1767.22	0.630065
1767.78	0.38744
1768.33	0.372113
1768.89	0.934491
1769.44	0.825018
1770	0.534397
1770.56	0.133061
1771.11	0.27067
1771.67	0.0352423
1772.22	0.134978
1772.78	0.633883
1773.33	0.0536071
1773.89	0.501681
1774.44	0.311943
1775	0.142435
1775.56	0.209648
1776.11	0.324099
1776.67	0.685857
1777.22	0.436511
1777.78	0.945221
1778.33	0.276615
1778.89	0.3302
1779.44	0.216294
1780	0.507247
1780.56	0.650282
1781.11	0.358891
1781.67	0.0656576
1782.22	0.645749
1782.78	0.105178
1783.33	0.130819
1783.89	0.17683
1784.44	0.349116
1785	0.107435
1785.56	0.29073
1786.11	0.436104
1786.67	0.429563
1787.22	0.614998
1787.78	0.405976
1788.33	0.572449
1788.89	0.546499
1789.44	0.154825
1790	0.830287
1790.56	0.442263
1791.11	0.421504
1791.67	0.627138
1792.22	0.810944
1792.78	0.946445
1793.33	0.0570889
1793.89	0.119933
1794.44	0.169497
1795	0.0225389
1795.56	1.95104
1796.11	1.66528
1796.67	0.501696
1797.22	0.204779
1797.78	0.509404
1798.33	1.3945
1798.89	1.19054
1799.44	0.44995
1800	0.231838
1800.56	0.0475465
1801.11	0.264537
1801.67	0.0888899
1802.22	0.39618
1802.78	0.808844
1803.33	0.85307
1803.89	0.451484
1804.44	1.66401
1805	0.0599175
1805.56	0.247784
1806.11	0.0568782
1806.67	0.576992
1807.22	1.24635
1807.78	0.18308
1808.33	1.0795
1808.89	0.27982
1809.44	0.576341
1810	1.60561
1810.56	0.777207
1811.11	0.195143
1811.67	0.257766
1812.22	2.42496
1812.78	1.2221
1813.33	1.86511
1813.89	0.983078
1814.44	1.50722
1815	0.576946
1815.56	0.0349505
1816.11	0.420827
1816.67	0.194512
1817.22	0.276192
1817.78	0.699369
1818.33	0.679547
1818.89	0.394774
1819.44	0.024108
1820	1.30058
1820.56	0.684412
1821.11	0.571272
1821.67	0.28473
1822.22	0.144997
1822.78	0.653656
1823.33	0.0247459
1823.89	1.74182
1824.44	0.590133
1825	0.893167
1825.56	0.834958
1826.11	0.537582
1826.67	0.696874
1827.22	0.0595373
1827.78	0.177246
1828.33	0.653016
1828.89	0.473267
1829.44	1.53398
1830	0.273501
1830.56	1.79691
1831.11	0.6135
1831.67	0.377815
1832.22	2.23321
1832.78	0.929914
1833.33	1.13048
1833.89	0.64431
1834.44	1.05136
1835	0.86079
1835.56	1.16795
1836.11	0.912212
1836.67	1.41771
1837.22	0.74821
1837.78	2.54146
1838.33	0.356985
1838.89	0.916557
1839.44	1.55304
1840	2.02547
1840.56	2.21836
1841.11	2.25963
1841.67	3.6082
1842.22	3.79859
1842.78	1.74396
1843.33	1.95236
1843.89	1.44286
1844.44	0.160601
1845	3.17153
1845.56	0.895495
1846.11	0.576572
1846.67	0.225301
1847.22	1.20434
1847.78	2.35966
1848.33	3.90131
1848.89	4.71536
1849.44	1.99885
1850	0.473536
1850.56	2.53478
1851.11	4.46214
1851.67	4.03682
1852.22	2.24906
1852.78	4.17661
1853.33	6.47786
1853.89	1.17487
1854.44	4.74481
1855	4.78716
1855.56	2.37032
1856.11	5.83551
1856.67	9.18981
1857.22	2.20239
1857.78	0.218076
1858.33	17.8931
1858.89	6.87113
1859.44	11.1594
1860	1.91792
1860.56	4.36781
1861.11	12.3888
1861.67	7.99785
1862.22	3.31306
1862.78	1.61703
1863.33	4.1284
1863.89	5.31847
1864.44	2.59064
1865	1.39111
1865.56	0.264087
1866.11	3.58934
1866.67	1.02523
1867.22	2.96986
1867.78	2.27803
1868.33	2.85034
1868.89	0.824986
1869.44	2.73913
1870	2.16965
1870.56	3.75168
1871.11	2.59599
1871.67	0.5087
1872.22	0.0633684
1872.78	4.09759
1873.33	1.44253
1873.89	0.168053
1874.44	2.54347
1875	2.82443
1875.56	4.46771
1876.11	4.33708
1876.67	5.25191
1877.22	5.7801
1877.78	0.264351
1878.33	0.51489
1878.89	0.383021
1879.44	4.5917
1880	1.59705
1880.56	1.06391
1881.11	1.24146
1881.67	0.0215015
1882.22	0.643886
1882.78	0.883337
1883.33	1.59722
1883.89	2.50504
1884.44	1.68981
1885	2.11596
1885.56	2.06776
1886.11	0.199997
1886.67	1.41222
1887.22	0.335799
1887.78	0.322438
1888.33	3.60247
1888.89	2.88744
1889.44	0.753696
1890	1.92436
1890.56	0.669387
1891.11	4.2394
1891.67	0.290352
1892.22	2.28386
1892.78	1.54155
1893.33	2.00653
1893.89	2.01097
1894.44	0.800134
1895	4.15023
1895.56	1.04042
1896.11	0.77747
1896.67	2.96371
1897.22	3.11403
1897.78	1.0374
1898.33	0.0894299
1898.89	2.25389
1899.44	0.137117
1900	1.4799
1900.56	0.764027
1901.11	1.20845
1901.67	1.86638
1902.22	1.9562
1902.78	3.42416
1903.33	1.59569
1903.89	3.45648
1904.44	4.4113
1905	3.31585
1905.56	0.892649
1906.11	4.87797
1906.67	0.151368
1907.22	1.28846
1907.78	2.41736
1908.33	5.11423
1908.89	0.63529
1909.44	0.0569603
1910	2.49519
1910.56	0.862808
1911.11	4.56291
1911.67	0.718239
1912.22	3.92931
1912.78	1.4771
1913.33	1.78309
1913.89	0.757752
1914.44	1.20761
1915	2.59939
1915.56	0.801871
1916.11	1.88854
1916.67	1.85866
1917.22	1.59633
1917.78	1.81972
1918.33	0.781498
1918.89	1.57405
1919.44	3.61153
1920	1.79469
1920.56	2.88539
1921.11	0.321249
1921.67	0.152814
1922.22	0.16502
1922.78	3.68646
1923.33	1.13096
1923.89	2.30827
1924.44	1.56409
1925	1.55935
1925.56	1.64964
1926.11	0.533801
1926.67	2.77692
1927.22	0.946941
1927.78	2.37892
1928.33	1.45613
1928.89	2.64635
1929.44	1.76015
1930	2.41214
1930.56	0.785974
1931.11	0.239348
1931.67	0.707578
1932.22	2.29282
1932.78	1.49751
1933.33	0.272098
1933.89	0.00789244
1934.44	1.62564
1935	0.349672
1935.56	2.11206
1936.11	3.13989
1936.67	1.03074
1937.22	4.61742
1937.78	0.340632
1938.33	3.90293
1938.89	0.220138
1939.44	3.47077
1940	1.02483
1940.56	1.52341
1941.11	1.29372
1941.67	2.64753
1942.22	0.761
1942.78	1.32637
1943.33	0.299851
1943.89	1.21664
1944.44	4.84709
1945	1.10995
1945.56	0.258539
1946.11	1.94718
1946.67	2.18274
1947.22	2.69796
1947.78	2.06179
1948.33	1.70483
1948.89	1.04338
1949.44	0.913666
1950	1.47428
1950.56	1.21437
1951.11	0.802545
1951.67	2.48875
1952.22	3.09322
1952.78	1.0083
1953.33	3.01068
1953.89	0.582608
1954.44	2.72338
1955	0.257322
1955.56	0.0652127
1956.11	0.242599
1956.67	1.26394
1957.22	0.169813
1957.78	3.40781
1958.33	0.0254468
1958.89	0.658397
1959.44	0.74074
1960	0.170626
1960.56	1.23731
1961.11	2.75651
1961.67	1.68916
1962.22	1.55218
1962.78	0.271286
1963.33	1.38599
1963.89	2.10259
1964.44	2.08689
1965	0.241117
1965.56	2.6041
1966.11	2.03478
1966.67	1.05082
1967.22	1.23955
1967.78	0.738665
1968.33	2.13138
1968.89	1.08501
1969.44	1.30458
1970	1.14798
1970.56	0.668418
1971.11	0.265363
1971.67	0.159333
1972.22	0.84218
1972.78	1.15564
1973.33	0.0509142
1973.89	0.80045
1974.44	0.963299
1975	0.308019
1975.56	0.505922
1976.11	1.58897
1976.67	0.897118
1977.22	1.22838
1977.78	1.04646
1978.33	1.01685
1978.89	1.48333
1979.44	0.531116
1980	0.214653
1980.56	0.769418
1981.11	2.39661
1981.67	1.3708
1982.22	0.0652749
1982.78	2.11055
1983.33	1.05119
1983.89	0.386794
1984.44	1.19452
1985	0.37746
1985.56	2.27216
1986.11	1.89388
1986.67	0.383072
1987.22	1.08302
1987.78	1.31859
1988.33	0.961547
1988.89	0.763862
1989.44	0.264913
1990	0.301778
1990.56	0.427459
1991.11	2.73615
1991.67	0.0963157
1992.22	1.08194
1992.78	1.09105
1993.33	2.14061
1993.89	1.2261
1994.44	1.04796
1995	0.0231205
1995.56	1.5063
1996.11	1.31188
1996.67	2.0238
1997.22	0.715787
1997.78	0.934371
1998.33	2.60675
1998.89	0.0885341
1999.44	0.54721
2000	0.265361
