t	etaU
0	3.00736e-15
0.555556	1.98942
1.11111	0.694546
1.66667	0.503192
2.22222	2.29679
2.77778	0.0167021
3.33333	0.937197
3.88889	0.202482
4.44444	1.13531
5	2.22436
5.55556	0.687805
6.11111	1.97607
6.66667	0.158037
7.22222	0.988791
7.77778	1.22379
8.33333	0.339501
8.88889	0.900763
9.44444	1.44071
10	0.15161
10.5556	0.629793
11.1111	0.804081
11.6667	0.865569
12.2222	0.845768
12.7778	0.356108
13.3333	1.8773
13.8889	1.84089
14.4444	0.604789
15	0.121602
15.5556	0.657813
16.1111	0.0847542
16.6667	1.49215
17.2222	0.928883
17.7778	1.06249
18.3333	2.31583
18.8889	0.108205
19.4444	1.49806
20	0.805717
20.5556	1.00298
21.1111	0.359814
21.6667	0.474596
22.2222	0.372845
22.7778	1.36777
23.3333	0.997642
23.8889	1.28681
24.4444	0.94943
25	0.532707
25.5556	0.0219095
26.1111	0.177076
26.6667	1.13246
27.2222	2.29775
27.7778	0.07557
28.3333	1.68113
28.8889	0.624216
29.4444	0.341821
30	0.884992
30.5556	0.364709
31.1111	1.8875
31.6667	0.802435
32.2222	0.884809
32.7778	2.19804
33.3333	0.360543
33.8889	0.934649
34.4444	0.710327
35	1.02942
35.5556	1.32251
36.1111	0.841577
36.6667	0.383821
37.2222	0.0559001
37.7778	0.717917
38.3333	1.14118
38.8889	0.628478
39.4444	0.696186
40	1.41128
40.5556	0.885572
41.1111	0.433273
41.6667	1.69391
42.2222	1.30229
42.7778	0.595394
43.3333	0.815877
43.8889	1.50178
44.4444	2.06991
45	1.6688
45.5556	1.49025
46.1111	1.04356
46.6667	0.915423
47.2222	1.89732
47.7778	0.166168
48.3333	0.0577813
48.8889	0.418825
49.4444	0.0405899
50	0.169009
50.5556	0.0573645
51.1111	1.77982
51.6667	0.387992
52.2222	0.536915
52.7778	0.190774
53.3333	0.6799
53.8889	2.04546
54.4444	0.2916
55	1.08641
55.5556	0.944898
56.1111	0.669688
56.6667	0.820173
57.2222	0.208146
57.7778	0.498844
58.3333	0.331577
58.8889	0.107502
59.4444	0.817235
60	1.22157
60.5556	0.554363
61.1111	0.0364011
61.6667	0.939543
62.2222	0.57535
62.7778	1.19916
63.3333	1.04311
63.8889	2.7454
64.4444	0.67273
65	0.439667
65.5556	0.482048
66.1111	1.22058
66.6667	1.54064
67.2222	0.217136
67.7778	0.242435
68.3333	1.05719
68.8889	0.290047
69.4444	2.11222
70	0.364264
70.5556	0.299021
71.1111	0.0259603
71.6667	0.458452
72.2222	0.346012
72.7778	1.04545
73.3333	0.842194
73.8889	0.191397
74.4444	0.607435
75	0.566977
75.5556	0.0426015
76.1111	2.49542
76.6667	0.0801531
77.2222	0.410762
77.7778	0.761884
78.3333	2.23822
78.8889	1.28839
79.4444	0.0252851
80	0.159357
80.5556	0.0675403
81.1111	0.954506
81.6667	0.74266
82.2222	0.135899
82.7778	0.0808791
83.3333	0.399439
83.8889	0.60435
84.4444	0.258631
85	0.676621
85.5556	0.181179
86.1111	0.681251
86.6667	1.55575
87.2222	1.0131
87.7778	0.585851
88.3333	0.532436
88.8889	0.977661
89.4444	0.697102
90	1.35128
90.5556	0.859807
91.1111	0.456576
91.6667	1.15076
92.2222	0.822125
92.7778	0.579172
93.3333	0.255068
93.8889	0.124659
94.4444	1.98308
95	0.174623
95.5556	0.419185
96.1111	0.517999
96.6667	0.345479
97.2222	0.0450927
97.7778	0.890525
98.3333	0.350661
98.8889	0.918059
99.4444	0.702778
100	0.154304
100.556	0.101222
101.111	1.37063
101.667	0.713428
102.222	0.527331
102.778	0.114528
103.333	0.000558584
103.889	0.6403
104.444	0.343164
105	0.333035
105.556	0.529829
106.111	0.340467
106.667	0.311433
107.222	0.112138
107.778	0.0467375
108.333	1.45477
108.889	0.136018
109.444	0.826581
110	0.525032
110.556	1.29214
111.111	0.167015
111.667	0.300973
112.222	0.380759
112.778	0.311364
113.333	0.749941
113.889	0.156603
114.444	0.109733
115	1.59827
115.556	0.515712
116.111	0.0321634
116.667	0.232063
117.222	0.129167
117.778	0.524992
118.333	1.14255
118.889	0.272272
119.444	0.302097
120	0.0758802
120.556	0.16514
121.111	0.247307
121.667	0.467365
122.222	0.413502
122.778	0.341572
123.333	0.0142285
123.889	1.17545
124.444	0.788438
125	0.0134331
125.556	0.31599
126.111	0.744194
126.667	0.877599
127.222	0.0784149
127.778	0.973677
128.333	0.361611
128.889	0.556066
129.444	0.108575
130	0.0757392
130.556	0.24605
131.111	0.315026
131.667	0.695029
132.222	0.393845
132.778	0.558046
133.333	0.415521
133.889	0.461327
134.444	0.420381
135	0.00638115
135.556	0.666578
136.111	0.636491
136.667	0.396282
137.222	0.282385
137.778	0.635796
138.333	1.06366
138.889	0.603871
139.444	0.300711
140	1.58202
140.556	1.42883
141.111	0.561319
141.667	1.89642
142.222	0.708141
142.778	2.31501
143.333	0.601354
143.889	1.45234
144.444	0.200484
145	1.66128
145.556	0.730498
146.111	0.0468509
146.667	0.211885
147.222	0.605043
147.778	0.106104
148.333	0.296363
148.889	0.86117
149.444	1.1108
150	0.300459
150.556	0.103363
151.111	0.200803
151.667	0.734682
152.222	0.47445
152.778	0.191035
153.333	0.112189
153.889	0.38884
154.444	0.757381
155	0.236513
155.556	0.0816997
156.111	0.161874
156.667	0.224758
157.222	0.0173288
157.778	0.214882
158.333	0.0672654
158.889	0.596638
159.444	0.296077
160	0.404254
160.556	0.515006
161.111	0.756441
161.667	0.226295
162.222	0.635422
162.778	0.172977
163.333	0.259593
163.889	0.0175258
164.444	0.112193
165	0.00120406
165.556	0.313418
166.111	0.212286
166.667	0.232141
167.222	0.167839
167.778	0.255321
168.333	0.495621
168.889	0.151715
169.444	0.147503
170	0.127969
170.556	0.272598
171.111	0.357659
171.667	0.292615
172.222	0.197369
172.778	0.290154
173.333	0.0325666
173.889	0.238565
174.444	0.295361
175	0.0780455
175.556	0.116105
176.111	0.276126
176.667	0.102923
177.222	0.205097
177.778	0.222525
178.333	0.237908
178.889	0.100112
179.444	0.159338
180	0.0649792
180.556	0.0124174
181.111	0.00345642
181.667	0.274286
182.222	0.0667769
182.778	0.153726
183.333	0.154974
183.889	0.273824
184.444	0.524929
185	0.266545
185.556	0.148335
186.111	0.0127147
186.667	0.0592764
187.222	0.109743
187.778	0.0579824
188.333	0.434859
188.889	0.0874273
189.444	0.179232
190	0.0972302
190.556	0.0489708
191.111	0.149058
191.667	0.118548
192.222	0.0772735
192.778	0.0163045
193.333	0.211445
193.889	0.0577987
194.444	0.0671912
195	0.0343115
195.556	0.106263
196.111	0.288185
196.667	0.12258
197.222	0.0086978
197.778	0.237601
198.333	0.155349
198.889	0.460877
199.444	0.0800626
200	0.0941209
200.556	0.0675112
201.111	0.0934953
201.667	0.0329623
202.222	0.0272902
202.778	0.16529
203.333	0.291174
203.889	0.371479
204.444	0.284615
205	0.0896278
205.556	0.187215
206.111	0.029095
206.667	0.108188
207.222	0.193077
207.778	0.0571867
208.333	0.0808036
208.889	0.0901271
209.444	0.0553241
210	0.156194
210.556	0.00167628
211.111	0.189552
211.667	0.103486
212.222	0.0409972
212.778	0.0882513
213.333	0.00407001
213.889	0.122722
214.444	0.382969
215	0.0484261
215.556	0.108344
216.111	0.00321556
216.667	0.038543
217.222	0.0612961
217.778	0.107576
218.333	0.137623
218.889	0.518899
219.444	0.0633647
220	0.0827349
220.556	0.0855373
221.111	0.0405594
221.667	0.000779951
222.222	0.00569532
222.778	0.117771
223.333	0.246271
223.889	0.100164
224.444	0.13754
225	0.0623191
225.556	0.0695181
226.111	0.000812839
226.667	0.126037
227.222	0.104746
227.778	0.0107041
228.333	0.0965869
228.889	0.024752
229.444	0.0236321
230	0.142577
230.556	0.0664529
231.111	0.0910057
231.667	0.0511195
232.222	0.0631088
232.778	0.0342232
233.333	0.00637134
233.889	0.117558
234.444	0.0795126
235	0.0821274
235.556	0.0222791
236.111	0.152866
236.667	0.216083
237.222	0.076081
237.778	0.183653
238.333	0.0770885
238.889	0.0955888
239.444	0.026561
240	0.0281546
240.556	0.141945
241.111	0.00824431
241.667	0.0527477
242.222	0.00553878
242.778	0.0935169
243.333	0.0302558
243.889	0.0280772
244.444	0.023963
245	0.110375
245.556	0.00495523
246.111	0.1222
246.667	0.0360397
247.222	0.0486333
247.778	0.0226949
248.333	0.0741143
248.889	0.0863626
249.444	0.0864751
250	0.0906235
250.556	0.0236353
251.111	0.0468469
251.667	0.0457565
252.222	0.039456
252.778	0.0438145
253.333	0.0248632
253.889	0.0222372
254.444	0.0283271
255	0.0372692
255.556	0.0875132
256.111	0.0627773
256.667	0.117751
257.222	0.0806688
257.778	0.058696
258.333	0.00945289
258.889	0.0581597
259.444	0.0127372
260	0.15445
260.556	0.0129812
261.111	0.0791145
261.667	0.116404
262.222	0.0401053
262.778	0.0104145
263.333	0.0286332
263.889	0.0371022
264.444	0.00470312
265	0.0216565
265.556	0.00731402
266.111	0.154346
266.667	0.00376991
267.222	0.081193
267.778	0.0739958
268.333	0.0393534
268.889	0.0244822
269.444	0.0516954
270	0.0364243
270.556	0.0933531
271.111	0.067675
271.667	0.0281625
272.222	0.0114825
272.778	0.125901
273.333	0.0794541
273.889	0.080497
274.444	0.00447968
275	0.029997
275.556	0.0278746
276.111	0.0624613
276.667	0.051738
277.222	0.00890289
277.778	0.0268542
278.333	0.026656
278.889	0.0604859
279.444	0.0322316
280	0.0256649
280.556	0.0479552
281.111	0.0125426
281.667	0.0237925
282.222	0.13791
282.778	0.046388
283.333	0.10751
283.889	0.00632779
284.444	0.0167669
285	0.0225569
285.556	0.0417413
286.111	0.0670515
286.667	0.039226
287.222	0.0413243
287.778	0.0183066
288.333	0.0214629
288.889	0.0177115
289.444	0.0460841
290	0.055075
290.556	0.0466883
291.111	0.0499377
291.667	0.0663508
292.222	0.0892397
292.778	0.0334175
293.333	0.0605751
293.889	0.0149382
294.444	0.0194539
295	0.0337958
295.556	0.0409151
296.111	0.00410613
296.667	0.00374397
297.222	0.0441667
297.778	0.0604768
298.333	0.0559687
298.889	0.0709847
299.444	0.0690623
300	0.0144579
300.556	0.0313111
301.111	0.00476776
301.667	0.0308477
302.222	0.0714958
302.778	0.0704389
303.333	0.00117599
303.889	0.0218232
304.444	0.0745318
305	0.0186133
305.556	0.0328888
306.111	0.0345926
306.667	0.0219111
307.222	0.061379
307.778	0.0934615
308.333	0.0115848
308.889	0.0375643
309.444	0.022002
310	0.00865448
310.556	0.0629121
311.111	0.00131174
311.667	0.0362295
312.222	0.0512693
312.778	0.0384104
313.333	0.0112241
313.889	0.0152754
314.444	0.0267854
315	0.0242943
315.556	0.012202
316.111	3.76966e-05
316.667	0.0117759
317.222	0.0475153
317.778	0.015805
318.333	0.0126605
318.889	0.00936134
319.444	0.0156782
320	0.014314
320.556	0.00663364
321.111	0.0580038
321.667	0.0678177
322.222	0.0133215
322.778	0.0129519
323.333	0.00267576
323.889	0.00123782
324.444	0.00331503
325	0.00233577
325.556	0.047828
326.111	0.0613393
326.667	0.0445158
327.222	0.00784359
327.778	0.0308379
328.333	0.0175741
328.889	0.010636
329.444	0.0492227
330	0.0255222
330.556	0.0250089
331.111	0.0239599
331.667	0.0166831
332.222	0.0387678
332.778	0.0070596
333.333	0.0097217
333.889	0.0470162
334.444	0.00982089
335	0.0367964
335.556	0.00760681
336.111	0.00898635
336.667	0.0260765
337.222	0.00130715
337.778	0.00679733
338.333	0.0254022
338.889	0.0233296
339.444	0.0227107
340	0.00243132
340.556	0.0173249
341.111	0.0325098
341.667	0.0324713
342.222	0.00695842
342.778	0.0243767
343.333	0.00172399
343.889	0.00296738
344.444	0.0271222
345	0.0142032
345.556	0.0122833
346.111	0.00962584
346.667	0.0752885
347.222	0.0460114
347.778	0.0291124
348.333	0.0141449
348.889	0.0100904
349.444	0.0268248
350	0.00800545
350.556	0.00535171
351.111	0.0246787
351.667	0.00252282
352.222	0.0548781
352.778	0.0119541
353.333	0.00182643
353.889	0.00993221
354.444	0.00853881
355	0.00871215
355.556	0.0061584
356.111	0.0168995
356.667	0.0217196
357.222	0.027491
357.778	0.0129453
358.333	0.0440493
358.889	0.0336654
359.444	0.0204384
360	0.0302383
360.556	0.0232858
361.111	0.0334397
361.667	0.0101987
362.222	0.00363584
362.778	0.0237168
363.333	0.0134688
363.889	0.0129431
364.444	0.015774
365	0.00980585
365.556	0.0182834
366.111	0.0128051
366.667	0.00977834
367.222	0.0124945
367.778	0.00472079
368.333	0.00871655
368.889	0.0147682
369.444	0.0378751
370	0.00608442
370.556	0.00853889
371.111	0.0093193
371.667	0.0114075
372.222	0.000464904
372.778	0.00284683
373.333	0.016594
373.889	0.0120202
374.444	0.0275116
375	0.00983159
375.556	0.0201344
376.111	0.0173202
376.667	0.0422362
377.222	0.0113482
377.778	0.00353239
378.333	0.00849572
378.889	0.0625289
379.444	0.0295656
380	0.0361612
380.556	0.0510605
381.111	0.0312454
381.667	0.0561733
382.222	0.00107017
382.778	0.0264986
383.333	0.0121753
383.889	0.0273297
384.444	0.00458661
385	0.000926908
385.556	0.0249366
386.111	0.0128829
386.667	0.00463137
387.222	0.0161089
387.778	0.000258132
388.333	0.0142445
388.889	7.94772e-05
389.444	0.020693
390	0.0185081
390.556	0.00491978
391.111	0.0372609
391.667	0.0453702
392.222	0.0258526
392.778	0.0083759
393.333	0.0232
393.889	0.013105
394.444	0.0106229
395	0.0110647
395.556	0.00163232
396.111	0.00923291
396.667	0.0127928
397.222	0.00911356
397.778	0.0169994
398.333	0.00966742
398.889	0.0120917
399.444	0.0232229
400	0.00479674
400.556	0.0186695
401.111	0.017227
401.667	0.00317394
402.222	0.00370156
402.778	0.0198221
403.333	0.0319481
403.889	0.0363873
404.444	0.021963
405	0.00212767
405.556	0.00907026
406.111	0.0224161
406.667	0.0278665
407.222	0.0374292
407.778	0.0121528
408.333	0.00428182
408.889	0.00392057
409.444	0.00888677
410	0.00976393
410.556	0.0101403
411.111	0.0194017
411.667	0.0184959
412.222	0.0076016
412.778	0.0129038
413.333	0.0213332
413.889	0.00588325
414.444	0.0352509
415	0.0497637
415.556	0.0198427
416.111	0.028895
416.667	0.00214144
417.222	0.00568255
417.778	0.0193235
418.333	0.0129137
418.889	0.0224756
419.444	0.0073627
420	0.0212827
420.556	0.0158547
421.111	0.00165764
421.667	0.0189666
422.222	0.030647
422.778	0.0101881
423.333	0.00286703
423.889	0.00801949
424.444	0.0337606
425	0.0104671
425.556	0.00315298
426.111	0.0020787
426.667	0.00673724
427.222	0.0167443
427.778	0.0309852
428.333	0.00695526
428.889	0.0154802
429.444	0.0375385
430	0.0039783
430.556	0.0161294
431.111	0.0209159
431.667	0.0204494
432.222	0.0168745
432.778	0.00712779
433.333	0.0394249
433.889	0.0105993
434.444	0.00978176
435	0.0180811
435.556	0.0357377
436.111	0.0179152
436.667	0.0258753
437.222	0.0116202
437.778	0.0184543
438.333	0.010072
438.889	0.000792896
439.444	0.0174086
440	0.00286127
440.556	0.0275979
441.111	0.00108039
441.667	0.0216266
442.222	0.019614
442.778	0.01075
443.333	0.00554738
443.889	0.00249476
444.444	0.00152509
445	0.00557638
445.556	0.0223909
446.111	0.00336051
446.667	0.0196257
447.222	0.021786
447.778	0.0103785
448.333	0.00744001
448.889	0.00110503
449.444	0.0155503
450	0.00529432
450.556	0.00379582
451.111	0.00135881
451.667	0.0123227
452.222	0.00562655
452.778	0.00684871
453.333	0.0227635
453.889	0.0148957
454.444	0.00686097
455	0.00184134
455.556	0.00961745
456.111	0.0242256
456.667	0.020262
457.222	0.00318
457.778	0.00495696
458.333	0.00557751
458.889	0.0136958
459.444	0.0072676
460	0.0196389
460.556	0.00951043
461.111	0.00835731
461.667	0.00524265
462.222	0.00709882
462.778	0.0159062
463.333	0.0253958
463.889	0.0131669
464.444	0.00963309
465	0.00251601
465.556	0.00961552
466.111	0.00310054
466.667	0.00481794
467.222	0.0156342
467.778	0.0183871
468.333	0.0125934
468.889	0.00160163
469.444	0.000256751
470	0.00247734
470.556	0.0104962
471.111	0.00803637
471.667	0.00309369
472.222	0.00211296
472.778	0.00926493
473.333	0.00358125
473.889	0.017624
474.444	0.0138725
475	0.00063737
475.556	0.00638232
476.111	0.0214727
476.667	0.00202995
477.222	0.00372514
477.778	0.0154908
478.333	0.00996998
478.889	0.00869736
479.444	0.009229
480	0.0226477
480.556	0.0143514
481.111	0.00550664
481.667	0.00698816
482.222	0.0108955
482.778	0.00443029
483.333	0.00954529
483.889	0.00951973
484.444	0.00156835
485	0.00152111
485.556	0.0199492
486.111	0.0235286
486.667	0.0206254
487.222	0.0128017
487.778	0.0101589
488.333	0.00694979
488.889	0.00157924
489.444	0.0115631
490	0.00348442
490.556	0.00297958
491.111	0.00585775
491.667	0.00303447
492.222	0.0167715
492.778	0.00636684
493.333	0.0166617
493.889	0.012105
494.444	0.00328957
495	0.00615366
495.556	0.0106343
496.111	0.00942855
496.667	0.0058906
497.222	0.00964825
497.778	0.00613893
498.333	0.00975687
498.889	0.0076138
499.444	0.0129933
500	0.00905623
500.556	0.0268018
501.111	0.00931562
501.667	0.00512227
502.222	0.00402908
502.778	0.0110763
503.333	0.0101006
503.889	0.0152037
504.444	0.0127398
505	0.0032097
505.556	0.00282889
506.111	0.0111275
506.667	0.00754882
507.222	0.00214025
507.778	0.00288878
508.333	0.0012645
508.889	0.0123184
509.444	0.0272341
510	0.00236969
510.556	0.00562963
511.111	0.0128899
511.667	0.0140629
512.222	0.00335705
512.778	0.00748317
513.333	0.017708
513.889	0.00371339
514.444	0.00701404
515	0.00687362
515.556	0.00190911
516.111	0.00355278
516.667	0.021936
517.222	0.0128226
517.778	0.00636124
518.333	0.0146048
518.889	0.000613421
519.444	0.0011242
520	0.00469655
520.556	0.0346602
521.111	0.00133132
521.667	0.000220901
522.222	0.0162911
522.778	0.00554828
523.333	0.0110112
523.889	0.00801122
524.444	0.0295243
525	0.0177418
525.556	0.00432165
526.111	0.00594385
526.667	0.00323216
527.222	0.00113534
527.778	0.0126694
528.333	0.0165104
528.889	0.000350216
529.444	0.00268195
530	0.00290655
530.556	0.0170649
531.111	0.01346
531.667	0.0281137
532.222	0.0036283
532.778	0.0074818
533.333	0.0105159
533.889	0.000538362
534.444	0.0047582
535	0.00595166
535.556	0.00876812
536.111	0.00559196
536.667	0.000761205
537.222	0.00130325
537.778	0.00738212
538.333	0.0201245
538.889	0.00223603
539.444	0.00268007
540	0.00204288
540.556	0.0180762
541.111	0.0056247
541.667	0.00106335
542.222	0.0223368
542.778	0.00305856
543.333	0.00519897
543.889	0.00806665
544.444	0.00442699
545	0.00297348
545.556	0.0199519
546.111	0.00894423
546.667	0.00943899
547.222	0.00550746
547.778	0.0194649
548.333	0.00843873
548.889	0.00363071
549.444	0.0192954
550	0.010111
550.556	0.0126056
551.111	0.00054535
551.667	0.0133493
552.222	0.0077453
552.778	0.00486514
553.333	0.020367
553.889	0.0069459
554.444	0.00223821
555	0.00146156
555.556	0.00673257
556.111	0.000641258
556.667	0.00552341
557.222	0.00812824
557.778	0.0218417
558.333	0.00844256
558.889	0.00214718
559.444	0.001617
560	0.000315659
560.556	0.0069427
561.111	0.00451059
561.667	0.0102164
562.222	0.0119594
562.778	0.0058439
563.333	0.00824316
563.889	0.00157515
564.444	0.00444833
565	0.01326
565.556	0.00154556
566.111	0.00652539
566.667	0.00294825
567.222	0.00975001
567.778	0.00752501
568.333	0.00377252
568.889	0.0160575
569.444	0.0134987
570	0.0133931
570.556	0.01035
571.111	0.0029942
571.667	0.00433135
572.222	0.0025972
572.778	0.00118294
573.333	0.0247595
573.889	0.00387736
574.444	0.00215874
575	0.0144492
575.556	0.00870697
576.111	0.0078914
576.667	0.00617565
577.222	0.0177814
577.778	0.0143181
578.333	0.00302502
578.889	0.00632459
579.444	0.00681625
580	0.00337877
580.556	0.0171579
581.111	0.00237339
581.667	0.00754689
582.222	0.00735901
582.778	0.00640903
583.333	0.00604412
583.889	0.00561265
584.444	0.0254097
585	0.0131767
585.556	0.0030017
586.111	0.0035317
586.667	0.00695477
587.222	0.00252111
587.778	0.00391636
588.333	0.0110174
588.889	0.0118647
589.444	6.76298e-05
590	0.000386522
590.556	0.00598486
591.111	0.0159521
591.667	0.00876361
592.222	0.00253121
592.778	0.00653522
593.333	0.00595853
593.889	0.00222579
594.444	0.00252303
595	0.0150203
595.556	0.0121854
596.111	0.00159796
596.667	0.00278848
597.222	0.00579194
597.778	0.003106
598.333	0.00836803
598.889	0.00642124
599.444	0.00905605
600	0.00168457
600.556	0.000402651
601.111	0.00197738
601.667	0.00332335
602.222	0.0189154
602.778	0.00353647
603.333	0.00655566
603.889	0.00126349
604.444	0.00981276
605	0.0030443
605.556	0.00236925
606.111	0.0160798
606.667	0.0153197
607.222	0.00615474
607.778	0.00137695
608.333	0.000430099
608.889	0.00691921
609.444	0.0177968
610	0.00169098
610.556	0.0149899
611.111	0.00499075
611.667	0.0022772
612.222	0.00435932
612.778	0.00015568
613.333	0.0157385
613.889	0.00240276
614.444	0.0112695
615	0.00857305
615.556	0.00586308
616.111	0.00437376
616.667	0.00336065
617.222	0.00819246
617.778	0.0125265
618.333	0.00420257
618.889	0.00201849
619.444	0.000490858
620	0.00477311
620.556	0.00645378
621.111	0.00686815
621.667	0.0153591
622.222	0.016055
622.778	0.00218499
623.333	0.00115951
623.889	0.00277282
624.444	0.0054254
625	0.00293161
625.556	0.000573165
626.111	0.0098507
626.667	0.00372212
627.222	0.00787327
627.778	0.00345935
628.333	0.016146
628.889	0.0117901
629.444	0.0153227
630	0.000498276
630.556	0.0113489
631.111	0.00934208
631.667	0.000635268
632.222	0.0106176
632.778	0.00167689
633.333	0.0139898
633.889	0.00280303
634.444	0.0134983
635	0.00375606
635.556	0.00951018
636.111	0.00702835
636.667	0.00406201
637.222	0.0137738
637.778	0.0118234
638.333	0.0066988
638.889	0.00694846
639.444	0.0137733
640	0.00225437
640.556	0.00523658
641.111	0.00957709
641.667	0.0148249
642.222	0.000193811
642.778	0.000389977
643.333	0.00871239
643.889	0.00258556
644.444	0.00811718
645	0.00142767
645.556	0.0108293
646.111	0.00336802
646.667	0.00720542
647.222	0.00260241
647.778	0.00620165
648.333	0.0126617
648.889	0.00476132
649.444	0.00164853
650	0.00383391
650.556	0.00461767
651.111	0.0101273
651.667	0.00136689
652.222	0.011432
652.778	0.00450533
653.333	0.0028546
653.889	0.00104388
654.444	0.00669167
655	0.0150495
655.556	0.0148897
656.111	0.00655138
656.667	0.00632822
657.222	0.00227571
657.778	0.00210322
658.333	0.00309534
658.889	0.0108733
659.444	0.0224244
660	0.00330612
660.556	0.00578642
661.111	0.00119684
661.667	0.00715714
662.222	0.0125284
662.778	0.00383667
663.333	0.0155686
663.889	0.00229203
664.444	0.00204331
665	0.00696753
665.556	0.00239455
666.111	0.0178817
666.667	0.0157997
667.222	0.00927582
667.778	0.000851074
668.333	0.00724094
668.889	0.0107316
669.444	0.00230161
670	0.00229874
670.556	0.0181346
671.111	0.000823815
671.667	0.000755792
672.222	0.00151608
672.778	0.00148698
673.333	0.00894179
673.889	0.0020028
674.444	0.00970572
675	0.0095722
675.556	0.00296358
676.111	0.00210625
676.667	0.00443962
677.222	0.00837291
677.778	0.000881102
678.333	0.0015178
678.889	0.00957124
679.444	0.00471092
680	0.0078757
680.556	0.000376955
681.111	0.0078319
681.667	0.00195752
682.222	0.00960944
682.778	0.00378601
683.333	0.0103494
683.889	0.012973
684.444	0.0060115
685	0.00977869
685.556	0.00132882
686.111	0.0147533
686.667	0.0131479
687.222	0.00905765
687.778	0.00673512
688.333	0.0119981
688.889	0.0052297
689.444	0.00291862
690	0.00565721
690.556	0.0136652
691.111	0.0110131
691.667	0.000352836
692.222	0.0141479
692.778	0.00239297
693.333	0.0088204
693.889	0.00729713
694.444	0.0142768
695	0.0021764
695.556	0.002372
696.111	0.0117634
696.667	0.010922
697.222	0.00540983
697.778	0.00843085
698.333	0.00908926
698.889	0.00337881
699.444	0.00739722
700	0.00180403
700.556	0.00605131
701.111	0.00711506
701.667	0.00882573
702.222	0.00148538
702.778	0.00402319
703.333	0.00858041
703.889	0.0139129
704.444	0.00420716
705	0.00579784
705.556	0.00618771
706.111	0.00370753
706.667	0.00362833
707.222	0.00399081
707.778	0.00908945
708.333	0.0080981
708.889	0.00283524
709.444	0.00333888
710	0.00267025
710.556	0.00208586
711.111	0.0129628
711.667	0.00222086
712.222	0.0161234
712.778	0.00186314
713.333	0.00480686
713.889	0.00622169
714.444	0.00569315
715	0.00832191
715.556	0.00565159
716.111	0.0139321
716.667	0.00245311
717.222	0.00203734
717.778	0.00705809
718.333	0.00426342
718.889	0.00822744
719.444	0.0192017
720	0.00274109
720.556	0.00160938
721.111	0.00728369
721.667	0.00401234
722.222	0.00110749
722.778	0.00186835
723.333	0.0195099
723.889	0.00669791
724.444	0.00220198
725	0.0040433
725.556	0.00160123
726.111	0.00394216
726.667	0.00763903
727.222	0.00721754
727.778	0.00677949
728.333	0.00372566
728.889	0.00385417
729.444	0.00254785
730	0.00989214
730.556	0.0116787
731.111	0.00462428
731.667	0.00498673
732.222	0.00274886
732.778	0.000633766
733.333	0.00309017
733.889	0.00723492
734.444	0.00595353
735	0.00923283
735.556	0.00067615
736.111	0.00478272
736.667	0.00520245
737.222	0.0102386
737.778	0.00422266
738.333	0.0015636
738.889	0.00736911
739.444	0.00986171
740	0.00212692
740.556	0.00129872
741.111	0.0157769
741.667	0.00140855
742.222	0.000214417
742.778	0.00205907
743.333	0.0160737
743.889	3.53994e-05
744.444	0.005069
745	0.0150324
745.556	0.0046899
746.111	0.00490393
746.667	0.0120091
747.222	0.00390689
747.778	0.001612
748.333	0.0122786
748.889	0.00904136
749.444	0.0100721
750	0.00850034
750.556	0.0149271
751.111	3.03809e-05
751.667	0.00329025
752.222	0.0125769
752.778	0.000633455
753.333	0.00218676
753.889	0.00308799
754.444	0.00677862
755	0.00219508
755.556	0.00561118
756.111	0.00787164
756.667	0.0105419
757.222	0.00461757
757.778	0.00490425
758.333	0.00284674
758.889	0.000914845
759.444	0.00364794
760	0.00322726
760.556	0.00859184
761.111	0.00989651
761.667	0.00145897
762.222	0.000405198
762.778	0.00091118
763.333	0.00280863
763.889	0.00582088
764.444	0.0045294
765	0.0091897
765.556	0.00325927
766.111	0.00137112
766.667	0.00841972
767.222	0.00451754
767.778	0.0100258
768.333	0.0155192
768.889	0.00745006
769.444	0.00372357
770	0.00375202
770.556	0.00571002
771.111	0.0012241
771.667	0.000758412
772.222	0.0182043
772.778	0.000386615
773.333	0.00173866
773.889	0.0111335
774.444	0.00241266
775	0.00421634
775.556	0.00879743
776.111	0.0173775
776.667	0.00828286
777.222	0.00289881
777.778	0.0106863
778.333	0.00259086
778.889	0.00164811
779.444	0.0100549
780	0.00762706
780.556	0.00910078
781.111	0.00450115
781.667	0.00339029
782.222	0.00240086
782.778	0.000176757
783.333	0.0143289
783.889	0.00680913
784.444	0.0015331
785	0.00319178
785.556	0.00350967
786.111	7.94505e-05
786.667	0.00269697
787.222	0.0103175
787.778	0.00844323
788.333	0.00245911
788.889	0.000208665
789.444	0.00177496
790	0.0061016
790.556	0.00415197
791.111	0.000312091
791.667	0.0021209
792.222	0.00573393
792.778	0.00222133
793.333	0.00258437
793.889	0.0155916
794.444	0.00946359
795	0.00408564
795.556	0.00591285
796.111	0.00694568
796.667	0.000556043
797.222	0.00512458
797.778	0.0112712
798.333	0.00692094
798.889	0.000196617
799.444	0.0121987
800	0.00482935
800.556	0.00111746
801.111	0.0175381
801.667	0.000146492
802.222	0.00476595
802.778	0.00310683
803.333	0.0123982
803.889	0.00537826
804.444	0.00129499
805	0.0164885
805.556	0.00674824
806.111	0.00406982
806.667	0.00518619
807.222	0.00761605
807.778	0.00537748
808.333	0.00723439
808.889	0.00674878
809.444	0.0099392
810	0.000111555
810.556	0.00822048
811.111	0.0015632
811.667	0.000300964
812.222	0.0095333
812.778	0.000755497
813.333	0.00715914
813.889	0.00586513
814.444	0.00735079
815	0.00321769
815.556	0.000676958
816.111	0.00530786
816.667	0.00562539
817.222	0.00232066
817.778	0.00283785
818.333	0.00165602
818.889	0.00265422
819.444	0.00181336
820	0.00137493
820.556	0.00850874
821.111	0.012563
821.667	0.00147768
822.222	0.00131435
822.778	0.00613513
823.333	0.0030763
823.889	0.00356004
824.444	0.00202623
825	0.0147064
825.556	0.00512397
826.111	0.00382189
826.667	0.00949141
827.222	0.00257736
827.778	0.00175296
828.333	0.0122641
828.889	0.00653415
829.444	0.00725358
830	0.00554707
830.556	0.0106539
831.111	0.00847368
831.667	0.00295691
832.222	0.0165493
832.778	0.00261071
833.333	0.00969105
833.889	0.00811533
834.444	0.00172259
835	0.00472468
835.556	0.00375654
836.111	0.0105959
836.667	0.00901889
837.222	0.00548028
837.778	0.00822503
838.333	0.00823008
838.889	0.000801805
839.444	0.00576497
840	0.00356003
840.556	0.0111638
841.111	0.00035054
841.667	0.00425733
842.222	0.00786205
842.778	0.00432435
843.333	0.00357349
843.889	0.00237571
844.444	0.00529299
845	0.000748156
845.556	0.0016065
846.111	0.000621147
846.667	0.00742722
847.222	0.00812256
847.778	0.00625849
848.333	0.00753635
848.889	0.00150126
849.444	0.00282079
850	0.00775233
850.556	0.00582922
851.111	0.00896714
851.667	0.00237843
852.222	0.0111098
852.778	0.00277936
853.333	0.00112574
853.889	0.0125045
854.444	0.00366205
855	0.00312356
855.556	0.00586413
856.111	0.00396981
856.667	0.00407906
857.222	0.00564212
857.778	0.0128873
858.333	0.0120256
858.889	0.00164883
859.444	0.00930322
860	0.000480704
860.556	0.00850625
861.111	0.0092084
861.667	0.00367751
862.222	0.0126655
862.778	0.00314242
863.333	0.00553798
863.889	0.00583609
864.444	0.005437
865	0.0114498
865.556	0.00725098
866.111	0.00579326
866.667	0.000958154
867.222	0.00263168
867.778	0.00992732
868.333	0.000416947
868.889	0.00882361
869.444	0.0110227
870	0.0018408
870.556	0.000121645
871.111	0.000715916
871.667	0.00212672
872.222	0.00155573
872.778	0.000983733
873.333	0.00629534
873.889	0.0080001
874.444	0.00427502
875	0.00406252
875.556	0.00748724
876.111	0.00540008
876.667	0.0014774
877.222	0.00177377
877.778	0.00885195
878.333	0.00682677
878.889	0.000381482
879.444	0.00723062
880	0.0071411
880.556	0.000570595
881.111	0.00952028
881.667	0.00110831
882.222	0.0062851
882.778	0.00890018
883.333	0.00212153
883.889	0.00867664
884.444	0.00171376
885	0.0136581
885.556	0.00922704
886.111	0.00599319
886.667	0.00883386
887.222	0.00344898
887.778	0.00935724
888.333	0.00330361
888.889	0.00869719
889.444	0.0125393
890	0.00523999
890.556	0.00521838
891.111	0.010062
891.667	0.00304183
892.222	0.00809423
892.778	0.00312481
893.333	0.00867681
893.889	0.00361527
894.444	0.00104283
895	0.0119326
895.556	0.00366951
896.111	0.00873554
896.667	0.00820995
897.222	0.00383315
897.778	0.00153399
898.333	0.00407627
898.889	0.00293455
899.444	0.00210406
900	0.0045803
900.556	0.00578324
901.111	0.003798
901.667	0.00374723
902.222	0.00689638
902.778	0.00792513
903.333	0.00281228
903.889	0.00358059
904.444	0.000719396
905	0.00661318
905.556	0.00566493
906.111	0.000636103
906.667	0.00992934
907.222	0.00630386
907.778	0.00410252
908.333	0.00518781
908.889	0.00114415
909.444	0.00442623
910	0.00592245
910.556	0.00465204
911.111	0.013533
911.667	0.00102014
912.222	0.0106549
912.778	0.00844492
913.333	0.00219971
913.889	0.00822118
914.444	0.00234693
915	0.0139495
915.556	0.00147919
916.111	0.00411499
916.667	0.0104422
917.222	0.00381382
917.778	0.00747061
918.333	0.0110901
918.889	0.00607481
919.444	0.00442093
920	0.00406542
920.556	0.0070324
921.111	0.0019955
921.667	0.00328375
922.222	0.014556
922.778	0.00186454
923.333	0.00412833
923.889	0.00715044
924.444	0.00175359
925	0.000960846
925.556	0.00178314
926.111	0.00763518
926.667	0.00408757
927.222	0.00154403
927.778	0.00439364
928.333	0.00410489
928.889	0.00496869
929.444	0.00615508
930	0.00367394
930.556	0.00111139
931.111	0.00290607
931.667	0.00130911
932.222	0.00661879
932.778	0.00774759
933.333	0.00463776
933.889	0.00740275
934.444	0.00396665
935	0.00426724
935.556	0.00610423
936.111	0.000507644
936.667	0.00620027
937.222	0.00143843
937.778	0.00548205
938.333	0.0106245
938.889	0.00305319
939.444	0.00885959
940	0.0103795
940.556	0.00420289
941.111	0.00446123
941.667	7.14035e-05
942.222	0.013541
942.778	0.00260514
943.333	0.00364133
943.889	0.0130927
944.444	0.00230031
945	0.00445303
945.556	0.008892
946.111	0.00768301
946.667	0.00422189
947.222	0.00480134
947.778	0.0100035
948.333	0.00158152
948.889	0.00354206
949.444	0.0147963
950	0.000509735
950.556	0.00272862
951.111	0.00901285
951.667	0.0049877
952.222	0.00338455
952.778	7.58695e-05
953.333	0.00904276
953.889	0.00291949
954.444	0.00162212
955	0.00809174
955.556	0.00559628
956.111	0.00331702
956.667	0.00409892
957.222	0.000122939
957.778	0.00107694
958.333	0.0029267
958.889	0.00356169
959.444	0.00947838
960	0.00893655
960.556	0.00381895
961.111	0.00539298
961.667	0.00385061
962.222	0.00319557
962.778	0.00413397
963.333	0.00192415
963.889	0.00858534
964.444	0.00109369
965	0.00380123
965.556	0.0102086
966.111	0.000761321
966.667	0.00793804
967.222	0.0079751
967.778	0.00716033
968.333	0.00166624
968.889	0.00107109
969.444	0.0136207
970	0.000173148
970.556	0.00408948
971.111	0.0138856
971.667	0.00396063
972.222	0.00165714
972.778	0.00941848
973.333	0.00786275
973.889	0.00259274
974.444	0.00359223
975	0.0126129
975.556	0.00141606
976.111	0.00174138
976.667	0.0142675
977.222	0.00147241
977.778	0.00334914
978.333	0.00772595
978.889	0.00631106
979.444	0.00424036
980	0.00115792
980.556	0.00884114
981.111	0.00363803
981.667	0.00268837
982.222	0.00876104
982.778	0.00364284
983.333	0.00057764
983.889	0.00562949
984.444	0.000398718
985	0.00286235
985.556	0.00376955
986.111	0.00530258
986.667	0.00812341
987.222	0.00556373
987.778	0.00313294
988.333	0.00471493
988.889	0.00246241
989.444	0.00503914
990	0.000558777
990.556	0.00274434
991.111	0.0071328
991.667	0.000135284
992.222	0.00463246
992.778	0.0113373
993.333	0.0012427
993.889	0.0053992
994.444	0.00678353
995	0.00773364
995.556	0.000798026
996.111	0.000294175
996.667	0.0152369
997.222	0.00168554
997.778	0.00287232
998.333	0.0120042
998.889	0.00366557
999.444	0.000886056
1000	0.00867314
1000.56	0.00867314
1001.11	0.000886056
1001.67	0.00366557
1002.22	0.0120042
1002.78	0.00287232
1003.33	0.00168554
1003.89	0.0152369
1004.44	0.000294175
1005	0.000798026
1005.56	0.00773364
1006.11	0.00678353
1006.67	0.0053992
1007.22	0.0012427
1007.78	0.0113373
1008.33	0.00463246
1008.89	0.000135284
1009.44	0.0071328
1010	0.00274434
1010.56	0.000558777
1011.11	0.00503914
1011.67	0.00246241
1012.22	0.00471493
1012.78	0.00313294
1013.33	0.00556373
1013.89	0.00812341
1014.44	0.00530258
1015	0.00376955
1015.56	0.00286235
1016.11	0.000398718
1016.67	0.00562949
1017.22	0.00057764
1017.78	0.00364284
1018.33	0.00876104
1018.89	0.00268837
1019.44	0.00363803
1020	0.00884114
1020.56	0.00115792
1021.11	0.00424036
1021.67	0.00631106
1022.22	0.00772595
1022.78	0.00334914
1023.33	0.00147241
1023.89	0.0142675
1024.44	0.00174138
1025	0.00141606
1025.56	0.0126129
1026.11	0.00359223
1026.67	0.00259274
1027.22	0.00786275
1027.78	0.00941848
1028.33	0.00165714
1028.89	0.00396063
1029.44	0.0138856
1030	0.00408948
1030.56	0.000173148
1031.11	0.0136207
1031.67	0.00107109
1032.22	0.00166624
1032.78	0.00716033
1033.33	0.0079751
1033.89	0.00793804
1034.44	0.000761321
1035	0.0102086
1035.56	0.00380123
1036.11	0.00109369
1036.67	0.00858534
1037.22	0.00192415
1037.78	0.00413397
1038.33	0.00319557
1038.89	0.00385061
1039.44	0.00539298
1040	0.00381895
1040.56	0.00893655
1041.11	0.00947838
1041.67	0.00356169
1042.22	0.0029267
1042.78	0.00107694
1043.33	0.000122939
1043.89	0.00409892
1044.44	0.00331702
1045	0.00559628
1045.56	0.00809174
1046.11	0.00162212
1046.67	0.00291949
1047.22	0.00904276
1047.78	7.58695e-05
1048.33	0.00338455
1048.89	0.0049877
1049.44	0.00901285
1050	0.00272862
1050.56	0.000509735
1051.11	0.0147963
1051.67	0.00354206
1052.22	0.00158152
1052.78	0.0100035
1053.33	0.00480134
1053.89	0.00422189
1054.44	0.00768301
1055	0.008892
1055.56	0.00445303
1056.11	0.00230031
1056.67	0.0130927
1057.22	0.00364133
1057.78	0.00260514
1058.33	0.013541
1058.89	7.14035e-05
1059.44	0.00446123
1060	0.00420289
1060.56	0.0103795
1061.11	0.00885959
1061.67	0.00305319
1062.22	0.0106245
1062.78	0.00548205
1063.33	0.00143843
1063.89	0.00620027
1064.44	0.000507644
1065	0.00610423
1065.56	0.00426724
1066.11	0.00396665
1066.67	0.00740275
1067.22	0.00463776
1067.78	0.00774759
1068.33	0.00661879
1068.89	0.00130911
1069.44	0.00290607
1070	0.00111139
1070.56	0.00367394
1071.11	0.00615508
1071.67	0.00496869
1072.22	0.00410489
1072.78	0.00439364
1073.33	0.00154403
1073.89	0.00408757
1074.44	0.00763518
1075	0.00178314
1075.56	0.000960846
1076.11	0.00175359
1076.67	0.00715044
1077.22	0.00412833
1077.78	0.00186454
1078.33	0.014556
1078.89	0.00328375
1079.44	0.0019955
1080	0.0070324
1080.56	0.00406542
1081.11	0.00442093
1081.67	0.00607481
1082.22	0.0110901
1082.78	0.00747061
1083.33	0.00381382
1083.89	0.0104422
1084.44	0.00411499
1085	0.00147919
1085.56	0.0139495
1086.11	0.00234693
1086.67	0.00822118
1087.22	0.00219971
1087.78	0.00844492
1088.33	0.0106549
1088.89	0.00102014
1089.44	0.013533
1090	0.00465204
1090.56	0.00592245
1091.11	0.00442623
1091.67	0.00114415
1092.22	0.00518781
1092.78	0.00410252
1093.33	0.00630386
1093.89	0.00992934
1094.44	0.000636103
1095	0.00566493
1095.56	0.00661318
1096.11	0.000719396
1096.67	0.00358059
1097.22	0.00281228
1097.78	0.00792513
1098.33	0.00689638
1098.89	0.00374723
1099.44	0.003798
1100	0.00578324
1100.56	0.0045803
1101.11	0.00210406
1101.67	0.00293455
1102.22	0.00407627
1102.78	0.00153399
1103.33	0.00383315
1103.89	0.00820995
1104.44	0.00873554
1105	0.00366951
1105.56	0.0119326
1106.11	0.00104283
1106.67	0.00361527
1107.22	0.00867681
1107.78	0.00312481
1108.33	0.00809423
1108.89	0.00304183
1109.44	0.010062
1110	0.00521838
1110.56	0.00523999
1111.11	0.0125393
1111.67	0.00869719
1112.22	0.00330361
1112.78	0.00935724
1113.33	0.00344898
1113.89	0.00883386
1114.44	0.00599319
1115	0.00922704
1115.56	0.0136581
1116.11	0.00171376
1116.67	0.00867664
1117.22	0.00212153
1117.78	0.00890018
1118.33	0.0062851
1118.89	0.00110831
1119.44	0.00952028
1120	0.000570595
1120.56	0.0071411
1121.11	0.00723062
1121.67	0.000381482
1122.22	0.00682677
1122.78	0.00885195
1123.33	0.00177377
1123.89	0.0014774
1124.44	0.00540008
1125	0.00748724
1125.56	0.00406252
1126.11	0.00427502
1126.67	0.0080001
1127.22	0.00629534
1127.78	0.000983733
1128.33	0.00155573
1128.89	0.00212672
1129.44	0.000715916
1130	0.000121645
1130.56	0.0018408
1131.11	0.0110227
1131.67	0.00882361
1132.22	0.000416947
1132.78	0.00992732
1133.33	0.00263168
1133.89	0.000958154
1134.44	0.00579326
1135	0.00725098
1135.56	0.0114498
1136.11	0.005437
1136.67	0.00583609
1137.22	0.00553798
1137.78	0.00314242
1138.33	0.0126655
1138.89	0.00367751
1139.44	0.0092084
1140	0.00850625
1140.56	0.000480704
1141.11	0.00930322
1141.67	0.00164883
1142.22	0.0120256
1142.78	0.0128873
1143.33	0.00564212
1143.89	0.00407906
1144.44	0.00396981
1145	0.00586413
1145.56	0.00312356
1146.11	0.00366205
1146.67	0.0125045
1147.22	0.00112574
1147.78	0.00277936
1148.33	0.0111098
1148.89	0.00237843
1149.44	0.00896714
1150	0.00582922
1150.56	0.00775233
1151.11	0.00282079
1151.67	0.00150126
1152.22	0.00753635
1152.78	0.00625849
1153.33	0.00812256
1153.89	0.00742722
1154.44	0.000621147
1155	0.0016065
1155.56	0.000748156
1156.11	0.00529299
1156.67	0.00237571
1157.22	0.00357349
1157.78	0.00432435
1158.33	0.00786205
1158.89	0.00425733
1159.44	0.00035054
1160	0.0111638
1160.56	0.00356003
1161.11	0.00576497
1161.67	0.000801805
1162.22	0.00823008
1162.78	0.00822503
1163.33	0.00548028
1163.89	0.00901889
1164.44	0.0105959
1165	0.00375654
1165.56	0.00472468
1166.11	0.00172259
1166.67	0.00811533
1167.22	0.00969105
1167.78	0.00261071
1168.33	0.0165493
1168.89	0.00295691
1169.44	0.00847368
1170	0.0106539
1170.56	0.00554707
1171.11	0.00725358
1171.67	0.00653415
1172.22	0.0122641
1172.78	0.00175296
1173.33	0.00257736
1173.89	0.00949141
1174.44	0.00382189
1175	0.00512397
1175.56	0.0147064
1176.11	0.00202623
1176.67	0.00356004
1177.22	0.0030763
1177.78	0.00613513
1178.33	0.00131435
1178.89	0.00147768
1179.44	0.012563
1180	0.00850874
1180.56	0.00137493
1181.11	0.00181336
1181.67	0.00265422
1182.22	0.00165602
1182.78	0.00283785
1183.33	0.00232066
1183.89	0.00562539
1184.44	0.00530786
1185	0.000676958
1185.56	0.00321769
1186.11	0.00735079
1186.67	0.00586513
1187.22	0.00715914
1187.78	0.000755497
1188.33	0.0095333
1188.89	0.000300964
1189.44	0.0015632
1190	0.00822048
1190.56	0.000111555
1191.11	0.0099392
1191.67	0.00674878
1192.22	0.00723439
1192.78	0.00537748
1193.33	0.00761605
1193.89	0.00518619
1194.44	0.00406982
1195	0.00674824
1195.56	0.0164885
1196.11	0.00129499
1196.67	0.00537826
1197.22	0.0123982
1197.78	0.00310683
1198.33	0.00476595
1198.89	0.000146492
1199.44	0.0175381
1200	0.00111746
1200.56	0.00482935
1201.11	0.0121987
1201.67	0.000196617
1202.22	0.00692094
1202.78	0.0112712
1203.33	0.00512458
1203.89	0.000556043
1204.44	0.00694568
1205	0.00591285
1205.56	0.00408564
1206.11	0.00946359
1206.67	0.0155916
1207.22	0.00258437
1207.78	0.00222133
1208.33	0.00573393
1208.89	0.0021209
1209.44	0.000312091
1210	0.00415197
1210.56	0.0061016
1211.11	0.00177496
1211.67	0.000208665
1212.22	0.00245911
1212.78	0.00844323
1213.33	0.0103175
1213.89	0.00269697
1214.44	7.94505e-05
1215	0.00350967
1215.56	0.00319178
1216.11	0.0015331
1216.67	0.00680913
1217.22	0.0143289
1217.78	0.000176757
1218.33	0.00240086
1218.89	0.00339029
1219.44	0.00450115
1220	0.00910078
1220.56	0.00762706
1221.11	0.0100549
1221.67	0.00164811
1222.22	0.00259086
1222.78	0.0106863
1223.33	0.00289881
1223.89	0.00828286
1224.44	0.0173775
1225	0.00879743
1225.56	0.00421634
1226.11	0.00241266
1226.67	0.0111335
1227.22	0.00173866
1227.78	0.000386615
1228.33	0.0182043
1228.89	0.000758412
1229.44	0.0012241
1230	0.00571002
1230.56	0.00375202
1231.11	0.00372357
1231.67	0.00745006
1232.22	0.0155192
1232.78	0.0100258
1233.33	0.00451754
1233.89	0.00841972
1234.44	0.00137112
1235	0.00325927
1235.56	0.0091897
1236.11	0.0045294
1236.67	0.00582088
1237.22	0.00280863
1237.78	0.00091118
1238.33	0.000405198
1238.89	0.00145897
1239.44	0.00989651
1240	0.00859184
1240.56	0.00322726
1241.11	0.00364794
1241.67	0.000914845
1242.22	0.00284674
1242.78	0.00490425
1243.33	0.00461757
1243.89	0.0105419
1244.44	0.00787164
1245	0.00561118
1245.56	0.00219508
1246.11	0.00677862
1246.67	0.00308799
1247.22	0.00218676
1247.78	0.000633455
1248.33	0.0125769
1248.89	0.00329025
1249.44	3.03809e-05
1250	0.0149271
1250.56	0.00850034
1251.11	0.0100721
1251.67	0.00904136
1252.22	0.0122786
1252.78	0.001612
1253.33	0.00390689
1253.89	0.0120091
1254.44	0.00490393
1255	0.0046899
1255.56	0.0150324
1256.11	0.005069
1256.67	3.53994e-05
1257.22	0.0160737
1257.78	0.00205907
1258.33	0.000214417
1258.89	0.00140855
1259.44	0.0157769
1260	0.00129872
1260.56	0.00212692
1261.11	0.00986171
1261.67	0.00736911
1262.22	0.0015636
1262.78	0.00422266
1263.33	0.0102386
1263.89	0.00520245
1264.44	0.00478272
1265	0.00067615
1265.56	0.00923283
1266.11	0.00595353
1266.67	0.00723492
1267.22	0.00309017
1267.78	0.000633766
1268.33	0.00274886
1268.89	0.00498673
1269.44	0.00462428
1270	0.0116787
1270.56	0.00989214
1271.11	0.00254785
1271.67	0.00385417
1272.22	0.00372566
1272.78	0.00677949
1273.33	0.00721754
1273.89	0.00763903
1274.44	0.00394216
1275	0.00160123
1275.56	0.0040433
1276.11	0.00220198
1276.67	0.00669791
1277.22	0.0195099
1277.78	0.00186835
1278.33	0.00110749
1278.89	0.00401234
1279.44	0.00728369
1280	0.00160938
1280.56	0.00274109
1281.11	0.0192017
1281.67	0.00822744
1282.22	0.00426342
1282.78	0.00705809
1283.33	0.00203734
1283.89	0.00245311
1284.44	0.0139321
1285	0.00565159
1285.56	0.00832191
1286.11	0.00569315
1286.67	0.00622169
1287.22	0.00480686
1287.78	0.00186314
1288.33	0.0161234
1288.89	0.00222086
1289.44	0.0129628
1290	0.00208586
1290.56	0.00267025
1291.11	0.00333888
1291.67	0.00283524
1292.22	0.0080981
1292.78	0.00908945
1293.33	0.00399081
1293.89	0.00362833
1294.44	0.00370753
1295	0.00618771
1295.56	0.00579784
1296.11	0.00420716
1296.67	0.0139129
1297.22	0.00858041
1297.78	0.00402319
1298.33	0.00148538
1298.89	0.00882573
1299.44	0.00711506
1300	0.00605131
1300.56	0.00180403
1301.11	0.00739722
1301.67	0.00337881
1302.22	0.00908926
1302.78	0.00843085
1303.33	0.00540983
1303.89	0.010922
1304.44	0.0117634
1305	0.002372
1305.56	0.0021764
1306.11	0.0142768
1306.67	0.00729713
1307.22	0.0088204
1307.78	0.00239297
1308.33	0.0141479
1308.89	0.000352836
1309.44	0.0110131
1310	0.0136652
1310.56	0.00565721
1311.11	0.00291862
1311.67	0.0052297
1312.22	0.0119981
1312.78	0.00673512
1313.33	0.00905765
1313.89	0.0131479
1314.44	0.0147533
1315	0.00132882
1315.56	0.00977869
1316.11	0.0060115
1316.67	0.012973
1317.22	0.0103494
1317.78	0.00378601
1318.33	0.00960944
1318.89	0.00195752
1319.44	0.0078319
1320	0.000376955
1320.56	0.0078757
1321.11	0.00471092
1321.67	0.00957124
1322.22	0.0015178
1322.78	0.000881102
1323.33	0.00837291
1323.89	0.00443962
1324.44	0.00210625
1325	0.00296358
1325.56	0.0095722
1326.11	0.00970572
1326.67	0.0020028
1327.22	0.00894179
1327.78	0.00148698
1328.33	0.00151608
1328.89	0.000755792
1329.44	0.000823815
1330	0.0181346
1330.56	0.00229874
1331.11	0.00230161
1331.67	0.0107316
1332.22	0.00724094
1332.78	0.000851074
1333.33	0.00927582
1333.89	0.0157997
1334.44	0.0178817
1335	0.00239455
1335.56	0.00696753
1336.11	0.00204331
1336.67	0.00229203
1337.22	0.0155686
1337.78	0.00383667
1338.33	0.0125284
1338.89	0.00715714
1339.44	0.00119684
1340	0.00578642
1340.56	0.00330612
1341.11	0.0224244
1341.67	0.0108733
1342.22	0.00309534
1342.78	0.00210322
1343.33	0.00227571
1343.89	0.00632822
1344.44	0.00655138
1345	0.0148897
1345.56	0.0150495
1346.11	0.00669167
1346.67	0.00104388
1347.22	0.0028546
1347.78	0.00450533
1348.33	0.011432
1348.89	0.00136689
1349.44	0.0101273
1350	0.00461767
1350.56	0.00383391
1351.11	0.00164853
1351.67	0.00476132
1352.22	0.0126617
1352.78	0.00620165
1353.33	0.00260241
1353.89	0.00720542
1354.44	0.00336802
1355	0.0108293
1355.56	0.00142767
1356.11	0.00811718
1356.67	0.00258556
1357.22	0.00871239
1357.78	0.000389977
1358.33	0.000193811
1358.89	0.0148249
1359.44	0.00957709
1360	0.00523658
1360.56	0.00225437
1361.11	0.0137733
1361.67	0.00694846
1362.22	0.0066988
1362.78	0.0118234
1363.33	0.0137738
1363.89	0.00406201
1364.44	0.00702835
1365	0.00951018
1365.56	0.00375606
1366.11	0.0134983
1366.67	0.00280303
1367.22	0.0139898
1367.78	0.00167689
1368.33	0.0106176
1368.89	0.000635268
1369.44	0.00934208
1370	0.0113489
1370.56	0.000498276
1371.11	0.0153227
1371.67	0.0117901
1372.22	0.016146
1372.78	0.00345935
1373.33	0.00787327
1373.89	0.00372212
1374.44	0.0098507
1375	0.000573165
1375.56	0.00293161
1376.11	0.0054254
1376.67	0.00277282
1377.22	0.00115951
1377.78	0.00218499
1378.33	0.016055
1378.89	0.0153591
1379.44	0.00686815
1380	0.00645378
1380.56	0.00477311
1381.11	0.000490858
1381.67	0.00201849
1382.22	0.00420257
1382.78	0.0125265
1383.33	0.00819246
1383.89	0.00336065
1384.44	0.00437376
1385	0.00586308
1385.56	0.00857305
1386.11	0.0112695
1386.67	0.00240276
1387.22	0.0157385
1387.78	0.00015568
1388.33	0.00435932
1388.89	0.0022772
1389.44	0.00499075
1390	0.0149899
1390.56	0.00169098
1391.11	0.0177968
1391.67	0.00691921
1392.22	0.000430099
1392.78	0.00137695
1393.33	0.00615474
1393.89	0.0153197
1394.44	0.0160798
1395	0.00236925
1395.56	0.0030443
1396.11	0.00981276
1396.67	0.00126349
1397.22	0.00655566
1397.78	0.00353647
1398.33	0.0189154
1398.89	0.00332335
1399.44	0.00197738
1400	0.000402651
1400.56	0.00168457
1401.11	0.00905605
1401.67	0.00642124
1402.22	0.00836803
1402.78	0.003106
1403.33	0.00579194
1403.89	0.00278848
1404.44	0.00159796
1405	0.0121854
1405.56	0.0150203
1406.11	0.00252303
1406.67	0.00222579
1407.22	0.00595853
1407.78	0.00653522
1408.33	0.00253121
1408.89	0.00876361
1409.44	0.0159521
1410	0.00598486
1410.56	0.000386522
1411.11	6.76298e-05
1411.67	0.0118647
1412.22	0.0110174
1412.78	0.00391636
1413.33	0.00252111
1413.89	0.00695477
1414.44	0.0035317
1415	0.0030017
1415.56	0.0131767
1416.11	0.0254097
1416.67	0.00561265
1417.22	0.00604412
1417.78	0.00640903
1418.33	0.00735901
1418.89	0.00754689
1419.44	0.00237339
1420	0.0171579
1420.56	0.00337877
1421.11	0.00681625
1421.67	0.00632459
1422.22	0.00302502
1422.78	0.0143181
1423.33	0.0177814
1423.89	0.00617565
1424.44	0.0078914
1425	0.00870697
1425.56	0.0144492
1426.11	0.00215874
1426.67	0.00387736
1427.22	0.0247595
1427.78	0.00118294
1428.33	0.0025972
1428.89	0.00433135
1429.44	0.0029942
1430	0.01035
1430.56	0.0133931
1431.11	0.0134987
1431.67	0.0160575
1432.22	0.00377252
1432.78	0.00752501
1433.33	0.00975001
1433.89	0.00294825
1434.44	0.00652539
1435	0.00154556
1435.56	0.01326
1436.11	0.00444833
1436.67	0.00157515
1437.22	0.00824316
1437.78	0.0058439
1438.33	0.0119594
1438.89	0.0102164
1439.44	0.00451059
1440	0.0069427
1440.56	0.000315659
1441.11	0.001617
1441.67	0.00214718
1442.22	0.00844256
1442.78	0.0218417
1443.33	0.00812824
1443.89	0.00552341
1444.44	0.000641258
1445	0.00673257
1445.56	0.00146156
1446.11	0.00223821
1446.67	0.0069459
1447.22	0.020367
1447.78	0.00486514
1448.33	0.0077453
1448.89	0.0133493
1449.44	0.00054535
1450	0.0126056
1450.56	0.010111
1451.11	0.0192954
1451.67	0.00363071
1452.22	0.00843873
1452.78	0.0194649
1453.33	0.00550746
1453.89	0.00943899
1454.44	0.00894423
1455	0.0199519
1455.56	0.00297348
1456.11	0.00442699
1456.67	0.00806665
1457.22	0.00519897
1457.78	0.00305856
1458.33	0.0223368
1458.89	0.00106335
1459.44	0.0056247
1460	0.0180762
1460.56	0.00204288
1461.11	0.00268007
1461.67	0.00223603
1462.22	0.0201245
1462.78	0.00738212
1463.33	0.00130325
1463.89	0.000761205
1464.44	0.00559196
1465	0.00876812
1465.56	0.00595166
1466.11	0.0047582
1466.67	0.000538362
1467.22	0.0105159
1467.78	0.0074818
1468.33	0.0036283
1468.89	0.0281137
1469.44	0.01346
1470	0.0170649
1470.56	0.00290655
1471.11	0.00268195
1471.67	0.000350216
1472.22	0.0165104
1472.78	0.0126694
1473.33	0.00113534
1473.89	0.00323216
1474.44	0.00594385
1475	0.00432165
1475.56	0.0177418
1476.11	0.0295243
1476.67	0.00801122
1477.22	0.0110112
1477.78	0.00554828
1478.33	0.0162911
1478.89	0.000220901
1479.44	0.00133132
1480	0.0346602
1480.56	0.00469655
1481.11	0.0011242
1481.67	0.000613421
1482.22	0.0146048
1482.78	0.00636124
1483.33	0.0128226
1483.89	0.021936
1484.44	0.00355278
1485	0.00190911
1485.56	0.00687362
1486.11	0.00701404
1486.67	0.00371339
1487.22	0.017708
1487.78	0.00748317
1488.33	0.00335705
1488.89	0.0140629
1489.44	0.0128899
1490	0.00562963
1490.56	0.00236969
1491.11	0.0272341
1491.67	0.0123184
1492.22	0.0012645
1492.78	0.00288878
1493.33	0.00214025
1493.89	0.00754882
1494.44	0.0111275
1495	0.00282889
1495.56	0.0032097
1496.11	0.0127398
1496.67	0.0152037
1497.22	0.0101006
1497.78	0.0110763
1498.33	0.00402908
1498.89	0.00512227
1499.44	0.00931562
1500	0.0268018
1500.56	0.00905623
1501.11	0.0129933
1501.67	0.0076138
1502.22	0.00975687
1502.78	0.00613893
1503.33	0.00964825
1503.89	0.0058906
1504.44	0.00942855
1505	0.0106343
1505.56	0.00615366
1506.11	0.00328957
1506.67	0.012105
1507.22	0.0166617
1507.78	0.00636684
1508.33	0.0167715
1508.89	0.00303447
1509.44	0.00585775
1510	0.00297958
1510.56	0.00348442
1511.11	0.0115631
1511.67	0.00157924
1512.22	0.00694979
1512.78	0.0101589
1513.33	0.0128017
1513.89	0.0206254
1514.44	0.0235286
1515	0.0199492
1515.56	0.00152111
1516.11	0.00156835
1516.67	0.00951973
1517.22	0.00954529
1517.78	0.00443029
1518.33	0.0108955
1518.89	0.00698816
1519.44	0.00550664
1520	0.0143514
1520.56	0.0226477
1521.11	0.009229
1521.67	0.00869736
1522.22	0.00996998
1522.78	0.0154908
1523.33	0.00372514
1523.89	0.00202995
1524.44	0.0214727
1525	0.00638232
1525.56	0.00063737
1526.11	0.0138725
1526.67	0.017624
1527.22	0.00358125
1527.78	0.00926493
1528.33	0.00211296
1528.89	0.00309369
1529.44	0.00803637
1530	0.0104962
1530.56	0.00247734
1531.11	0.000256751
1531.67	0.00160163
1532.22	0.0125934
1532.78	0.0183871
1533.33	0.0156342
1533.89	0.00481794
1534.44	0.00310054
1535	0.00961552
1535.56	0.00251601
1536.11	0.00963309
1536.67	0.0131669
1537.22	0.0253958
1537.78	0.0159062
1538.33	0.00709882
1538.89	0.00524265
1539.44	0.00835731
1540	0.00951043
1540.56	0.0196389
1541.11	0.0072676
1541.67	0.0136958
1542.22	0.00557751
1542.78	0.00495696
1543.33	0.00318
1543.89	0.020262
1544.44	0.0242256
1545	0.00961745
1545.56	0.00184134
1546.11	0.00686097
1546.67	0.0148957
1547.22	0.0227635
1547.78	0.00684871
1548.33	0.00562655
1548.89	0.0123227
1549.44	0.00135881
1550	0.00379582
1550.56	0.00529432
1551.11	0.0155503
1551.67	0.00110503
1552.22	0.00744001
1552.78	0.0103785
1553.33	0.021786
1553.89	0.0196257
1554.44	0.00336051
1555	0.0223909
1555.56	0.00557638
1556.11	0.00152509
1556.67	0.00249476
1557.22	0.00554738
1557.78	0.01075
1558.33	0.019614
1558.89	0.0216266
1559.44	0.00108039
1560	0.0275979
1560.56	0.00286127
1561.11	0.0174086
1561.67	0.000792896
1562.22	0.010072
1562.78	0.0184543
1563.33	0.0116202
1563.89	0.0258753
1564.44	0.0179152
1565	0.0357377
1565.56	0.0180811
1566.11	0.00978176
1566.67	0.0105993
1567.22	0.0394249
1567.78	0.00712779
1568.33	0.0168745
1568.89	0.0204494
1569.44	0.0209159
1570	0.0161294
1570.56	0.0039783
1571.11	0.0375385
1571.67	0.0154802
1572.22	0.00695526
1572.78	0.0309852
1573.33	0.0167443
1573.89	0.00673724
1574.44	0.0020787
1575	0.00315298
1575.56	0.0104671
1576.11	0.0337606
1576.67	0.00801949
1577.22	0.00286703
1577.78	0.0101881
1578.33	0.030647
1578.89	0.0189666
1579.44	0.00165764
1580	0.0158547
1580.56	0.0212827
1581.11	0.0073627
1581.67	0.0224756
1582.22	0.0129137
1582.78	0.0193235
1583.33	0.00568255
1583.89	0.00214144
1584.44	0.028895
1585	0.0198427
1585.56	0.0497637
1586.11	0.0352509
1586.67	0.00588325
1587.22	0.0213332
1587.78	0.0129038
1588.33	0.0076016
1588.89	0.0184959
1589.44	0.0194017
1590	0.0101403
1590.56	0.00976393
1591.11	0.00888677
1591.67	0.00392057
1592.22	0.00428182
1592.78	0.0121528
1593.33	0.0374292
1593.89	0.0278665
1594.44	0.0224161
1595	0.00907026
1595.56	0.00212767
1596.11	0.021963
1596.67	0.0363873
1597.22	0.0319481
1597.78	0.0198221
1598.33	0.00370156
1598.89	0.00317394
1599.44	0.017227
1600	0.0186695
1600.56	0.00479674
1601.11	0.0232229
1601.67	0.0120917
1602.22	0.00966742
1602.78	0.0169994
1603.33	0.00911356
1603.89	0.0127928
1604.44	0.00923291
1605	0.00163232
1605.56	0.0110647
1606.11	0.0106229
1606.67	0.013105
1607.22	0.0232
1607.78	0.0083759
1608.33	0.0258526
1608.89	0.0453702
1609.44	0.0372609
1610	0.00491978
1610.56	0.0185081
1611.11	0.020693
1611.67	7.94772e-05
1612.22	0.0142445
1612.78	0.000258132
1613.33	0.0161089
1613.89	0.00463137
1614.44	0.0128829
1615	0.0249366
1615.56	0.000926908
1616.11	0.00458661
1616.67	0.0273297
1617.22	0.0121753
1617.78	0.0264986
1618.33	0.00107017
1618.89	0.0561733
1619.44	0.0312454
1620	0.0510605
1620.56	0.0361612
1621.11	0.0295656
1621.67	0.0625289
1622.22	0.00849572
1622.78	0.00353239
1623.33	0.0113482
1623.89	0.0422362
1624.44	0.0173202
1625	0.0201344
1625.56	0.00983159
1626.11	0.0275116
1626.67	0.0120202
1627.22	0.016594
1627.78	0.00284683
1628.33	0.000464904
1628.89	0.0114075
1629.44	0.0093193
1630	0.00853889
1630.56	0.00608442
1631.11	0.0378751
1631.67	0.0147682
1632.22	0.00871655
1632.78	0.00472079
1633.33	0.0124945
1633.89	0.00977834
1634.44	0.0128051
1635	0.0182834
1635.56	0.00980585
1636.11	0.015774
1636.67	0.0129431
1637.22	0.0134688
1637.78	0.0237168
1638.33	0.00363584
1638.89	0.0101987
1639.44	0.0334397
1640	0.0232858
1640.56	0.0302383
1641.11	0.0204384
1641.67	0.0336654
1642.22	0.0440493
1642.78	0.0129453
1643.33	0.027491
1643.89	0.0217196
1644.44	0.0168995
1645	0.0061584
1645.56	0.00871215
1646.11	0.00853881
1646.67	0.00993221
1647.22	0.00182643
1647.78	0.0119541
1648.33	0.0548781
1648.89	0.00252282
1649.44	0.0246787
1650	0.00535171
1650.56	0.00800545
1651.11	0.0268248
1651.67	0.0100904
1652.22	0.0141449
1652.78	0.0291124
1653.33	0.0460114
1653.89	0.0752885
1654.44	0.00962584
1655	0.0122833
1655.56	0.0142032
1656.11	0.0271222
1656.67	0.00296738
1657.22	0.00172399
1657.78	0.0243767
1658.33	0.00695842
1658.89	0.0324713
1659.44	0.0325098
1660	0.0173249
1660.56	0.00243132
1661.11	0.0227107
1661.67	0.0233296
1662.22	0.0254022
1662.78	0.00679733
1663.33	0.00130715
1663.89	0.0260765
1664.44	0.00898635
1665	0.00760681
1665.56	0.0367964
1666.11	0.00982089
1666.67	0.0470162
1667.22	0.0097217
1667.78	0.0070596
1668.33	0.0387678
1668.89	0.0166831
1669.44	0.0239599
1670	0.0250089
1670.56	0.0255222
1671.11	0.0492227
1671.67	0.010636
1672.22	0.0175741
1672.78	0.0308379
1673.33	0.00784359
1673.89	0.0445158
1674.44	0.0613393
1675	0.047828
1675.56	0.00233577
1676.11	0.00331503
1676.67	0.00123782
1677.22	0.00267576
1677.78	0.0129519
1678.33	0.0133215
1678.89	0.0678177
1679.44	0.0580038
1680	0.00663364
1680.56	0.014314
1681.11	0.0156782
1681.67	0.00936134
1682.22	0.0126605
1682.78	0.015805
1683.33	0.0475153
1683.89	0.0117759
1684.44	3.76966e-05
1685	0.012202
1685.56	0.0242943
1686.11	0.0267854
1686.67	0.0152754
1687.22	0.0112241
1687.78	0.0384104
1688.33	0.0512693
1688.89	0.0362295
1689.44	0.00131174
1690	0.0629121
1690.56	0.00865448
1691.11	0.022002
1691.67	0.0375643
1692.22	0.0115848
1692.78	0.0934615
1693.33	0.061379
1693.89	0.0219111
1694.44	0.0345926
1695	0.0328888
1695.56	0.0186133
1696.11	0.0745318
1696.67	0.0218232
1697.22	0.00117599
1697.78	0.0704389
1698.33	0.0714958
1698.89	0.0308477
1699.44	0.00476776
1700	0.0313111
1700.56	0.0144579
1701.11	0.0690623
1701.67	0.0709847
1702.22	0.0559687
1702.78	0.0604768
1703.33	0.0441667
1703.89	0.00374397
1704.44	0.00410613
1705	0.0409151
1705.56	0.0337958
1706.11	0.0194539
1706.67	0.0149382
1707.22	0.0605751
1707.78	0.0334175
1708.33	0.0892397
1708.89	0.0663508
1709.44	0.0499377
1710	0.0466883
1710.56	0.055075
1711.11	0.0460841
1711.67	0.0177115
1712.22	0.0214629
1712.78	0.0183066
1713.33	0.0413243
1713.89	0.039226
1714.44	0.0670515
1715	0.0417413
1715.56	0.0225569
1716.11	0.0167669
1716.67	0.00632779
1717.22	0.10751
1717.78	0.046388
1718.33	0.13791
1718.89	0.0237925
1719.44	0.0125426
1720	0.0479552
1720.56	0.0256649
1721.11	0.0322316
1721.67	0.0604859
1722.22	0.026656
1722.78	0.0268542
1723.33	0.00890289
1723.89	0.051738
1724.44	0.0624613
1725	0.0278746
1725.56	0.029997
1726.11	0.00447968
1726.67	0.080497
1727.22	0.0794541
1727.78	0.125901
1728.33	0.0114825
1728.89	0.0281625
1729.44	0.067675
1730	0.0933531
1730.56	0.0364243
1731.11	0.0516954
1731.67	0.0244822
1732.22	0.0393534
1732.78	0.0739958
1733.33	0.081193
1733.89	0.00376991
1734.44	0.154346
1735	0.00731402
1735.56	0.0216565
1736.11	0.00470312
1736.67	0.0371022
1737.22	0.0286332
1737.78	0.0104145
1738.33	0.0401053
1738.89	0.116404
1739.44	0.0791145
1740	0.0129812
1740.56	0.15445
1741.11	0.0127372
1741.67	0.0581597
1742.22	0.00945289
1742.78	0.058696
1743.33	0.0806688
1743.89	0.117751
1744.44	0.0627773
1745	0.0875132
1745.56	0.0372692
1746.11	0.0283271
1746.67	0.0222372
1747.22	0.0248632
1747.78	0.0438145
1748.33	0.039456
1748.89	0.0457565
1749.44	0.0468469
1750	0.0236353
1750.56	0.0906235
1751.11	0.0864751
1751.67	0.0863626
1752.22	0.0741143
1752.78	0.0226949
1753.33	0.0486333
1753.89	0.0360397
1754.44	0.1222
1755	0.00495523
1755.56	0.110375
1756.11	0.023963
1756.67	0.0280772
1757.22	0.0302558
1757.78	0.0935169
1758.33	0.00553878
1758.89	0.0527477
1759.44	0.00824431
1760	0.141945
1760.56	0.0281546
1761.11	0.026561
1761.67	0.0955888
1762.22	0.0770885
1762.78	0.183653
1763.33	0.076081
1763.89	0.216083
1764.44	0.152866
1765	0.0222791
1765.56	0.0821274
1766.11	0.0795126
1766.67	0.117558
1767.22	0.00637134
1767.78	0.0342232
1768.33	0.0631088
1768.89	0.0511195
1769.44	0.0910057
1770	0.0664529
1770.56	0.142577
1771.11	0.0236321
1771.67	0.024752
1772.22	0.0965869
1772.78	0.0107041
1773.33	0.104746
1773.89	0.126037
1774.44	0.000812839
1775	0.0695181
1775.56	0.0623191
1776.11	0.13754
1776.67	0.100164
1777.22	0.246271
1777.78	0.117771
1778.33	0.00569532
1778.89	0.000779951
1779.44	0.0405594
1780	0.0855373
1780.56	0.0827349
1781.11	0.0633647
1781.67	0.518899
1782.22	0.137623
1782.78	0.107576
1783.33	0.0612961
1783.89	0.038543
1784.44	0.00321556
1785	0.108344
1785.56	0.0484261
1786.11	0.382969
1786.67	0.122722
1787.22	0.00407001
1787.78	0.0882513
1788.33	0.0409972
1788.89	0.103486
1789.44	0.189552
1790	0.00167628
1790.56	0.156194
1791.11	0.0553241
1791.67	0.0901271
1792.22	0.0808036
1792.78	0.0571867
1793.33	0.193077
1793.89	0.108188
1794.44	0.029095
1795	0.187215
1795.56	0.0896278
1796.11	0.284615
1796.67	0.371479
1797.22	0.291174
1797.78	0.16529
1798.33	0.0272902
1798.89	0.0329623
1799.44	0.0934953
1800	0.0675112
1800.56	0.0941209
1801.11	0.0800626
1801.67	0.460877
1802.22	0.155349
1802.78	0.237601
1803.33	0.0086978
1803.89	0.12258
1804.44	0.288185
1805	0.106263
1805.56	0.0343115
1806.11	0.0671912
1806.67	0.0577987
1807.22	0.211445
1807.78	0.0163045
1808.33	0.0772735
1808.89	0.118548
1809.44	0.149058
1810	0.0489708
1810.56	0.0972302
1811.11	0.179232
1811.67	0.0874273
1812.22	0.434859
1812.78	0.0579824
1813.33	0.109743
1813.89	0.0592764
1814.44	0.0127147
1815	0.148335
1815.56	0.266545
1816.11	0.524929
1816.67	0.273824
1817.22	0.154974
1817.78	0.153726
1818.33	0.0667769
1818.89	0.274286
1819.44	0.00345642
1820	0.0124174
1820.56	0.0649792
1821.11	0.159338
1821.67	0.100112
1822.22	0.237908
1822.78	0.222525
1823.33	0.205097
1823.89	0.102923
1824.44	0.276126
1825	0.116105
1825.56	0.0780455
1826.11	0.295361
1826.67	0.238565
1827.22	0.0325666
1827.78	0.290154
1828.33	0.197369
1828.89	0.292615
1829.44	0.357659
1830	0.272598
1830.56	0.127969
1831.11	0.147503
1831.67	0.151715
1832.22	0.495621
1832.78	0.255321
1833.33	0.167839
1833.89	0.232141
1834.44	0.212286
1835	0.313418
1835.56	0.00120406
1836.11	0.112193
1836.67	0.0175258
1837.22	0.259593
1837.78	0.172977
1838.33	0.635422
1838.89	0.226295
1839.44	0.756441
1840	0.515006
1840.56	0.404254
1841.11	0.296077
1841.67	0.596638
1842.22	0.0672654
1842.78	0.214882
1843.33	0.0173288
1843.89	0.224758
1844.44	0.161874
1845	0.0816997
1845.56	0.236513
1846.11	0.757381
1846.67	0.38884
1847.22	0.112189
1847.78	0.191035
1848.33	0.47445
1848.89	0.734682
1849.44	0.200803
1850	0.103363
1850.56	0.300459
1851.11	1.1108
1851.67	0.86117
1852.22	0.296363
1852.78	0.106104
1853.33	0.605043
1853.89	0.211885
1854.44	0.0468509
1855	0.730498
1855.56	1.66128
1856.11	0.200484
1856.67	1.45234
1857.22	0.601354
1857.78	2.31501
1858.33	0.708141
1858.89	1.89642
1859.44	0.561319
1860	1.42883
1860.56	1.58202
1861.11	0.300711
1861.67	0.603871
1862.22	1.06366
1862.78	0.635796
1863.33	0.282385
1863.89	0.396282
1864.44	0.636491
1865	0.666578
1865.56	0.00638115
1866.11	0.420381
1866.67	0.461327
1867.22	0.415521
1867.78	0.558046
1868.33	0.393845
1868.89	0.695029
1869.44	0.315026
1870	0.24605
1870.56	0.0757392
1871.11	0.108575
1871.67	0.556066
1872.22	0.361611
1872.78	0.973677
1873.33	0.0784149
1873.89	0.877599
1874.44	0.744194
1875	0.31599
1875.56	0.0134331
1876.11	0.788438
1876.67	1.17545
1877.22	0.0142285
1877.78	0.341572
1878.33	0.413502
1878.89	0.467365
1879.44	0.247307
1880	0.16514
1880.56	0.0758802
1881.11	0.302097
1881.67	0.272272
1882.22	1.14255
1882.78	0.524992
1883.33	0.129167
1883.89	0.232063
1884.44	0.0321634
1885	0.515712
1885.56	1.59827
1886.11	0.109733
1886.67	0.156603
1887.22	0.749941
1887.78	0.311364
1888.33	0.380759
1888.89	0.300973
1889.44	0.167015
1890	1.29214
1890.56	0.525032
1891.11	0.826581
1891.67	0.136018
1892.22	1.45477
1892.78	0.0467375
1893.33	0.112138
1893.89	0.311433
1894.44	0.340467
1895	0.529829
1895.56	0.333035
1896.11	0.343164
1896.67	0.6403
1897.22	0.000558584
1897.78	0.114528
1898.33	0.527331
1898.89	0.713428
1899.44	1.37063
1900	0.101222
1900.56	0.154304
1901.11	0.702778
1901.67	0.918059
1902.22	0.350661
1902.78	0.890525
1903.33	0.0450927
1903.89	0.345479
1904.44	0.517999
1905	0.419185
1905.56	0.174623
1906.11	1.98308
1906.67	0.124659
1907.22	0.255068
1907.78	0.579172
1908.33	0.822125
1908.89	1.15076
1909.44	0.456576
1910	0.859807
1910.56	1.35128
1911.11	0.697102
1911.67	0.977661
1912.22	0.532436
1912.78	0.585851
1913.33	1.0131
1913.89	1.55575
1914.44	0.681251
1915	0.181179
1915.56	0.676621
1916.11	0.258631
1916.67	0.60435
1917.22	0.399439
1917.78	0.0808791
1918.33	0.135899
1918.89	0.74266
1919.44	0.954506
1920	0.0675403
1920.56	0.159357
1921.11	0.0252851
1921.67	1.28839
1922.22	2.23822
1922.78	0.761884
1923.33	0.410762
1923.89	0.0801531
1924.44	2.49542
1925	0.0426015
1925.56	0.566977
1926.11	0.607435
1926.67	0.191397
1927.22	0.842194
1927.78	1.04545
1928.33	0.346012
1928.89	0.458452
1929.44	0.0259603
1930	0.299021
1930.56	0.364264
1931.11	2.11222
1931.67	0.290047
1932.22	1.05719
1932.78	0.242435
1933.33	0.217136
1933.89	1.54064
1934.44	1.22058
1935	0.482048
1935.56	0.439667
1936.11	0.67273
1936.67	2.7454
1937.22	1.04311
1937.78	1.19916
1938.33	0.57535
1938.89	0.939543
1939.44	0.0364011
1940	0.554363
1940.56	1.22157
1941.11	0.817235
1941.67	0.107502
1942.22	0.331577
1942.78	0.498844
1943.33	0.208146
1943.89	0.820173
1944.44	0.669688
1945	0.944898
1945.56	1.08641
1946.11	0.2916
1946.67	2.04546
1947.22	0.6799
1947.78	0.190774
1948.33	0.536915
1948.89	0.387992
1949.44	1.77982
1950	0.0573645
1950.56	0.169009
1951.11	0.0405899
1951.67	0.418825
1952.22	0.0577813
1952.78	0.166168
1953.33	1.89732
1953.89	0.915423
1954.44	1.04356
1955	1.49025
1955.56	1.6688
1956.11	2.06991
1956.67	1.50178
1957.22	0.815877
1957.78	0.595394
1958.33	1.30229
1958.89	1.69391
1959.44	0.433273
1960	0.885572
1960.56	1.41128
1961.11	0.696186
1961.67	0.628478
1962.22	1.14118
1962.78	0.717917
1963.33	0.0559001
1963.89	0.383821
1964.44	0.841577
1965	1.32251
1965.56	1.02942
1966.11	0.710327
1966.67	0.934649
1967.22	0.360543
1967.78	2.19804
1968.33	0.884809
1968.89	0.802435
1969.44	1.8875
1970	0.364709
1970.56	0.884992
1971.11	0.341821
1971.67	0.624216
1972.22	1.68113
1972.78	0.07557
1973.33	2.29775
1973.89	1.13246
1974.44	0.177076
1975	0.0219095
1975.56	0.532707
1976.11	0.94943
1976.67	1.28681
1977.22	0.997642
1977.78	1.36777
1978.33	0.372845
1978.89	0.474596
1979.44	0.359814
1980	1.00298
1980.56	0.805717
1981.11	1.49806
1981.67	0.108205
1982.22	2.31583
1982.78	1.06249
1983.33	0.928883
1983.89	1.49215
1984.44	0.0847542
1985	0.657813
1985.56	0.121602
1986.11	0.604789
1986.67	1.84089
1987.22	1.8773
1987.78	0.356108
1988.33	0.845768
1988.89	0.865569
1989.44	0.804081
1990	0.629793
1990.56	0.15161
1991.11	1.44071
1991.67	0.900763
1992.22	0.339501
1992.78	1.22379
1993.33	0.988791
1993.89	0.158037
1994.44	1.97607
1995	0.687805
1995.56	2.22436
1996.11	1.13531
1996.67	0.202482
1997.22	0.937197
1997.78	0.0167021
1998.33	2.29679
1998.89	0.503192
1999.44	0.694546
2000	1.98942
