t	etaU
0	9.04783e-15
0.555556	1.68712
1.11111	1.96021
1.66667	1.62757
2.22222	0.876405
2.77778	0.308906
3.33333	1.59653
3.88889	0.412965
4.44444	0.731007
5	0.799285
5.55556	0.548919
6.11111	0.395171
6.66667	0.104806
7.22222	1.15341
7.77778	1.12904
8.33333	2.53714
8.88889	1.38243
9.44444	0.618501
10	1.03569
10.5556	0.704432
11.1111	0.281451
11.6667	0.848494
12.2222	0.543383
12.7778	1.03196
13.3333	0.125474
13.8889	0.444448
14.4444	0.139444
15	0.408582
15.5556	0.567637
16.1111	0.31961
16.6667	1.70318
17.2222	0.0353483
17.7778	1.45138
18.3333	0.928991
18.8889	0.649603
19.4444	1.00742
20	0.257649
20.5556	1.22573
21.1111	2.24843
21.6667	1.3051
22.2222	0.857898
22.7778	0.810327
23.3333	0.395647
23.8889	0.377692
24.4444	1.22593
25	0.653978
25.5556	0.0126543
26.1111	0.147266
26.6667	0.274286
27.2222	0.853381
27.7778	0.134947
28.3333	0.400829
28.8889	0.5661
29.4444	0.426586
30	0.245545
30.5556	0.164202
31.1111	0.90201
31.6667	0.523581
32.2222	1.13547
32.7778	0.955703
33.3333	0.625819
33.8889	0.582485
34.4444	0.531389
35	0.444835
35.5556	0.291626
36.1111	0.279604
36.6667	0.508232
37.2222	0.36424
37.7778	0.416352
38.3333	0.0726746
38.8889	0.339063
39.4444	0.190161
40	0.90744
40.5556	1.14034
41.1111	0.640464
41.6667	0.0508107
42.2222	0.184189
42.7778	0.748507
43.3333	0.858564
43.8889	0.336445
44.4444	0.674213
45	1.14239
45.5556	1.43863
46.1111	1.16311
46.6667	1.22795
47.2222	0.262279
47.7778	0.430581
48.3333	0.708951
48.8889	0.506491
49.4444	1.36664
50	0.156147
50.5556	0.269707
51.1111	0.501927
51.6667	1.41109
52.2222	0.465505
52.7778	0.0551644
53.3333	0.963405
53.8889	0.0779793
54.4444	1.06009
55	0.49696
55.5556	0.0899902
56.1111	1.80276
56.6667	1.37767
57.2222	0.0762013
57.7778	0.446772
58.3333	0.0366481
58.8889	0.345793
59.4444	2.17563
60	0.421287
60.5556	1.15496
61.1111	0.967694
61.6667	0.112529
62.2222	0.777042
62.7778	0.21321
63.3333	0.0247264
63.8889	0.149055
64.4444	1.36694
65	0.477935
65.5556	0.198611
66.1111	0.496255
66.6667	1.25352
67.2222	1.4701
67.7778	1.05366
68.3333	0.308452
68.8889	1.07822
69.4444	0.387413
70	0.00961652
70.5556	1.08858
71.1111	0.213704
71.6667	0.843612
72.2222	0.83939
72.7778	0.675638
73.3333	0.642862
73.8889	0.983807
74.4444	0.139652
75	0.834033
75.5556	0.384513
76.1111	0.704204
76.6667	0.0132872
77.2222	0.126848
77.7778	0.386883
78.3333	0.143247
78.8889	1.52641
79.4444	1.07847
80	2.32147
80.5556	0.33589
81.1111	0.718664
81.6667	0.462036
82.2222	0.389648
82.7778	0.370828
83.3333	1.50012
83.8889	1.24246
84.4444	0.546174
85	0.762065
85.5556	0.739774
86.1111	0.815501
86.6667	0.508104
87.2222	0.888858
87.7778	1.21589
88.3333	0.317478
88.8889	0.472729
89.4444	0.17978
90	0.18721
90.5556	0.999367
91.1111	1.14991
91.6667	1.34376
92.2222	1.12626
92.7778	0.212319
93.3333	0.849524
93.8889	0.288259
94.4444	0.923495
95	0.383685
95.5556	0.269427
96.1111	0.902235
96.6667	0.173693
97.2222	0.165389
97.7778	1.56674
98.3333	0.00585519
98.8889	0.941451
99.4444	0.538499
100	0.356196
100.556	0.318121
101.111	0.704056
101.667	0.00794718
102.222	0.427108
102.778	0.749618
103.333	0.141361
103.889	0.189913
104.444	0.0875467
105	0.921481
105.556	0.126488
106.111	0.295098
106.667	1.22696
107.222	0.516165
107.778	0.391588
108.333	1.20518
108.889	0.448679
109.444	0.665737
110	0.93565
110.556	0.387099
111.111	0.502752
111.667	1.8195
112.222	1.42357
112.778	0.703878
113.333	0.951916
113.889	0.133326
114.444	0.5398
115	1.17994
115.556	1.06878
116.111	0.612592
116.667	1.30548
117.222	0.235136
117.778	0.466474
118.333	0.00486654
118.889	0.955398
119.444	0.191864
120	0.487515
120.556	0.171739
121.111	0.302458
121.667	0.434376
122.222	1.71999
122.778	0.585312
123.333	0.41783
123.889	0.687632
124.444	0.734918
125	0.778861
125.556	0.93853
126.111	0.71827
126.667	1.10052
127.222	0.310826
127.778	0.395565
128.333	0.220079
128.889	0.135383
129.444	0.24581
130	0.682599
130.556	0.0736175
131.111	0.988274
131.667	0.223744
132.222	0.02213
132.778	0.13506
133.333	0.358091
133.889	0.279821
134.444	0.665779
135	0.838721
135.556	1.11591
136.111	0.30817
136.667	0.46224
137.222	1.33974
137.778	0.245475
138.333	0.224572
138.889	1.5823
139.444	0.653851
140	1.35893
140.556	1.13006
141.111	0.0354718
141.667	0.603168
142.222	0.0448926
142.778	0.653167
143.333	0.244187
143.889	1.08244
144.444	0.368354
145	0.573686
145.556	0.822366
146.111	0.340267
146.667	0.134077
147.222	1.05062
147.778	0.528594
148.333	1.01208
148.889	0.570138
149.444	0.0362834
150	0.245073
150.556	0.531767
151.111	0.517972
151.667	0.697477
152.222	1.39992
152.778	0.591255
153.333	0.760759
153.889	0.00102393
154.444	0.577545
155	0.222759
155.556	1.47287
156.111	0.55876
156.667	0.00642124
157.222	0.332952
157.778	0.49678
158.333	0.349701
158.889	0.525226
159.444	0.247856
160	0.242039
160.556	0.855012
161.111	0.176459
161.667	0.314775
162.222	0.277558
162.778	0.153844
163.333	0.431757
163.889	0.817464
164.444	0.207036
165	0.00593944
165.556	0.222968
166.111	0.298452
166.667	0.149756
167.222	0.234085
167.778	0.531505
168.333	0.158127
168.889	0.52277
169.444	0.0143251
170	0.00668628
170.556	0.682148
171.111	0.198349
171.667	0.402809
172.222	0.218447
172.778	0.356818
173.333	0.464223
173.889	0.276419
174.444	0.59647
175	0.920142
175.556	0.152133
176.111	0.0140521
176.667	0.066431
177.222	0.640386
177.778	0.406712
178.333	0.0335075
178.889	0.181007
179.444	0.41267
180	0.334033
180.556	0.240398
181.111	0.803163
181.667	0.562281
182.222	0.751082
182.778	0.214634
183.333	0.594344
183.889	0.115364
184.444	0.0819981
185	0.622324
185.556	0.534652
186.111	0.0898687
186.667	0.0563819
187.222	0.0814155
187.778	0.100224
188.333	0.700021
188.889	0.585728
189.444	0.101683
190	0.295328
190.556	0.0599389
191.111	1.11313
191.667	0.591166
192.222	0.755113
192.778	0.388509
193.333	0.0297532
193.889	0.00618508
194.444	0.105133
195	0.292919
195.556	0.107635
196.111	0.523227
196.667	0.198945
197.222	0.231332
197.778	0.392389
198.333	0.225055
198.889	0.608959
199.444	0.395089
200	0.255825
200.556	0.680494
201.111	0.229902
201.667	0.548292
202.222	0.0411776
202.778	0.0390468
203.333	0.44148
203.889	0.46951
204.444	0.168116
205	0.537986
205.556	0.00433335
206.111	1.0169
206.667	0.295542
207.222	0.755575
207.778	0.283457
208.333	0.282492
208.889	0.324903
209.444	0.808272
210	0.0832424
210.556	0.29402
211.111	0.100697
211.667	0.488552
212.222	0.26159
212.778	0.83266
213.333	0.0582434
213.889	0.377868
214.444	0.544089
215	0.854117
215.556	0.789957
216.111	0.201676
216.667	0.317349
217.222	0.476269
217.778	0.0433736
218.333	0.432332
218.889	0.423332
219.444	0.206009
220	0.392377
220.556	0.503553
221.111	0.504623
221.667	0.296414
222.222	0.497441
222.778	0.0707878
223.333	0.614969
223.889	0.0182015
224.444	0.36432
225	0.434203
225.556	0.74563
226.111	0.0182666
226.667	0.355385
227.222	0.241336
227.778	0.479277
228.333	0.0258616
228.889	0.380178
229.444	0.406174
230	0.321478
230.556	0.337926
231.111	0.111127
231.667	0.0902681
232.222	0.222041
232.778	0.592774
233.333	0.0625415
233.889	0.0804994
234.444	0.168464
235	0.0869183
235.556	0.231417
236.111	0.351341
236.667	0.298875
237.222	0.0765503
237.778	0.50389
238.333	0.0166711
238.889	0.276035
239.444	0.0505701
240	0.212917
240.556	0.551136
241.111	0.146648
241.667	0.414019
242.222	0.150919
242.778	0.0518708
243.333	0.0848044
243.889	0.12628
244.444	0.483028
245	0.158444
245.556	0.725851
246.111	0.23737
246.667	0.165568
247.222	0.100147
247.778	0.00288792
248.333	0.283094
248.889	0.427704
249.444	0.0311188
250	0.109003
250.556	0.573824
251.111	0.218208
251.667	0.428826
252.222	0.202377
252.778	0.112259
253.333	0.0461955
253.889	0.155896
254.444	0.0715381
255	0.0800843
255.556	0.295114
256.111	0.181787
256.667	0.0711704
257.222	0.26471
257.778	0.026924
258.333	0.675231
258.889	0.166452
259.444	0.0478214
260	0.0907798
260.556	0.128326
261.111	0.202658
261.667	0.0683831
262.222	0.359916
262.778	0.258254
263.333	0.153272
263.889	0.11456
264.444	0.0292342
265	0.131519
265.556	0.460458
266.111	0.222988
266.667	0.144767
267.222	0.0830986
267.778	0.132025
268.333	0.0510533
268.889	0.095137
269.444	0.047584
270	0.108298
270.556	0.257754
271.111	0.00808605
271.667	0.0253548
272.222	0.0264393
272.778	0.100787
273.333	0.330094
273.889	0.102451
274.444	0.177931
275	0.00268316
275.556	0.19505
276.111	0.214788
276.667	0.115016
277.222	0.167467
277.778	0.209109
278.333	0.181932
278.889	0.214889
279.444	0.22506
280	0.0758608
280.556	0.045416
281.111	0.148476
281.667	0.0695216
282.222	0.04667
282.778	0.327944
283.333	0.274401
283.889	0.0578966
284.444	0.368446
285	0.125887
285.556	0.0846344
286.111	0.199899
286.667	0.0710806
287.222	0.239357
287.778	0.0312673
288.333	0.0403669
288.889	0.0732755
289.444	0.133194
290	0.161514
290.556	0.0806557
291.111	0.0164838
291.667	0.0902151
292.222	0.0737794
292.778	0.195834
293.333	0.220131
293.889	0.0902383
294.444	0.279409
295	0.139059
295.556	0.113789
296.111	0.084979
296.667	0.0526862
297.222	0.0792829
297.778	0.120761
298.333	0.289704
298.889	0.0697
299.444	0.00260678
300	0.134461
300.556	0.187612
301.111	0.269534
301.667	0.0376545
302.222	0.0614313
302.778	0.132789
303.333	0.0527367
303.889	0.0201153
304.444	0.1926
305	0.31845
305.556	0.041886
306.111	0.0838155
306.667	0.0611822
307.222	0.0426414
307.778	0.122067
308.333	0.120922
308.889	0.0247722
309.444	0.00586801
310	0.235523
310.556	0.0463078
311.111	0.0131703
311.667	0.11383
312.222	0.108407
312.778	0.0369041
313.333	0.106731
313.889	0.0346598
314.444	0.1926
315	0.093953
315.556	0.054098
316.111	0.132961
316.667	0.0221559
317.222	0.243146
317.778	0.0641736
318.333	0.0278299
318.889	0.163287
319.444	0.0616478
320	0.0272586
320.556	0.0731293
321.111	0.0337292
321.667	0.182508
322.222	0.0925528
322.778	0.0944135
323.333	0.0281932
323.889	0.00215057
324.444	0.149733
325	0.00544468
325.556	0.00905088
326.111	0.0614903
326.667	0.0178759
327.222	0.189999
327.778	0.0974723
328.333	0.248526
328.889	0.0807103
329.444	0.0439225
330	0.121224
330.556	0.0575966
331.111	0.0115821
331.667	0.177242
332.222	0.128401
332.778	0.0306777
333.333	0.0083993
333.889	0.0680525
334.444	0.0458312
335	0.139886
335.556	0.169309
336.111	0.0520649
336.667	0.210579
337.222	0.0363614
337.778	0.0620674
338.333	0.0395458
338.889	0.0528281
339.444	0.103038
340	0.102824
340.556	0.0324457
341.111	0.180928
341.667	0.177063
342.222	0.0566294
342.778	0.0189905
343.333	0.0259593
343.889	0.0467728
344.444	0.104284
345	0.0944371
345.556	0.230363
346.111	0.0153231
346.667	0.00160139
347.222	0.0547501
347.778	0.0747046
348.333	0.0128706
348.889	0.0279146
349.444	0.0287403
350	0.0849397
350.556	0.029156
351.111	0.0484637
351.667	0.129278
352.222	0.0880965
352.778	0.0694242
353.333	0.00649458
353.889	0.093746
354.444	0.0983769
355	0.0555972
355.556	0.0209494
356.111	0.0548245
356.667	0.100678
357.222	0.00773099
357.778	0.0546591
358.333	0.0224213
358.889	0.00546348
359.444	0.0636991
360	0.000118353
360.556	0.121698
361.111	0.0508913
361.667	0.202638
362.222	0.129053
362.778	0.060015
363.333	0.059007
363.889	0.0148025
364.444	0.000961539
365	0.0818431
365.556	0.0496584
366.111	0.0543546
366.667	0.0109743
367.222	0.0915654
367.778	0.0549909
368.333	0.17649
368.889	0.00945772
369.444	0.00681736
370	0.0173184
370.556	0.0766081
371.111	0.036137
371.667	0.00607312
372.222	0.0534605
372.778	0.0105685
373.333	0.0858621
373.889	0.156596
374.444	0.03862
375	0.0267629
375.556	0.0892607
376.111	0.0219782
376.667	0.0529367
377.222	0.0461023
377.778	0.0570676
378.333	0.0605682
378.889	0.0575276
379.444	0.0406297
380	0.0880667
380.556	0.014196
381.111	0.000920838
381.667	0.0405992
382.222	0.0675382
382.778	0.086359
383.333	0.0245183
383.889	0.0533614
384.444	0.0104279
385	0.046681
385.556	0.0630776
386.111	0.028415
386.667	0.054331
387.222	0.03277
387.778	0.0790047
388.333	0.056095
388.889	0.00135062
389.444	0.0519174
390	0.0036143
390.556	0.0238793
391.111	0.0394838
391.667	0.0177838
392.222	0.0974385
392.778	0.0127373
393.333	0.0204085
393.889	0.0787882
394.444	0.0473902
395	0.0178544
395.556	0.00897652
396.111	0.00635903
396.667	0.00620974
397.222	0.0676928
397.778	0.0765183
398.333	0.0131794
398.889	0.0568369
399.444	0.0516195
400	0.0355691
400.556	0.0941198
401.111	0.0256316
401.667	0.00940821
402.222	0.00615623
402.778	0.0555766
403.333	0.0298791
403.889	0.0561571
404.444	0.0541053
405	0.0836178
405.556	0.0421043
406.111	0.0277976
406.667	0.0254251
407.222	0.0397095
407.778	0.128389
408.333	0.0273772
408.889	0.00367068
409.444	0.0227218
410	0.0253506
410.556	0.0195706
411.111	0.039832
411.667	0.0043892
412.222	0.0327695
412.778	0.00796647
413.333	0.021622
413.889	0.0379849
414.444	0.00880518
415	0.0231713
415.556	0.0273563
416.111	0.0108922
416.667	0.00388729
417.222	0.0869264
417.778	0.0286879
418.333	0.0130704
418.889	0.0301538
419.444	0.0483115
420	0.0456051
420.556	0.0519941
421.111	0.0765376
421.667	0.00782799
422.222	0.0241947
422.778	0.0553633
423.333	0.0743841
423.889	0.00275491
424.444	0.0361467
425	0.0854498
425.556	0.0859244
426.111	0.0523648
426.667	0.0497556
427.222	0.0214842
427.778	0.0207452
428.333	0.0256113
428.889	0.10123
429.444	0.0302232
430	0.0163433
430.556	0.00160002
431.111	0.0333996
431.667	0.0466148
432.222	0.0235248
432.778	0.0434379
433.333	0.0730606
433.889	0.000831722
434.444	0.0539033
435	0.00904206
435.556	0.000151592
436.111	0.000888072
436.667	0.039665
437.222	0.013138
437.778	0.0613432
438.333	0.03933
438.889	0.0259152
439.444	0.00431761
440	0.0333662
440.556	0.0515442
441.111	0.0797683
441.667	0.00924592
442.222	0.0203501
442.778	0.00640501
443.333	0.039986
443.889	0.0140525
444.444	0.0244218
445	0.00315739
445.556	0.063756
446.111	0.058963
446.667	0.00499959
447.222	0.0507191
447.778	0.00969168
448.333	0.0532867
448.889	0.0449288
449.444	0.0134202
450	0.0376513
450.556	0.00793535
451.111	0.00786033
451.667	0.0606597
452.222	0.0312931
452.778	0.0383941
453.333	0.0480651
453.889	0.0845462
454.444	0.00543661
455	0.024637
455.556	0.0193961
456.111	0.00451113
456.667	0.0238417
457.222	0.0397947
457.778	0.0367855
458.333	0.00107159
458.889	0.0218691
459.444	0.0377039
460	0.0095867
460.556	0.0454757
461.111	0.00577871
461.667	0.0214837
462.222	0.00926384
462.778	0.0336317
463.333	0.00664771
463.889	0.0152094
464.444	0.052608
465	0.0413049
465.556	0.0279698
466.111	0.0242147
466.667	0.00403868
467.222	0.0100585
467.778	0.00378125
468.333	0.0196418
468.889	0.0568018
469.444	0.0141166
470	0.0258975
470.556	0.0213822
471.111	0.0128077
471.667	0.0351297
472.222	0.0597976
472.778	0.0140853
473.333	0.00314207
473.889	0.0247245
474.444	0.0194775
475	0.00755045
475.556	0.0695741
476.111	0.00514765
476.667	0.0142074
477.222	0.0364917
477.778	0.00672854
478.333	0.0339156
478.889	0.0227111
479.444	0.0105885
480	0.0323014
480.556	0.00841494
481.111	0.011866
481.667	0.0130295
482.222	0.0249844
482.778	0.00228992
483.333	0.000380042
483.889	0.0377867
484.444	0.0136022
485	0.0404297
485.556	0.0404369
486.111	0.0130848
486.667	0.0135559
487.222	0.0333518
487.778	0.0354584
488.333	0.0269161
488.889	0.0169646
489.444	0.0410669
490	0.0249374
490.556	0.0014305
491.111	0.00575921
491.667	0.0189222
492.222	0.000440969
492.778	0.00807661
493.333	0.019913
493.889	0.00422815
494.444	0.0383805
495	0.0363925
495.556	0.00517591
496.111	0.029122
496.667	0.0130747
497.222	0.000863737
497.778	0.0112348
498.333	0.0218411
498.889	0.0165616
499.444	0.0339751
500	0.00779462
500.556	0.0241731
501.111	0.0036247
501.667	0.0333439
502.222	0.015769
502.778	0.0199085
503.333	0.0118405
503.889	0.00453344
504.444	0.0175956
505	0.0407841
505.556	0.00816849
506.111	0.00825787
506.667	0.0167238
507.222	0.0225338
507.778	0.00485328
508.333	0.00131149
508.889	0.0143443
509.444	0.0165736
510	0.00799117
510.556	0.031007
511.111	0.021407
511.667	0.00478139
512.222	0.0134976
512.778	0.0116563
513.333	0.0196656
513.889	0.0189267
514.444	0.0235871
515	0.000738976
515.556	0.0078257
516.111	0.0107344
516.667	0.0168192
517.222	0.00537385
517.778	0.0137284
518.333	0.00788821
518.889	0.0115899
519.444	0.0166137
520	0.0154162
520.556	0.00305648
521.111	0.00741744
521.667	0.0210993
522.222	0.000619051
522.778	0.0182739
523.333	0.00789905
523.889	0.0397377
524.444	0.00973556
525	0.00255271
525.556	0.0153922
526.111	0.0132967
526.667	0.0137559
527.222	0.0113593
527.778	0.003146
528.333	0.00213272
528.889	0.0178365
529.444	0.020208
530	0.0189448
530.556	0.0191921
531.111	0.00285765
531.667	0.0163747
532.222	0.0151997
532.778	0.00882753
533.333	0.0137624
533.889	0.0245964
534.444	0.0178196
535	0.0209771
535.556	0.00615528
536.111	0.00897951
536.667	0.0162174
537.222	0.0277395
537.778	0.018989
538.333	0.00268622
538.889	0.00992488
539.444	0.002402
540	1.13505e-05
540.556	0.00151176
541.111	0.0214042
541.667	0.0198042
542.222	0.0160673
542.778	0.0171851
543.333	0.0157395
543.889	0.020719
544.444	0.00624542
545	0.00215414
545.556	0.00701744
546.111	0.00710968
546.667	0.00879583
547.222	0.00551019
547.778	0.00555076
548.333	0.0182936
548.889	0.0221822
549.444	0.0253453
550	0.0160255
550.556	0.00125047
551.111	0.00294784
551.667	0.00321327
552.222	0.00505206
552.778	0.0190995
553.333	0.00910372
553.889	0.00241047
554.444	0.00243503
555	0.0163704
555.556	0.0208178
556.111	0.0137528
556.667	0.00373254
557.222	0.0311648
557.778	0.00884312
558.333	0.0101342
558.889	0.004973
559.444	0.0175317
560	0.0121064
560.556	0.00299025
561.111	0.0126616
561.667	0.015778
562.222	0.0142916
562.778	0.0199718
563.333	0.0121303
563.889	0.0173858
564.444	0.00531411
565	0.0200342
565.556	0.0235231
566.111	0.0237179
566.667	0.0178313
567.222	0.00281027
567.778	0.00775661
568.333	0.018577
568.889	0.00385714
569.444	0.00874836
570	0.00173291
570.556	0.00673612
571.111	0.00337323
571.667	0.019087
572.222	0.0105589
572.778	0.0238795
573.333	0.00342827
573.889	0.0201105
574.444	0.00714658
575	0.0114766
575.556	0.00552409
576.111	0.0199869
576.667	0.0256405
577.222	0.00471231
577.778	0.00985098
578.333	0.00697586
578.889	0.0124873
579.444	0.0111335
580	0.0310666
580.556	0.0085503
581.111	0.0325985
581.667	0.00637062
582.222	0.0136809
582.778	0.01411
583.333	0.0175149
583.889	0.016337
584.444	0.024788
585	0.0116501
585.556	0.020394
586.111	0.00979228
586.667	0.01584
587.222	0.00551662
587.778	0.0203406
588.333	0.0271156
588.889	0.0115176
589.444	0.0166718
590	0.0138913
590.556	0.00235817
591.111	0.0067121
591.667	0.0170039
592.222	0.0127989
592.778	0.00605409
593.333	0.0019835
593.889	0.0113318
594.444	0.00834432
595	0.00484816
595.556	0.0181537
596.111	0.0347072
596.667	0.0152043
597.222	0.00695945
597.778	0.00236655
598.333	0.00151157
598.889	0.00879916
599.444	0.0240725
600	0.0198097
600.556	0.000714289
601.111	0.0162388
601.667	0.0082568
602.222	0.00419734
602.778	0.00277348
603.333	0.0236246
603.889	0.00889446
604.444	0.0151263
605	0.00532669
605.556	0.000974018
606.111	0.0149556
606.667	0.0262456
607.222	0.0368384
607.778	0.0226503
608.333	0.0116627
608.889	0.00280085
609.444	0.0047132
610	0.00393536
610.556	0.00453374
611.111	0.0222052
611.667	0.0282812
612.222	0.00145676
612.778	0.00401441
613.333	0.00356722
613.889	0.00675447
614.444	0.00489939
615	0.0306829
615.556	0.0145009
616.111	0.00749998
616.667	0.0172572
617.222	0.000184589
617.778	0.00463554
618.333	0.0256337
618.889	0.0208339
619.444	0.0260796
620	0.0142641
620.556	0.00376934
621.111	0.00261774
621.667	0.0152843
622.222	0.0112814
622.778	0.0251941
623.333	0.0221356
623.889	0.0167965
624.444	0.000624834
625	0.00711659
625.556	0.000278243
626.111	0.0132491
626.667	0.0116248
627.222	0.0279067
627.778	0.0206585
628.333	0.00672691
628.889	0.000685014
629.444	0.0013134
630	0.0106165
630.556	0.0192555
631.111	0.0145079
631.667	0.00780393
632.222	0.00431136
632.778	0.00786934
633.333	0.0107893
633.889	0.00807148
634.444	0.0170704
635	0.0258054
635.556	0.0164311
636.111	0.000137985
636.667	0.00192833
637.222	0.00420008
637.778	0.00486318
638.333	0.013838
638.889	0.0164316
639.444	0.0144547
640	0.00133492
640.556	0.00347956
641.111	0.00400877
641.667	0.0146198
642.222	0.0265294
642.778	0.0186223
643.333	0.00844073
643.889	0.00293454
644.444	0.00511068
645	0.0149501
645.556	0.0220382
646.111	0.0278361
646.667	0.0129084
647.222	0.00811949
647.778	0.00214978
648.333	0.00665279
648.889	0.00537204
649.444	0.0170531
650	0.0244576
650.556	0.0108848
651.111	0.0113665
651.667	0.0102694
652.222	0.000451365
652.778	0.0049394
653.333	0.0117369
653.889	0.0304048
654.444	0.0174221
655	0.00113833
655.556	0.0062685
656.111	0.0032181
656.667	0.00261454
657.222	0.0119329
657.778	0.0134542
658.333	0.0032387
658.889	0.0310764
659.444	0.00718372
660	0.00578107
660.556	0.0136183
661.111	0.0150472
661.667	0.0102146
662.222	0.0151204
662.778	0.0003083
663.333	0.00714072
663.889	0.00880478
664.444	0.00263238
665	0.0147527
665.556	0.0212986
666.111	0.00947131
666.667	0.0114344
667.222	0.000918795
667.778	0.00142508
668.333	3.21829e-05
668.889	0.024157
669.444	0.0239466
670	0.0116389
670.556	0.0097783
671.111	0.00493976
671.667	0.00325993
672.222	0.00828186
672.778	0.0153382
673.333	0.0100046
673.889	0.0151747
674.444	0.00563415
675	0.00793929
675.556	0.00619291
676.111	0.00743596
676.667	0.014917
677.222	0.0194419
677.778	0.0201308
678.333	0.00052201
678.889	0.00397512
679.444	0.00528326
680	0.00743389
680.556	0.020751
681.111	0.0150473
681.667	0.0112974
682.222	0.0098373
682.778	0.00537659
683.333	0.00802853
683.889	0.00755423
684.444	0.0118595
685	0.0166665
685.556	0.010719
686.111	0.0135472
686.667	0.00168711
687.222	0.0087077
687.778	0.000334032
688.333	0.00853686
688.889	0.0128803
689.444	0.0153656
690	0.00503413
690.556	0.00394916
691.111	0.00957518
691.667	0.00314286
692.222	0.0141051
692.778	0.0105766
693.333	0.0217985
693.889	0.00351119
694.444	0.00525974
695	0.000124156
695.556	0.0067741
696.111	0.0162352
696.667	0.018593
697.222	0.00943369
697.778	0.00509446
698.333	0.00434823
698.889	0.00212247
699.444	0.00144096
700	0.0160604
700.556	0.00857324
701.111	0.0145822
701.667	0.000315689
702.222	0.00247257
702.778	0.000219994
703.333	0.0122709
703.889	0.0166301
704.444	0.0171275
705	0.00732343
705.556	0.00238962
706.111	0.00390063
706.667	0.0088452
707.222	0.0121791
707.778	0.0234175
708.333	0.0179939
708.889	0.0121256
709.444	0.00598987
710	0.00720074
710.556	0.00302996
711.111	0.00891551
711.667	0.0155331
712.222	0.0146427
712.778	0.00256293
713.333	0.000171742
713.889	0.00569996
714.444	0.00884767
715	0.0194587
715.556	0.0117687
716.111	0.0152968
716.667	0.00880583
717.222	0.00310231
717.778	0.00715756
718.333	0.00871725
718.889	0.0148326
719.444	0.0131245
720	0.00823647
720.556	0.0123963
721.111	0.00147809
721.667	0.00425837
722.222	0.0031112
722.778	0.00415942
723.333	0.0136747
723.889	0.00975123
724.444	0.00798
725	0.00152515
725.556	0.00365082
726.111	0.00300866
726.667	0.0144155
727.222	0.0053599
727.778	0.0157759
728.333	0.0161751
728.889	0.00407466
729.444	0.000254219
730	0.00355886
730.556	0.0110467
731.111	0.0165524
731.667	0.0124364
732.222	0.0105157
732.778	0.00259338
733.333	0.000304317
733.889	0.00132935
734.444	0.0113519
735	0.0141561
735.556	0.0164015
736.111	0.00668138
736.667	0.00234018
737.222	0.000146244
737.778	0.00493043
738.333	0.0170688
738.889	0.0180235
739.444	0.0150139
740	0.00891846
740.556	0.00017912
741.111	0.00320278
741.667	0.00698709
742.222	0.00986051
742.778	0.0185967
743.333	0.0107308
743.889	0.00353304
744.444	0.000244029
745	0.005796
745.556	0.0045542
746.111	0.0159663
746.667	0.0158165
747.222	0.0123216
747.778	0.00854655
748.333	0.00558187
748.889	0.000303827
749.444	0.0130927
750	0.0117981
750.556	0.0193513
751.111	0.0122307
751.667	0.0132577
752.222	0.00336489
752.778	0.0054396
753.333	0.00707163
753.889	0.0122482
754.444	0.0159252
755	0.0152688
755.556	0.0120189
756.111	0.000993624
756.667	0.00311448
757.222	0.00326165
757.778	0.0148456
758.333	0.0133851
758.889	0.015447
759.444	0.0104253
760	0.00251021
760.556	0.000749296
761.111	0.00896386
761.667	0.0131548
762.222	0.0195232
762.778	0.0149663
763.333	0.00956343
763.889	0.00127564
764.444	0.000227796
765	0.00792218
765.556	0.0112115
766.111	0.0143869
766.667	0.014537
767.222	0.000810396
767.778	0.00274249
768.333	0.00187018
768.889	0.0076365
769.444	0.0107609
770	0.0173162
770.556	0.0112756
771.111	0.00307705
771.667	0.00163656
772.222	0.00185202
772.778	0.00605038
773.333	0.010364
773.889	0.0135076
774.444	0.0101532
775	0.00467274
775.556	0.000812477
776.111	0.00506513
776.667	0.00655893
777.222	0.0150931
777.778	0.0151617
778.333	0.0140934
778.889	0.004147
779.444	0.00560731
780	0.00124262
780.556	0.00668015
781.111	0.0119246
781.667	0.0231566
782.222	0.0114903
782.778	0.00883223
783.333	0.00235982
783.889	0.00184126
784.444	0.00478273
785	0.0189403
785.556	0.0135447
786.111	0.0129894
786.667	0.00473602
787.222	0.00292496
787.778	0.00131298
788.333	0.00698888
788.889	0.0178027
789.444	0.0200862
790	0.0132357
790.556	0.00649455
791.111	0.00128402
791.667	0.00206561
792.222	0.00950412
792.778	0.0171333
793.333	0.0195197
793.889	0.0110705
794.444	0.00213499
795	0.00175321
795.556	0.00289233
796.111	0.0072833
796.667	0.0141893
797.222	0.00918237
797.778	0.0141409
798.333	0.00144747
798.889	0.00453334
799.444	0.00014964
800	0.014939
800.556	0.0118276
801.111	0.01643
801.667	0.0116961
802.222	0.00617674
802.778	0.000412204
803.333	0.00306116
803.889	0.00763796
804.444	0.0130201
805	0.0145042
805.556	0.0142722
806.111	0.000740495
806.667	0.00506224
807.222	0.000314505
807.778	0.00684907
808.333	0.0148567
808.889	0.0196245
809.444	0.0132119
810	0.0064484
810.556	0.00444957
811.111	0.00531036
811.667	0.00898525
812.222	0.0161415
812.778	0.0196752
813.333	0.0149266
813.889	0.00320887
814.444	0.000346013
815	0.00500272
815.556	0.00787401
816.111	0.0156656
816.667	0.0190412
817.222	0.0120925
817.778	0.00119351
818.333	8.41169e-05
818.889	0.00275774
819.444	0.00933233
820	0.0179242
820.556	0.0170021
821.111	0.0102657
821.667	0.00553819
822.222	0.000809341
822.778	0.00291857
823.333	0.0130419
823.889	0.017245
824.444	0.0150127
825	0.0133459
825.556	0.00144435
826.111	0.00525125
826.667	0.00215388
827.222	0.00906504
827.778	0.0155959
828.333	0.0153379
828.889	0.0129074
829.444	0.00103399
830	0.00147628
830.556	0.000593671
831.111	0.0106777
831.667	0.00987069
832.222	0.0190032
832.778	0.00789279
833.333	0.00742105
833.889	0.00114839
834.444	0.00145072
835	0.0106043
835.556	0.0161157
836.111	0.0174107
836.667	0.0131665
837.222	0.00608924
837.778	0.00257544
838.333	0.00564537
838.889	0.0104184
839.444	0.0149167
840	0.0149961
840.556	0.0118456
841.111	0.00354694
841.667	0.0016905
842.222	0.00125836
842.778	0.0104685
843.333	0.015801
843.889	0.0190481
844.444	0.00937381
845	0.000359589
845.556	0.00061252
846.111	0.00426183
846.667	0.0101132
847.222	0.0204119
847.778	0.0162367
848.333	0.0114234
848.889	0.000747756
849.444	0.000483227
850	0.00812627
850.556	0.0124801
851.111	0.0162053
851.667	0.0165578
852.222	0.00626952
852.778	0.00445005
853.333	0.00145939
853.889	0.00526573
854.444	0.0105033
855	0.0157515
855.556	0.0137851
856.111	0.00805471
856.667	0.00131415
857.222	0.00358818
857.778	0.00212533
858.333	0.0113419
858.889	0.0139564
859.444	0.0155238
860	0.00879048
860.556	0.00493181
861.111	0.00261165
861.667	0.00473386
862.222	0.00972419
862.778	0.0143546
863.333	0.0154453
863.889	0.00779003
864.444	0.00612677
865	0.00130768
865.556	0.00208886
866.111	0.00836154
866.667	0.0138878
867.222	0.015775
867.778	0.00998051
868.333	0.00376862
868.889	4.7206e-05
869.444	0.00328489
870	0.013822
870.556	0.0161985
871.111	0.0165881
871.667	0.00762784
872.222	0.00173096
872.778	0.00334037
873.333	0.00850078
873.889	0.0104476
874.444	0.0188126
875	0.0158247
875.556	0.00773316
876.111	5.16658e-05
876.667	0.000635706
877.222	0.00782646
877.778	0.0135503
878.333	0.0184137
878.889	0.0141499
879.444	0.00785001
880	0.00111741
880.556	0.000698216
881.111	0.00713981
881.667	0.0126628
882.222	0.0165654
882.778	0.0122531
883.333	0.00602243
883.889	0.00399226
884.444	0.00253288
885	0.00741571
885.556	0.0126526
886.111	0.0117382
886.667	0.0156736
887.222	0.00669652
887.778	0.00188027
888.333	0.00561965
888.889	0.00867717
889.444	0.012992
890	0.014077
890.556	0.0136065
891.111	0.0063777
891.667	0.00401879
892.222	0.00333169
892.778	0.00681046
893.333	0.0101084
893.889	0.01483
894.444	0.0148724
895	0.00563566
895.556	0.00299725
896.111	0.000594428
896.667	0.0045848
897.222	0.0134793
897.778	0.0153646
898.333	0.0160568
898.889	0.00645395
899.444	0.0013477
900	0.000143192
900.556	0.0072496
901.111	0.0127287
901.667	0.0195792
902.222	0.0137381
902.778	0.00589607
903.333	0.000263398
903.889	0.00286348
904.444	0.00732136
905	0.0130362
905.556	0.0178152
906.111	0.0115098
906.667	0.00370493
907.222	0.000137455
907.778	0.00151495
908.333	0.00779839
908.889	0.0151123
909.444	0.016348
910	0.00972995
910.556	0.00625966
911.111	0.00193045
911.667	0.00290956
912.222	0.00896251
912.778	0.0159034
913.333	0.0154064
913.889	0.0139534
914.444	0.0056491
915	0.000776176
915.556	0.00313814
916.111	0.00777866
916.667	0.0160482
917.222	0.0145322
917.778	0.0111867
918.333	0.00722827
918.889	0.00039973
919.444	0.00402667
920	0.00799184
920.556	0.0153787
921.111	0.0161807
921.667	0.014055
922.222	0.00584116
922.778	0.00093636
923.333	0.00205319
923.889	0.0097206
924.444	0.0160591
925	0.0174784
925.556	0.0146995
926.111	0.00373019
926.667	0.00168149
927.222	0.0016589
927.778	0.009827
928.333	0.0145661
928.889	0.0177166
929.444	0.0116642
930	0.00308508
930.556	0.00142913
931.111	0.00162462
931.667	0.0109164
932.222	0.0143758
932.778	0.0180529
933.333	0.00925056
933.889	0.00377895
934.444	0.000250463
935	0.00415648
935.556	0.0107827
936.111	0.0167916
936.667	0.0150043
937.222	0.0103475
937.778	0.00304404
938.333	0.00137232
938.889	0.00664782
939.444	0.00887009
940	0.0141778
940.556	0.0131929
941.111	0.00955529
941.667	0.00432422
942.222	8.64987e-07
942.778	0.00517143
943.333	0.00799802
943.889	0.0146078
944.444	0.0152709
945	0.0108243
945.556	0.00556947
946.111	0.0019816
946.667	0.00336515
947.222	0.00870789
947.778	0.0165774
948.333	0.0153685
948.889	0.0129649
949.444	0.00363804
950	0.00036356
950.556	0.00251603
951.111	0.0122068
951.667	0.0151319
952.222	0.0178657
952.778	0.00974095
953.333	0.00318882
953.889	0.000171235
954.444	0.00237074
955	0.0125194
955.556	0.0167022
956.111	0.0185625
956.667	0.0108823
957.222	0.00255261
957.778	0.00110947
958.333	0.0026966
958.889	0.0139239
959.444	0.0174843
960	0.0175977
960.556	0.00832943
961.111	0.00383516
961.667	0.00103807
962.222	0.00487023
962.778	0.0158443
963.333	0.017901
963.889	0.0149796
964.444	0.00701274
965	0.00146498
965.556	0.000632994
966.111	0.00794695
966.667	0.0119418
967.222	0.0164733
967.778	0.0113384
968.333	0.00739928
968.889	0.00237706
969.444	0.00439066
970	0.0080622
970.556	0.0111542
971.111	0.0160403
971.667	0.0141378
972.222	0.00916613
972.778	0.004529
973.333	3.23099e-06
973.889	0.00324829
974.444	0.0114737
975	0.015831
975.556	0.0151672
976.111	0.00998273
976.667	0.000370838
977.222	0.000782025
977.778	0.00269219
978.333	0.012487
978.889	0.0179186
979.444	0.0169266
980	0.00886451
980.556	0.000846696
981.111	0.00027929
981.667	0.00415743
982.222	0.011769
982.778	0.0185561
983.333	0.0165646
983.889	0.00791085
984.444	0.00107972
985	0.000703055
985.556	0.00383472
986.111	0.0152126
986.667	0.0169675
987.222	0.016247
987.778	0.00700991
988.333	0.000890178
988.889	0.00057414
989.444	0.00698666
990	0.0149388
990.556	0.0179428
991.111	0.0132256
991.667	0.00559913
992.222	0.00129997
992.778	0.000157168
993.333	0.00991335
993.889	0.0158442
994.444	0.0180735
995	0.0122083
995.556	0.00520654
996.111	0.00176151
996.667	0.00040055
997.222	0.00932368
997.778	0.0121642
998.333	0.0164727
998.889	0.0117152
999.444	0.00738615
1000	0.0018892
1000.56	0.0018892
1001.11	0.00738615
1001.67	0.0117152
1002.22	0.0164727
1002.78	0.0121642
1003.33	0.00932368
1003.89	0.00040055
1004.44	0.00176151
1005	0.00520654
1005.56	0.0122083
1006.11	0.0180735
1006.67	0.0158442
1007.22	0.00991335
1007.78	0.000157168
1008.33	0.00129997
1008.89	0.00559913
1009.44	0.0132256
1010	0.0179428
1010.56	0.0149388
1011.11	0.00698666
1011.67	0.00057414
1012.22	0.000890178
1012.78	0.00700991
1013.33	0.016247
1013.89	0.0169675
1014.44	0.0152126
1015	0.00383472
1015.56	0.000703055
1016.11	0.00107972
1016.67	0.00791085
1017.22	0.0165646
1017.78	0.0185561
1018.33	0.011769
1018.89	0.00415743
1019.44	0.00027929
1020	0.000846696
1020.56	0.00886451
1021.11	0.0169266
1021.67	0.0179186
1022.22	0.012487
1022.78	0.00269219
1023.33	0.000782025
1023.89	0.000370838
1024.44	0.00998273
1025	0.0151672
1025.56	0.015831
1026.11	0.0114737
1026.67	0.00324829
1027.22	3.23099e-06
1027.78	0.004529
1028.33	0.00916613
1028.89	0.0141378
1029.44	0.0160403
1030	0.0111542
1030.56	0.0080622
1031.11	0.00439066
1031.67	0.00237706
1032.22	0.00739928
1032.78	0.0113384
1033.33	0.0164733
1033.89	0.0119418
1034.44	0.00794695
1035	0.000632994
1035.56	0.00146498
1036.11	0.00701274
1036.67	0.0149796
1037.22	0.017901
1037.78	0.0158443
1038.33	0.00487023
1038.89	0.00103807
1039.44	0.00383516
1040	0.00832943
1040.56	0.0175977
1041.11	0.0174843
1041.67	0.0139239
1042.22	0.0026966
1042.78	0.00110947
1043.33	0.00255261
1043.89	0.0108823
1044.44	0.0185625
1045	0.0167022
1045.56	0.0125194
1046.11	0.00237074
1046.67	0.000171235
1047.22	0.00318882
1047.78	0.00974095
1048.33	0.0178657
1048.89	0.0151319
1049.44	0.0122068
1050	0.00251603
1050.56	0.00036356
1051.11	0.00363804
1051.67	0.0129649
1052.22	0.0153685
1052.78	0.0165774
1053.33	0.00870789
1053.89	0.00336515
1054.44	0.0019816
1055	0.00556947
1055.56	0.0108243
1056.11	0.0152709
1056.67	0.0146078
1057.22	0.00799802
1057.78	0.00517143
1058.33	8.64987e-07
1058.89	0.00432422
1059.44	0.00955529
1060	0.0131929
1060.56	0.0141778
1061.11	0.00887009
1061.67	0.00664782
1062.22	0.00137232
1062.78	0.00304404
1063.33	0.0103475
1063.89	0.0150043
1064.44	0.0167916
1065	0.0107827
1065.56	0.00415648
1066.11	0.000250463
1066.67	0.00377895
1067.22	0.00925056
1067.78	0.0180529
1068.33	0.0143758
1068.89	0.0109164
1069.44	0.00162462
1070	0.00142913
1070.56	0.00308508
1071.11	0.0116642
1071.67	0.0177166
1072.22	0.0145661
1072.78	0.009827
1073.33	0.0016589
1073.89	0.00168149
1074.44	0.00373019
1075	0.0146995
1075.56	0.0174784
1076.11	0.0160591
1076.67	0.0097206
1077.22	0.00205319
1077.78	0.00093636
1078.33	0.00584116
1078.89	0.014055
1079.44	0.0161807
1080	0.0153787
1080.56	0.00799184
1081.11	0.00402667
1081.67	0.00039973
1082.22	0.00722827
1082.78	0.0111867
1083.33	0.0145322
1083.89	0.0160482
1084.44	0.00777866
1085	0.00313814
1085.56	0.000776176
1086.11	0.0056491
1086.67	0.0139534
1087.22	0.0154064
1087.78	0.0159034
1088.33	0.00896251
1088.89	0.00290956
1089.44	0.00193045
1090	0.00625966
1090.56	0.00972995
1091.11	0.016348
1091.67	0.0151123
1092.22	0.00779839
1092.78	0.00151495
1093.33	0.000137455
1093.89	0.00370493
1094.44	0.0115098
1095	0.0178152
1095.56	0.0130362
1096.11	0.00732136
1096.67	0.00286348
1097.22	0.000263398
1097.78	0.00589607
1098.33	0.0137381
1098.89	0.0195792
1099.44	0.0127287
1100	0.0072496
1100.56	0.000143192
1101.11	0.0013477
1101.67	0.00645395
1102.22	0.0160568
1102.78	0.0153646
1103.33	0.0134793
1103.89	0.0045848
1104.44	0.000594428
1105	0.00299725
1105.56	0.00563566
1106.11	0.0148724
1106.67	0.01483
1107.22	0.0101084
1107.78	0.00681046
1108.33	0.00333169
1108.89	0.00401879
1109.44	0.0063777
1110	0.0136065
1110.56	0.014077
1111.11	0.012992
1111.67	0.00867717
1112.22	0.00561965
1112.78	0.00188027
1113.33	0.00669652
1113.89	0.0156736
1114.44	0.0117382
1115	0.0126526
1115.56	0.00741571
1116.11	0.00253288
1116.67	0.00399226
1117.22	0.00602243
1117.78	0.0122531
1118.33	0.0165654
1118.89	0.0126628
1119.44	0.00713981
1120	0.000698216
1120.56	0.00111741
1121.11	0.00785001
1121.67	0.0141499
1122.22	0.0184137
1122.78	0.0135503
1123.33	0.00782646
1123.89	0.000635706
1124.44	5.16658e-05
1125	0.00773316
1125.56	0.0158247
1126.11	0.0188126
1126.67	0.0104476
1127.22	0.00850078
1127.78	0.00334037
1128.33	0.00173096
1128.89	0.00762784
1129.44	0.0165881
1130	0.0161985
1130.56	0.013822
1131.11	0.00328489
1131.67	4.7206e-05
1132.22	0.00376862
1132.78	0.00998051
1133.33	0.015775
1133.89	0.0138878
1134.44	0.00836154
1135	0.00208886
1135.56	0.00130768
1136.11	0.00612677
1136.67	0.00779003
1137.22	0.0154453
1137.78	0.0143546
1138.33	0.00972419
1138.89	0.00473386
1139.44	0.00261165
1140	0.00493181
1140.56	0.00879048
1141.11	0.0155238
1141.67	0.0139564
1142.22	0.0113419
1142.78	0.00212533
1143.33	0.00358818
1143.89	0.00131415
1144.44	0.00805471
1145	0.0137851
1145.56	0.0157515
1146.11	0.0105033
1146.67	0.00526573
1147.22	0.00145939
1147.78	0.00445005
1148.33	0.00626952
1148.89	0.0165578
1149.44	0.0162053
1150	0.0124801
1150.56	0.00812627
1151.11	0.000483227
1151.67	0.000747756
1152.22	0.0114234
1152.78	0.0162367
1153.33	0.0204119
1153.89	0.0101132
1154.44	0.00426183
1155	0.00061252
1155.56	0.000359589
1156.11	0.00937381
1156.67	0.0190481
1157.22	0.015801
1157.78	0.0104685
1158.33	0.00125836
1158.89	0.0016905
1159.44	0.00354694
1160	0.0118456
1160.56	0.0149961
1161.11	0.0149167
1161.67	0.0104184
1162.22	0.00564537
1162.78	0.00257544
1163.33	0.00608924
1163.89	0.0131665
1164.44	0.0174107
1165	0.0161157
1165.56	0.0106043
1166.11	0.00145072
1166.67	0.00114839
1167.22	0.00742105
1167.78	0.00789279
1168.33	0.0190032
1168.89	0.00987069
1169.44	0.0106777
1170	0.000593671
1170.56	0.00147628
1171.11	0.00103399
1171.67	0.0129074
1172.22	0.0153379
1172.78	0.0155959
1173.33	0.00906504
1173.89	0.00215388
1174.44	0.00525125
1175	0.00144435
1175.56	0.0133459
1176.11	0.0150127
1176.67	0.017245
1177.22	0.0130419
1177.78	0.00291857
1178.33	0.000809341
1178.89	0.00553819
1179.44	0.0102657
1180	0.0170021
1180.56	0.0179242
1181.11	0.00933233
1181.67	0.00275774
1182.22	8.41169e-05
1182.78	0.00119351
1183.33	0.0120925
1183.89	0.0190412
1184.44	0.0156656
1185	0.00787401
1185.56	0.00500272
1186.11	0.000346013
1186.67	0.00320887
1187.22	0.0149266
1187.78	0.0196752
1188.33	0.0161415
1188.89	0.00898525
1189.44	0.00531036
1190	0.00444957
1190.56	0.0064484
1191.11	0.0132119
1191.67	0.0196245
1192.22	0.0148567
1192.78	0.00684907
1193.33	0.000314505
1193.89	0.00506224
1194.44	0.000740495
1195	0.0142722
1195.56	0.0145042
1196.11	0.0130201
1196.67	0.00763796
1197.22	0.00306116
1197.78	0.000412204
1198.33	0.00617674
1198.89	0.0116961
1199.44	0.01643
1200	0.0118276
1200.56	0.014939
1201.11	0.00014964
1201.67	0.00453334
1202.22	0.00144747
1202.78	0.0141409
1203.33	0.00918237
1203.89	0.0141893
1204.44	0.0072833
1205	0.00289233
1205.56	0.00175321
1206.11	0.00213499
1206.67	0.0110705
1207.22	0.0195197
1207.78	0.0171333
1208.33	0.00950412
1208.89	0.00206561
1209.44	0.00128402
1210	0.00649455
1210.56	0.0132357
1211.11	0.0200862
1211.67	0.0178027
1212.22	0.00698888
1212.78	0.00131298
1213.33	0.00292496
1213.89	0.00473602
1214.44	0.0129894
1215	0.0135447
1215.56	0.0189403
1216.11	0.00478273
1216.67	0.00184126
1217.22	0.00235982
1217.78	0.00883223
1218.33	0.0114903
1218.89	0.0231566
1219.44	0.0119246
1220	0.00668015
1220.56	0.00124262
1221.11	0.00560731
1221.67	0.004147
1222.22	0.0140934
1222.78	0.0151617
1223.33	0.0150931
1223.89	0.00655893
1224.44	0.00506513
1225	0.000812477
1225.56	0.00467274
1226.11	0.0101532
1226.67	0.0135076
1227.22	0.010364
1227.78	0.00605038
1228.33	0.00185202
1228.89	0.00163656
1229.44	0.00307705
1230	0.0112756
1230.56	0.0173162
1231.11	0.0107609
1231.67	0.0076365
1232.22	0.00187018
1232.78	0.00274249
1233.33	0.000810396
1233.89	0.014537
1234.44	0.0143869
1235	0.0112115
1235.56	0.00792218
1236.11	0.000227796
1236.67	0.00127564
1237.22	0.00956343
1237.78	0.0149663
1238.33	0.0195232
1238.89	0.0131548
1239.44	0.00896386
1240	0.000749296
1240.56	0.00251021
1241.11	0.0104253
1241.67	0.015447
1242.22	0.0133851
1242.78	0.0148456
1243.33	0.00326165
1243.89	0.00311448
1244.44	0.000993624
1245	0.0120189
1245.56	0.0152688
1246.11	0.0159252
1246.67	0.0122482
1247.22	0.00707163
1247.78	0.0054396
1248.33	0.00336489
1248.89	0.0132577
1249.44	0.0122307
1250	0.0193513
1250.56	0.0117981
1251.11	0.0130927
1251.67	0.000303827
1252.22	0.00558187
1252.78	0.00854655
1253.33	0.0123216
1253.89	0.0158165
1254.44	0.0159663
1255	0.0045542
1255.56	0.005796
1256.11	0.000244029
1256.67	0.00353304
1257.22	0.0107308
1257.78	0.0185967
1258.33	0.00986051
1258.89	0.00698709
1259.44	0.00320278
1260	0.00017912
1260.56	0.00891846
1261.11	0.0150139
1261.67	0.0180235
1262.22	0.0170688
1262.78	0.00493043
1263.33	0.000146244
1263.89	0.00234018
1264.44	0.00668138
1265	0.0164015
1265.56	0.0141561
1266.11	0.0113519
1266.67	0.00132935
1267.22	0.000304317
1267.78	0.00259338
1268.33	0.0105157
1268.89	0.0124364
1269.44	0.0165524
1270	0.0110467
1270.56	0.00355886
1271.11	0.000254219
1271.67	0.00407466
1272.22	0.0161751
1272.78	0.0157759
1273.33	0.0053599
1273.89	0.0144155
1274.44	0.00300866
1275	0.00365082
1275.56	0.00152515
1276.11	0.00798
1276.67	0.00975123
1277.22	0.0136747
1277.78	0.00415942
1278.33	0.0031112
1278.89	0.00425837
1279.44	0.00147809
1280	0.0123963
1280.56	0.00823647
1281.11	0.0131245
1281.67	0.0148326
1282.22	0.00871725
1282.78	0.00715756
1283.33	0.00310231
1283.89	0.00880583
1284.44	0.0152968
1285	0.0117687
1285.56	0.0194587
1286.11	0.00884767
1286.67	0.00569996
1287.22	0.000171742
1287.78	0.00256293
1288.33	0.0146427
1288.89	0.0155331
1289.44	0.00891551
1290	0.00302996
1290.56	0.00720074
1291.11	0.00598987
1291.67	0.0121256
1292.22	0.0179939
1292.78	0.0234175
1293.33	0.0121791
1293.89	0.0088452
1294.44	0.00390063
1295	0.00238962
1295.56	0.00732343
1296.11	0.0171275
1296.67	0.0166301
1297.22	0.0122709
1297.78	0.000219994
1298.33	0.00247257
1298.89	0.000315689
1299.44	0.0145822
1300	0.00857324
1300.56	0.0160604
1301.11	0.00144096
1301.67	0.00212247
1302.22	0.00434823
1302.78	0.00509446
1303.33	0.00943369
1303.89	0.018593
1304.44	0.0162352
1305	0.0067741
1305.56	0.000124156
1306.11	0.00525974
1306.67	0.00351119
1307.22	0.0217985
1307.78	0.0105766
1308.33	0.0141051
1308.89	0.00314286
1309.44	0.00957518
1310	0.00394916
1310.56	0.00503413
1311.11	0.0153656
1311.67	0.0128803
1312.22	0.00853686
1312.78	0.000334032
1313.33	0.0087077
1313.89	0.00168711
1314.44	0.0135472
1315	0.010719
1315.56	0.0166665
1316.11	0.0118595
1316.67	0.00755423
1317.22	0.00802853
1317.78	0.00537659
1318.33	0.0098373
1318.89	0.0112974
1319.44	0.0150473
1320	0.020751
1320.56	0.00743389
1321.11	0.00528326
1321.67	0.00397512
1322.22	0.00052201
1322.78	0.0201308
1323.33	0.0194419
1323.89	0.014917
1324.44	0.00743596
1325	0.00619291
1325.56	0.00793929
1326.11	0.00563415
1326.67	0.0151747
1327.22	0.0100046
1327.78	0.0153382
1328.33	0.00828186
1328.89	0.00325993
1329.44	0.00493976
1330	0.0097783
1330.56	0.0116389
1331.11	0.0239466
1331.67	0.024157
1332.22	3.21829e-05
1332.78	0.00142508
1333.33	0.000918795
1333.89	0.0114344
1334.44	0.00947131
1335	0.0212986
1335.56	0.0147527
1336.11	0.00263238
1336.67	0.00880478
1337.22	0.00714072
1337.78	0.0003083
1338.33	0.0151204
1338.89	0.0102146
1339.44	0.0150472
1340	0.0136183
1340.56	0.00578107
1341.11	0.00718372
1341.67	0.0310764
1342.22	0.0032387
1342.78	0.0134542
1343.33	0.0119329
1343.89	0.00261454
1344.44	0.0032181
1345	0.0062685
1345.56	0.00113833
1346.11	0.0174221
1346.67	0.0304048
1347.22	0.0117369
1347.78	0.0049394
1348.33	0.000451365
1348.89	0.0102694
1349.44	0.0113665
1350	0.0108848
1350.56	0.0244576
1351.11	0.0170531
1351.67	0.00537204
1352.22	0.00665279
1352.78	0.00214978
1353.33	0.00811949
1353.89	0.0129084
1354.44	0.0278361
1355	0.0220382
1355.56	0.0149501
1356.11	0.00511068
1356.67	0.00293454
1357.22	0.00844073
1357.78	0.0186223
1358.33	0.0265294
1358.89	0.0146198
1359.44	0.00400877
1360	0.00347956
1360.56	0.00133492
1361.11	0.0144547
1361.67	0.0164316
1362.22	0.013838
1362.78	0.00486318
1363.33	0.00420008
1363.89	0.00192833
1364.44	0.000137985
1365	0.0164311
1365.56	0.0258054
1366.11	0.0170704
1366.67	0.00807148
1367.22	0.0107893
1367.78	0.00786934
1368.33	0.00431136
1368.89	0.00780393
1369.44	0.0145079
1370	0.0192555
1370.56	0.0106165
1371.11	0.0013134
1371.67	0.000685014
1372.22	0.00672691
1372.78	0.0206585
1373.33	0.0279067
1373.89	0.0116248
1374.44	0.0132491
1375	0.000278243
1375.56	0.00711659
1376.11	0.000624834
1376.67	0.0167965
1377.22	0.0221356
1377.78	0.0251941
1378.33	0.0112814
1378.89	0.0152843
1379.44	0.00261774
1380	0.00376934
1380.56	0.0142641
1381.11	0.0260796
1381.67	0.0208339
1382.22	0.0256337
1382.78	0.00463554
1383.33	0.000184589
1383.89	0.0172572
1384.44	0.00749998
1385	0.0145009
1385.56	0.0306829
1386.11	0.00489939
1386.67	0.00675447
1387.22	0.00356722
1387.78	0.00401441
1388.33	0.00145676
1388.89	0.0282812
1389.44	0.0222052
1390	0.00453374
1390.56	0.00393536
1391.11	0.0047132
1391.67	0.00280085
1392.22	0.0116627
1392.78	0.0226503
1393.33	0.0368384
1393.89	0.0262456
1394.44	0.0149556
1395	0.000974018
1395.56	0.00532669
1396.11	0.0151263
1396.67	0.00889446
1397.22	0.0236246
1397.78	0.00277348
1398.33	0.00419734
1398.89	0.0082568
1399.44	0.0162388
1400	0.000714289
1400.56	0.0198097
1401.11	0.0240725
1401.67	0.00879916
1402.22	0.00151157
1402.78	0.00236655
1403.33	0.00695945
1403.89	0.0152043
1404.44	0.0347072
1405	0.0181537
1405.56	0.00484816
1406.11	0.00834432
1406.67	0.0113318
1407.22	0.0019835
1407.78	0.00605409
1408.33	0.0127989
1408.89	0.0170039
1409.44	0.0067121
1410	0.00235817
1410.56	0.0138913
1411.11	0.0166718
1411.67	0.0115176
1412.22	0.0271156
1412.78	0.0203406
1413.33	0.00551662
1413.89	0.01584
1414.44	0.00979228
1415	0.020394
1415.56	0.0116501
1416.11	0.024788
1416.67	0.016337
1417.22	0.0175149
1417.78	0.01411
1418.33	0.0136809
1418.89	0.00637062
1419.44	0.0325985
1420	0.0085503
1420.56	0.0310666
1421.11	0.0111335
1421.67	0.0124873
1422.22	0.00697586
1422.78	0.00985098
1423.33	0.00471231
1423.89	0.0256405
1424.44	0.0199869
1425	0.00552409
1425.56	0.0114766
1426.11	0.00714658
1426.67	0.0201105
1427.22	0.00342827
1427.78	0.0238795
1428.33	0.0105589
1428.89	0.019087
1429.44	0.00337323
1430	0.00673612
1430.56	0.00173291
1431.11	0.00874836
1431.67	0.00385714
1432.22	0.018577
1432.78	0.00775661
1433.33	0.00281027
1433.89	0.0178313
1434.44	0.0237179
1435	0.0235231
1435.56	0.0200342
1436.11	0.00531411
1436.67	0.0173858
1437.22	0.0121303
1437.78	0.0199718
1438.33	0.0142916
1438.89	0.015778
1439.44	0.0126616
1440	0.00299025
1440.56	0.0121064
1441.11	0.0175317
1441.67	0.004973
1442.22	0.0101342
1442.78	0.00884312
1443.33	0.0311648
1443.89	0.00373254
1444.44	0.0137528
1445	0.0208178
1445.56	0.0163704
1446.11	0.00243503
1446.67	0.00241047
1447.22	0.00910372
1447.78	0.0190995
1448.33	0.00505206
1448.89	0.00321327
1449.44	0.00294784
1450	0.00125047
1450.56	0.0160255
1451.11	0.0253453
1451.67	0.0221822
1452.22	0.0182936
1452.78	0.00555076
1453.33	0.00551019
1453.89	0.00879583
1454.44	0.00710968
1455	0.00701744
1455.56	0.00215414
1456.11	0.00624542
1456.67	0.020719
1457.22	0.0157395
1457.78	0.0171851
1458.33	0.0160673
1458.89	0.0198042
1459.44	0.0214042
1460	0.00151176
1460.56	1.13505e-05
1461.11	0.002402
1461.67	0.00992488
1462.22	0.00268622
1462.78	0.018989
1463.33	0.0277395
1463.89	0.0162174
1464.44	0.00897951
1465	0.00615528
1465.56	0.0209771
1466.11	0.0178196
1466.67	0.0245964
1467.22	0.0137624
1467.78	0.00882753
1468.33	0.0151997
1468.89	0.0163747
1469.44	0.00285765
1470	0.0191921
1470.56	0.0189448
1471.11	0.020208
1471.67	0.0178365
1472.22	0.00213272
1472.78	0.003146
1473.33	0.0113593
1473.89	0.0137559
1474.44	0.0132967
1475	0.0153922
1475.56	0.00255271
1476.11	0.00973556
1476.67	0.0397377
1477.22	0.00789905
1477.78	0.0182739
1478.33	0.000619051
1478.89	0.0210993
1479.44	0.00741744
1480	0.00305648
1480.56	0.0154162
1481.11	0.0166137
1481.67	0.0115899
1482.22	0.00788821
1482.78	0.0137284
1483.33	0.00537385
1483.89	0.0168192
1484.44	0.0107344
1485	0.0078257
1485.56	0.000738976
1486.11	0.0235871
1486.67	0.0189267
1487.22	0.0196656
1487.78	0.0116563
1488.33	0.0134976
1488.89	0.00478139
1489.44	0.021407
1490	0.031007
1490.56	0.00799117
1491.11	0.0165736
1491.67	0.0143443
1492.22	0.00131149
1492.78	0.00485328
1493.33	0.0225338
1493.89	0.0167238
1494.44	0.00825787
1495	0.00816849
1495.56	0.0407841
1496.11	0.0175956
1496.67	0.00453344
1497.22	0.0118405
1497.78	0.0199085
1498.33	0.015769
1498.89	0.0333439
1499.44	0.0036247
1500	0.0241731
1500.56	0.00779462
1501.11	0.0339751
1501.67	0.0165616
1502.22	0.0218411
1502.78	0.0112348
1503.33	0.000863737
1503.89	0.0130747
1504.44	0.029122
1505	0.00517591
1505.56	0.0363925
1506.11	0.0383805
1506.67	0.00422815
1507.22	0.019913
1507.78	0.00807661
1508.33	0.000440969
1508.89	0.0189222
1509.44	0.00575921
1510	0.0014305
1510.56	0.0249374
1511.11	0.0410669
1511.67	0.0169646
1512.22	0.0269161
1512.78	0.0354584
1513.33	0.0333518
1513.89	0.0135559
1514.44	0.0130848
1515	0.0404369
1515.56	0.0404297
1516.11	0.0136022
1516.67	0.0377867
1517.22	0.000380042
1517.78	0.00228992
1518.33	0.0249844
1518.89	0.0130295
1519.44	0.011866
1520	0.00841494
1520.56	0.0323014
1521.11	0.0105885
1521.67	0.0227111
1522.22	0.0339156
1522.78	0.00672854
1523.33	0.0364917
1523.89	0.0142074
1524.44	0.00514765
1525	0.0695741
1525.56	0.00755045
1526.11	0.0194775
1526.67	0.0247245
1527.22	0.00314207
1527.78	0.0140853
1528.33	0.0597976
1528.89	0.0351297
1529.44	0.0128077
1530	0.0213822
1530.56	0.0258975
1531.11	0.0141166
1531.67	0.0568018
1532.22	0.0196418
1532.78	0.00378125
1533.33	0.0100585
1533.89	0.00403868
1534.44	0.0242147
1535	0.0279698
1535.56	0.0413049
1536.11	0.052608
1536.67	0.0152094
1537.22	0.00664771
1537.78	0.0336317
1538.33	0.00926384
1538.89	0.0214837
1539.44	0.00577871
1540	0.0454757
1540.56	0.0095867
1541.11	0.0377039
1541.67	0.0218691
1542.22	0.00107159
1542.78	0.0367855
1543.33	0.0397947
1543.89	0.0238417
1544.44	0.00451113
1545	0.0193961
1545.56	0.024637
1546.11	0.00543661
1546.67	0.0845462
1547.22	0.0480651
1547.78	0.0383941
1548.33	0.0312931
1548.89	0.0606597
1549.44	0.00786033
1550	0.00793535
1550.56	0.0376513
1551.11	0.0134202
1551.67	0.0449288
1552.22	0.0532867
1552.78	0.00969168
1553.33	0.0507191
1553.89	0.00499959
1554.44	0.058963
1555	0.063756
1555.56	0.00315739
1556.11	0.0244218
1556.67	0.0140525
1557.22	0.039986
1557.78	0.00640501
1558.33	0.0203501
1558.89	0.00924592
1559.44	0.0797683
1560	0.0515442
1560.56	0.0333662
1561.11	0.00431761
1561.67	0.0259152
1562.22	0.03933
1562.78	0.0613432
1563.33	0.013138
1563.89	0.039665
1564.44	0.000888072
1565	0.000151592
1565.56	0.00904206
1566.11	0.0539033
1566.67	0.000831722
1567.22	0.0730606
1567.78	0.0434379
1568.33	0.0235248
1568.89	0.0466148
1569.44	0.0333996
1570	0.00160002
1570.56	0.0163433
1571.11	0.0302232
1571.67	0.10123
1572.22	0.0256113
1572.78	0.0207452
1573.33	0.0214842
1573.89	0.0497556
1574.44	0.0523648
1575	0.0859244
1575.56	0.0854498
1576.11	0.0361467
1576.67	0.00275491
1577.22	0.0743841
1577.78	0.0553633
1578.33	0.0241947
1578.89	0.00782799
1579.44	0.0765376
1580	0.0519941
1580.56	0.0456051
1581.11	0.0483115
1581.67	0.0301538
1582.22	0.0130704
1582.78	0.0286879
1583.33	0.0869264
1583.89	0.00388729
1584.44	0.0108922
1585	0.0273563
1585.56	0.0231713
1586.11	0.00880518
1586.67	0.0379849
1587.22	0.021622
1587.78	0.00796647
1588.33	0.0327695
1588.89	0.0043892
1589.44	0.039832
1590	0.0195706
1590.56	0.0253506
1591.11	0.0227218
1591.67	0.00367068
1592.22	0.0273772
1592.78	0.128389
1593.33	0.0397095
1593.89	0.0254251
1594.44	0.0277976
1595	0.0421043
1595.56	0.0836178
1596.11	0.0541053
1596.67	0.0561571
1597.22	0.0298791
1597.78	0.0555766
1598.33	0.00615623
1598.89	0.00940821
1599.44	0.0256316
1600	0.0941198
1600.56	0.0355691
1601.11	0.0516195
1601.67	0.0568369
1602.22	0.0131794
1602.78	0.0765183
1603.33	0.0676928
1603.89	0.00620974
1604.44	0.00635903
1605	0.00897652
1605.56	0.0178544
1606.11	0.0473902
1606.67	0.0787882
1607.22	0.0204085
1607.78	0.0127373
1608.33	0.0974385
1608.89	0.0177838
1609.44	0.0394838
1610	0.0238793
1610.56	0.0036143
1611.11	0.0519174
1611.67	0.00135062
1612.22	0.056095
1612.78	0.0790047
1613.33	0.03277
1613.89	0.054331
1614.44	0.028415
1615	0.0630776
1615.56	0.046681
1616.11	0.0104279
1616.67	0.0533614
1617.22	0.0245183
1617.78	0.086359
1618.33	0.0675382
1618.89	0.0405992
1619.44	0.000920838
1620	0.014196
1620.56	0.0880667
1621.11	0.0406297
1621.67	0.0575276
1622.22	0.0605682
1622.78	0.0570676
1623.33	0.0461023
1623.89	0.0529367
1624.44	0.0219782
1625	0.0892607
1625.56	0.0267629
1626.11	0.03862
1626.67	0.156596
1627.22	0.0858621
1627.78	0.0105685
1628.33	0.0534605
1628.89	0.00607312
1629.44	0.036137
1630	0.0766081
1630.56	0.0173184
1631.11	0.00681736
1631.67	0.00945772
1632.22	0.17649
1632.78	0.0549909
1633.33	0.0915654
1633.89	0.0109743
1634.44	0.0543546
1635	0.0496584
1635.56	0.0818431
1636.11	0.000961539
1636.67	0.0148025
1637.22	0.059007
1637.78	0.060015
1638.33	0.129053
1638.89	0.202638
1639.44	0.0508913
1640	0.121698
1640.56	0.000118353
1641.11	0.0636991
1641.67	0.00546348
1642.22	0.0224213
1642.78	0.0546591
1643.33	0.00773099
1643.89	0.100678
1644.44	0.0548245
1645	0.0209494
1645.56	0.0555972
1646.11	0.0983769
1646.67	0.093746
1647.22	0.00649458
1647.78	0.0694242
1648.33	0.0880965
1648.89	0.129278
1649.44	0.0484637
1650	0.029156
1650.56	0.0849397
1651.11	0.0287403
1651.67	0.0279146
1652.22	0.0128706
1652.78	0.0747046
1653.33	0.0547501
1653.89	0.00160139
1654.44	0.0153231
1655	0.230363
1655.56	0.0944371
1656.11	0.104284
1656.67	0.0467728
1657.22	0.0259593
1657.78	0.0189905
1658.33	0.0566294
1658.89	0.177063
1659.44	0.180928
1660	0.0324457
1660.56	0.102824
1661.11	0.103038
1661.67	0.0528281
1662.22	0.0395458
1662.78	0.0620674
1663.33	0.0363614
1663.89	0.210579
1664.44	0.0520649
1665	0.169309
1665.56	0.139886
1666.11	0.0458312
1666.67	0.0680525
1667.22	0.0083993
1667.78	0.0306777
1668.33	0.128401
1668.89	0.177242
1669.44	0.0115821
1670	0.0575966
1670.56	0.121224
1671.11	0.0439225
1671.67	0.0807103
1672.22	0.248526
1672.78	0.0974723
1673.33	0.189999
1673.89	0.0178759
1674.44	0.0614903
1675	0.00905088
1675.56	0.00544468
1676.11	0.149733
1676.67	0.00215057
1677.22	0.0281932
1677.78	0.0944135
1678.33	0.0925528
1678.89	0.182508
1679.44	0.0337292
1680	0.0731293
1680.56	0.0272586
1681.11	0.0616478
1681.67	0.163287
1682.22	0.0278299
1682.78	0.0641736
1683.33	0.243146
1683.89	0.0221559
1684.44	0.132961
1685	0.054098
1685.56	0.093953
1686.11	0.1926
1686.67	0.0346598
1687.22	0.106731
1687.78	0.0369041
1688.33	0.108407
1688.89	0.11383
1689.44	0.0131703
1690	0.0463078
1690.56	0.235523
1691.11	0.00586801
1691.67	0.0247722
1692.22	0.120922
1692.78	0.122067
1693.33	0.0426414
1693.89	0.0611822
1694.44	0.0838155
1695	0.041886
1695.56	0.31845
1696.11	0.1926
1696.67	0.0201153
1697.22	0.0527367
1697.78	0.132789
1698.33	0.0614313
1698.89	0.0376545
1699.44	0.269534
1700	0.187612
1700.56	0.134461
1701.11	0.00260678
1701.67	0.0697
1702.22	0.289704
1702.78	0.120761
1703.33	0.0792829
1703.89	0.0526862
1704.44	0.084979
1705	0.113789
1705.56	0.139059
1706.11	0.279409
1706.67	0.0902383
1707.22	0.220131
1707.78	0.195834
1708.33	0.0737794
1708.89	0.0902151
1709.44	0.0164838
1710	0.0806557
1710.56	0.161514
1711.11	0.133194
1711.67	0.0732755
1712.22	0.0403669
1712.78	0.0312673
1713.33	0.239357
1713.89	0.0710806
1714.44	0.199899
1715	0.0846344
1715.56	0.125887
1716.11	0.368446
1716.67	0.0578966
1717.22	0.274401
1717.78	0.327944
1718.33	0.04667
1718.89	0.0695216
1719.44	0.148476
1720	0.045416
1720.56	0.0758608
1721.11	0.22506
1721.67	0.214889
1722.22	0.181932
1722.78	0.209109
1723.33	0.167467
1723.89	0.115016
1724.44	0.214788
1725	0.19505
1725.56	0.00268316
1726.11	0.177931
1726.67	0.102451
1727.22	0.330094
1727.78	0.100787
1728.33	0.0264393
1728.89	0.0253548
1729.44	0.00808605
1730	0.257754
1730.56	0.108298
1731.11	0.047584
1731.67	0.095137
1732.22	0.0510533
1732.78	0.132025
1733.33	0.0830986
1733.89	0.144767
1734.44	0.222988
1735	0.460458
1735.56	0.131519
1736.11	0.0292342
1736.67	0.11456
1737.22	0.153272
1737.78	0.258254
1738.33	0.359916
1738.89	0.0683831
1739.44	0.202658
1740	0.128326
1740.56	0.0907798
1741.11	0.0478214
1741.67	0.166452
1742.22	0.675231
1742.78	0.026924
1743.33	0.26471
1743.89	0.0711704
1744.44	0.181787
1745	0.295114
1745.56	0.0800843
1746.11	0.0715381
1746.67	0.155896
1747.22	0.0461955
1747.78	0.112259
1748.33	0.202377
1748.89	0.428826
1749.44	0.218208
1750	0.573824
1750.56	0.109003
1751.11	0.0311188
1751.67	0.427704
1752.22	0.283094
1752.78	0.00288792
1753.33	0.100147
1753.89	0.165568
1754.44	0.23737
1755	0.725851
1755.56	0.158444
1756.11	0.483028
1756.67	0.12628
1757.22	0.0848044
1757.78	0.0518708
1758.33	0.150919
1758.89	0.414019
1759.44	0.146648
1760	0.551136
1760.56	0.212917
1761.11	0.0505701
1761.67	0.276035
1762.22	0.0166711
1762.78	0.50389
1763.33	0.0765503
1763.89	0.298875
1764.44	0.351341
1765	0.231417
1765.56	0.0869183
1766.11	0.168464
1766.67	0.0804994
1767.22	0.0625415
1767.78	0.592774
1768.33	0.222041
1768.89	0.0902681
1769.44	0.111127
1770	0.337926
1770.56	0.321478
1771.11	0.406174
1771.67	0.380178
1772.22	0.0258616
1772.78	0.479277
1773.33	0.241336
1773.89	0.355385
1774.44	0.0182666
1775	0.74563
1775.56	0.434203
1776.11	0.36432
1776.67	0.0182015
1777.22	0.614969
1777.78	0.0707878
1778.33	0.497441
1778.89	0.296414
1779.44	0.504623
1780	0.503553
1780.56	0.392377
1781.11	0.206009
1781.67	0.423332
1782.22	0.432332
1782.78	0.0433736
1783.33	0.476269
1783.89	0.317349
1784.44	0.201676
1785	0.789957
1785.56	0.854117
1786.11	0.544089
1786.67	0.377868
1787.22	0.0582434
1787.78	0.83266
1788.33	0.26159
1788.89	0.488552
1789.44	0.100697
1790	0.29402
1790.56	0.0832424
1791.11	0.808272
1791.67	0.324903
1792.22	0.282492
1792.78	0.283457
1793.33	0.755575
1793.89	0.295542
1794.44	1.0169
1795	0.00433335
1795.56	0.537986
1796.11	0.168116
1796.67	0.46951
1797.22	0.44148
1797.78	0.0390468
1798.33	0.0411776
1798.89	0.548292
1799.44	0.229902
1800	0.680494
1800.56	0.255825
1801.11	0.395089
1801.67	0.608959
1802.22	0.225055
1802.78	0.392389
1803.33	0.231332
1803.89	0.198945
1804.44	0.523227
1805	0.107635
1805.56	0.292919
1806.11	0.105133
1806.67	0.00618508
1807.22	0.0297532
1807.78	0.388509
1808.33	0.755113
1808.89	0.591166
1809.44	1.11313
1810	0.0599389
1810.56	0.295328
1811.11	0.101683
1811.67	0.585728
1812.22	0.700021
1812.78	0.100224
1813.33	0.0814155
1813.89	0.0563819
1814.44	0.0898687
1815	0.534652
1815.56	0.622324
1816.11	0.0819981
1816.67	0.115364
1817.22	0.594344
1817.78	0.214634
1818.33	0.751082
1818.89	0.562281
1819.44	0.803163
1820	0.240398
1820.56	0.334033
1821.11	0.41267
1821.67	0.181007
1822.22	0.0335075
1822.78	0.406712
1823.33	0.640386
1823.89	0.066431
1824.44	0.0140521
1825	0.152133
1825.56	0.920142
1826.11	0.59647
1826.67	0.276419
1827.22	0.464223
1827.78	0.356818
1828.33	0.218447
1828.89	0.402809
1829.44	0.198349
1830	0.682148
1830.56	0.00668628
1831.11	0.0143251
1831.67	0.52277
1832.22	0.158127
1832.78	0.531505
1833.33	0.234085
1833.89	0.149756
1834.44	0.298452
1835	0.222968
1835.56	0.00593944
1836.11	0.207036
1836.67	0.817464
1837.22	0.431757
1837.78	0.153844
1838.33	0.277558
1838.89	0.314775
1839.44	0.176459
1840	0.855012
1840.56	0.242039
1841.11	0.247856
1841.67	0.525226
1842.22	0.349701
1842.78	0.49678
1843.33	0.332952
1843.89	0.00642124
1844.44	0.55876
1845	1.47287
1845.56	0.222759
1846.11	0.577545
1846.67	0.00102393
1847.22	0.760759
1847.78	0.591255
1848.33	1.39992
1848.89	0.697477
1849.44	0.517972
1850	0.531767
1850.56	0.245073
1851.11	0.0362834
1851.67	0.570138
1852.22	1.01208
1852.78	0.528594
1853.33	1.05062
1853.89	0.134077
1854.44	0.340267
1855	0.822366
1855.56	0.573686
1856.11	0.368354
1856.67	1.08244
1857.22	0.244187
1857.78	0.653167
1858.33	0.0448926
1858.89	0.603168
1859.44	0.0354718
1860	1.13006
1860.56	1.35893
1861.11	0.653851
1861.67	1.5823
1862.22	0.224572
1862.78	0.245475
1863.33	1.33974
1863.89	0.46224
1864.44	0.30817
1865	1.11591
1865.56	0.838721
1866.11	0.665779
1866.67	0.279821
1867.22	0.358091
1867.78	0.13506
1868.33	0.02213
1868.89	0.223744
1869.44	0.988274
1870	0.0736175
1870.56	0.682599
1871.11	0.24581
1871.67	0.135383
1872.22	0.220079
1872.78	0.395565
1873.33	0.310826
1873.89	1.10052
1874.44	0.71827
1875	0.93853
1875.56	0.778861
1876.11	0.734918
1876.67	0.687632
1877.22	0.41783
1877.78	0.585312
1878.33	1.71999
1878.89	0.434376
1879.44	0.302458
1880	0.171739
1880.56	0.487515
1881.11	0.191864
1881.67	0.955398
1882.22	0.00486654
1882.78	0.466474
1883.33	0.235136
1883.89	1.30548
1884.44	0.612592
1885	1.06878
1885.56	1.17994
1886.11	0.5398
1886.67	0.133326
1887.22	0.951916
1887.78	0.703878
1888.33	1.42357
1888.89	1.8195
1889.44	0.502752
1890	0.387099
1890.56	0.93565
1891.11	0.665737
1891.67	0.448679
1892.22	1.20518
1892.78	0.391588
1893.33	0.516165
1893.89	1.22696
1894.44	0.295098
1895	0.126488
1895.56	0.921481
1896.11	0.0875467
1896.67	0.189913
1897.22	0.141361
1897.78	0.749618
1898.33	0.427108
1898.89	0.00794718
1899.44	0.704056
1900	0.318121
1900.56	0.356196
1901.11	0.538499
1901.67	0.941451
1902.22	0.00585519
1902.78	1.56674
1903.33	0.165389
1903.89	0.173693
1904.44	0.902235
1905	0.269427
1905.56	0.383685
1906.11	0.923495
1906.67	0.288259
1907.22	0.849524
1907.78	0.212319
1908.33	1.12626
1908.89	1.34376
1909.44	1.14991
1910	0.999367
1910.56	0.18721
1911.11	0.17978
1911.67	0.472729
1912.22	0.317478
1912.78	1.21589
1913.33	0.888858
1913.89	0.508104
1914.44	0.815501
1915	0.739774
1915.56	0.762065
1916.11	0.546174
1916.67	1.24246
1917.22	1.50012
1917.78	0.370828
1918.33	0.389648
1918.89	0.462036
1919.44	0.718664
1920	0.33589
1920.56	2.32147
1921.11	1.07847
1921.67	1.52641
1922.22	0.143247
1922.78	0.386883
1923.33	0.126848
1923.89	0.0132872
1924.44	0.704204
1925	0.384513
1925.56	0.834033
1926.11	0.139652
1926.67	0.983807
1927.22	0.642862
1927.78	0.675638
1928.33	0.83939
1928.89	0.843612
1929.44	0.213704
1930	1.08858
1930.56	0.00961652
1931.11	0.387413
1931.67	1.07822
1932.22	0.308452
1932.78	1.05366
1933.33	1.4701
1933.89	1.25352
1934.44	0.496255
1935	0.198611
1935.56	0.477935
1936.11	1.36694
1936.67	0.149055
1937.22	0.0247264
1937.78	0.21321
1938.33	0.777042
1938.89	0.112529
1939.44	0.967694
1940	1.15496
1940.56	0.421287
1941.11	2.17563
1941.67	0.345793
1942.22	0.0366481
1942.78	0.446772
1943.33	0.0762013
1943.89	1.37767
1944.44	1.80276
1945	0.0899902
1945.56	0.49696
1946.11	1.06009
1946.67	0.0779793
1947.22	0.963405
1947.78	0.0551644
1948.33	0.465505
1948.89	1.41109
1949.44	0.501927
1950	0.269707
1950.56	0.156147
1951.11	1.36664
1951.67	0.506491
1952.22	0.708951
1952.78	0.430581
1953.33	0.262279
1953.89	1.22795
1954.44	1.16311
1955	1.43863
1955.56	1.14239
1956.11	0.674213
1956.67	0.336445
1957.22	0.858564
1957.78	0.748507
1958.33	0.184189
1958.89	0.0508107
1959.44	0.640464
1960	1.14034
1960.56	0.90744
1961.11	0.190161
1961.67	0.339063
1962.22	0.0726746
1962.78	0.416352
1963.33	0.36424
1963.89	0.508232
1964.44	0.279604
1965	0.291626
1965.56	0.444835
1966.11	0.531389
1966.67	0.582485
1967.22	0.625819
1967.78	0.955703
1968.33	1.13547
1968.89	0.523581
1969.44	0.90201
1970	0.164202
1970.56	0.245545
1971.11	0.426586
1971.67	0.5661
1972.22	0.400829
1972.78	0.134947
1973.33	0.853381
1973.89	0.274286
1974.44	0.147266
1975	0.0126543
1975.56	0.653978
1976.11	1.22593
1976.67	0.377692
1977.22	0.395647
1977.78	0.810327
1978.33	0.857898
1978.89	1.3051
1979.44	2.24843
1980	1.22573
1980.56	0.257649
1981.11	1.00742
1981.67	0.649603
1982.22	0.928991
1982.78	1.45138
1983.33	0.0353483
1983.89	1.70318
1984.44	0.31961
1985	0.567637
1985.56	0.408582
1986.11	0.139444
1986.67	0.444448
1987.22	0.125474
1987.78	1.03196
1988.33	0.543383
1988.89	0.848494
1989.44	0.281451
1990	0.704432
1990.56	1.03569
1991.11	0.618501
1991.67	1.38243
1992.22	2.53714
1992.78	1.12904
1993.33	1.15341
1993.89	0.104806
1994.44	0.395171
1995	0.548919
1995.56	0.799285
1996.11	0.731007
1996.67	0.412965
1997.22	1.59653
1997.78	0.308906
1998.33	0.876405
1998.89	1.62757
1999.44	1.96021
2000	1.68712
