t	etaU
0	6.34549e-15
0.555556	0.334201
1.11111	0.680136
1.66667	0.461141
2.22222	0.690401
2.77778	2.00259
3.33333	1.47828
3.88889	1.53786
4.44444	1.20091
5	1.61448
5.55556	1.31455
6.11111	2.96915
6.66667	0.938326
7.22222	2.23055
7.77778	1.65708
8.33333	3.07975
8.88889	0.370006
9.44444	0.698061
10	3.11503
10.5556	0.566428
11.1111	0.757037
11.6667	1.46752
12.2222	1.93069
12.7778	1.79304
13.3333	0.998522
13.8889	0.76924
14.4444	1.01321
15	1.76907
15.5556	0.556918
16.1111	1.58286
16.6667	1.6946
17.2222	0.360458
17.7778	1.39596
18.3333	0.366573
18.8889	0.511736
19.4444	0.373237
20	1.13666
20.5556	1.63287
21.1111	0.476022
21.6667	1.44007
22.2222	1.53068
22.7778	0.379514
23.3333	0.931856
23.8889	1.13384
24.4444	0.0549703
25	0.496099
25.5556	1.18165
26.1111	0.0538908
26.6667	0.182478
27.2222	0.750666
27.7778	0.215416
28.3333	1.59219
28.8889	1.7635
29.4444	1.78259
30	0.806393
30.5556	0.189685
31.1111	0.697473
31.6667	0.220721
32.2222	0.258481
32.7778	1.26597
33.3333	0.151779
33.8889	0.470195
34.4444	0.676159
35	0.138557
35.5556	0.67926
36.1111	0.671114
36.6667	1.61741
37.2222	0.294097
37.7778	1.14218
38.3333	0.495157
38.8889	0.603341
39.4444	0.580575
40	0.171718
40.5556	0.635072
41.1111	1.10584
41.6667	2.32442
42.2222	0.716143
42.7778	0.553237
43.3333	0.220604
43.8889	0.927739
44.4444	1.2867
45	0.20063
45.5556	0.446473
46.1111	0.68853
46.6667	0.462725
47.2222	0.464435
47.7778	0.463721
48.3333	0.0948536
48.8889	0.0247738
49.4444	0.263439
50	0.594764
50.5556	0.128455
51.1111	0.492769
51.6667	1.14736
52.2222	0.699814
52.7778	0.412102
53.3333	0.329551
53.8889	0.39736
54.4444	0.533761
55	1.17781
55.5556	0.47233
56.1111	0.150053
56.6667	1.17758
57.2222	0.574925
57.7778	0.504207
58.3333	0.285487
58.8889	0.182691
59.4444	0.22166
60	0.327891
60.5556	0.0576539
61.1111	1.29102
61.6667	0.161649
62.2222	0.939896
62.7778	0.767318
63.3333	0.131685
63.8889	1.10294
64.4444	0.871609
65	0.33785
65.5556	0.0188356
66.1111	0.603456
66.6667	0.310168
67.2222	0.523821
67.7778	0.084042
68.3333	0.816015
68.8889	1.58526
69.4444	0.180768
70	1.16427
70.5556	0.526146
71.1111	0.0570234
71.6667	0.87898
72.2222	0.109302
72.7778	1.09634
73.3333	0.216335
73.8889	0.672424
74.4444	0.298501
75	0.452939
75.5556	0.0610977
76.1111	0.171741
76.6667	0.448701
77.2222	0.0908668
77.7778	0.363829
78.3333	0.365038
78.8889	0.409292
79.4444	1.40392
80	0.974216
80.5556	0.171372
81.1111	0.532616
81.6667	0.319289
82.2222	0.0586764
82.7778	0.793543
83.3333	0.0759088
83.8889	0.845867
84.4444	1.37665
85	0.701112
85.5556	0.769309
86.1111	0.371656
86.6667	0.644782
87.2222	0.0839298
87.7778	0.932166
88.3333	0.566603
88.8889	0.0214809
89.4444	0.364006
90	0.296084
90.5556	0.105477
91.1111	0.134366
91.6667	0.437428
92.2222	0.137551
92.7778	0.677129
93.3333	1.16165
93.8889	0.0531758
94.4444	0.122876
95	0.522894
95.5556	0.584635
96.1111	0.37569
96.6667	0.643503
97.2222	0.271865
97.7778	0.414974
98.3333	0.413776
98.8889	0.816637
99.4444	0.128528
100	0.0291488
100.556	0.0232784
101.111	0.0866375
101.667	0.358971
102.222	0.883232
102.778	0.347213
103.333	0.511799
103.889	0.513337
104.444	0.473141
105	0.0696579
105.556	0.0422886
106.111	0.0128015
106.667	0.0300296
107.222	0.882098
107.778	0.269094
108.333	0.953388
108.889	0.757244
109.444	0.808211
110	0.178507
110.556	0.351124
111.111	0.539663
111.667	0.639342
112.222	0.0537665
112.778	0.928725
113.333	0.0194073
113.889	0.152356
114.444	0.638878
115	0.635467
115.556	0.913154
116.111	0.160699
116.667	0.186644
117.222	1.01949
117.778	0.250059
118.333	1.0107
118.889	0.18635
119.444	0.436192
120	0.225335
120.556	0.395936
121.111	0.464231
121.667	0.124984
122.222	0.585602
122.778	0.639236
123.333	0.131398
123.889	0.751065
124.444	0.410835
125	0.205374
125.556	0.25033
126.111	0.864962
126.667	0.124283
127.222	0.58881
127.778	0.822757
128.333	0.705151
128.889	0.0505342
129.444	0.0327518
130	0.364957
130.556	0.468611
131.111	0.0988333
131.667	0.154348
132.222	0.439531
132.778	0.202162
133.333	0.316752
133.889	0.220993
134.444	2.30985
135	0.35215
135.556	0.165072
136.111	0.0885317
136.667	0.107002
137.222	0.713422
137.778	0.230439
138.333	0.176424
138.889	0.806992
139.444	0.150992
140	1.09972
140.556	0.722316
141.111	0.635135
141.667	0.201464
142.222	0.209419
142.778	1.04454
143.333	0.328969
143.889	0.708754
144.444	0.295788
145	0.379882
145.556	0.0758557
146.111	0.53143
146.667	0.381452
147.222	0.00190112
147.778	0.563669
148.333	0.462709
148.889	0.275739
149.444	0.339559
150	0.215131
150.556	0.123044
151.111	0.797761
151.667	0.345957
152.222	1.112
152.778	0.11657
153.333	0.537227
153.889	0.27302
154.444	0.00995025
155	0.0452463
155.556	1.19436
156.111	0.0274747
156.667	0.129091
157.222	0.515549
157.778	0.273788
158.333	0.36862
158.889	0.299168
159.444	0.284391
160	0.0564355
160.556	0.110959
161.111	0.186923
161.667	0.711515
162.222	0.194751
162.778	0.695479
163.333	0.367993
163.889	0.034332
164.444	0.238711
165	0.0437257
165.556	0.29969
166.111	0.0771031
166.667	0.541753
167.222	0.307116
167.778	0.935684
168.333	0.192302
168.889	0.112197
169.444	0.106623
170	0.478067
170.556	0.558292
171.111	0.609593
171.667	0.517392
172.222	0.0209221
172.778	0.206615
173.333	0.467364
173.889	0.0608196
174.444	0.273496
175	0.181586
175.556	0.268689
176.111	0.149825
176.667	1.03269
177.222	0.130335
177.778	0.156158
178.333	0.0383344
178.889	0.32674
179.444	0.116682
180	0.0830537
180.556	0.593769
181.111	0.240329
181.667	0.182545
182.222	0.0799559
182.778	0.319835
183.333	0.272548
183.889	0.371115
184.444	0.148501
185	0.465679
185.556	0.0442539
186.111	0.705035
186.667	0.136533
187.222	0.336456
187.778	0.0969075
188.333	0.133348
188.889	0.0657235
189.444	0.247826
190	0.0699605
190.556	0.883806
191.111	0.417625
191.667	0.13331
192.222	0.701364
192.778	0.0885661
193.333	0.457136
193.889	0.000511806
194.444	0.495326
195	0.0943417
195.556	0.600416
196.111	0.528077
196.667	0.293512
197.222	0.230144
197.778	0.14709
198.333	0.0226732
198.889	0.207778
199.444	0.523074
200	0.293518
200.556	0.381198
201.111	0.18267
201.667	0.102135
202.222	0.497179
202.778	0.101473
203.333	0.0791656
203.889	0.102087
204.444	0.658599
205	0.517863
205.556	0.205233
206.111	0.66991
206.667	0.202888
207.222	0.154727
207.778	0.368934
208.333	0.140277
208.889	0.048654
209.444	0.142146
210	0.596356
210.556	0.0561958
211.111	0.237636
211.667	0.345345
212.222	0.101364
212.778	0.0406517
213.333	0.280265
213.889	0.284067
214.444	0.312499
215	0.132846
215.556	0.213325
216.111	0.311181
216.667	0.362255
217.222	0.186126
217.778	0.00793878
218.333	0.0166052
218.889	0.28191
219.444	0.523287
220	0.37203
220.556	0.0935501
221.111	0.0494426
221.667	0.224517
222.222	0.206239
222.778	0.208318
223.333	0.572108
223.889	0.145204
224.444	0.144785
225	0.360184
225.556	0.146708
226.111	0.11793
226.667	0.157627
227.222	0.047526
227.778	0.373811
228.333	0.267547
228.889	0.0751095
229.444	0.00662699
230	0.20699
230.556	0.0437118
231.111	0.202253
231.667	0.261009
232.222	0.402176
232.778	0.00890588
233.333	0.159192
233.889	0.368373
234.444	0.122834
235	0.254155
235.556	0.0563182
236.111	0.0984023
236.667	0.109694
237.222	0.102241
237.778	0.221772
238.333	0.330876
238.889	0.154174
239.444	0.0673563
240	0.210387
240.556	0.273913
241.111	0.078035
241.667	0.0314064
242.222	0.0895059
242.778	0.00421678
243.333	0.24167
243.889	0.141683
244.444	0.11283
245	0.240671
245.556	0.368173
246.111	0.0283702
246.667	0.515839
247.222	0.00317459
247.778	0.0550003
248.333	0.0886314
248.889	0.0893772
249.444	0.0130444
250	0.469422
250.556	0.146786
251.111	0.104876
251.667	0.431328
252.222	0.03398
252.778	0.154553
253.333	0.318638
253.889	0.0420696
254.444	0.141809
255	0.17833
255.556	0.0153432
256.111	0.186254
256.667	0.14615
257.222	0.147402
257.778	0.147557
258.333	0.0397945
258.889	0.128179
259.444	0.0885438
260	0.27578
260.556	0.27837
261.111	0.145376
261.667	0.106401
262.222	0.170558
262.778	0.0272944
263.333	0.16643
263.889	0.13172
264.444	0.335635
265	0.0235106
265.556	0.226992
266.111	0.226896
266.667	0.0124388
267.222	0.0369674
267.778	0.0627129
268.333	0.0268083
268.889	0.292236
269.444	0.143046
270	0.231335
270.556	0.00310327
271.111	0.0264397
271.667	0.106076
272.222	0.116767
272.778	0.0489858
273.333	0.0994639
273.889	0.0719569
274.444	0.141051
275	0.00909653
275.556	0.190647
276.111	0.244571
276.667	0.117289
277.222	0.0710349
277.778	0.154668
278.333	0.0653152
278.889	0.172069
279.444	0.0685567
280	0.0224455
280.556	0.0213684
281.111	0.0122048
281.667	0.0116064
282.222	0.258046
282.778	0.0488661
283.333	0.183964
283.889	0.113914
284.444	0.170252
285	0.0823341
285.556	0.0355711
286.111	0.0318616
286.667	0.135744
287.222	0.243473
287.778	0.123568
288.333	0.0561973
288.889	0.0756691
289.444	0.200323
290	0.169291
290.556	0.0326121
291.111	0.0259788
291.667	0.025103
292.222	0.0566739
292.778	0.0366853
293.333	0.0248029
293.889	0.0937494
294.444	0.0289538
295	0.00583467
295.556	0.0583586
296.111	0.113651
296.667	0.0683889
297.222	0.135222
297.778	0.0156391
298.333	0.04319
298.889	0.13278
299.444	0.09381
300	0.17973
300.556	0.151579
301.111	0.0725329
301.667	0.147114
302.222	0.0505034
302.778	0.064669
303.333	0.0157675
303.889	0.00942958
304.444	0.0561771
305	0.0829704
305.556	0.00291351
306.111	0.00181092
306.667	0.109224
307.222	0.0463303
307.778	0.183913
308.333	0.178674
308.889	0.0398274
309.444	0.119148
310	0.258383
310.556	0.200732
311.111	0.131804
311.667	0.000174593
312.222	0.0212119
312.778	0.0675515
313.333	0.0425012
313.889	0.176696
314.444	0.0481776
315	0.199496
315.556	0.103697
316.111	0.111621
316.667	0.117254
317.222	0.109773
317.778	0.0503971
318.333	0.00613245
318.889	0.0056679
319.444	0.11564
320	0.0429057
320.556	0.00438039
321.111	0.0796309
321.667	0.155695
322.222	0.0932755
322.778	0.0505841
323.333	0.017626
323.889	0.0662453
324.444	0.178195
325	0.0324457
325.556	0.168764
326.111	0.0637872
326.667	0.163034
327.222	0.019118
327.778	0.0404072
328.333	0.0704658
328.889	0.0543211
329.444	0.060851
330	0.0508335
330.556	0.120444
331.111	0.0497997
331.667	0.0131777
332.222	0.00741926
332.778	0.177099
333.333	0.147325
333.889	0.0826084
334.444	0.0765899
335	0.00234739
335.556	0.0238647
336.111	0.00685066
336.667	0.190768
337.222	0.0329651
337.778	0.10171
338.333	0.0883239
338.889	0.0415229
339.444	0.0981805
340	0.0778188
340.556	0.0534706
341.111	0.0411006
341.667	0.0812078
342.222	0.0998514
342.778	0.0300098
343.333	0.0726414
343.889	0.0364981
344.444	0.0527765
345	0.00951496
345.556	0.00957632
346.111	0.0214043
346.667	0.162402
347.222	0.0202934
347.778	0.144998
348.333	0.0251711
348.889	0.108679
349.444	0.0636855
350	0.0338801
350.556	0.0773133
351.111	0.0607348
351.667	0.0969014
352.222	0.0427866
352.778	0.0176468
353.333	0.119979
353.889	0.0909489
354.444	0.109359
355	0.0200306
355.556	0.0391828
356.111	0.05144
356.667	0.024595
357.222	0.0340163
357.778	0.00706857
358.333	0.0935671
358.889	0.112687
359.444	0.0130435
360	0.0790976
360.556	0.168767
361.111	0.0120917
361.667	0.0540969
362.222	0.100118
362.778	0.00742316
363.333	0.0101099
363.889	0.0122873
364.444	0.0920792
365	0.20792
365.556	0.0568258
366.111	0.0315601
366.667	0.0417685
367.222	0.0117037
367.778	0.104419
368.333	0.0122775
368.889	0.0457897
369.444	0.0824105
370	0.0433512
370.556	0.0885556
371.111	0.0122288
371.667	0.102241
372.222	0.13814
372.778	0.100756
373.333	0.0376531
373.889	0.0361514
374.444	0.0154177
375	0.0196853
375.556	0.00315207
376.111	0.0256791
376.667	0.142415
377.222	0.0600755
377.778	0.0745237
378.333	0.113938
378.889	0.043963
379.444	0.0479635
380	0.0258493
380.556	0.0776054
381.111	0.0270339
381.667	0.0223136
382.222	0.0406257
382.778	0.0726172
383.333	0.102339
383.889	0.0313533
384.444	0.00579116
385	0.0571187
385.556	0.0473724
386.111	0.0591817
386.667	0.10165
387.222	0.0689159
387.778	0.0310516
388.333	0.0323372
388.889	0.0237057
389.444	0.0653494
390	0.0266187
390.556	0.0994861
391.111	0.0664704
391.667	0.0464995
392.222	0.0548493
392.778	0.0904951
393.333	0.047329
393.889	0.0896796
394.444	0.0413395
395	0.11753
395.556	0.0512076
396.111	0.0686171
396.667	0.0890484
397.222	0.0917064
397.778	0.0536363
398.333	0.0458999
398.889	0.0542085
399.444	0.106256
400	0.0244902
400.556	0.0586947
401.111	0.0824532
401.667	0.0849264
402.222	0.0525294
402.778	0.0160697
403.333	0.0745042
403.889	0.00804139
404.444	0.0605631
405	0.070386
405.556	0.034617
406.111	0.0461675
406.667	0.0468601
407.222	0.0658561
407.778	0.0795791
408.333	0.0569012
408.889	0.0713883
409.444	0.00463627
410	0.0228748
410.556	0.00975234
411.111	0.0231027
411.667	0.0398453
412.222	0.00430494
412.778	0.0903562
413.333	0.0100756
413.889	0.0061872
414.444	0.115891
415	0.121242
415.556	0.0614054
416.111	0.00294663
416.667	0.0028072
417.222	0.0297813
417.778	0.0876991
418.333	0.0151402
418.889	0.00845243
419.444	0.0228747
420	0.0412085
420.556	0.0337287
421.111	0.00206222
421.667	0.075466
422.222	0.114133
422.778	0.0943752
423.333	0.0294725
423.889	0.0629178
424.444	0.0932175
425	0.0739788
425.556	0.0644017
426.111	0.0106025
426.667	0.0135497
427.222	0.0600608
427.778	0.0106189
428.333	0.02133
428.889	0.0765865
429.444	0.119376
430	0.00426294
430.556	0.0250816
431.111	0.00913159
431.667	0.05704
432.222	0.00120919
432.778	0.0272941
433.333	0.0964974
433.889	0.027058
434.444	0.0232567
435	0.0149783
435.556	0.109426
436.111	0.0327822
436.667	0.0376551
437.222	0.0401506
437.778	0.0191558
438.333	0.0158612
438.889	0.0292553
439.444	0.0102128
440	0.0172569
440.556	0.0473494
441.111	0.0305956
441.667	0.0351257
442.222	0.105557
442.778	0.079058
443.333	0.0365762
443.889	0.0586411
444.444	0.0135378
445	0.0694857
445.556	0.0517636
446.111	0.00216332
446.667	0.0598013
447.222	0.099754
447.778	0.0264722
448.333	0.016105
448.889	0.0432267
449.444	0.117689
450	0.0437298
450.556	0.0589241
451.111	0.0139125
451.667	0.00397442
452.222	0.0751389
452.778	0.0525587
453.333	0.0628997
453.889	0.0135419
454.444	0.094815
455	0.0208736
455.556	0.0216593
456.111	0.037208
456.667	0.102644
457.222	0.0176814
457.778	0.0280267
458.333	0.0351108
458.889	0.0254172
459.444	0.0029139
460	0.0227195
460.556	0.077764
461.111	0.0193592
461.667	0.0536831
462.222	0.0424266
462.778	0.0415772
463.333	0.0311744
463.889	0.0673247
464.444	0.0198606
465	0.0165891
465.556	0.0210036
466.111	0.00156448
466.667	0.00336409
467.222	0.0801847
467.778	0.0388597
468.333	0.0720747
468.889	0.00133334
469.444	0.0555673
470	0.0284019
470.556	0.0604039
471.111	0.00295745
471.667	0.0221889
472.222	0.0680032
472.778	0.00429251
473.333	0.0129709
473.889	0.0327442
474.444	0.105032
475	0.0243467
475.556	0.0828744
476.111	0.0263151
476.667	0.0258017
477.222	0.0247676
477.778	0.067977
478.333	0.00406931
478.889	0.0190947
479.444	0.13741
480	0.00111595
480.556	0.0370721
481.111	0.0275985
481.667	0.0961696
482.222	0.00130513
482.778	0.0336597
483.333	0.0186566
483.889	0.0305858
484.444	0.0153099
485	0.00203684
485.556	0.0221244
486.111	0.00788744
486.667	0.076776
487.222	0.0195004
487.778	0.0315798
488.333	0.0792676
488.889	0.0475634
489.444	0.00686015
490	0.00936042
490.556	0.0371609
491.111	0.0270901
491.667	0.00571952
492.222	0.0995008
492.778	0.0229232
493.333	0.0344369
493.889	0.0371993
494.444	0.0558008
495	0.021068
495.556	0.077459
496.111	0.0231357
496.667	0.0125793
497.222	0.0415005
497.778	0.000817504
498.333	0.0062421
498.889	0.0308215
499.444	0.106535
500	0.00448777
500.556	0.0388566
501.111	0.0286517
501.667	0.060643
502.222	0.0183868
502.778	0.0531773
503.333	0.0725919
503.889	0.00886055
504.444	0.0433376
505	0.0401928
505.556	0.00532559
506.111	0.0573707
506.667	0.111185
507.222	0.0532011
507.778	0.0340465
508.333	0.0029355
508.889	0.0557588
509.444	0.0206741
510	0.0372897
510.556	0.0541069
511.111	0.0634976
511.667	0.0726607
512.222	0.0146598
512.778	0.000152903
513.333	0.0515144
513.889	0.0766119
514.444	0.0736876
515	0.0266302
515.556	0.00955336
516.111	0.0384498
516.667	0.0197867
517.222	0.0287593
517.778	0.0311877
518.333	0.0727903
518.889	0.0372215
519.444	0.0105575
520	0.0123776
520.556	0.0613181
521.111	0.0249361
521.667	0.0469811
522.222	0.00170374
522.778	0.0105292
523.333	0.00485566
523.889	0.0342199
524.444	0.0668848
525	0.022804
525.556	0.0649274
526.111	0.032475
526.667	0.0852379
527.222	0.0246477
527.778	0.0325388
528.333	0.0233053
528.889	0.0321407
529.444	0.033145
530	0.0304386
530.556	0.0386533
531.111	0.061235
531.667	0.0616952
532.222	0.0692315
532.778	0.0358965
533.333	0.00212238
533.889	0.0784429
534.444	0.0720871
535	0.0186089
535.556	0.0441079
536.111	0.0670246
536.667	0.0289519
537.222	0.034234
537.778	0.0333363
538.333	0.121596
538.889	0.063398
539.444	0.0546031
540	0.00501192
540.556	0.0194104
541.111	0.0550819
541.667	0.0696259
542.222	0.0371785
542.778	0.0248493
543.333	0.0543013
543.889	0.0228151
544.444	0.00883893
545	0.00714694
545.556	0.0961608
546.111	0.00125662
546.667	0.0235603
547.222	0.00209146
547.778	0.0290427
548.333	0.001643
548.889	0.0113847
549.444	0.0382586
550	0.05141
550.556	0.0631855
551.111	0.0316238
551.667	0.025395
552.222	0.0549781
552.778	0.0558215
553.333	0.0288745
553.889	0.027473
554.444	0.0153309
555	0.00325234
555.556	0.0172702
556.111	0.0501127
556.667	0.040958
557.222	0.0875021
557.778	0.000946956
558.333	0.0529705
558.889	0.0261417
559.444	0.102842
560	0.0316952
560.556	0.00214885
561.111	0.0698537
561.667	0.0316281
562.222	0.00551982
562.778	0.00729427
563.333	0.109216
563.889	0.00166937
564.444	0.0708276
565	0.0212999
565.556	0.065323
566.111	0.0108727
566.667	0.0670594
567.222	0.0276883
567.778	0.0102904
568.333	0.0899732
568.889	0.0249151
569.444	0.0173053
570	0.0207559
570.556	0.0898452
571.111	0.0230854
571.667	0.0653648
572.222	0.00744705
572.778	0.0431784
573.333	0.0139886
573.889	0.0244461
574.444	0.0357186
575	0.0275576
575.556	0.0462513
576.111	0.00501278
576.667	0.0239127
577.222	0.0713211
577.778	0.0417113
578.333	0.0265445
578.889	0.00230917
579.444	0.0210753
580	0.032712
580.556	0.0264413
581.111	0.0616592
581.667	0.00845029
582.222	0.0393409
582.778	0.018656
583.333	0.038718
583.889	0.000342486
584.444	0.095684
585	0.0087344
585.556	0.00228645
586.111	0.0199362
586.667	0.0499604
587.222	0.00872786
587.778	0.0114288
588.333	0.0996131
588.889	0.0403936
589.444	0.0438663
590	0.0104225
590.556	0.0664575
591.111	0.022184
591.667	0.0937609
592.222	0.0473356
592.778	0.0228198
593.333	0.041459
593.889	0.0378004
594.444	0.0121891
595	0.0284159
595.556	0.0886824
596.111	0.0651294
596.667	0.0372172
597.222	0.020639
597.778	0.0574943
598.333	0.0263805
598.889	0.0592401
599.444	0.0467696
600	0.0638096
600.556	0.0325889
601.111	0.0133278
601.667	0.00408497
602.222	0.0613846
602.778	0.0506317
603.333	0.0434772
603.889	0.00176274
604.444	0.04439
605	0.0189027
605.556	0.0258731
606.111	0.00354026
606.667	0.00969258
607.222	0.0644852
607.778	0.010986
608.333	0.0463308
608.889	0.0294802
609.444	0.0745483
610	0.00349851
610.556	0.0156155
611.111	0.00567106
611.667	0.0668525
612.222	0.0219144
612.778	0.0117721
613.333	0.060857
613.889	0.0349011
614.444	0.0368036
615	0.00355104
615.556	0.0607422
616.111	0.0713941
616.667	0.0582895
617.222	0.0353826
617.778	0.0182269
618.333	0.00359236
618.889	0.0555676
619.444	0.0405648
620	0.0507675
620.556	0.0650138
621.111	0.0524413
621.667	0.0206249
622.222	0.0070593
622.778	0.0599925
623.333	0.0839182
623.889	0.0344104
624.444	0.0303159
625	0.0478116
625.556	0.00323066
626.111	0.0342146
626.667	0.0141706
627.222	0.0741601
627.778	0.033356
628.333	0.0447995
628.889	0.0189475
629.444	0.0255071
630	0.0201809
630.556	0.0515777
631.111	0.00499503
631.667	0.00740543
632.222	0.0220792
632.778	0.0146723
633.333	0.00688616
633.889	0.0203328
634.444	0.074742
635	0.0168982
635.556	0.00409545
636.111	0.0332212
636.667	0.0424405
637.222	0.0211864
637.778	0.00782592
638.333	0.0417049
638.889	0.0532511
639.444	0.0111933
640	0.00984722
640.556	0.0289935
641.111	0.0667351
641.667	0.0512311
642.222	0.0552405
642.778	0.0158759
643.333	0.0510966
643.889	0.0495288
644.444	0.0363538
645	0.0267471
645.556	0.0378008
646.111	0.0915123
646.667	0.0123861
647.222	0.0306502
647.778	0.027534
648.333	0.0856088
648.889	0.0253938
649.444	0.0454097
650	0.0510187
650.556	0.0415506
651.111	0.0139755
651.667	0.0231645
652.222	0.0633281
652.778	0.00662009
653.333	0.0736433
653.889	0.000467001
654.444	0.0482837
655	0.00220816
655.556	0.0683683
656.111	0.00417985
656.667	0.0107472
657.222	0.038772
657.778	0.0226664
658.333	0.00379966
658.889	0.0280523
659.444	0.0539674
660	0.00585769
660.556	0.0396388
661.111	0.0208792
661.667	0.0432195
662.222	0.0367002
662.778	0.0111731
663.333	0.00682462
663.889	0.0340137
664.444	0.021927
665	0.00546777
665.556	0.0218809
666.111	0.0744803
666.667	0.0219041
667.222	0.0241344
667.778	0.000664262
668.333	0.0432563
668.889	0.0236003
669.444	0.0672315
670	0.0455238
670.556	0.0141963
671.111	0.053491
671.667	0.00957772
672.222	0.038417
672.778	0.0184634
673.333	0.101041
673.889	0.0244993
674.444	0.0106517
675	0.0225885
675.556	0.062464
676.111	0.000174023
676.667	0.0421154
677.222	0.0732995
677.778	0.0357766
678.333	0.0495221
678.889	0.0211974
679.444	0.0347939
680	0.0202006
680.556	0.100382
681.111	0.0309887
681.667	0.0103488
682.222	0.0140551
682.778	0.0464016
683.333	0.0053819
683.889	0.00267614
684.444	0.0668665
685	0.0467328
685.556	0.0246274
686.111	0.0156277
686.667	0.0266518
687.222	0.0451284
687.778	0.049435
688.333	0.0190557
688.889	0.0304566
689.444	0.00846882
690	0.00237602
690.556	0.00376113
691.111	0.0550566
691.667	0.0281865
692.222	0.0352537
692.778	0.00122042
693.333	0.0584666
693.889	0.00683777
694.444	0.036304
695	0.0142428
695.556	0.0100874
696.111	0.0408062
696.667	0.0357932
697.222	0.0354131
697.778	0.0387411
698.333	0.0775756
698.889	0.0255488
699.444	0.0089009
700	0.00643958
700.556	0.0757862
701.111	0.0375609
701.667	0.0119222
702.222	0.0551899
702.778	0.0394279
703.333	0.0294433
703.889	0.0276795
704.444	0.0599334
705	0.0608428
705.556	0.0652308
706.111	0.0445272
706.667	0.00342688
707.222	0.00479514
707.778	0.0728685
708.333	0.0536748
708.889	0.0216541
709.444	0.0388447
710	0.0553487
710.556	0.0144334
711.111	0.0012973
711.667	0.0442561
712.222	0.0702722
712.778	0.0233702
713.333	0.0276897
713.889	0.0192783
714.444	0.0180981
715	0.0277335
715.556	0.0269219
716.111	0.0525837
716.667	0.0015275
717.222	0.0364619
717.778	0.0196137
718.333	0.0307383
718.889	0.00635664
719.444	0.0528089
720	0.0160452
720.556	0.0194714
721.111	0.0049065
721.667	0.0118914
722.222	0.0176044
722.778	0.0220707
723.333	0.0542115
723.889	0.0393454
724.444	0.00438744
725	0.0350566
725.556	0.0587713
726.111	0.0389595
726.667	0.0174
727.222	0.0377563
727.778	0.0644059
728.333	0.0154888
728.889	0.00139861
729.444	0.042543
730	0.0629165
730.556	0.0443515
731.111	0.062044
731.667	0.0315027
732.222	0.0468495
732.778	0.0413605
733.333	0.0574143
733.889	0.0193768
734.444	0.0237896
735	0.0819208
735.556	0.0234538
736.111	0.0151671
736.667	0.0252295
737.222	0.0823025
737.778	0.0182206
738.333	0.0395973
738.889	0.0370573
739.444	0.0530188
740	0.00244511
740.556	0.0326188
741.111	0.0310058
741.667	0.00288072
742.222	0.0560222
742.778	0.0121773
743.333	0.0351134
743.889	0.0200405
744.444	0.0586449
745	0.00497999
745.556	0.000210276
746.111	0.0108306
746.667	0.0334529
747.222	0.0249881
747.778	0.0263285
748.333	0.0281989
748.889	0.0267646
749.444	0.0142773
750	0.0205106
750.556	0.0395
751.111	0.0637782
751.667	0.00231213
752.222	0.00305027
752.778	0.0332857
753.333	0.0237806
753.889	0.00679305
754.444	0.0363479
755	0.0805642
755.556	0.000148142
756.111	0.0274227
756.667	0.0183054
757.222	0.0484469
757.778	0.0232612
758.333	0.0767816
758.889	0.0432882
759.444	0.0113989
760	0.0435374
760.556	0.0416927
761.111	0.0155838
761.667	0.0206209
762.222	0.0974482
762.778	0.0251455
763.333	0.0179577
763.889	0.0184539
764.444	0.0575881
765	0.00358488
765.556	0.0506504
766.111	0.0567641
766.667	0.0279275
767.222	0.0292298
767.778	0.0231639
768.333	0.0193583
768.889	0.0159995
769.444	0.073961
770	0.0308271
770.556	0.00431278
771.111	0.0109288
771.667	0.0343446
772.222	0.00868791
772.778	0.00369575
773.333	0.0351122
773.889	0.0368728
774.444	0.00332716
775	0.0238877
775.556	0.0132188
776.111	0.0430394
776.667	0.0193173
777.222	0.0151142
777.778	0.0212419
778.333	0.0473872
778.889	0.00795486
779.444	0.00202081
780	0.0461517
780.556	0.00759061
781.111	0.0336795
781.667	0.0174359
782.222	0.0700594
782.778	0.0152629
783.333	0.051724
783.889	0.0256486
784.444	0.0218125
785	0.0278479
785.556	0.059041
786.111	0.0476777
786.667	0.0126191
787.222	0.0636803
787.778	0.0424037
788.333	0.0186674
788.889	0.0164974
789.444	0.0824949
790	0.0413382
790.556	0.034236
791.111	0.0440174
791.667	0.0388743
792.222	0.0251404
792.778	0.0394704
793.333	0.0561749
793.889	0.0360755
794.444	0.0462285
795	0.0412905
795.556	0.00704554
796.111	0.002535
796.667	0.0533826
797.222	0.0459923
797.778	0.0050103
798.333	0.0174614
798.889	0.0319363
799.444	0.00932564
800	0.00196478
800.556	0.0219305
801.111	0.0572857
801.667	0.00868766
802.222	0.00375115
802.778	0.00186743
803.333	0.0261178
803.889	0.00448805
804.444	0.0244418
805	0.0354809
805.556	0.030277
806.111	0.0100025
806.667	0.00390651
807.222	0.0372995
807.778	0.0224634
808.333	0.0536234
808.889	0.0295739
809.444	0.0391724
810	0.00912348
810.556	0.0368276
811.111	0.0395684
811.667	0.0152832
812.222	0.0515796
812.778	0.061847
813.333	0.0191744
813.889	0.0121418
814.444	0.0538273
815	0.0554126
815.556	0.0305934
816.111	0.0425741
816.667	0.0656621
817.222	0.0269394
817.778	0.0247324
818.333	0.0445155
818.889	0.0495603
819.444	0.0404566
820	0.0597573
820.556	0.0327109
821.111	0.0288986
821.667	0.0338835
822.222	0.0558499
822.778	0.0020829
823.333	0.0271785
823.889	0.054504
824.444	0.030297
825	0.00365913
825.556	0.0106939
826.111	0.0544796
826.667	0.0135259
827.222	0.0316941
827.778	0.0195184
828.333	0.0439303
828.889	0.00652654
829.444	0.0197145
830	0.0195903
830.556	0.00758168
831.111	0.0208151
831.667	0.0145906
832.222	0.0324265
832.778	0.0350697
833.333	0.0295777
833.889	0.0123546
834.444	0.00836122
835	0.0160871
835.556	0.0405575
836.111	0.0411421
836.667	0.0337849
837.222	0.00823457
837.778	0.0332497
838.333	0.0144383
838.889	0.0146233
839.444	0.0443079
840	0.0745864
840.556	0.0131945
841.111	0.0165757
841.667	0.0380865
842.222	0.0451667
842.778	0.0204845
843.333	0.0517349
843.889	0.0706196
844.444	0.0101531
845	0.0419305
845.556	0.030752
846.111	0.0399731
846.667	0.0302095
847.222	0.0779462
847.778	0.0399373
848.333	0.00234857
848.889	0.0358366
849.444	0.0423028
850	0.00473036
850.556	0.0304799
851.111	0.0706739
851.667	0.029244
852.222	0.0235439
852.778	0.0104227
853.333	0.0434974
853.889	0.00104359
854.444	0.0424802
855	0.0344548
855.556	0.0262553
856.111	0.00977697
856.667	0.010582
857.222	0.0187192
857.778	0.0124768
858.333	0.0346598
858.889	0.0266307
859.444	0.0116131
860	0.0286115
860.556	0.0186828
861.111	0.0230677
861.667	0.00459172
862.222	0.0067135
862.778	0.042204
863.333	0.0254533
863.889	0.0317233
864.444	0.00961097
865	0.0477174
865.556	0.00833898
866.111	0.00868361
866.667	0.0347262
867.222	0.0600542
867.778	0.0188449
868.333	0.025037
868.889	0.0454901
869.444	0.027342
870	0.0332854
870.556	0.0396749
871.111	0.065709
871.667	0.0156644
872.222	0.0577271
872.778	0.0355607
873.333	0.014764
873.889	0.0352139
874.444	0.0653608
875	0.0449766
875.556	0.00377019
876.111	0.0514592
876.667	0.0411683
877.222	0.0134403
877.778	0.0315147
878.333	0.0618951
878.889	0.0412231
879.444	0.0336743
880	0.0289725
880.556	0.0278482
881.111	0.0134597
881.667	0.041071
882.222	0.040176
882.778	0.0284014
883.333	0.0260431
883.889	0.0242027
884.444	0.00311863
885	0.0029425
885.556	0.029718
886.111	0.0418966
886.667	0.0118297
887.222	0.00345278
887.778	0.0157583
888.333	0.0119829
888.889	0.00324732
889.444	0.0090335
890	0.0515342
890.556	0.0193283
891.111	0.0121491
891.667	0.00495447
892.222	0.0365763
892.778	0.0144781
893.333	0.0220116
893.889	0.0453187
894.444	0.0411434
895	0.00992427
895.556	0.0239464
896.111	0.0423694
896.667	0.0290661
897.222	0.0492015
897.778	0.0506666
898.333	0.0451509
898.889	0.0102988
899.444	0.0520948
900	0.0425175
900.556	0.00839118
901.111	0.0534421
901.667	0.0637346
902.222	0.0290911
902.778	0.00694124
903.333	0.0511749
903.889	0.047403
904.444	0.0234836
905	0.0503575
905.556	0.0514052
906.111	0.0271135
906.667	0.0304178
907.222	0.037068
907.778	0.028658
908.333	0.0281977
908.889	0.0522795
909.444	0.0290549
910	0.0235368
910.556	0.0238662
911.111	0.0350704
911.667	0.00455659
912.222	0.019095
912.778	0.0320135
913.333	0.034523
913.889	0.0122334
914.444	0.00494363
915	0.0256073
915.556	0.010663
916.111	0.01512
916.667	0.00906986
917.222	0.0442188
917.778	0.0223554
918.333	0.00188862
918.889	0.0169163
919.444	0.0225872
920	0.00459529
920.556	0.0190497
921.111	0.0467332
921.667	0.0437301
922.222	0.00423437
922.778	0.0313241
923.333	0.0270188
923.889	0.0205391
924.444	0.0440024
925	0.0595033
925.556	0.0371503
926.111	0.00918866
926.667	0.0494812
927.222	0.0317047
927.778	0.00488016
928.333	0.0526704
928.889	0.0702483
929.444	0.019874
930	0.0246026
930.556	0.0481314
931.111	0.0359886
931.667	0.0206505
932.222	0.0640969
932.778	0.0545815
933.333	0.0149409
933.889	0.0399569
934.444	0.0338415
935	0.0226081
935.556	0.0270342
936.111	0.0642638
936.667	0.0330487
937.222	0.00507418
937.778	0.0300119
938.333	0.0271648
938.889	0.00618653
939.444	0.0266686
940	0.0407844
940.556	0.0295602
941.111	0.000461254
941.667	0.00734349
942.222	0.0214313
942.778	0.0133591
943.333	0.0236565
943.889	0.0220028
944.444	0.0328278
945	0.0149161
945.556	0.000595753
946.111	0.0213999
946.667	0.0221611
947.222	0.0106578
947.778	0.0290083
948.333	0.038725
948.889	0.0347515
949.444	0.00479869
950	0.0378098
950.556	0.0259695
951.111	0.00139252
951.667	0.0429585
952.222	0.0517312
952.778	0.0308702
953.333	0.0103251
953.889	0.0554237
954.444	0.0264258
955	0.0106012
955.556	0.0541848
956.111	0.0630723
956.667	0.0204706
957.222	0.0328587
957.778	0.0544301
958.333	0.0202569
958.889	0.0305435
959.444	0.0628452
960	0.0500091
960.556	0.011304
961.111	0.0495465
961.667	0.0386386
962.222	0.00755201
962.778	0.0353961
963.333	0.0588862
963.889	0.0326962
964.444	0.00405253
965	0.0408854
965.556	0.0261221
966.111	0.00521222
966.667	0.0321495
967.222	0.0423265
967.778	0.0292529
968.333	0.0101082
968.889	0.0200022
969.444	0.0145843
970	0.000987329
970.556	0.0252284
971.111	0.029172
971.667	0.0304397
972.222	0.00623802
972.778	0.0103825
973.333	0.0135303
973.889	0.016455
974.444	0.0129761
975	0.0305644
975.556	0.0394905
976.111	0.0165515
976.667	0.00976699
977.222	0.0317298
977.778	0.0217419
978.333	0.00818818
978.889	0.0481354
979.444	0.0498738
980	0.0172839
980.556	0.0161751
981.111	0.050194
981.667	0.0209523
982.222	0.0192938
982.778	0.0632274
983.333	0.0534302
983.889	0.0110488
984.444	0.0352375
985	0.0513263
985.556	0.0160813
986.111	0.0375272
986.667	0.0664012
987.222	0.0409051
987.778	0.00156148
988.333	0.0481669
988.889	0.0414797
989.444	0.000498703
990	0.0476497
990.556	0.0618088
991.111	0.0231594
991.667	0.0112275
992.222	0.0428465
992.778	0.0245921
993.333	0.0114611
993.889	0.0452448
994.444	0.0439362
995	0.0161249
995.556	0.01221
996.111	0.0278392
996.667	0.0151391
997.222	0.00983718
997.778	0.0350208
998.333	0.0274542
998.889	0.0217034
999.444	0.00279048
1000	0.0152381
1000.56	0.0152381
1001.11	0.00279048
1001.67	0.0217034
1002.22	0.0274542
1002.78	0.0350208
1003.33	0.00983718
1003.89	0.0151391
1004.44	0.0278392
1005	0.01221
1005.56	0.0161249
1006.11	0.0439362
1006.67	0.0452448
1007.22	0.0114611
1007.78	0.0245921
1008.33	0.0428465
1008.89	0.0112275
1009.44	0.0231594
1010	0.0618088
1010.56	0.0476497
1011.11	0.000498703
1011.67	0.0414797
1012.22	0.0481669
1012.78	0.00156148
1013.33	0.0409051
1013.89	0.0664012
1014.44	0.0375272
1015	0.0160813
1015.56	0.0513263
1016.11	0.0352375
1016.67	0.0110488
1017.22	0.0534302
1017.78	0.0632274
1018.33	0.0192938
1018.89	0.0209523
1019.44	0.050194
1020	0.0161751
1020.56	0.0172839
1021.11	0.0498738
1021.67	0.0481354
1022.22	0.00818818
1022.78	0.0217419
1023.33	0.0317298
1023.89	0.00976699
1024.44	0.0165515
1025	0.0394905
1025.56	0.0305644
1026.11	0.0129761
1026.67	0.016455
1027.22	0.0135303
1027.78	0.0103825
1028.33	0.00623802
1028.89	0.0304397
1029.44	0.029172
1030	0.0252284
1030.56	0.000987329
1031.11	0.0145843
1031.67	0.0200022
1032.22	0.0101082
1032.78	0.0292529
1033.33	0.0423265
1033.89	0.0321495
1034.44	0.00521222
1035	0.0261221
1035.56	0.0408854
1036.11	0.00405253
1036.67	0.0326962
1037.22	0.0588862
1037.78	0.0353961
1038.33	0.00755201
1038.89	0.0386386
1039.44	0.0495465
1040	0.011304
1040.56	0.0500091
1041.11	0.0628452
1041.67	0.0305435
1042.22	0.0202569
1042.78	0.0544301
1043.33	0.0328587
1043.89	0.0204706
1044.44	0.0630723
1045	0.0541848
1045.56	0.0106012
1046.11	0.0264258
1046.67	0.0554237
1047.22	0.0103251
1047.78	0.0308702
1048.33	0.0517312
1048.89	0.0429585
1049.44	0.00139252
1050	0.0259695
1050.56	0.0378098
1051.11	0.00479869
1051.67	0.0347515
1052.22	0.038725
1052.78	0.0290083
1053.33	0.0106578
1053.89	0.0221611
1054.44	0.0213999
1055	0.000595753
1055.56	0.0149161
1056.11	0.0328278
1056.67	0.0220028
1057.22	0.0236565
1057.78	0.0133591
1058.33	0.0214313
1058.89	0.00734349
1059.44	0.000461254
1060	0.0295602
1060.56	0.0407844
1061.11	0.0266686
1061.67	0.00618653
1062.22	0.0271648
1062.78	0.0300119
1063.33	0.00507418
1063.89	0.0330487
1064.44	0.0642638
1065	0.0270342
1065.56	0.0226081
1066.11	0.0338415
1066.67	0.0399569
1067.22	0.0149409
1067.78	0.0545815
1068.33	0.0640969
1068.89	0.0206505
1069.44	0.0359886
1070	0.0481314
1070.56	0.0246026
1071.11	0.019874
1071.67	0.0702483
1072.22	0.0526704
1072.78	0.00488016
1073.33	0.0317047
1073.89	0.0494812
1074.44	0.00918866
1075	0.0371503
1075.56	0.0595033
1076.11	0.0440024
1076.67	0.0205391
1077.22	0.0270188
1077.78	0.0313241
1078.33	0.00423437
1078.89	0.0437301
1079.44	0.0467332
1080	0.0190497
1080.56	0.00459529
1081.11	0.0225872
1081.67	0.0169163
1082.22	0.00188862
1082.78	0.0223554
1083.33	0.0442188
1083.89	0.00906986
1084.44	0.01512
1085	0.010663
1085.56	0.0256073
1086.11	0.00494363
1086.67	0.0122334
1087.22	0.034523
1087.78	0.0320135
1088.33	0.019095
1088.89	0.00455659
1089.44	0.0350704
1090	0.0238662
1090.56	0.0235368
1091.11	0.0290549
1091.67	0.0522795
1092.22	0.0281977
1092.78	0.028658
1093.33	0.037068
1093.89	0.0304178
1094.44	0.0271135
1095	0.0514052
1095.56	0.0503575
1096.11	0.0234836
1096.67	0.047403
1097.22	0.0511749
1097.78	0.00694124
1098.33	0.0290911
1098.89	0.0637346
1099.44	0.0534421
1100	0.00839118
1100.56	0.0425175
1101.11	0.0520948
1101.67	0.0102988
1102.22	0.0451509
1102.78	0.0506666
1103.33	0.0492015
1103.89	0.0290661
1104.44	0.0423694
1105	0.0239464
1105.56	0.00992427
1106.11	0.0411434
1106.67	0.0453187
1107.22	0.0220116
1107.78	0.0144781
1108.33	0.0365763
1108.89	0.00495447
1109.44	0.0121491
1110	0.0193283
1110.56	0.0515342
1111.11	0.0090335
1111.67	0.00324732
1112.22	0.0119829
1112.78	0.0157583
1113.33	0.00345278
1113.89	0.0118297
1114.44	0.0418966
1115	0.029718
1115.56	0.0029425
1116.11	0.00311863
1116.67	0.0242027
1117.22	0.0260431
1117.78	0.0284014
1118.33	0.040176
1118.89	0.041071
1119.44	0.0134597
1120	0.0278482
1120.56	0.0289725
1121.11	0.0336743
1121.67	0.0412231
1122.22	0.0618951
1122.78	0.0315147
1123.33	0.0134403
1123.89	0.0411683
1124.44	0.0514592
1125	0.00377019
1125.56	0.0449766
1126.11	0.0653608
1126.67	0.0352139
1127.22	0.014764
1127.78	0.0355607
1128.33	0.0577271
1128.89	0.0156644
1129.44	0.065709
1130	0.0396749
1130.56	0.0332854
1131.11	0.027342
1131.67	0.0454901
1132.22	0.025037
1132.78	0.0188449
1133.33	0.0600542
1133.89	0.0347262
1134.44	0.00868361
1135	0.00833898
1135.56	0.0477174
1136.11	0.00961097
1136.67	0.0317233
1137.22	0.0254533
1137.78	0.042204
1138.33	0.0067135
1138.89	0.00459172
1139.44	0.0230677
1140	0.0186828
1140.56	0.0286115
1141.11	0.0116131
1141.67	0.0266307
1142.22	0.0346598
1142.78	0.0124768
1143.33	0.0187192
1143.89	0.010582
1144.44	0.00977697
1145	0.0262553
1145.56	0.0344548
1146.11	0.0424802
1146.67	0.00104359
1147.22	0.0434974
1147.78	0.0104227
1148.33	0.0235439
1148.89	0.029244
1149.44	0.0706739
1150	0.0304799
1150.56	0.00473036
1151.11	0.0423028
1151.67	0.0358366
1152.22	0.00234857
1152.78	0.0399373
1153.33	0.0779462
1153.89	0.0302095
1154.44	0.0399731
1155	0.030752
1155.56	0.0419305
1156.11	0.0101531
1156.67	0.0706196
1157.22	0.0517349
1157.78	0.0204845
1158.33	0.0451667
1158.89	0.0380865
1159.44	0.0165757
1160	0.0131945
1160.56	0.0745864
1161.11	0.0443079
1161.67	0.0146233
1162.22	0.0144383
1162.78	0.0332497
1163.33	0.00823457
1163.89	0.0337849
1164.44	0.0411421
1165	0.0405575
1165.56	0.0160871
1166.11	0.00836122
1166.67	0.0123546
1167.22	0.0295777
1167.78	0.0350697
1168.33	0.0324265
1168.89	0.0145906
1169.44	0.0208151
1170	0.00758168
1170.56	0.0195903
1171.11	0.0197145
1171.67	0.00652654
1172.22	0.0439303
1172.78	0.0195184
1173.33	0.0316941
1173.89	0.0135259
1174.44	0.0544796
1175	0.0106939
1175.56	0.00365913
1176.11	0.030297
1176.67	0.054504
1177.22	0.0271785
1177.78	0.0020829
1178.33	0.0558499
1178.89	0.0338835
1179.44	0.0288986
1180	0.0327109
1180.56	0.0597573
1181.11	0.0404566
1181.67	0.0495603
1182.22	0.0445155
1182.78	0.0247324
1183.33	0.0269394
1183.89	0.0656621
1184.44	0.0425741
1185	0.0305934
1185.56	0.0554126
1186.11	0.0538273
1186.67	0.0121418
1187.22	0.0191744
1187.78	0.061847
1188.33	0.0515796
1188.89	0.0152832
1189.44	0.0395684
1190	0.0368276
1190.56	0.00912348
1191.11	0.0391724
1191.67	0.0295739
1192.22	0.0536234
1192.78	0.0224634
1193.33	0.0372995
1193.89	0.00390651
1194.44	0.0100025
1195	0.030277
1195.56	0.0354809
1196.11	0.0244418
1196.67	0.00448805
1197.22	0.0261178
1197.78	0.00186743
1198.33	0.00375115
1198.89	0.00868766
1199.44	0.0572857
1200	0.0219305
1200.56	0.00196478
1201.11	0.00932564
1201.67	0.0319363
1202.22	0.0174614
1202.78	0.0050103
1203.33	0.0459923
1203.89	0.0533826
1204.44	0.002535
1205	0.00704554
1205.56	0.0412905
1206.11	0.0462285
1206.67	0.0360755
1207.22	0.0561749
1207.78	0.0394704
1208.33	0.0251404
1208.89	0.0388743
1209.44	0.0440174
1210	0.034236
1210.56	0.0413382
1211.11	0.0824949
1211.67	0.0164974
1212.22	0.0186674
1212.78	0.0424037
1213.33	0.0636803
1213.89	0.0126191
1214.44	0.0476777
1215	0.059041
1215.56	0.0278479
1216.11	0.0218125
1216.67	0.0256486
1217.22	0.051724
1217.78	0.0152629
1218.33	0.0700594
1218.89	0.0174359
1219.44	0.0336795
1220	0.00759061
1220.56	0.0461517
1221.11	0.00202081
1221.67	0.00795486
1222.22	0.0473872
1222.78	0.0212419
1223.33	0.0151142
1223.89	0.0193173
1224.44	0.0430394
1225	0.0132188
1225.56	0.0238877
1226.11	0.00332716
1226.67	0.0368728
1227.22	0.0351122
1227.78	0.00369575
1228.33	0.00868791
1228.89	0.0343446
1229.44	0.0109288
1230	0.00431278
1230.56	0.0308271
1231.11	0.073961
1231.67	0.0159995
1232.22	0.0193583
1232.78	0.0231639
1233.33	0.0292298
1233.89	0.0279275
1234.44	0.0567641
1235	0.0506504
1235.56	0.00358488
1236.11	0.0575881
1236.67	0.0184539
1237.22	0.0179577
1237.78	0.0251455
1238.33	0.0974482
1238.89	0.0206209
1239.44	0.0155838
1240	0.0416927
1240.56	0.0435374
1241.11	0.0113989
1241.67	0.0432882
1242.22	0.0767816
1242.78	0.0232612
1243.33	0.0484469
1243.89	0.0183054
1244.44	0.0274227
1245	0.000148142
1245.56	0.0805642
1246.11	0.0363479
1246.67	0.00679305
1247.22	0.0237806
1247.78	0.0332857
1248.33	0.00305027
1248.89	0.00231213
1249.44	0.0637782
1250	0.0395
1250.56	0.0205106
1251.11	0.0142773
1251.67	0.0267646
1252.22	0.0281989
1252.78	0.0263285
1253.33	0.0249881
1253.89	0.0334529
1254.44	0.0108306
1255	0.000210276
1255.56	0.00497999
1256.11	0.0586449
1256.67	0.0200405
1257.22	0.0351134
1257.78	0.0121773
1258.33	0.0560222
1258.89	0.00288072
1259.44	0.0310058
1260	0.0326188
1260.56	0.00244511
1261.11	0.0530188
1261.67	0.0370573
1262.22	0.0395973
1262.78	0.0182206
1263.33	0.0823025
1263.89	0.0252295
1264.44	0.0151671
1265	0.0234538
1265.56	0.0819208
1266.11	0.0237896
1266.67	0.0193768
1267.22	0.0574143
1267.78	0.0413605
1268.33	0.0468495
1268.89	0.0315027
1269.44	0.062044
1270	0.0443515
1270.56	0.0629165
1271.11	0.042543
1271.67	0.00139861
1272.22	0.0154888
1272.78	0.0644059
1273.33	0.0377563
1273.89	0.0174
1274.44	0.0389595
1275	0.0587713
1275.56	0.0350566
1276.11	0.00438744
1276.67	0.0393454
1277.22	0.0542115
1277.78	0.0220707
1278.33	0.0176044
1278.89	0.0118914
1279.44	0.0049065
1280	0.0194714
1280.56	0.0160452
1281.11	0.0528089
1281.67	0.00635664
1282.22	0.0307383
1282.78	0.0196137
1283.33	0.0364619
1283.89	0.0015275
1284.44	0.0525837
1285	0.0269219
1285.56	0.0277335
1286.11	0.0180981
1286.67	0.0192783
1287.22	0.0276897
1287.78	0.0233702
1288.33	0.0702722
1288.89	0.0442561
1289.44	0.0012973
1290	0.0144334
1290.56	0.0553487
1291.11	0.0388447
1291.67	0.0216541
1292.22	0.0536748
1292.78	0.0728685
1293.33	0.00479514
1293.89	0.00342688
1294.44	0.0445272
1295	0.0652308
1295.56	0.0608428
1296.11	0.0599334
1296.67	0.0276795
1297.22	0.0294433
1297.78	0.0394279
1298.33	0.0551899
1298.89	0.0119222
1299.44	0.0375609
1300	0.0757862
1300.56	0.00643958
1301.11	0.0089009
1301.67	0.0255488
1302.22	0.0775756
1302.78	0.0387411
1303.33	0.0354131
1303.89	0.0357932
1304.44	0.0408062
1305	0.0100874
1305.56	0.0142428
1306.11	0.036304
1306.67	0.00683777
1307.22	0.0584666
1307.78	0.00122042
1308.33	0.0352537
1308.89	0.0281865
1309.44	0.0550566
1310	0.00376113
1310.56	0.00237602
1311.11	0.00846882
1311.67	0.0304566
1312.22	0.0190557
1312.78	0.049435
1313.33	0.0451284
1313.89	0.0266518
1314.44	0.0156277
1315	0.0246274
1315.56	0.0467328
1316.11	0.0668665
1316.67	0.00267614
1317.22	0.0053819
1317.78	0.0464016
1318.33	0.0140551
1318.89	0.0103488
1319.44	0.0309887
1320	0.100382
1320.56	0.0202006
1321.11	0.0347939
1321.67	0.0211974
1322.22	0.0495221
1322.78	0.0357766
1323.33	0.0732995
1323.89	0.0421154
1324.44	0.000174023
1325	0.062464
1325.56	0.0225885
1326.11	0.0106517
1326.67	0.0244993
1327.22	0.101041
1327.78	0.0184634
1328.33	0.038417
1328.89	0.00957772
1329.44	0.053491
1330	0.0141963
1330.56	0.0455238
1331.11	0.0672315
1331.67	0.0236003
1332.22	0.0432563
1332.78	0.000664262
1333.33	0.0241344
1333.89	0.0219041
1334.44	0.0744803
1335	0.0218809
1335.56	0.00546777
1336.11	0.021927
1336.67	0.0340137
1337.22	0.00682462
1337.78	0.0111731
1338.33	0.0367002
1338.89	0.0432195
1339.44	0.0208792
1340	0.0396388
1340.56	0.00585769
1341.11	0.0539674
1341.67	0.0280523
1342.22	0.00379966
1342.78	0.0226664
1343.33	0.038772
1343.89	0.0107472
1344.44	0.00417985
1345	0.0683683
1345.56	0.00220816
1346.11	0.0482837
1346.67	0.000467001
1347.22	0.0736433
1347.78	0.00662009
1348.33	0.0633281
1348.89	0.0231645
1349.44	0.0139755
1350	0.0415506
1350.56	0.0510187
1351.11	0.0454097
1351.67	0.0253938
1352.22	0.0856088
1352.78	0.027534
1353.33	0.0306502
1353.89	0.0123861
1354.44	0.0915123
1355	0.0378008
1355.56	0.0267471
1356.11	0.0363538
1356.67	0.0495288
1357.22	0.0510966
1357.78	0.0158759
1358.33	0.0552405
1358.89	0.0512311
1359.44	0.0667351
1360	0.0289935
1360.56	0.00984722
1361.11	0.0111933
1361.67	0.0532511
1362.22	0.0417049
1362.78	0.00782592
1363.33	0.0211864
1363.89	0.0424405
1364.44	0.0332212
1365	0.00409545
1365.56	0.0168982
1366.11	0.074742
1366.67	0.0203328
1367.22	0.00688616
1367.78	0.0146723
1368.33	0.0220792
1368.89	0.00740543
1369.44	0.00499503
1370	0.0515777
1370.56	0.0201809
1371.11	0.0255071
1371.67	0.0189475
1372.22	0.0447995
1372.78	0.033356
1373.33	0.0741601
1373.89	0.0141706
1374.44	0.0342146
1375	0.00323066
1375.56	0.0478116
1376.11	0.0303159
1376.67	0.0344104
1377.22	0.0839182
1377.78	0.0599925
1378.33	0.0070593
1378.89	0.0206249
1379.44	0.0524413
1380	0.0650138
1380.56	0.0507675
1381.11	0.0405648
1381.67	0.0555676
1382.22	0.00359236
1382.78	0.0182269
1383.33	0.0353826
1383.89	0.0582895
1384.44	0.0713941
1385	0.0607422
1385.56	0.00355104
1386.11	0.0368036
1386.67	0.0349011
1387.22	0.060857
1387.78	0.0117721
1388.33	0.0219144
1388.89	0.0668525
1389.44	0.00567106
1390	0.0156155
1390.56	0.00349851
1391.11	0.0745483
1391.67	0.0294802
1392.22	0.0463308
1392.78	0.010986
1393.33	0.0644852
1393.89	0.00969258
1394.44	0.00354026
1395	0.0258731
1395.56	0.0189027
1396.11	0.04439
1396.67	0.00176274
1397.22	0.0434772
1397.78	0.0506317
1398.33	0.0613846
1398.89	0.00408497
1399.44	0.0133278
1400	0.0325889
1400.56	0.0638096
1401.11	0.0467696
1401.67	0.0592401
1402.22	0.0263805
1402.78	0.0574943
1403.33	0.020639
1403.89	0.0372172
1404.44	0.0651294
1405	0.0886824
1405.56	0.0284159
1406.11	0.0121891
1406.67	0.0378004
1407.22	0.041459
1407.78	0.0228198
1408.33	0.0473356
1408.89	0.0937609
1409.44	0.022184
1410	0.0664575
1410.56	0.0104225
1411.11	0.0438663
1411.67	0.0403936
1412.22	0.0996131
1412.78	0.0114288
1413.33	0.00872786
1413.89	0.0499604
1414.44	0.0199362
1415	0.00228645
1415.56	0.0087344
1416.11	0.095684
1416.67	0.000342486
1417.22	0.038718
1417.78	0.018656
1418.33	0.0393409
1418.89	0.00845029
1419.44	0.0616592
1420	0.0264413
1420.56	0.032712
1421.11	0.0210753
1421.67	0.00230917
1422.22	0.0265445
1422.78	0.0417113
1423.33	0.0713211
1423.89	0.0239127
1424.44	0.00501278
1425	0.0462513
1425.56	0.0275576
1426.11	0.0357186
1426.67	0.0244461
1427.22	0.0139886
1427.78	0.0431784
1428.33	0.00744705
1428.89	0.0653648
1429.44	0.0230854
1430	0.0898452
1430.56	0.0207559
1431.11	0.0173053
1431.67	0.0249151
1432.22	0.0899732
1432.78	0.0102904
1433.33	0.0276883
1433.89	0.0670594
1434.44	0.0108727
1435	0.065323
1435.56	0.0212999
1436.11	0.0708276
1436.67	0.00166937
1437.22	0.109216
1437.78	0.00729427
1438.33	0.00551982
1438.89	0.0316281
1439.44	0.0698537
1440	0.00214885
1440.56	0.0316952
1441.11	0.102842
1441.67	0.0261417
1442.22	0.0529705
1442.78	0.000946956
1443.33	0.0875021
1443.89	0.040958
1444.44	0.0501127
1445	0.0172702
1445.56	0.00325234
1446.11	0.0153309
1446.67	0.027473
1447.22	0.0288745
1447.78	0.0558215
1448.33	0.0549781
1448.89	0.025395
1449.44	0.0316238
1450	0.0631855
1450.56	0.05141
1451.11	0.0382586
1451.67	0.0113847
1452.22	0.001643
1452.78	0.0290427
1453.33	0.00209146
1453.89	0.0235603
1454.44	0.00125662
1455	0.0961608
1455.56	0.00714694
1456.11	0.00883893
1456.67	0.0228151
1457.22	0.0543013
1457.78	0.0248493
1458.33	0.0371785
1458.89	0.0696259
1459.44	0.0550819
1460	0.0194104
1460.56	0.00501192
1461.11	0.0546031
1461.67	0.063398
1462.22	0.121596
1462.78	0.0333363
1463.33	0.034234
1463.89	0.0289519
1464.44	0.0670246
1465	0.0441079
1465.56	0.0186089
1466.11	0.0720871
1466.67	0.0784429
1467.22	0.00212238
1467.78	0.0358965
1468.33	0.0692315
1468.89	0.0616952
1469.44	0.061235
1470	0.0386533
1470.56	0.0304386
1471.11	0.033145
1471.67	0.0321407
1472.22	0.0233053
1472.78	0.0325388
1473.33	0.0246477
1473.89	0.0852379
1474.44	0.032475
1475	0.0649274
1475.56	0.022804
1476.11	0.0668848
1476.67	0.0342199
1477.22	0.00485566
1477.78	0.0105292
1478.33	0.00170374
1478.89	0.0469811
1479.44	0.0249361
1480	0.0613181
1480.56	0.0123776
1481.11	0.0105575
1481.67	0.0372215
1482.22	0.0727903
1482.78	0.0311877
1483.33	0.0287593
1483.89	0.0197867
1484.44	0.0384498
1485	0.00955336
1485.56	0.0266302
1486.11	0.0736876
1486.67	0.0766119
1487.22	0.0515144
1487.78	0.000152903
1488.33	0.0146598
1488.89	0.0726607
1489.44	0.0634976
1490	0.0541069
1490.56	0.0372897
1491.11	0.0206741
1491.67	0.0557588
1492.22	0.0029355
1492.78	0.0340465
1493.33	0.0532011
1493.89	0.111185
1494.44	0.0573707
1495	0.00532559
1495.56	0.0401928
1496.11	0.0433376
1496.67	0.00886055
1497.22	0.0725919
1497.78	0.0531773
1498.33	0.0183868
1498.89	0.060643
1499.44	0.0286517
1500	0.0388566
1500.56	0.00448777
1501.11	0.106535
1501.67	0.0308215
1502.22	0.0062421
1502.78	0.000817504
1503.33	0.0415005
1503.89	0.0125793
1504.44	0.0231357
1505	0.077459
1505.56	0.021068
1506.11	0.0558008
1506.67	0.0371993
1507.22	0.0344369
1507.78	0.0229232
1508.33	0.0995008
1508.89	0.00571952
1509.44	0.0270901
1510	0.0371609
1510.56	0.00936042
1511.11	0.00686015
1511.67	0.0475634
1512.22	0.0792676
1512.78	0.0315798
1513.33	0.0195004
1513.89	0.076776
1514.44	0.00788744
1515	0.0221244
1515.56	0.00203684
1516.11	0.0153099
1516.67	0.0305858
1517.22	0.0186566
1517.78	0.0336597
1518.33	0.00130513
1518.89	0.0961696
1519.44	0.0275985
1520	0.0370721
1520.56	0.00111595
1521.11	0.13741
1521.67	0.0190947
1522.22	0.00406931
1522.78	0.067977
1523.33	0.0247676
1523.89	0.0258017
1524.44	0.0263151
1525	0.0828744
1525.56	0.0243467
1526.11	0.105032
1526.67	0.0327442
1527.22	0.0129709
1527.78	0.00429251
1528.33	0.0680032
1528.89	0.0221889
1529.44	0.00295745
1530	0.0604039
1530.56	0.0284019
1531.11	0.0555673
1531.67	0.00133334
1532.22	0.0720747
1532.78	0.0388597
1533.33	0.0801847
1533.89	0.00336409
1534.44	0.00156448
1535	0.0210036
1535.56	0.0165891
1536.11	0.0198606
1536.67	0.0673247
1537.22	0.0311744
1537.78	0.0415772
1538.33	0.0424266
1538.89	0.0536831
1539.44	0.0193592
1540	0.077764
1540.56	0.0227195
1541.11	0.0029139
1541.67	0.0254172
1542.22	0.0351108
1542.78	0.0280267
1543.33	0.0176814
1543.89	0.102644
1544.44	0.037208
1545	0.0216593
1545.56	0.0208736
1546.11	0.094815
1546.67	0.0135419
1547.22	0.0628997
1547.78	0.0525587
1548.33	0.0751389
1548.89	0.00397442
1549.44	0.0139125
1550	0.0589241
1550.56	0.0437298
1551.11	0.117689
1551.67	0.0432267
1552.22	0.016105
1552.78	0.0264722
1553.33	0.099754
1553.89	0.0598013
1554.44	0.00216332
1555	0.0517636
1555.56	0.0694857
1556.11	0.0135378
1556.67	0.0586411
1557.22	0.0365762
1557.78	0.079058
1558.33	0.105557
1558.89	0.0351257
1559.44	0.0305956
1560	0.0473494
1560.56	0.0172569
1561.11	0.0102128
1561.67	0.0292553
1562.22	0.0158612
1562.78	0.0191558
1563.33	0.0401506
1563.89	0.0376551
1564.44	0.0327822
1565	0.109426
1565.56	0.0149783
1566.11	0.0232567
1566.67	0.027058
1567.22	0.0964974
1567.78	0.0272941
1568.33	0.00120919
1568.89	0.05704
1569.44	0.00913159
1570	0.0250816
1570.56	0.00426294
1571.11	0.119376
1571.67	0.0765865
1572.22	0.02133
1572.78	0.0106189
1573.33	0.0600608
1573.89	0.0135497
1574.44	0.0106025
1575	0.0644017
1575.56	0.0739788
1576.11	0.0932175
1576.67	0.0629178
1577.22	0.0294725
1577.78	0.0943752
1578.33	0.114133
1578.89	0.075466
1579.44	0.00206222
1580	0.0337287
1580.56	0.0412085
1581.11	0.0228747
1581.67	0.00845243
1582.22	0.0151402
1582.78	0.0876991
1583.33	0.0297813
1583.89	0.0028072
1584.44	0.00294663
1585	0.0614054
1585.56	0.121242
1586.11	0.115891
1586.67	0.0061872
1587.22	0.0100756
1587.78	0.0903562
1588.33	0.00430494
1588.89	0.0398453
1589.44	0.0231027
1590	0.00975234
1590.56	0.0228748
1591.11	0.00463627
1591.67	0.0713883
1592.22	0.0569012
1592.78	0.0795791
1593.33	0.0658561
1593.89	0.0468601
1594.44	0.0461675
1595	0.034617
1595.56	0.070386
1596.11	0.0605631
1596.67	0.00804139
1597.22	0.0745042
1597.78	0.0160697
1598.33	0.0525294
1598.89	0.0849264
1599.44	0.0824532
1600	0.0586947
1600.56	0.0244902
1601.11	0.106256
1601.67	0.0542085
1602.22	0.0458999
1602.78	0.0536363
1603.33	0.0917064
1603.89	0.0890484
1604.44	0.0686171
1605	0.0512076
1605.56	0.11753
1606.11	0.0413395
1606.67	0.0896796
1607.22	0.047329
1607.78	0.0904951
1608.33	0.0548493
1608.89	0.0464995
1609.44	0.0664704
1610	0.0994861
1610.56	0.0266187
1611.11	0.0653494
1611.67	0.0237057
1612.22	0.0323372
1612.78	0.0310516
1613.33	0.0689159
1613.89	0.10165
1614.44	0.0591817
1615	0.0473724
1615.56	0.0571187
1616.11	0.00579116
1616.67	0.0313533
1617.22	0.102339
1617.78	0.0726172
1618.33	0.0406257
1618.89	0.0223136
1619.44	0.0270339
1620	0.0776054
1620.56	0.0258493
1621.11	0.0479635
1621.67	0.043963
1622.22	0.113938
1622.78	0.0745237
1623.33	0.0600755
1623.89	0.142415
1624.44	0.0256791
1625	0.00315207
1625.56	0.0196853
1626.11	0.0154177
1626.67	0.0361514
1627.22	0.0376531
1627.78	0.100756
1628.33	0.13814
1628.89	0.102241
1629.44	0.0122288
1630	0.0885556
1630.56	0.0433512
1631.11	0.0824105
1631.67	0.0457897
1632.22	0.0122775
1632.78	0.104419
1633.33	0.0117037
1633.89	0.0417685
1634.44	0.0315601
1635	0.0568258
1635.56	0.20792
1636.11	0.0920792
1636.67	0.0122873
1637.22	0.0101099
1637.78	0.00742316
1638.33	0.100118
1638.89	0.0540969
1639.44	0.0120917
1640	0.168767
1640.56	0.0790976
1641.11	0.0130435
1641.67	0.112687
1642.22	0.0935671
1642.78	0.00706857
1643.33	0.0340163
1643.89	0.024595
1644.44	0.05144
1645	0.0391828
1645.56	0.0200306
1646.11	0.109359
1646.67	0.0909489
1647.22	0.119979
1647.78	0.0176468
1648.33	0.0427866
1648.89	0.0969014
1649.44	0.0607348
1650	0.0773133
1650.56	0.0338801
1651.11	0.0636855
1651.67	0.108679
1652.22	0.0251711
1652.78	0.144998
1653.33	0.0202934
1653.89	0.162402
1654.44	0.0214043
1655	0.00957632
1655.56	0.00951496
1656.11	0.0527765
1656.67	0.0364981
1657.22	0.0726414
1657.78	0.0300098
1658.33	0.0998514
1658.89	0.0812078
1659.44	0.0411006
1660	0.0534706
1660.56	0.0778188
1661.11	0.0981805
1661.67	0.0415229
1662.22	0.0883239
1662.78	0.10171
1663.33	0.0329651
1663.89	0.190768
1664.44	0.00685066
1665	0.0238647
1665.56	0.00234739
1666.11	0.0765899
1666.67	0.0826084
1667.22	0.147325
1667.78	0.177099
1668.33	0.00741926
1668.89	0.0131777
1669.44	0.0497997
1670	0.120444
1670.56	0.0508335
1671.11	0.060851
1671.67	0.0543211
1672.22	0.0704658
1672.78	0.0404072
1673.33	0.019118
1673.89	0.163034
1674.44	0.0637872
1675	0.168764
1675.56	0.0324457
1676.11	0.178195
1676.67	0.0662453
1677.22	0.017626
1677.78	0.0505841
1678.33	0.0932755
1678.89	0.155695
1679.44	0.0796309
1680	0.00438039
1680.56	0.0429057
1681.11	0.11564
1681.67	0.0056679
1682.22	0.00613245
1682.78	0.0503971
1683.33	0.109773
1683.89	0.117254
1684.44	0.111621
1685	0.103697
1685.56	0.199496
1686.11	0.0481776
1686.67	0.176696
1687.22	0.0425012
1687.78	0.0675515
1688.33	0.0212119
1688.89	0.000174593
1689.44	0.131804
1690	0.200732
1690.56	0.258383
1691.11	0.119148
1691.67	0.0398274
1692.22	0.178674
1692.78	0.183913
1693.33	0.0463303
1693.89	0.109224
1694.44	0.00181092
1695	0.00291351
1695.56	0.0829704
1696.11	0.0561771
1696.67	0.00942958
1697.22	0.0157675
1697.78	0.064669
1698.33	0.0505034
1698.89	0.147114
1699.44	0.0725329
1700	0.151579
1700.56	0.17973
1701.11	0.09381
1701.67	0.13278
1702.22	0.04319
1702.78	0.0156391
1703.33	0.135222
1703.89	0.0683889
1704.44	0.113651
1705	0.0583586
1705.56	0.00583467
1706.11	0.0289538
1706.67	0.0937494
1707.22	0.0248029
1707.78	0.0366853
1708.33	0.0566739
1708.89	0.025103
1709.44	0.0259788
1710	0.0326121
1710.56	0.169291
1711.11	0.200323
1711.67	0.0756691
1712.22	0.0561973
1712.78	0.123568
1713.33	0.243473
1713.89	0.135744
1714.44	0.0318616
1715	0.0355711
1715.56	0.0823341
1716.11	0.170252
1716.67	0.113914
1717.22	0.183964
1717.78	0.0488661
1718.33	0.258046
1718.89	0.0116064
1719.44	0.0122048
1720	0.0213684
1720.56	0.0224455
1721.11	0.0685567
1721.67	0.172069
1722.22	0.0653152
1722.78	0.154668
1723.33	0.0710349
1723.89	0.117289
1724.44	0.244571
1725	0.190647
1725.56	0.00909653
1726.11	0.141051
1726.67	0.0719569
1727.22	0.0994639
1727.78	0.0489858
1728.33	0.116767
1728.89	0.106076
1729.44	0.0264397
1730	0.00310327
1730.56	0.231335
1731.11	0.143046
1731.67	0.292236
1732.22	0.0268083
1732.78	0.0627129
1733.33	0.0369674
1733.89	0.0124388
1734.44	0.226896
1735	0.226992
1735.56	0.0235106
1736.11	0.335635
1736.67	0.13172
1737.22	0.16643
1737.78	0.0272944
1738.33	0.170558
1738.89	0.106401
1739.44	0.145376
1740	0.27837
1740.56	0.27578
1741.11	0.0885438
1741.67	0.128179
1742.22	0.0397945
1742.78	0.147557
1743.33	0.147402
1743.89	0.14615
1744.44	0.186254
1745	0.0153432
1745.56	0.17833
1746.11	0.141809
1746.67	0.0420696
1747.22	0.318638
1747.78	0.154553
1748.33	0.03398
1748.89	0.431328
1749.44	0.104876
1750	0.146786
1750.56	0.469422
1751.11	0.0130444
1751.67	0.0893772
1752.22	0.0886314
1752.78	0.0550003
1753.33	0.00317459
1753.89	0.515839
1754.44	0.0283702
1755	0.368173
1755.56	0.240671
1756.11	0.11283
1756.67	0.141683
1757.22	0.24167
1757.78	0.00421678
1758.33	0.0895059
1758.89	0.0314064
1759.44	0.078035
1760	0.273913
1760.56	0.210387
1761.11	0.0673563
1761.67	0.154174
1762.22	0.330876
1762.78	0.221772
1763.33	0.102241
1763.89	0.109694
1764.44	0.0984023
1765	0.0563182
1765.56	0.254155
1766.11	0.122834
1766.67	0.368373
1767.22	0.159192
1767.78	0.00890588
1768.33	0.402176
1768.89	0.261009
1769.44	0.202253
1770	0.0437118
1770.56	0.20699
1771.11	0.00662699
1771.67	0.0751095
1772.22	0.267547
1772.78	0.373811
1773.33	0.047526
1773.89	0.157627
1774.44	0.11793
1775	0.146708
1775.56	0.360184
1776.11	0.144785
1776.67	0.145204
1777.22	0.572108
1777.78	0.208318
1778.33	0.206239
1778.89	0.224517
1779.44	0.0494426
1780	0.0935501
1780.56	0.37203
1781.11	0.523287
1781.67	0.28191
1782.22	0.0166052
1782.78	0.00793878
1783.33	0.186126
1783.89	0.362255
1784.44	0.311181
1785	0.213325
1785.56	0.132846
1786.11	0.312499
1786.67	0.284067
1787.22	0.280265
1787.78	0.0406517
1788.33	0.101364
1788.89	0.345345
1789.44	0.237636
1790	0.0561958
1790.56	0.596356
1791.11	0.142146
1791.67	0.048654
1792.22	0.140277
1792.78	0.368934
1793.33	0.154727
1793.89	0.202888
1794.44	0.66991
1795	0.205233
1795.56	0.517863
1796.11	0.658599
1796.67	0.102087
1797.22	0.0791656
1797.78	0.101473
1798.33	0.497179
1798.89	0.102135
1799.44	0.18267
1800	0.381198
1800.56	0.293518
1801.11	0.523074
1801.67	0.207778
1802.22	0.0226732
1802.78	0.14709
1803.33	0.230144
1803.89	0.293512
1804.44	0.528077
1805	0.600416
1805.56	0.0943417
1806.11	0.495326
1806.67	0.000511806
1807.22	0.457136
1807.78	0.0885661
1808.33	0.701364
1808.89	0.13331
1809.44	0.417625
1810	0.883806
1810.56	0.0699605
1811.11	0.247826
1811.67	0.0657235
1812.22	0.133348
1812.78	0.0969075
1813.33	0.336456
1813.89	0.136533
1814.44	0.705035
1815	0.0442539
1815.56	0.465679
1816.11	0.148501
1816.67	0.371115
1817.22	0.272548
1817.78	0.319835
1818.33	0.0799559
1818.89	0.182545
1819.44	0.240329
1820	0.593769
1820.56	0.0830537
1821.11	0.116682
1821.67	0.32674
1822.22	0.0383344
1822.78	0.156158
1823.33	0.130335
1823.89	1.03269
1824.44	0.149825
1825	0.268689
1825.56	0.181586
1826.11	0.273496
1826.67	0.0608196
1827.22	0.467364
1827.78	0.206615
1828.33	0.0209221
1828.89	0.517392
1829.44	0.609593
1830	0.558292
1830.56	0.478067
1831.11	0.106623
1831.67	0.112197
1832.22	0.192302
1832.78	0.935684
1833.33	0.307116
1833.89	0.541753
1834.44	0.0771031
1835	0.29969
1835.56	0.0437257
1836.11	0.238711
1836.67	0.034332
1837.22	0.367993
1837.78	0.695479
1838.33	0.194751
1838.89	0.711515
1839.44	0.186923
1840	0.110959
1840.56	0.0564355
1841.11	0.284391
1841.67	0.299168
1842.22	0.36862
1842.78	0.273788
1843.33	0.515549
1843.89	0.129091
1844.44	0.0274747
1845	1.19436
1845.56	0.0452463
1846.11	0.00995025
1846.67	0.27302
1847.22	0.537227
1847.78	0.11657
1848.33	1.112
1848.89	0.345957
1849.44	0.797761
1850	0.123044
1850.56	0.215131
1851.11	0.339559
1851.67	0.275739
1852.22	0.462709
1852.78	0.563669
1853.33	0.00190112
1853.89	0.381452
1854.44	0.53143
1855	0.0758557
1855.56	0.379882
1856.11	0.295788
1856.67	0.708754
1857.22	0.328969
1857.78	1.04454
1858.33	0.209419
1858.89	0.201464
1859.44	0.635135
1860	0.722316
1860.56	1.09972
1861.11	0.150992
1861.67	0.806992
1862.22	0.176424
1862.78	0.230439
1863.33	0.713422
1863.89	0.107002
1864.44	0.0885317
1865	0.165072
1865.56	0.35215
1866.11	2.30985
1866.67	0.220993
1867.22	0.316752
1867.78	0.202162
1868.33	0.439531
1868.89	0.154348
1869.44	0.0988333
1870	0.468611
1870.56	0.364957
1871.11	0.0327518
1871.67	0.0505342
1872.22	0.705151
1872.78	0.822757
1873.33	0.58881
1873.89	0.124283
1874.44	0.864962
1875	0.25033
1875.56	0.205374
1876.11	0.410835
1876.67	0.751065
1877.22	0.131398
1877.78	0.639236
1878.33	0.585602
1878.89	0.124984
1879.44	0.464231
1880	0.395936
1880.56	0.225335
1881.11	0.436192
1881.67	0.18635
1882.22	1.0107
1882.78	0.250059
1883.33	1.01949
1883.89	0.186644
1884.44	0.160699
1885	0.913154
1885.56	0.635467
1886.11	0.638878
1886.67	0.152356
1887.22	0.0194073
1887.78	0.928725
1888.33	0.0537665
1888.89	0.639342
1889.44	0.539663
1890	0.351124
1890.56	0.178507
1891.11	0.808211
1891.67	0.757244
1892.22	0.953388
1892.78	0.269094
1893.33	0.882098
1893.89	0.0300296
1894.44	0.0128015
1895	0.0422886
1895.56	0.0696579
1896.11	0.473141
1896.67	0.513337
1897.22	0.511799
1897.78	0.347213
1898.33	0.883232
1898.89	0.358971
1899.44	0.0866375
1900	0.0232784
1900.56	0.0291488
1901.11	0.128528
1901.67	0.816637
1902.22	0.413776
1902.78	0.414974
1903.33	0.271865
1903.89	0.643503
1904.44	0.37569
1905	0.584635
1905.56	0.522894
1906.11	0.122876
1906.67	0.0531758
1907.22	1.16165
1907.78	0.677129
1908.33	0.137551
1908.89	0.437428
1909.44	0.134366
1910	0.105477
1910.56	0.296084
1911.11	0.364006
1911.67	0.0214809
1912.22	0.566603
1912.78	0.932166
1913.33	0.0839298
1913.89	0.644782
1914.44	0.371656
1915	0.769309
1915.56	0.701112
1916.11	1.37665
1916.67	0.845867
1917.22	0.0759088
1917.78	0.793543
1918.33	0.0586764
1918.89	0.319289
1919.44	0.532616
1920	0.171372
1920.56	0.974216
1921.11	1.40392
1921.67	0.409292
1922.22	0.365038
1922.78	0.363829
1923.33	0.0908668
1923.89	0.448701
1924.44	0.171741
1925	0.0610977
1925.56	0.452939
1926.11	0.298501
1926.67	0.672424
1927.22	0.216335
1927.78	1.09634
1928.33	0.109302
1928.89	0.87898
1929.44	0.0570234
1930	0.526146
1930.56	1.16427
1931.11	0.180768
1931.67	1.58526
1932.22	0.816015
1932.78	0.084042
1933.33	0.523821
1933.89	0.310168
1934.44	0.603456
1935	0.0188356
1935.56	0.33785
1936.11	0.871609
1936.67	1.10294
1937.22	0.131685
1937.78	0.767318
1938.33	0.939896
1938.89	0.161649
1939.44	1.29102
1940	0.0576539
1940.56	0.327891
1941.11	0.22166
1941.67	0.182691
1942.22	0.285487
1942.78	0.504207
1943.33	0.574925
1943.89	1.17758
1944.44	0.150053
1945	0.47233
1945.56	1.17781
1946.11	0.533761
1946.67	0.39736
1947.22	0.329551
1947.78	0.412102
1948.33	0.699814
1948.89	1.14736
1949.44	0.492769
1950	0.128455
1950.56	0.594764
1951.11	0.263439
1951.67	0.0247738
1952.22	0.0948536
1952.78	0.463721
1953.33	0.464435
1953.89	0.462725
1954.44	0.68853
1955	0.446473
1955.56	0.20063
1956.11	1.2867
1956.67	0.927739
1957.22	0.220604
1957.78	0.553237
1958.33	0.716143
1958.89	2.32442
1959.44	1.10584
1960	0.635072
1960.56	0.171718
1961.11	0.580575
1961.67	0.603341
1962.22	0.495157
1962.78	1.14218
1963.33	0.294097
1963.89	1.61741
1964.44	0.671114
1965	0.67926
1965.56	0.138557
1966.11	0.676159
1966.67	0.470195
1967.22	0.151779
1967.78	1.26597
1968.33	0.258481
1968.89	0.220721
1969.44	0.697473
1970	0.189685
1970.56	0.806393
1971.11	1.78259
1971.67	1.7635
1972.22	1.59219
1972.78	0.215416
1973.33	0.750666
1973.89	0.182478
1974.44	0.0538908
1975	1.18165
1975.56	0.496099
1976.11	0.0549703
1976.67	1.13384
1977.22	0.931856
1977.78	0.379514
1978.33	1.53068
1978.89	1.44007
1979.44	0.476022
1980	1.63287
1980.56	1.13666
1981.11	0.373237
1981.67	0.511736
1982.22	0.366573
1982.78	1.39596
1983.33	0.360458
1983.89	1.6946
1984.44	1.58286
1985	0.556918
1985.56	1.76907
1986.11	1.01321
1986.67	0.76924
1987.22	0.998522
1987.78	1.79304
1988.33	1.93069
1988.89	1.46752
1989.44	0.757037
1990	0.566428
1990.56	3.11503
1991.11	0.698061
1991.67	0.370006
1992.22	3.07975
1992.78	1.65708
1993.33	2.23055
1993.89	0.938326
1994.44	2.96915
1995	1.31455
1995.56	1.61448
1996.11	1.20091
1996.67	1.53786
1997.22	1.47828
1997.78	2.00259
1998.33	0.690401
1998.89	0.461141
1999.44	0.680136
2000	0.334201
