t	etaU
0	6.71176e-16
0.555556	0.398539
1.11111	0.38551
1.66667	1.56261
2.22222	2.0022
2.77778	0.186469
3.33333	0.976047
3.88889	0.172641
4.44444	1.59264
5	2.72335
5.55556	1.1998
6.11111	2.88404
6.66667	0.605508
7.22222	1.80665
7.77778	1.81022
8.33333	0.00991102
8.88889	1.41054
9.44444	2.81378
10	0.392304
10.5556	0.825958
11.1111	0.903916
11.6667	0.590302
12.2222	0.832573
12.7778	1.40447
13.3333	3.03235
13.8889	0.0172006
14.4444	3.14762
15	3.075
15.5556	0.680339
16.1111	2.99267
16.6667	0.929313
17.2222	0.0330946
17.7778	0.0837446
18.3333	0.942171
18.8889	0.174258
19.4444	0.369662
20	0.296465
20.5556	0.664531
21.1111	0.0522898
21.6667	0.194813
22.2222	1.36909
22.7778	0.654138
23.3333	0.263997
23.8889	1.6669
24.4444	1.74585
25	1.32714
25.5556	0.574899
26.1111	0.359101
26.6667	1.55573
27.2222	0.999946
27.7778	0.387745
28.3333	0.367054
28.8889	0.11688
29.4444	1.04
30	0.390271
30.5556	0.589847
31.1111	0.135194
31.6667	0.959599
32.2222	0.571684
32.7778	0.0157487
33.3333	0.54838
33.8889	0.506346
34.4444	0.319051
35	0.977772
35.5556	1.00543
36.1111	0.795319
36.6667	0.668738
37.2222	1.4603
37.7778	0.890624
38.3333	0.573018
38.8889	0.972122
39.4444	0.83077
40	0.805742
40.5556	0.0768661
41.1111	1.2795
41.6667	0.86056
42.2222	0.0744066
42.7778	1.7781
43.3333	1.37357
43.8889	0.962385
44.4444	0.517861
45	0.583614
45.5556	0.407048
46.1111	0.235913
46.6667	0.402294
47.2222	1.82038
47.7778	0.100429
48.3333	1.12513
48.8889	2.15013
49.4444	1.52859
50	1.28866
50.5556	0.776916
51.1111	0.652243
51.6667	0.242392
52.2222	0.340532
52.7778	0.811394
53.3333	0.172231
53.8889	0.0845162
54.4444	1.62581
55	0.200752
55.5556	1.0411
56.1111	2.53489
56.6667	0.530641
57.2222	0.767185
57.7778	0.148981
58.3333	0.733813
58.8889	1.7736
59.4444	0.0784536
60	0.0132309
60.5556	0.0753524
61.1111	0.730943
61.6667	0.0265807
62.2222	1.14027
62.7778	1.06558
63.3333	1.93066
63.8889	0.61715
64.4444	1.25646
65	0.978193
65.5556	0.219126
66.1111	0.666377
66.6667	0.162257
67.2222	0.02146
67.7778	0.0601471
68.3333	1.796
68.8889	0.0941352
69.4444	0.224707
70	0.656046
70.5556	0.157346
71.1111	0.813812
71.6667	1.32739
72.2222	0.705334
72.7778	0.0885151
73.3333	0.687345
73.8889	1.35035
74.4444	0.431167
75	0.203002
75.5556	0.247012
76.1111	0.44683
76.6667	0.106593
77.2222	1.44434
77.7778	0.201872
78.3333	1.31364
78.8889	1.28425
79.4444	0.575006
80	1.8503
80.5556	0.051942
81.1111	0.126561
81.6667	0.750078
82.2222	0.00806118
82.7778	0.169966
83.3333	0.449566
83.8889	0.374717
84.4444	0.834945
85	0.56036
85.5556	0.476412
86.1111	1.07904
86.6667	0.73002
87.2222	0.694174
87.7778	0.728697
88.3333	0.856666
88.8889	0.0986581
89.4444	1.01018
90	0.28761
90.5556	0.031767
91.1111	1.07784
91.6667	0.788952
92.2222	1.70457
92.7778	0.386227
93.3333	0.202673
93.8889	0.235451
94.4444	0.191856
95	0.418715
95.5556	0.0735617
96.1111	1.36192
96.6667	1.74072
97.2222	0.204444
97.7778	0.540975
98.3333	0.101049
98.8889	0.612401
99.4444	0.633647
100	0.631291
100.556	0.206586
101.111	0.558629
101.667	0.145465
102.222	0.975324
102.778	0.0444028
103.333	0.942508
103.889	0.439429
104.444	0.736131
105	0.789178
105.556	0.111108
106.111	0.0410737
106.667	0.124076
107.222	0.0451118
107.778	0.509688
108.333	0.399469
108.889	0.657971
109.444	0.266493
110	0.0848802
110.556	0.293708
111.111	0.238132
111.667	0.518072
112.222	0.0986464
112.778	0.456945
113.333	0.0283719
113.889	0.462064
114.444	0.758123
115	0.443971
115.556	0.890248
116.111	1.50105
116.667	0.22802
117.222	0.0917049
117.778	0.291172
118.333	0.0484777
118.889	0.186477
119.444	0.409672
120	0.387701
120.556	0.477518
121.111	1.45837
121.667	0.119463
122.222	0.148334
122.778	0.0892359
123.333	0.204884
123.889	0.332824
124.444	1.16583
125	0.253604
125.556	0.390035
126.111	0.347703
126.667	0.0218148
127.222	0.292242
127.778	0.420956
128.333	0.20497
128.889	0.489185
129.444	0.522661
130	0.470837
130.556	0.0474441
131.111	0.1771
131.667	0.37329
132.222	0.310429
132.778	0.581582
133.333	0.586674
133.889	0.0823185
134.444	0.926525
135	0.324525
135.556	0.70631
136.111	0.0981364
136.667	0.916984
137.222	0.604523
137.778	1.07073
138.333	0.465441
138.889	1.50894
139.444	1.6794
140	1.26085
140.556	0.636543
141.111	2.00478
141.667	1.63505
142.222	2.82083
142.778	0.801511
143.333	0.410689
143.889	0.670863
144.444	0.995658
145	0.0357829
145.556	0.902735
146.111	0.261043
146.667	0.67554
147.222	1.6222
147.778	0.472115
148.333	0.396949
148.889	0.553457
149.444	0.427408
150	0.599541
150.556	0.493147
151.111	0.356922
151.667	1.1582
152.222	0.60462
152.778	0.284283
153.333	0.239423
153.889	0.0215706
154.444	0.483287
155	0.672846
155.556	0.44511
156.111	0.273099
156.667	0.291818
157.222	0.326172
157.778	0.702412
158.333	0.117351
158.889	0.634419
159.444	0.290651
160	0.162455
160.556	0.100273
161.111	0.198583
161.667	0.738634
162.222	0.291749
162.778	0.231742
163.333	0.173058
163.889	0.0492519
164.444	0.519296
165	0.0143773
165.556	0.243936
166.111	0.177353
166.667	0.00679952
167.222	0.0297506
167.778	0.205434
168.333	0.33371
168.889	0.18591
169.444	0.296262
170	0.474233
170.556	0.0524701
171.111	0.203584
171.667	0.403767
172.222	0.278564
172.778	0.0409753
173.333	0.582437
173.889	0.00110507
174.444	4.97966e-05
175	0.227415
175.556	0.136266
176.111	0.271627
176.667	0.311131
177.222	0.111975
177.778	0.184489
178.333	0.00267445
178.889	0.151705
179.444	0.156456
180	0.115332
180.556	0.0968445
181.111	0.147932
181.667	0.0911066
182.222	0.272858
182.778	0.0306401
183.333	0.0912059
183.889	0.0711383
184.444	0.0295554
185	0.0117915
185.556	0.00543838
186.111	0.224966
186.667	0.239422
187.222	0.0722456
187.778	0.298929
188.333	0.339346
188.889	0.38075
189.444	0.206021
190	0.0744688
190.556	0.309642
191.111	0.13449
191.667	0.193923
192.222	0.249438
192.778	0.232777
193.333	0.0533242
193.889	0.0845306
194.444	0.235135
195	0.0871642
195.556	0.000912248
196.111	0.27165
196.667	0.425354
197.222	0.133553
197.778	0.0315763
198.333	0.02007
198.889	0.367091
199.444	0.0263614
200	0.075599
200.556	0.318977
201.111	0.363655
201.667	0.0235681
202.222	0.23716
202.778	0.237316
203.333	0.0930224
203.889	0.0582541
204.444	0.0871456
205	0.143965
205.556	0.275301
206.111	0.28382
206.667	0.0545629
207.222	0.182692
207.778	0.0191009
208.333	0.211081
208.889	0.0454263
209.444	0.138416
210	0.479296
210.556	0.0266063
211.111	0.136587
211.667	0.122663
212.222	0.0951841
212.778	0.312422
213.333	0.0849328
213.889	0.155258
214.444	0.106537
215	0.04952
215.556	0.177545
216.111	0.0774921
216.667	0.0609619
217.222	0.250125
217.778	0.125039
218.333	0.105614
218.889	0.0704712
219.444	0.180079
220	0.0162828
220.556	0.277513
221.111	0.0740178
221.667	0.040873
222.222	0.0205673
222.778	0.0955964
223.333	0.112797
223.889	0.0315278
224.444	0.0809384
225	0.114465
225.556	0.124369
226.111	0.191165
226.667	0.172779
227.222	0.00490636
227.778	0.0468799
228.333	0.0331874
228.889	0.173308
229.444	0.0332049
230	0.119986
230.556	0.218122
231.111	0.131279
231.667	0.215454
232.222	0.0486898
232.778	0.00815303
233.333	0.0028606
233.889	0.0289222
234.444	0.017664
235	0.086997
235.556	0.17619
236.111	0.010697
236.667	0.0272061
237.222	0.0601555
237.778	0.141717
238.333	0.00928444
238.889	0.0924768
239.444	0.220198
240	0.0778518
240.556	0.0836209
241.111	0.0657438
241.667	0.00557168
242.222	0.15427
242.778	0.0445696
243.333	0.0402198
243.889	0.000408036
244.444	0.035204
245	0.0185297
245.556	0.0457507
246.111	0.0761951
246.667	0.121571
247.222	0.0846693
247.778	0.0840673
248.333	0.0750533
248.889	0.107462
249.444	0.0494975
250	0.00836
250.556	0.207343
251.111	0.000656043
251.667	0.0790206
252.222	0.112363
252.778	0.171922
253.333	0.0204724
253.889	0.0299148
254.444	0.00702093
255	0.0764189
255.556	0.0994115
256.111	0.0311033
256.667	0.0723814
257.222	0.00704125
257.778	0.104339
258.333	0.0592484
258.889	0.00665375
259.444	0.0643185
260	0.0262061
260.556	0.160592
261.111	0.116088
261.667	0.0219602
262.222	0.0713381
262.778	0.0113526
263.333	0.168239
263.889	0.142042
264.444	0.0747567
265	0.0146316
265.556	0.0229858
266.111	0.14408
266.667	0.1038
267.222	0.0565238
267.778	0.00116833
268.333	0.0258013
268.889	0.0380839
269.444	0.0940653
270	0.102525
270.556	0.00669421
271.111	0.0169641
271.667	0.129073
272.222	0.173127
272.778	0.0315278
273.333	0.0753098
273.889	0.08664
274.444	0.0356188
275	0.0542918
275.556	0.140328
276.111	0.00757387
276.667	0.0089339
277.222	0.0960475
277.778	0.0580264
278.333	0.0776834
278.889	0.0530551
279.444	0.134147
280	0.00739935
280.556	0.0656836
281.111	0.0777318
281.667	0.0852841
282.222	0.0700448
282.778	0.0810217
283.333	0.0599908
283.889	0.0183887
284.444	0.000130184
285	0.00333612
285.556	0.00397837
286.111	0.0584321
286.667	0.0417207
287.222	0.00321152
287.778	0.145825
288.333	0.0179335
288.889	0.0081324
289.444	0.0377347
290	0.0323581
290.556	0.0111155
291.111	0.0882541
291.667	0.000291001
292.222	0.168833
292.778	0.117486
293.333	0.0456864
293.889	0.132326
294.444	0.128778
295	0.00886883
295.556	0.00399697
296.111	0.0413995
296.667	0.0319842
297.222	0.0392723
297.778	0.0145513
298.333	0.014696
298.889	0.0405847
299.444	0.0846116
300	0.135507
300.556	0.0937953
301.111	0.0312495
301.667	0.0651968
302.222	0.0641672
302.778	0.0340801
303.333	0.0121902
303.889	0.0990669
304.444	0.0153176
305	0.0177672
305.556	0.113647
306.111	0.0283347
306.667	0.0190313
307.222	0.00166587
307.778	0.0419935
308.333	0.0693742
308.889	0.125234
309.444	0.0512667
310	0.0671408
310.556	0.0864803
311.111	0.0420479
311.667	0.0914795
312.222	0.109874
312.778	0.0611456
313.333	0.095339
313.889	0.117529
314.444	0.0222585
315	0.0471369
315.556	0.0760986
316.111	0.0182428
316.667	0.00687256
317.222	0.108626
317.778	0.0469217
318.333	0.0408985
318.889	0.0499235
319.444	0.0897334
320	0.0353046
320.556	0.0500871
321.111	0.0488509
321.667	0.175313
322.222	0.0508579
322.778	0.0508895
323.333	0.0464654
323.889	0.034169
324.444	0.013406
325	0.0303393
325.556	0.0299997
326.111	0.0213829
326.667	0.103784
327.222	0.048551
327.778	0.000541384
328.333	0.0393614
328.889	0.10289
329.444	0.0373152
330	0.0086194
330.556	0.0417933
331.111	0.0646485
331.667	0.0101631
332.222	0.0494416
332.778	0.0672018
333.333	0.00988956
333.889	0.015595
334.444	0.0408957
335	0.0392709
335.556	0.056132
336.111	0.0334903
336.667	0.0174209
337.222	0.105292
337.778	0.031413
338.333	0.0289764
338.889	0.0474084
339.444	0.0622506
340	0.0206622
340.556	0.0185694
341.111	0.00656995
341.667	0.0587542
342.222	0.0739491
342.778	0.0430716
343.333	0.00781734
343.889	0.041888
344.444	0.0728876
345	0.0180173
345.556	0.00920424
346.111	0.0565967
346.667	0.026288
347.222	0.00860919
347.778	0.0712066
348.333	0.0181876
348.889	0.0074184
349.444	0.0434575
350	0.019602
350.556	0.0136444
351.111	0.0515474
351.667	0.0156303
352.222	0.0457383
352.778	0.0246456
353.333	0.0696422
353.889	0.0743743
354.444	0.00144215
355	0.0225843
355.556	0.0589164
356.111	0.0346342
356.667	0.0115876
357.222	0.0266401
357.778	0.033117
358.333	0.0426604
358.889	0.0634145
359.444	0.00206627
360	0.0517255
360.556	0.0599396
361.111	0.00837374
361.667	0.0274144
362.222	0.0221189
362.778	0.0203899
363.333	0.0190026
363.889	0.021137
364.444	0.0455583
365	0.00784715
365.556	0.0604105
366.111	0.0487735
366.667	0.0199493
367.222	0.0201501
367.778	0.0392728
368.333	0.00396989
368.889	0.0100594
369.444	0.0442023
370	0.0472567
370.556	0.0482658
371.111	0.0344974
371.667	0.0780645
372.222	0.0517401
372.778	0.0404591
373.333	0.0692435
373.889	0.00450243
374.444	0.00790829
375	0.0103641
375.556	0.0155883
376.111	0.0375274
376.667	0.0586193
377.222	0.00286968
377.778	0.0221987
378.333	0.0269691
378.889	0.0689609
379.444	0.00964674
380	0.0319356
380.556	0.0532593
381.111	0.0437342
381.667	0.0022253
382.222	0.068297
382.778	0.0142108
383.333	0.094733
383.889	0.0439426
384.444	0.0600264
385	0.0220449
385.556	0.0842735
386.111	0.00610649
386.667	0.00124405
387.222	0.0342414
387.778	0.0465296
388.333	0.00319
388.889	0.0337734
389.444	0.0656456
390	0.0021839
390.556	0.0949345
391.111	0.0130122
391.667	0.0105079
392.222	0.0251403
392.778	0.0785842
393.333	0.00213657
393.889	0.00577492
394.444	0.0757458
395	0.026392
395.556	0.0279022
396.111	0.00126231
396.667	0.0297792
397.222	0.00680407
397.778	0.0629117
398.333	0.00896538
398.889	0.00533835
399.444	0.0183682
400	0.082843
400.556	0.00212132
401.111	0.00763733
401.667	0.0431241
402.222	0.0161779
402.778	0.0267693
403.333	0.00162863
403.889	0.033473
404.444	0.0368141
405	0.0431654
405.556	0.0224057
406.111	0.00729978
406.667	0.00644534
407.222	0.00253814
407.778	0.0150501
408.333	0.0302638
408.889	0.00656361
409.444	0.0129772
410	0.0512899
410.556	0.0630521
411.111	0.00352105
411.667	0.0157958
412.222	0.0330754
412.778	0.0231815
413.333	0.0110651
413.889	0.022021
414.444	0.048349
415	0.0668896
415.556	0.0301368
416.111	0.0300833
416.667	0.0117437
417.222	0.0474474
417.778	0.0972322
418.333	0.0626665
418.889	0.0186424
419.444	0.0147896
420	0.0462752
420.556	0.0105789
421.111	0.0164576
421.667	0.0627059
422.222	0.051697
422.778	0.0511969
423.333	0.038755
423.889	0.0337463
424.444	0.00516965
425	0.0609462
425.556	0.0147048
426.111	0.0168658
426.667	0.0402639
427.222	0.0308892
427.778	0.0245142
428.333	0.0272033
428.889	0.0453455
429.444	0.0698632
430	0.0511075
430.556	0.0120453
431.111	0.00537812
431.667	0.0599723
432.222	0.0210497
432.778	0.0147716
433.333	0.0428238
433.889	0.0342207
434.444	0.0291948
435	0.0524161
435.556	0.0518608
436.111	0.022963
436.667	0.048189
437.222	0.0218217
437.778	0.0257282
438.333	0.0271475
438.889	0.03684
439.444	0.0140473
440	0.042256
440.556	0.0553817
441.111	0.0114049
441.667	0.0284787
442.222	0.0648187
442.778	0.0398778
443.333	0.0240583
443.889	0.0299154
444.444	0.0245415
445	0.0415255
445.556	0.0123906
446.111	0.0220444
446.667	0.00805019
447.222	0.0844855
447.778	0.0219402
448.333	0.00818157
448.889	0.023474
449.444	0.0896327
450	0.0241707
450.556	0.0427425
451.111	0.02207
451.667	0.0158537
452.222	0.0377964
452.778	0.0297058
453.333	0.0389334
453.889	0.00700852
454.444	0.0711141
455	0.0218408
455.556	0.00522543
456.111	0.00456571
456.667	0.0705937
457.222	0.00323942
457.778	0.0300418
458.333	0.0297066
458.889	0.0103619
459.444	0.0319494
460	0.0108974
460.556	0.0396883
461.111	0.00460275
461.667	0.0186518
462.222	0.0438465
462.778	0.00520566
463.333	0.0311623
463.889	0.034612
464.444	0.00181545
465	0.0221484
465.556	0.0374544
466.111	0.000645349
466.667	0.0420972
467.222	0.0396379
467.778	0.0324288
468.333	0.0168822
468.889	0.0384855
469.444	0.0426709
470	0.00880664
470.556	0.0184276
471.111	0.0124321
471.667	0.00560243
472.222	0.0487748
472.778	0.000779557
473.333	0.0222601
473.889	0.0243847
474.444	0.0708071
475	0.0115
475.556	0.0509543
476.111	0.00594122
476.667	0.0633561
477.222	0.00265681
477.778	0.0213182
478.333	0.0464054
478.889	0.020644
479.444	0.0677215
480	2.37301e-05
480.556	0.00929112
481.111	0.0210535
481.667	0.0659388
482.222	0.000714975
482.778	0.0291772
483.333	0.0093956
483.889	0.0536115
484.444	0.0230583
485	0.0010422
485.556	0.021106
486.111	0.0150895
486.667	0.0841725
487.222	0.00799277
487.778	0.00284797
488.333	0.0198572
488.889	0.0349883
489.444	0.00435614
490	0.0172878
490.556	0.0029248
491.111	0.00444127
491.667	0.022626
492.222	0.0315339
492.778	0.0176698
493.333	0.0264451
493.889	0.0623881
494.444	0.0387975
495	0.0106474
495.556	0.0259737
496.111	0.000233124
496.667	0.0145568
497.222	0.016243
497.778	0.0116709
498.333	0.00264953
498.889	0.0074847
499.444	0.0595777
500	0.0184373
500.556	0.0284582
501.111	0.0279082
501.667	0.0458155
502.222	0.00305818
502.778	0.031276
503.333	0.0388672
503.889	0.0407448
504.444	0.0517081
505	0.000769267
505.556	0.0154649
506.111	0.0283857
506.667	0.0950667
507.222	0.0307428
507.778	0.0238144
508.333	0.0013295
508.889	0.0465862
509.444	0.00650828
510	0.0144375
510.556	0.0385734
511.111	0.0509915
511.667	0.0418975
512.222	0.00758454
512.778	0.00644182
513.333	0.0380379
513.889	0.0601765
514.444	0.0092362
515	0.000160665
515.556	0.0144301
516.111	0.0254148
516.667	0.0193444
517.222	0.013386
517.778	0.0107802
518.333	0.0578151
518.889	0.0442185
519.444	0.0169326
520	0.0303559
520.556	0.0339917
521.111	0.0234267
521.667	0.00682695
522.222	0.0136917
522.778	0.0123239
523.333	0.0178738
523.889	0.0283197
524.444	0.033668
525	0.0169045
525.556	0.0319331
526.111	0.0267975
526.667	0.0308121
527.222	0.0446594
527.778	0.0316218
528.333	0.0118213
528.889	0.0309945
529.444	0.00465956
530	0.0341417
530.556	0.0152265
531.111	0.0668767
531.667	0.0462691
532.222	0.0427215
532.778	0.0223543
533.333	0.00702025
533.889	0.0449581
534.444	0.0500331
535	0.000649639
535.556	0.0251574
536.111	0.0500683
536.667	0.016076
537.222	0.0265463
537.778	0.010991
538.333	0.0635466
538.889	0.0444011
539.444	0.0592984
540	0.014713
540.556	0.0132751
541.111	0.035584
541.667	0.0202874
542.222	0.00380135
542.778	0.00910931
543.333	0.0450301
543.889	0.0300309
544.444	0.0122584
545	0.00919005
545.556	0.0533783
546.111	0.015608
546.667	0.0207237
547.222	0.0160666
547.778	0.00280084
548.333	0.0224267
548.889	0.0172843
549.444	0.0108856
550	0.0176557
550.556	0.0253241
551.111	0.0443404
551.667	0.000217741
552.222	0.0456217
552.778	0.0200704
553.333	0.000378629
553.889	0.0237097
554.444	0.0239637
555	0.00142789
555.556	0.00112617
556.111	0.0571832
556.667	0.017673
557.222	0.0555336
557.778	0.00785461
558.333	0.0508546
558.889	0.0224654
559.444	0.0584081
560	0.00706008
560.556	0.010518
561.111	0.054751
561.667	0.0185233
562.222	0.000960713
562.778	0.012995
563.333	0.0742473
563.889	0.0143892
564.444	0.0690666
565	0.000146582
565.556	0.0450096
566.111	0.0140942
566.667	0.0498187
567.222	0.00771183
567.778	0.00742048
568.333	0.05937
568.889	0.00946305
569.444	0.0107319
570	0.0229252
570.556	0.0594165
571.111	0.00727628
571.667	0.045281
572.222	0.00221959
572.778	0.0239148
573.333	0.00838681
573.889	0.00763248
574.444	0.00366087
575	0.0154981
575.556	0.0475371
576.111	0.0155747
576.667	0.0145478
577.222	0.0466732
577.778	0.0214532
578.333	0.00928484
578.889	0.0133269
579.444	0.0166219
580	0.00769628
580.556	0.0052211
581.111	0.0346083
581.667	0.0137517
582.222	0.0289995
582.778	0.0274139
583.333	0.0334319
583.889	0.0136381
584.444	0.0606679
585	0.00806081
585.556	0.0150065
586.111	0.0157067
586.667	0.0314265
587.222	0.00308435
587.778	0.00150532
588.333	0.0670987
588.889	0.022611
589.444	0.0375891
590	0.00557602
590.556	0.0299332
591.111	0.0157678
591.667	0.0566423
592.222	0.0336615
592.778	0.0219026
593.333	0.0338306
593.889	0.0310538
594.444	0.00110584
595	0.0177746
595.556	0.0754305
596.111	0.0343512
596.667	0.0359294
597.222	0.000583663
597.778	0.0277783
598.333	0.00515855
598.889	0.0343619
599.444	0.0212023
600	0.0225865
600.556	0.0366968
601.111	0.0125188
601.667	0.0148519
602.222	0.0308764
602.778	0.0455791
603.333	0.0208229
603.889	0.0283224
604.444	0.0223974
605	0.0119357
605.556	0.00660023
606.111	0.0047161
606.667	0.00286139
607.222	0.0298164
607.778	0.0218497
608.333	0.0218411
608.889	0.0395584
609.444	0.0411508
610	0.00288028
610.556	0.00128713
611.111	0.00867313
611.667	0.0407143
612.222	0.0180393
612.778	0.0212334
613.333	0.0318695
613.889	0.0319682
614.444	0.0337536
615	0.00568978
615.556	0.0437288
616.111	0.0467703
616.667	0.0425084
617.222	0.0219775
617.778	0.0164285
618.333	0.00320328
618.889	0.0431853
619.444	0.0253126
620	0.0334525
620.556	0.036352
621.111	0.0535319
621.667	0.027859
622.222	0.00413756
622.778	0.042151
623.333	0.0477378
623.889	0.0242234
624.444	0.0245374
625	0.0304456
625.556	0.008049
626.111	0.0326266
626.667	0.0150774
627.222	0.037982
627.778	0.0293368
628.333	0.04582
628.889	0.0271555
629.444	0.00979697
630	0.0240662
630.556	0.0311956
631.111	0.00494066
631.667	0.00307561
632.222	0.0264854
632.778	0.016029
633.333	0.00813674
633.889	0.0230199
634.444	0.0401798
635	0.00299462
635.556	0.00272934
636.111	0.0351638
636.667	0.0111898
637.222	0.0149443
637.778	0.00147847
638.333	0.00830198
638.889	0.0417606
639.444	0.0114816
640	0.0209178
640.556	0.013168
641.111	0.055625
641.667	0.0296543
642.222	0.0181854
642.778	0.0240751
643.333	0.0337037
643.889	0.0235655
644.444	0.0254853
645	0.0383745
645.556	0.0182317
646.111	0.0638539
646.667	0.0100903
647.222	0.0246187
647.778	0.0129737
648.333	0.0649738
648.889	0.0135272
649.444	0.0262784
650	0.0370205
650.556	0.0286099
651.111	0.026012
651.667	0.0174153
652.222	0.0496948
652.778	0.00986477
653.333	0.0576682
653.889	0.000567504
654.444	0.0150223
655	0.00184586
655.556	0.0458979
656.111	0.010035
656.667	0.00865862
657.222	0.0298791
657.778	0.0159371
658.333	0.00853659
658.889	0.0225389
659.444	0.0351432
660	0.00755869
660.556	0.0402965
661.111	0.0192346
661.667	0.0149825
662.222	0.0144994
662.778	0.00515367
663.333	0.009621
663.889	0.010612
664.444	0.00470017
665	0.00986156
665.556	0.00834863
666.111	0.057168
666.667	0.0104738
667.222	0.00311768
667.778	0.00523285
668.333	0.0445148
668.889	0.0053024
669.444	0.0270529
670	0.0438005
670.556	0.0193136
671.111	0.0307747
671.667	0.00738186
672.222	0.0218164
672.778	0.00383108
673.333	0.0789513
673.889	0.0168927
674.444	0.00840987
675	0.0137287
675.556	0.0474854
676.111	0.00575791
676.667	0.019925
677.222	0.0535289
677.778	0.0247052
678.333	0.0475624
678.889	0.00612537
679.444	0.0272171
680	0.00311905
680.556	0.0643758
681.111	0.0248743
681.667	0.000766763
682.222	0.0134031
682.778	0.026785
683.333	0.00879294
683.889	0.00221572
684.444	0.0443191
685	0.0253275
685.556	0.0394495
686.111	0.0144739
686.667	0.011047
687.222	0.0106941
687.778	0.0319442
688.333	0.00582688
688.889	0.00412055
689.444	0.00146741
690	0.00390952
690.556	0.0191857
691.111	0.0242813
691.667	0.0102805
692.222	0.0182923
692.778	0.0246494
693.333	0.0393528
693.889	0.0162521
694.444	0.00984656
695	0.00721507
695.556	0.0206341
696.111	0.0211658
696.667	0.00624859
697.222	0.0360628
697.778	0.031447
698.333	0.045611
698.889	0.0224521
699.444	0.00176679
700	0.00550885
700.556	0.0546772
701.111	0.0323099
701.667	0.00846473
702.222	0.0311935
702.778	0.0447573
703.333	0.0293935
703.889	0.0196506
704.444	0.0427226
705	0.0426565
705.556	0.0479137
706.111	0.0268408
706.667	0.00457171
707.222	0.00824886
707.778	0.0478178
708.333	0.0279163
708.889	0.00231091
709.444	0.0327542
710	0.0423752
710.556	0.0282286
711.111	0.0108554
711.667	0.0203764
712.222	0.0405895
712.778	0.0367684
713.333	0.0150698
713.889	0.00184048
714.444	0.00886948
715	0.0245807
715.556	0.00110977
716.111	0.0210676
716.667	0.00656381
717.222	0.0210352
717.778	0.0341337
718.333	0.0101601
718.889	0.00895573
719.444	0.0240874
720	0.00530022
720.556	0.0174802
721.111	0.00873242
721.667	0.00340373
722.222	0.0039331
722.778	0.0337583
723.333	0.0292528
723.889	0.0204181
724.444	0.00861835
725	0.0301729
725.556	0.0263363
726.111	0.0364821
726.667	0.00240027
727.222	0.021102
727.778	0.0469723
728.333	0.0160016
728.889	0.00233062
729.444	0.0229929
730	0.0547598
730.556	0.0331557
731.111	0.0403028
731.667	0.0224694
732.222	0.0293641
732.778	0.031495
733.333	0.0394073
733.889	0.0122467
734.444	0.0256781
735	0.053175
735.556	0.0098146
736.111	0.00310577
736.667	0.0160515
737.222	0.05537
737.778	0.0230033
738.333	0.0380716
738.889	0.0168262
739.444	0.0274341
740	0.0233844
740.556	0.013479
741.111	0.018766
741.667	0.0125971
742.222	0.0425193
742.778	0.0116092
743.333	0.00821489
743.889	0.00681725
744.444	0.0295092
745	0.0100651
745.556	0.0135273
746.111	0.000508337
746.667	0.0116211
747.222	0.00332283
747.778	0.0231815
748.333	0.00759348
748.889	0.00568404
749.444	0.0170179
750	0.0292006
750.556	0.014334
751.111	0.037254
751.667	0.00842011
752.222	0.0081251
752.778	0.0193131
753.333	0.0175646
753.889	0.00541764
754.444	0.0137924
755	0.0563967
755.556	0.0100256
756.111	0.0231615
756.667	0.00672813
757.222	0.0454896
757.778	0.0129873
758.333	0.0527524
758.889	0.0310557
759.444	0.0108632
760	0.0399974
760.556	0.0243946
761.111	0.0122984
761.667	0.0141494
762.222	0.0683467
762.778	0.0172987
763.333	0.0254124
763.889	0.0134602
764.444	0.035659
765	0.00780172
765.556	0.0407934
766.111	0.0356805
766.667	0.014406
767.222	0.03997
767.778	0.00760083
768.333	0.00841465
768.889	0.00226792
769.444	0.0486398
770	0.00950863
770.556	0.0104753
771.111	0.00195182
771.667	0.0122205
772.222	0.00604443
772.778	0.00778157
773.333	0.0133866
773.889	0.0185093
774.444	0.0180535
775	0.0195526
775.556	0.0102133
776.111	0.0218099
776.667	0.0149951
777.222	0.00662366
777.778	0.00641871
778.333	0.022773
778.889	0.0150764
779.444	0.00831812
780	0.0283521
780.556	0.0150686
781.111	0.0135348
781.667	0.00136976
782.222	0.0473146
782.778	0.0264916
783.333	0.033967
783.889	0.0195487
784.444	0.022879
785	0.0170896
785.556	0.038471
786.111	0.0317815
786.667	0.0188983
787.222	0.0511614
787.778	0.0295437
788.333	0.00987041
788.889	0.0148275
789.444	0.0539993
790	0.0326521
790.556	0.0266859
791.111	0.0347048
791.667	0.0276028
792.222	0.0212655
792.778	0.0357044
793.333	0.0261972
793.889	0.0267604
794.444	0.0443069
795	0.0253538
795.556	0.00983072
796.111	0.00784056
796.667	0.0368814
797.222	0.0189897
797.778	0.00539429
798.333	0.0156215
798.889	0.016915
799.444	0.0198549
800	0.0115223
800.556	0.00358338
801.111	0.0267154
801.667	0.0142028
802.222	0.00375725
802.778	0.0165161
803.333	0.0108695
803.889	0.00315813
804.444	0.00524522
805	0.0164839
805.556	0.0145859
806.111	0.000694837
806.667	0.0178572
807.222	0.0214066
807.778	0.0249657
808.333	0.0206601
808.889	0.0160131
809.444	0.0257761
810	0.0212819
810.556	0.0214887
811.111	0.0222359
811.667	0.0273449
812.222	0.030208
812.778	0.0444746
813.333	0.0135473
813.889	0.0171864
814.444	0.0370942
815	0.0428574
815.556	0.0102896
816.111	0.0330231
816.667	0.0437854
817.222	0.0177691
817.778	0.0189137
818.333	0.031095
818.889	0.0336782
819.444	0.0272831
820	0.0513475
820.556	0.0144648
821.111	0.017634
821.667	0.0305411
822.222	0.0346154
822.778	0.00404327
823.333	0.0251523
823.889	0.0405718
824.444	0.00542747
825	0.0060525
825.556	0.0133934
826.111	0.0267865
826.667	0.0188367
827.222	0.0311892
827.778	0.00137839
828.333	0.0127451
828.889	0.00466704
829.444	0.00780345
830	0.00412844
830.556	0.000370392
831.111	0.01855
831.667	0.0108102
832.222	0.010058
832.778	0.0255829
833.333	0.00569603
833.889	0.00486222
834.444	0.0041918
835	0.018369
835.556	0.0086476
836.111	0.0229136
836.667	0.0281632
837.222	0.00807208
837.778	0.0236232
838.333	0.00841281
838.889	0.0244634
839.444	0.0189009
840	0.0557299
840.556	0.0125079
841.111	0.00215431
841.667	0.0301964
842.222	0.0301837
842.778	0.00534111
843.333	0.0345278
843.889	0.0530739
844.444	0.00999332
845	0.0323178
845.556	0.021272
846.111	0.0234617
846.667	0.0164986
847.222	0.0592733
847.778	0.020284
848.333	0.00245552
848.889	0.0345693
849.444	0.0247468
850	0.00343643
850.556	0.0205062
851.111	0.0505965
851.667	0.00602782
852.222	0.0244266
852.778	0.01174
853.333	0.0144669
853.889	0.00625511
854.444	0.0347001
855	0.0137852
855.556	0.00375845
856.111	0.0133848
856.667	0.00222866
857.222	0.00902932
857.778	0.00640877
858.333	0.0245547
858.889	0.00281313
859.444	0.00499576
860	0.0168241
860.556	0.00353897
861.111	0.000343371
861.667	0.00612859
862.222	0.00356369
862.778	0.0102491
863.333	0.0122428
863.889	0.0273378
864.444	0.013244
865	0.0328852
865.556	0.0102763
866.111	0.00304329
866.667	0.0133992
867.222	0.0443843
867.778	0.0190581
868.333	0.00318559
868.889	0.0382318
869.444	0.0216566
870	0.01652
870.556	0.0274696
871.111	0.0443728
871.667	0.0161324
872.222	0.0403332
872.778	0.0326225
873.333	0.00646774
873.889	0.0203707
874.444	0.0506422
875	0.0231008
875.556	0.0013862
876.111	0.0448084
876.667	0.0283676
877.222	0.0191812
877.778	0.0221071
878.333	0.0421526
878.889	0.0147262
879.444	0.0269693
880	0.0262113
880.556	0.00517124
881.111	0.0178481
881.667	0.0297885
882.222	0.0134354
882.778	0.00964482
883.333	0.0212304
883.889	0.015159
884.444	0.0184012
885	0.000779738
885.556	0.0152537
886.111	0.0100177
886.667	0.000648176
887.222	0.00285132
887.778	0.000433667
888.333	0.00917685
888.889	0.00687461
889.444	0.00579434
890	0.0178321
890.556	0.0129646
891.111	0.00993305
891.667	0.0147731
892.222	0.0213482
892.778	0.0165172
893.333	0.000999812
893.889	0.0217299
894.444	0.0369803
895	0.00806096
895.556	0.000637314
896.111	0.0345221
896.667	0.0263339
897.222	0.0229147
897.778	0.0373173
898.333	0.0308218
898.889	0.00993431
899.444	0.0313544
900	0.0370543
900.556	0.00687403
901.111	0.0317294
901.667	0.051931
902.222	0.0121217
902.778	0.0035956
903.333	0.0379839
903.889	0.0344375
904.444	0.0215682
905	0.0378376
905.556	0.0355676
906.111	0.00586791
906.667	0.0220482
907.222	0.026921
907.778	0.0124517
908.333	0.026321
908.889	0.0379285
909.444	0.007911
910	0.000432331
910.556	0.0133948
911.111	0.0215764
911.667	0.0138811
912.222	0.0164395
912.778	0.0194438
913.333	0.00208898
913.889	0.00109164
914.444	0.00412796
915	0.00810417
915.556	0.00784137
916.111	0.00582613
916.667	0.00592286
917.222	0.00976588
917.778	0.0192456
918.333	0.00592859
918.889	0.00312098
919.444	0.0142649
920	0.00835978
920.556	0.00130784
921.111	0.0201644
921.667	0.0398823
922.222	0.00159882
922.778	0.0106061
923.333	0.0231018
923.889	0.019547
924.444	0.0163905
925	0.0426891
925.556	0.0331611
926.111	0.00275539
926.667	0.0323341
927.222	0.0265198
927.778	0.0054463
928.333	0.0296537
928.889	0.0565387
929.444	0.0129977
930	0.0194051
930.556	0.0326489
931.111	0.0250351
931.667	0.0192102
932.222	0.0398374
932.778	0.0434661
933.333	0.00306756
933.889	0.0313008
934.444	0.0233682
935	0.00386484
935.556	0.022696
936.111	0.0426008
936.667	0.0154795
937.222	0.0137571
937.778	0.0180424
938.333	0.014636
938.889	0.0127213
939.444	0.0150437
940	0.0262184
940.556	0.00283053
941.111	0.0134189
941.667	0.00207172
942.222	0.00123181
942.778	0.00321792
943.333	0.00887651
943.889	0.00678003
944.444	0.00349674
945	0.00915627
945.556	0.00952398
946.111	0.002317
946.667	0.0162016
947.222	0.00227952
947.778	0.00843183
948.333	0.0116577
948.889	0.0323606
949.444	0.00711398
950	0.0148926
950.556	0.0263105
951.111	0.00756173
951.667	0.0204301
952.222	0.0334041
952.778	0.0317926
953.333	0.00246497
953.889	0.0371018
954.444	0.0273811
955	0.00910567
955.556	0.0301389
956.111	0.0469334
956.667	0.0167444
957.222	0.0218101
957.778	0.0399499
958.333	0.0187012
958.889	0.028354
959.444	0.0366907
960	0.0369328
960.556	0.000744314
961.111	0.0362813
961.667	0.0315539
962.222	0.00491224
962.778	0.0308601
963.333	0.0364168
963.889	0.0175858
964.444	0.013985
965	0.0287882
965.556	0.0156785
966.111	0.022135
966.667	0.0202263
967.222	0.0215956
967.778	0.00597648
968.333	0.0144289
968.889	0.00944091
969.444	0.00185802
970	0.0145369
970.556	0.00632029
971.111	0.00783801
971.667	0.00765063
972.222	0.00234802
972.778	0.00162352
973.333	0.00668563
973.889	0.00589005
974.444	0.00798735
975	0.011616
975.556	0.0166679
976.111	0.0208667
976.667	0.00278165
977.222	0.00784111
977.778	0.0236684
978.333	0.00851383
978.889	0.0267923
979.444	0.0332561
980	0.0209994
980.556	0.00624744
981.111	0.0276102
981.667	0.0291394
982.222	0.0104266
982.778	0.0391372
983.333	0.0413303
983.889	0.00616978
984.444	0.0224463
985	0.0373115
985.556	0.0198403
986.111	0.0330809
986.667	0.0443806
987.222	0.0297609
987.778	0.00948519
988.333	0.0318875
988.889	0.0311637
989.444	0.00310957
990	0.0413311
990.556	0.0382197
991.111	0.00967071
991.667	0.018463
992.222	0.0264602
992.778	0.0161011
993.333	0.0212851
993.889	0.0329455
994.444	0.0202122
995	0.00380028
995.556	0.0141094
996.111	0.00891318
996.667	0.0034665
997.222	0.0211882
997.778	0.0153312
998.333	0.0055471
998.889	3.02697e-05
999.444	0.00479583
1000	0.000142292
1000.56	0.000142292
1001.11	0.00479583
1001.67	3.02697e-05
1002.22	0.0055471
1002.78	0.0153312
1003.33	0.0211882
1003.89	0.0034665
1004.44	0.00891318
1005	0.0141094
1005.56	0.00380028
1006.11	0.0202122
1006.67	0.0329455
1007.22	0.0212851
1007.78	0.0161011
1008.33	0.0264602
1008.89	0.018463
1009.44	0.00967071
1010	0.0382197
1010.56	0.0413311
1011.11	0.00310957
1011.67	0.0311637
1012.22	0.0318875
1012.78	0.00948519
1013.33	0.0297609
1013.89	0.0443806
1014.44	0.0330809
1015	0.0198403
1015.56	0.0373115
1016.11	0.0224463
1016.67	0.00616978
1017.22	0.0413303
1017.78	0.0391372
1018.33	0.0104266
1018.89	0.0291394
1019.44	0.0276102
1020	0.00624744
1020.56	0.0209994
1021.11	0.0332561
1021.67	0.0267923
1022.22	0.00851383
1022.78	0.0236684
1023.33	0.00784111
1023.89	0.00278165
1024.44	0.0208667
1025	0.0166679
1025.56	0.011616
1026.11	0.00798735
1026.67	0.00589005
1027.22	0.00668563
1027.78	0.00162352
1028.33	0.00234802
1028.89	0.00765063
1029.44	0.00783801
1030	0.00632029
1030.56	0.0145369
1031.11	0.00185802
1031.67	0.00944091
1032.22	0.0144289
1032.78	0.00597648
1033.33	0.0215956
1033.89	0.0202263
1034.44	0.022135
1035	0.0156785
1035.56	0.0287882
1036.11	0.013985
1036.67	0.0175858
1037.22	0.0364168
1037.78	0.0308601
1038.33	0.00491224
1038.89	0.0315539
1039.44	0.0362813
1040	0.000744314
1040.56	0.0369328
1041.11	0.0366907
1041.67	0.028354
1042.22	0.0187012
1042.78	0.0399499
1043.33	0.0218101
1043.89	0.0167444
1044.44	0.0469334
1045	0.0301389
1045.56	0.00910567
1046.11	0.0273811
1046.67	0.0371018
1047.22	0.00246497
1047.78	0.0317926
1048.33	0.0334041
1048.89	0.0204301
1049.44	0.00756173
1050	0.0263105
1050.56	0.0148926
1051.11	0.00711398
1051.67	0.0323606
1052.22	0.0116577
1052.78	0.00843183
1053.33	0.00227952
1053.89	0.0162016
1054.44	0.002317
1055	0.00952398
1055.56	0.00915627
1056.11	0.00349674
1056.67	0.00678003
1057.22	0.00887651
1057.78	0.00321792
1058.33	0.00123181
1058.89	0.00207172
1059.44	0.0134189
1060	0.00283053
1060.56	0.0262184
1061.11	0.0150437
1061.67	0.0127213
1062.22	0.014636
1062.78	0.0180424
1063.33	0.0137571
1063.89	0.0154795
1064.44	0.0426008
1065	0.022696
1065.56	0.00386484
1066.11	0.0233682
1066.67	0.0313008
1067.22	0.00306756
1067.78	0.0434661
1068.33	0.0398374
1068.89	0.0192102
1069.44	0.0250351
1070	0.0326489
1070.56	0.0194051
1071.11	0.0129977
1071.67	0.0565387
1072.22	0.0296537
1072.78	0.0054463
1073.33	0.0265198
1073.89	0.0323341
1074.44	0.00275539
1075	0.0331611
1075.56	0.0426891
1076.11	0.0163905
1076.67	0.019547
1077.22	0.0231018
1077.78	0.0106061
1078.33	0.00159882
1078.89	0.0398823
1079.44	0.0201644
1080	0.00130784
1080.56	0.00835978
1081.11	0.0142649
1081.67	0.00312098
1082.22	0.00592859
1082.78	0.0192456
1083.33	0.00976588
1083.89	0.00592286
1084.44	0.00582613
1085	0.00784137
1085.56	0.00810417
1086.11	0.00412796
1086.67	0.00109164
1087.22	0.00208898
1087.78	0.0194438
1088.33	0.0164395
1088.89	0.0138811
1089.44	0.0215764
1090	0.0133948
1090.56	0.000432331
1091.11	0.007911
1091.67	0.0379285
1092.22	0.026321
1092.78	0.0124517
1093.33	0.026921
1093.89	0.0220482
1094.44	0.00586791
1095	0.0355676
1095.56	0.0378376
1096.11	0.0215682
1096.67	0.0344375
1097.22	0.0379839
1097.78	0.0035956
1098.33	0.0121217
1098.89	0.051931
1099.44	0.0317294
1100	0.00687403
1100.56	0.0370543
1101.11	0.0313544
1101.67	0.00993431
1102.22	0.0308218
1102.78	0.0373173
1103.33	0.0229147
1103.89	0.0263339
1104.44	0.0345221
1105	0.000637314
1105.56	0.00806096
1106.11	0.0369803
1106.67	0.0217299
1107.22	0.000999812
1107.78	0.0165172
1108.33	0.0213482
1108.89	0.0147731
1109.44	0.00993305
1110	0.0129646
1110.56	0.0178321
1111.11	0.00579434
1111.67	0.00687461
1112.22	0.00917685
1112.78	0.000433667
1113.33	0.00285132
1113.89	0.000648176
1114.44	0.0100177
1115	0.0152537
1115.56	0.000779738
1116.11	0.0184012
1116.67	0.015159
1117.22	0.0212304
1117.78	0.00964482
1118.33	0.0134354
1118.89	0.0297885
1119.44	0.0178481
1120	0.00517124
1120.56	0.0262113
1121.11	0.0269693
1121.67	0.0147262
1122.22	0.0421526
1122.78	0.0221071
1123.33	0.0191812
1123.89	0.0283676
1124.44	0.0448084
1125	0.0013862
1125.56	0.0231008
1126.11	0.0506422
1126.67	0.0203707
1127.22	0.00646774
1127.78	0.0326225
1128.33	0.0403332
1128.89	0.0161324
1129.44	0.0443728
1130	0.0274696
1130.56	0.01652
1131.11	0.0216566
1131.67	0.0382318
1132.22	0.00318559
1132.78	0.0190581
1133.33	0.0443843
1133.89	0.0133992
1134.44	0.00304329
1135	0.0102763
1135.56	0.0328852
1136.11	0.013244
1136.67	0.0273378
1137.22	0.0122428
1137.78	0.0102491
1138.33	0.00356369
1138.89	0.00612859
1139.44	0.000343371
1140	0.00353897
1140.56	0.0168241
1141.11	0.00499576
1141.67	0.00281313
1142.22	0.0245547
1142.78	0.00640877
1143.33	0.00902932
1143.89	0.00222866
1144.44	0.0133848
1145	0.00375845
1145.56	0.0137852
1146.11	0.0347001
1146.67	0.00625511
1147.22	0.0144669
1147.78	0.01174
1148.33	0.0244266
1148.89	0.00602782
1149.44	0.0505965
1150	0.0205062
1150.56	0.00343643
1151.11	0.0247468
1151.67	0.0345693
1152.22	0.00245552
1152.78	0.020284
1153.33	0.0592733
1153.89	0.0164986
1154.44	0.0234617
1155	0.021272
1155.56	0.0323178
1156.11	0.00999332
1156.67	0.0530739
1157.22	0.0345278
1157.78	0.00534111
1158.33	0.0301837
1158.89	0.0301964
1159.44	0.00215431
1160	0.0125079
1160.56	0.0557299
1161.11	0.0189009
1161.67	0.0244634
1162.22	0.00841281
1162.78	0.0236232
1163.33	0.00807208
1163.89	0.0281632
1164.44	0.0229136
1165	0.0086476
1165.56	0.018369
1166.11	0.0041918
1166.67	0.00486222
1167.22	0.00569603
1167.78	0.0255829
1168.33	0.010058
1168.89	0.0108102
1169.44	0.01855
1170	0.000370392
1170.56	0.00412844
1171.11	0.00780345
1171.67	0.00466704
1172.22	0.0127451
1172.78	0.00137839
1173.33	0.0311892
1173.89	0.0188367
1174.44	0.0267865
1175	0.0133934
1175.56	0.0060525
1176.11	0.00542747
1176.67	0.0405718
1177.22	0.0251523
1177.78	0.00404327
1178.33	0.0346154
1178.89	0.0305411
1179.44	0.017634
1180	0.0144648
1180.56	0.0513475
1181.11	0.0272831
1181.67	0.0336782
1182.22	0.031095
1182.78	0.0189137
1183.33	0.0177691
1183.89	0.0437854
1184.44	0.0330231
1185	0.0102896
1185.56	0.0428574
1186.11	0.0370942
1186.67	0.0171864
1187.22	0.0135473
1187.78	0.0444746
1188.33	0.030208
1188.89	0.0273449
1189.44	0.0222359
1190	0.0214887
1190.56	0.0212819
1191.11	0.0257761
1191.67	0.0160131
1192.22	0.0206601
1192.78	0.0249657
1193.33	0.0214066
1193.89	0.0178572
1194.44	0.000694837
1195	0.0145859
1195.56	0.0164839
1196.11	0.00524522
1196.67	0.00315813
1197.22	0.0108695
1197.78	0.0165161
1198.33	0.00375725
1198.89	0.0142028
1199.44	0.0267154
1200	0.00358338
1200.56	0.0115223
1201.11	0.0198549
1201.67	0.016915
1202.22	0.0156215
1202.78	0.00539429
1203.33	0.0189897
1203.89	0.0368814
1204.44	0.00784056
1205	0.00983072
1205.56	0.0253538
1206.11	0.0443069
1206.67	0.0267604
1207.22	0.0261972
1207.78	0.0357044
1208.33	0.0212655
1208.89	0.0276028
1209.44	0.0347048
1210	0.0266859
1210.56	0.0326521
1211.11	0.0539993
1211.67	0.0148275
1212.22	0.00987041
1212.78	0.0295437
1213.33	0.0511614
1213.89	0.0188983
1214.44	0.0317815
1215	0.038471
1215.56	0.0170896
1216.11	0.022879
1216.67	0.0195487
1217.22	0.033967
1217.78	0.0264916
1218.33	0.0473146
1218.89	0.00136976
1219.44	0.0135348
1220	0.0150686
1220.56	0.0283521
1221.11	0.00831812
1221.67	0.0150764
1222.22	0.022773
1222.78	0.00641871
1223.33	0.00662366
1223.89	0.0149951
1224.44	0.0218099
1225	0.0102133
1225.56	0.0195526
1226.11	0.0180535
1226.67	0.0185093
1227.22	0.0133866
1227.78	0.00778157
1228.33	0.00604443
1228.89	0.0122205
1229.44	0.00195182
1230	0.0104753
1230.56	0.00950863
1231.11	0.0486398
1231.67	0.00226792
1232.22	0.00841465
1232.78	0.00760083
1233.33	0.03997
1233.89	0.014406
1234.44	0.0356805
1235	0.0407934
1235.56	0.00780172
1236.11	0.035659
1236.67	0.0134602
1237.22	0.0254124
1237.78	0.0172987
1238.33	0.0683467
1238.89	0.0141494
1239.44	0.0122984
1240	0.0243946
1240.56	0.0399974
1241.11	0.0108632
1241.67	0.0310557
1242.22	0.0527524
1242.78	0.0129873
1243.33	0.0454896
1243.89	0.00672813
1244.44	0.0231615
1245	0.0100256
1245.56	0.0563967
1246.11	0.0137924
1246.67	0.00541764
1247.22	0.0175646
1247.78	0.0193131
1248.33	0.0081251
1248.89	0.00842011
1249.44	0.037254
1250	0.014334
1250.56	0.0292006
1251.11	0.0170179
1251.67	0.00568404
1252.22	0.00759348
1252.78	0.0231815
1253.33	0.00332283
1253.89	0.0116211
1254.44	0.000508337
1255	0.0135273
1255.56	0.0100651
1256.11	0.0295092
1256.67	0.00681725
1257.22	0.00821489
1257.78	0.0116092
1258.33	0.0425193
1258.89	0.0125971
1259.44	0.018766
1260	0.013479
1260.56	0.0233844
1261.11	0.0274341
1261.67	0.0168262
1262.22	0.0380716
1262.78	0.0230033
1263.33	0.05537
1263.89	0.0160515
1264.44	0.00310577
1265	0.0098146
1265.56	0.053175
1266.11	0.0256781
1266.67	0.0122467
1267.22	0.0394073
1267.78	0.031495
1268.33	0.0293641
1268.89	0.0224694
1269.44	0.0403028
1270	0.0331557
1270.56	0.0547598
1271.11	0.0229929
1271.67	0.00233062
1272.22	0.0160016
1272.78	0.0469723
1273.33	0.021102
1273.89	0.00240027
1274.44	0.0364821
1275	0.0263363
1275.56	0.0301729
1276.11	0.00861835
1276.67	0.0204181
1277.22	0.0292528
1277.78	0.0337583
1278.33	0.0039331
1278.89	0.00340373
1279.44	0.00873242
1280	0.0174802
1280.56	0.00530022
1281.11	0.0240874
1281.67	0.00895573
1282.22	0.0101601
1282.78	0.0341337
1283.33	0.0210352
1283.89	0.00656381
1284.44	0.0210676
1285	0.00110977
1285.56	0.0245807
1286.11	0.00886948
1286.67	0.00184048
1287.22	0.0150698
1287.78	0.0367684
1288.33	0.0405895
1288.89	0.0203764
1289.44	0.0108554
1290	0.0282286
1290.56	0.0423752
1291.11	0.0327542
1291.67	0.00231091
1292.22	0.0279163
1292.78	0.0478178
1293.33	0.00824886
1293.89	0.00457171
1294.44	0.0268408
1295	0.0479137
1295.56	0.0426565
1296.11	0.0427226
1296.67	0.0196506
1297.22	0.0293935
1297.78	0.0447573
1298.33	0.0311935
1298.89	0.00846473
1299.44	0.0323099
1300	0.0546772
1300.56	0.00550885
1301.11	0.00176679
1301.67	0.0224521
1302.22	0.045611
1302.78	0.031447
1303.33	0.0360628
1303.89	0.00624859
1304.44	0.0211658
1305	0.0206341
1305.56	0.00721507
1306.11	0.00984656
1306.67	0.0162521
1307.22	0.0393528
1307.78	0.0246494
1308.33	0.0182923
1308.89	0.0102805
1309.44	0.0242813
1310	0.0191857
1310.56	0.00390952
1311.11	0.00146741
1311.67	0.00412055
1312.22	0.00582688
1312.78	0.0319442
1313.33	0.0106941
1313.89	0.011047
1314.44	0.0144739
1315	0.0394495
1315.56	0.0253275
1316.11	0.0443191
1316.67	0.00221572
1317.22	0.00879294
1317.78	0.026785
1318.33	0.0134031
1318.89	0.000766763
1319.44	0.0248743
1320	0.0643758
1320.56	0.00311905
1321.11	0.0272171
1321.67	0.00612537
1322.22	0.0475624
1322.78	0.0247052
1323.33	0.0535289
1323.89	0.019925
1324.44	0.00575791
1325	0.0474854
1325.56	0.0137287
1326.11	0.00840987
1326.67	0.0168927
1327.22	0.0789513
1327.78	0.00383108
1328.33	0.0218164
1328.89	0.00738186
1329.44	0.0307747
1330	0.0193136
1330.56	0.0438005
1331.11	0.0270529
1331.67	0.0053024
1332.22	0.0445148
1332.78	0.00523285
1333.33	0.00311768
1333.89	0.0104738
1334.44	0.057168
1335	0.00834863
1335.56	0.00986156
1336.11	0.00470017
1336.67	0.010612
1337.22	0.009621
1337.78	0.00515367
1338.33	0.0144994
1338.89	0.0149825
1339.44	0.0192346
1340	0.0402965
1340.56	0.00755869
1341.11	0.0351432
1341.67	0.0225389
1342.22	0.00853659
1342.78	0.0159371
1343.33	0.0298791
1343.89	0.00865862
1344.44	0.010035
1345	0.0458979
1345.56	0.00184586
1346.11	0.0150223
1346.67	0.000567504
1347.22	0.0576682
1347.78	0.00986477
1348.33	0.0496948
1348.89	0.0174153
1349.44	0.026012
1350	0.0286099
1350.56	0.0370205
1351.11	0.0262784
1351.67	0.0135272
1352.22	0.0649738
1352.78	0.0129737
1353.33	0.0246187
1353.89	0.0100903
1354.44	0.0638539
1355	0.0182317
1355.56	0.0383745
1356.11	0.0254853
1356.67	0.0235655
1357.22	0.0337037
1357.78	0.0240751
1358.33	0.0181854
1358.89	0.0296543
1359.44	0.055625
1360	0.013168
1360.56	0.0209178
1361.11	0.0114816
1361.67	0.0417606
1362.22	0.00830198
1362.78	0.00147847
1363.33	0.0149443
1363.89	0.0111898
1364.44	0.0351638
1365	0.00272934
1365.56	0.00299462
1366.11	0.0401798
1366.67	0.0230199
1367.22	0.00813674
1367.78	0.016029
1368.33	0.0264854
1368.89	0.00307561
1369.44	0.00494066
1370	0.0311956
1370.56	0.0240662
1371.11	0.00979697
1371.67	0.0271555
1372.22	0.04582
1372.78	0.0293368
1373.33	0.037982
1373.89	0.0150774
1374.44	0.0326266
1375	0.008049
1375.56	0.0304456
1376.11	0.0245374
1376.67	0.0242234
1377.22	0.0477378
1377.78	0.042151
1378.33	0.00413756
1378.89	0.027859
1379.44	0.0535319
1380	0.036352
1380.56	0.0334525
1381.11	0.0253126
1381.67	0.0431853
1382.22	0.00320328
1382.78	0.0164285
1383.33	0.0219775
1383.89	0.0425084
1384.44	0.0467703
1385	0.0437288
1385.56	0.00568978
1386.11	0.0337536
1386.67	0.0319682
1387.22	0.0318695
1387.78	0.0212334
1388.33	0.0180393
1388.89	0.0407143
1389.44	0.00867313
1390	0.00128713
1390.56	0.00288028
1391.11	0.0411508
1391.67	0.0395584
1392.22	0.0218411
1392.78	0.0218497
1393.33	0.0298164
1393.89	0.00286139
1394.44	0.0047161
1395	0.00660023
1395.56	0.0119357
1396.11	0.0223974
1396.67	0.0283224
1397.22	0.0208229
1397.78	0.0455791
1398.33	0.0308764
1398.89	0.0148519
1399.44	0.0125188
1400	0.0366968
1400.56	0.0225865
1401.11	0.0212023
1401.67	0.0343619
1402.22	0.00515855
1402.78	0.0277783
1403.33	0.000583663
1403.89	0.0359294
1404.44	0.0343512
1405	0.0754305
1405.56	0.0177746
1406.11	0.00110584
1406.67	0.0310538
1407.22	0.0338306
1407.78	0.0219026
1408.33	0.0336615
1408.89	0.0566423
1409.44	0.0157678
1410	0.0299332
1410.56	0.00557602
1411.11	0.0375891
1411.67	0.022611
1412.22	0.0670987
1412.78	0.00150532
1413.33	0.00308435
1413.89	0.0314265
1414.44	0.0157067
1415	0.0150065
1415.56	0.00806081
1416.11	0.0606679
1416.67	0.0136381
1417.22	0.0334319
1417.78	0.0274139
1418.33	0.0289995
1418.89	0.0137517
1419.44	0.0346083
1420	0.0052211
1420.56	0.00769628
1421.11	0.0166219
1421.67	0.0133269
1422.22	0.00928484
1422.78	0.0214532
1423.33	0.0466732
1423.89	0.0145478
1424.44	0.0155747
1425	0.0475371
1425.56	0.0154981
1426.11	0.00366087
1426.67	0.00763248
1427.22	0.00838681
1427.78	0.0239148
1428.33	0.00221959
1428.89	0.045281
1429.44	0.00727628
1430	0.0594165
1430.56	0.0229252
1431.11	0.0107319
1431.67	0.00946305
1432.22	0.05937
1432.78	0.00742048
1433.33	0.00771183
1433.89	0.0498187
1434.44	0.0140942
1435	0.0450096
1435.56	0.000146582
1436.11	0.0690666
1436.67	0.0143892
1437.22	0.0742473
1437.78	0.012995
1438.33	0.000960713
1438.89	0.0185233
1439.44	0.054751
1440	0.010518
1440.56	0.00706008
1441.11	0.0584081
1441.67	0.0224654
1442.22	0.0508546
1442.78	0.00785461
1443.33	0.0555336
1443.89	0.017673
1444.44	0.0571832
1445	0.00112617
1445.56	0.00142789
1446.11	0.0239637
1446.67	0.0237097
1447.22	0.000378629
1447.78	0.0200704
1448.33	0.0456217
1448.89	0.000217741
1449.44	0.0443404
1450	0.0253241
1450.56	0.0176557
1451.11	0.0108856
1451.67	0.0172843
1452.22	0.0224267
1452.78	0.00280084
1453.33	0.0160666
1453.89	0.0207237
1454.44	0.015608
1455	0.0533783
1455.56	0.00919005
1456.11	0.0122584
1456.67	0.0300309
1457.22	0.0450301
1457.78	0.00910931
1458.33	0.00380135
1458.89	0.0202874
1459.44	0.035584
1460	0.0132751
1460.56	0.014713
1461.11	0.0592984
1461.67	0.0444011
1462.22	0.0635466
1462.78	0.010991
1463.33	0.0265463
1463.89	0.016076
1464.44	0.0500683
1465	0.0251574
1465.56	0.000649639
1466.11	0.0500331
1466.67	0.0449581
1467.22	0.00702025
1467.78	0.0223543
1468.33	0.0427215
1468.89	0.0462691
1469.44	0.0668767
1470	0.0152265
1470.56	0.0341417
1471.11	0.00465956
1471.67	0.0309945
1472.22	0.0118213
1472.78	0.0316218
1473.33	0.0446594
1473.89	0.0308121
1474.44	0.0267975
1475	0.0319331
1475.56	0.0169045
1476.11	0.033668
1476.67	0.0283197
1477.22	0.0178738
1477.78	0.0123239
1478.33	0.0136917
1478.89	0.00682695
1479.44	0.0234267
1480	0.0339917
1480.56	0.0303559
1481.11	0.0169326
1481.67	0.0442185
1482.22	0.0578151
1482.78	0.0107802
1483.33	0.013386
1483.89	0.0193444
1484.44	0.0254148
1485	0.0144301
1485.56	0.000160665
1486.11	0.0092362
1486.67	0.0601765
1487.22	0.0380379
1487.78	0.00644182
1488.33	0.00758454
1488.89	0.0418975
1489.44	0.0509915
1490	0.0385734
1490.56	0.0144375
1491.11	0.00650828
1491.67	0.0465862
1492.22	0.0013295
1492.78	0.0238144
1493.33	0.0307428
1493.89	0.0950667
1494.44	0.0283857
1495	0.0154649
1495.56	0.000769267
1496.11	0.0517081
1496.67	0.0407448
1497.22	0.0388672
1497.78	0.031276
1498.33	0.00305818
1498.89	0.0458155
1499.44	0.0279082
1500	0.0284582
1500.56	0.0184373
1501.11	0.0595777
1501.67	0.0074847
1502.22	0.00264953
1502.78	0.0116709
1503.33	0.016243
1503.89	0.0145568
1504.44	0.000233124
1505	0.0259737
1505.56	0.0106474
1506.11	0.0387975
1506.67	0.0623881
1507.22	0.0264451
1507.78	0.0176698
1508.33	0.0315339
1508.89	0.022626
1509.44	0.00444127
1510	0.0029248
1510.56	0.0172878
1511.11	0.00435614
1511.67	0.0349883
1512.22	0.0198572
1512.78	0.00284797
1513.33	0.00799277
1513.89	0.0841725
1514.44	0.0150895
1515	0.021106
1515.56	0.0010422
1516.11	0.0230583
1516.67	0.0536115
1517.22	0.0093956
1517.78	0.0291772
1518.33	0.000714975
1518.89	0.0659388
1519.44	0.0210535
1520	0.00929112
1520.56	2.37301e-05
1521.11	0.0677215
1521.67	0.020644
1522.22	0.0464054
1522.78	0.0213182
1523.33	0.00265681
1523.89	0.0633561
1524.44	0.00594122
1525	0.0509543
1525.56	0.0115
1526.11	0.0708071
1526.67	0.0243847
1527.22	0.0222601
1527.78	0.000779557
1528.33	0.0487748
1528.89	0.00560243
1529.44	0.0124321
1530	0.0184276
1530.56	0.00880664
1531.11	0.0426709
1531.67	0.0384855
1532.22	0.0168822
1532.78	0.0324288
1533.33	0.0396379
1533.89	0.0420972
1534.44	0.000645349
1535	0.0374544
1535.56	0.0221484
1536.11	0.00181545
1536.67	0.034612
1537.22	0.0311623
1537.78	0.00520566
1538.33	0.0438465
1538.89	0.0186518
1539.44	0.00460275
1540	0.0396883
1540.56	0.0108974
1541.11	0.0319494
1541.67	0.0103619
1542.22	0.0297066
1542.78	0.0300418
1543.33	0.00323942
1543.89	0.0705937
1544.44	0.00456571
1545	0.00522543
1545.56	0.0218408
1546.11	0.0711141
1546.67	0.00700852
1547.22	0.0389334
1547.78	0.0297058
1548.33	0.0377964
1548.89	0.0158537
1549.44	0.02207
1550	0.0427425
1550.56	0.0241707
1551.11	0.0896327
1551.67	0.023474
1552.22	0.00818157
1552.78	0.0219402
1553.33	0.0844855
1553.89	0.00805019
1554.44	0.0220444
1555	0.0123906
1555.56	0.0415255
1556.11	0.0245415
1556.67	0.0299154
1557.22	0.0240583
1557.78	0.0398778
1558.33	0.0648187
1558.89	0.0284787
1559.44	0.0114049
1560	0.0553817
1560.56	0.042256
1561.11	0.0140473
1561.67	0.03684
1562.22	0.0271475
1562.78	0.0257282
1563.33	0.0218217
1563.89	0.048189
1564.44	0.022963
1565	0.0518608
1565.56	0.0524161
1566.11	0.0291948
1566.67	0.0342207
1567.22	0.0428238
1567.78	0.0147716
1568.33	0.0210497
1568.89	0.0599723
1569.44	0.00537812
1570	0.0120453
1570.56	0.0511075
1571.11	0.0698632
1571.67	0.0453455
1572.22	0.0272033
1572.78	0.0245142
1573.33	0.0308892
1573.89	0.0402639
1574.44	0.0168658
1575	0.0147048
1575.56	0.0609462
1576.11	0.00516965
1576.67	0.0337463
1577.22	0.038755
1577.78	0.0511969
1578.33	0.051697
1578.89	0.0627059
1579.44	0.0164576
1580	0.0105789
1580.56	0.0462752
1581.11	0.0147896
1581.67	0.0186424
1582.22	0.0626665
1582.78	0.0972322
1583.33	0.0474474
1583.89	0.0117437
1584.44	0.0300833
1585	0.0301368
1585.56	0.0668896
1586.11	0.048349
1586.67	0.022021
1587.22	0.0110651
1587.78	0.0231815
1588.33	0.0330754
1588.89	0.0157958
1589.44	0.00352105
1590	0.0630521
1590.56	0.0512899
1591.11	0.0129772
1591.67	0.00656361
1592.22	0.0302638
1592.78	0.0150501
1593.33	0.00253814
1593.89	0.00644534
1594.44	0.00729978
1595	0.0224057
1595.56	0.0431654
1596.11	0.0368141
1596.67	0.033473
1597.22	0.00162863
1597.78	0.0267693
1598.33	0.0161779
1598.89	0.0431241
1599.44	0.00763733
1600	0.00212132
1600.56	0.082843
1601.11	0.0183682
1601.67	0.00533835
1602.22	0.00896538
1602.78	0.0629117
1603.33	0.00680407
1603.89	0.0297792
1604.44	0.00126231
1605	0.0279022
1605.56	0.026392
1606.11	0.0757458
1606.67	0.00577492
1607.22	0.00213657
1607.78	0.0785842
1608.33	0.0251403
1608.89	0.0105079
1609.44	0.0130122
1610	0.0949345
1610.56	0.0021839
1611.11	0.0656456
1611.67	0.0337734
1612.22	0.00319
1612.78	0.0465296
1613.33	0.0342414
1613.89	0.00124405
1614.44	0.00610649
1615	0.0842735
1615.56	0.0220449
1616.11	0.0600264
1616.67	0.0439426
1617.22	0.094733
1617.78	0.0142108
1618.33	0.068297
1618.89	0.0022253
1619.44	0.0437342
1620	0.0532593
1620.56	0.0319356
1621.11	0.00964674
1621.67	0.0689609
1622.22	0.0269691
1622.78	0.0221987
1623.33	0.00286968
1623.89	0.0586193
1624.44	0.0375274
1625	0.0155883
1625.56	0.0103641
1626.11	0.00790829
1626.67	0.00450243
1627.22	0.0692435
1627.78	0.0404591
1628.33	0.0517401
1628.89	0.0780645
1629.44	0.0344974
1630	0.0482658
1630.56	0.0472567
1631.11	0.0442023
1631.67	0.0100594
1632.22	0.00396989
1632.78	0.0392728
1633.33	0.0201501
1633.89	0.0199493
1634.44	0.0487735
1635	0.0604105
1635.56	0.00784715
1636.11	0.0455583
1636.67	0.021137
1637.22	0.0190026
1637.78	0.0203899
1638.33	0.0221189
1638.89	0.0274144
1639.44	0.00837374
1640	0.0599396
1640.56	0.0517255
1641.11	0.00206627
1641.67	0.0634145
1642.22	0.0426604
1642.78	0.033117
1643.33	0.0266401
1643.89	0.0115876
1644.44	0.0346342
1645	0.0589164
1645.56	0.0225843
1646.11	0.00144215
1646.67	0.0743743
1647.22	0.0696422
1647.78	0.0246456
1648.33	0.0457383
1648.89	0.0156303
1649.44	0.0515474
1650	0.0136444
1650.56	0.019602
1651.11	0.0434575
1651.67	0.0074184
1652.22	0.0181876
1652.78	0.0712066
1653.33	0.00860919
1653.89	0.026288
1654.44	0.0565967
1655	0.00920424
1655.56	0.0180173
1656.11	0.0728876
1656.67	0.041888
1657.22	0.00781734
1657.78	0.0430716
1658.33	0.0739491
1658.89	0.0587542
1659.44	0.00656995
1660	0.0185694
1660.56	0.0206622
1661.11	0.0622506
1661.67	0.0474084
1662.22	0.0289764
1662.78	0.031413
1663.33	0.105292
1663.89	0.0174209
1664.44	0.0334903
1665	0.056132
1665.56	0.0392709
1666.11	0.0408957
1666.67	0.015595
1667.22	0.00988956
1667.78	0.0672018
1668.33	0.0494416
1668.89	0.0101631
1669.44	0.0646485
1670	0.0417933
1670.56	0.0086194
1671.11	0.0373152
1671.67	0.10289
1672.22	0.0393614
1672.78	0.000541384
1673.33	0.048551
1673.89	0.103784
1674.44	0.0213829
1675	0.0299997
1675.56	0.0303393
1676.11	0.013406
1676.67	0.034169
1677.22	0.0464654
1677.78	0.0508895
1678.33	0.0508579
1678.89	0.175313
1679.44	0.0488509
1680	0.0500871
1680.56	0.0353046
1681.11	0.0897334
1681.67	0.0499235
1682.22	0.0408985
1682.78	0.0469217
1683.33	0.108626
1683.89	0.00687256
1684.44	0.0182428
1685	0.0760986
1685.56	0.0471369
1686.11	0.0222585
1686.67	0.117529
1687.22	0.095339
1687.78	0.0611456
1688.33	0.109874
1688.89	0.0914795
1689.44	0.0420479
1690	0.0864803
1690.56	0.0671408
1691.11	0.0512667
1691.67	0.125234
1692.22	0.0693742
1692.78	0.0419935
1693.33	0.00166587
1693.89	0.0190313
1694.44	0.0283347
1695	0.113647
1695.56	0.0177672
1696.11	0.0153176
1696.67	0.0990669
1697.22	0.0121902
1697.78	0.0340801
1698.33	0.0641672
1698.89	0.0651968
1699.44	0.0312495
1700	0.0937953
1700.56	0.135507
1701.11	0.0846116
1701.67	0.0405847
1702.22	0.014696
1702.78	0.0145513
1703.33	0.0392723
1703.89	0.0319842
1704.44	0.0413995
1705	0.00399697
1705.56	0.00886883
1706.11	0.128778
1706.67	0.132326
1707.22	0.0456864
1707.78	0.117486
1708.33	0.168833
1708.89	0.000291001
1709.44	0.0882541
1710	0.0111155
1710.56	0.0323581
1711.11	0.0377347
1711.67	0.0081324
1712.22	0.0179335
1712.78	0.145825
1713.33	0.00321152
1713.89	0.0417207
1714.44	0.0584321
1715	0.00397837
1715.56	0.00333612
1716.11	0.000130184
1716.67	0.0183887
1717.22	0.0599908
1717.78	0.0810217
1718.33	0.0700448
1718.89	0.0852841
1719.44	0.0777318
1720	0.0656836
1720.56	0.00739935
1721.11	0.134147
1721.67	0.0530551
1722.22	0.0776834
1722.78	0.0580264
1723.33	0.0960475
1723.89	0.0089339
1724.44	0.00757387
1725	0.140328
1725.56	0.0542918
1726.11	0.0356188
1726.67	0.08664
1727.22	0.0753098
1727.78	0.0315278
1728.33	0.173127
1728.89	0.129073
1729.44	0.0169641
1730	0.00669421
1730.56	0.102525
1731.11	0.0940653
1731.67	0.0380839
1732.22	0.0258013
1732.78	0.00116833
1733.33	0.0565238
1733.89	0.1038
1734.44	0.14408
1735	0.0229858
1735.56	0.0146316
1736.11	0.0747567
1736.67	0.142042
1737.22	0.168239
1737.78	0.0113526
1738.33	0.0713381
1738.89	0.0219602
1739.44	0.116088
1740	0.160592
1740.56	0.0262061
1741.11	0.0643185
1741.67	0.00665375
1742.22	0.0592484
1742.78	0.104339
1743.33	0.00704125
1743.89	0.0723814
1744.44	0.0311033
1745	0.0994115
1745.56	0.0764189
1746.11	0.00702093
1746.67	0.0299148
1747.22	0.0204724
1747.78	0.171922
1748.33	0.112363
1748.89	0.0790206
1749.44	0.000656043
1750	0.207343
1750.56	0.00836
1751.11	0.0494975
1751.67	0.107462
1752.22	0.0750533
1752.78	0.0840673
1753.33	0.0846693
1753.89	0.121571
1754.44	0.0761951
1755	0.0457507
1755.56	0.0185297
1756.11	0.035204
1756.67	0.000408036
1757.22	0.0402198
1757.78	0.0445696
1758.33	0.15427
1758.89	0.00557168
1759.44	0.0657438
1760	0.0836209
1760.56	0.0778518
1761.11	0.220198
1761.67	0.0924768
1762.22	0.00928444
1762.78	0.141717
1763.33	0.0601555
1763.89	0.0272061
1764.44	0.010697
1765	0.17619
1765.56	0.086997
1766.11	0.017664
1766.67	0.0289222
1767.22	0.0028606
1767.78	0.00815303
1768.33	0.0486898
1768.89	0.215454
1769.44	0.131279
1770	0.218122
1770.56	0.119986
1771.11	0.0332049
1771.67	0.173308
1772.22	0.0331874
1772.78	0.0468799
1773.33	0.00490636
1773.89	0.172779
1774.44	0.191165
1775	0.124369
1775.56	0.114465
1776.11	0.0809384
1776.67	0.0315278
1777.22	0.112797
1777.78	0.0955964
1778.33	0.0205673
1778.89	0.040873
1779.44	0.0740178
1780	0.277513
1780.56	0.0162828
1781.11	0.180079
1781.67	0.0704712
1782.22	0.105614
1782.78	0.125039
1783.33	0.250125
1783.89	0.0609619
1784.44	0.0774921
1785	0.177545
1785.56	0.04952
1786.11	0.106537
1786.67	0.155258
1787.22	0.0849328
1787.78	0.312422
1788.33	0.0951841
1788.89	0.122663
1789.44	0.136587
1790	0.0266063
1790.56	0.479296
1791.11	0.138416
1791.67	0.0454263
1792.22	0.211081
1792.78	0.0191009
1793.33	0.182692
1793.89	0.0545629
1794.44	0.28382
1795	0.275301
1795.56	0.143965
1796.11	0.0871456
1796.67	0.0582541
1797.22	0.0930224
1797.78	0.237316
1798.33	0.23716
1798.89	0.0235681
1799.44	0.363655
1800	0.318977
1800.56	0.075599
1801.11	0.0263614
1801.67	0.367091
1802.22	0.02007
1802.78	0.0315763
1803.33	0.133553
1803.89	0.425354
1804.44	0.27165
1805	0.000912248
1805.56	0.0871642
1806.11	0.235135
1806.67	0.0845306
1807.22	0.0533242
1807.78	0.232777
1808.33	0.249438
1808.89	0.193923
1809.44	0.13449
1810	0.309642
1810.56	0.0744688
1811.11	0.206021
1811.67	0.38075
1812.22	0.339346
1812.78	0.298929
1813.33	0.0722456
1813.89	0.239422
1814.44	0.224966
1815	0.00543838
1815.56	0.0117915
1816.11	0.0295554
1816.67	0.0711383
1817.22	0.0912059
1817.78	0.0306401
1818.33	0.272858
1818.89	0.0911066
1819.44	0.147932
1820	0.0968445
1820.56	0.115332
1821.11	0.156456
1821.67	0.151705
1822.22	0.00267445
1822.78	0.184489
1823.33	0.111975
1823.89	0.311131
1824.44	0.271627
1825	0.136266
1825.56	0.227415
1826.11	4.97966e-05
1826.67	0.00110507
1827.22	0.582437
1827.78	0.0409753
1828.33	0.278564
1828.89	0.403767
1829.44	0.203584
1830	0.0524701
1830.56	0.474233
1831.11	0.296262
1831.67	0.18591
1832.22	0.33371
1832.78	0.205434
1833.33	0.0297506
1833.89	0.00679952
1834.44	0.177353
1835	0.243936
1835.56	0.0143773
1836.11	0.519296
1836.67	0.0492519
1837.22	0.173058
1837.78	0.231742
1838.33	0.291749
1838.89	0.738634
1839.44	0.198583
1840	0.100273
1840.56	0.162455
1841.11	0.290651
1841.67	0.634419
1842.22	0.117351
1842.78	0.702412
1843.33	0.326172
1843.89	0.291818
1844.44	0.273099
1845	0.44511
1845.56	0.672846
1846.11	0.483287
1846.67	0.0215706
1847.22	0.239423
1847.78	0.284283
1848.33	0.60462
1848.89	1.1582
1849.44	0.356922
1850	0.493147
1850.56	0.599541
1851.11	0.427408
1851.67	0.553457
1852.22	0.396949
1852.78	0.472115
1853.33	1.6222
1853.89	0.67554
1854.44	0.261043
1855	0.902735
1855.56	0.0357829
1856.11	0.995658
1856.67	0.670863
1857.22	0.410689
1857.78	0.801511
1858.33	2.82083
1858.89	1.63505
1859.44	2.00478
1860	0.636543
1860.56	1.26085
1861.11	1.6794
1861.67	1.50894
1862.22	0.465441
1862.78	1.07073
1863.33	0.604523
1863.89	0.916984
1864.44	0.0981364
1865	0.70631
1865.56	0.324525
1866.11	0.926525
1866.67	0.0823185
1867.22	0.586674
1867.78	0.581582
1868.33	0.310429
1868.89	0.37329
1869.44	0.1771
1870	0.0474441
1870.56	0.470837
1871.11	0.522661
1871.67	0.489185
1872.22	0.20497
1872.78	0.420956
1873.33	0.292242
1873.89	0.0218148
1874.44	0.347703
1875	0.390035
1875.56	0.253604
1876.11	1.16583
1876.67	0.332824
1877.22	0.204884
1877.78	0.0892359
1878.33	0.148334
1878.89	0.119463
1879.44	1.45837
1880	0.477518
1880.56	0.387701
1881.11	0.409672
1881.67	0.186477
1882.22	0.0484777
1882.78	0.291172
1883.33	0.0917049
1883.89	0.22802
1884.44	1.50105
1885	0.890248
1885.56	0.443971
1886.11	0.758123
1886.67	0.462064
1887.22	0.0283719
1887.78	0.456945
1888.33	0.0986464
1888.89	0.518072
1889.44	0.238132
1890	0.293708
1890.56	0.0848802
1891.11	0.266493
1891.67	0.657971
1892.22	0.399469
1892.78	0.509688
1893.33	0.0451118
1893.89	0.124076
1894.44	0.0410737
1895	0.111108
1895.56	0.789178
1896.11	0.736131
1896.67	0.439429
1897.22	0.942508
1897.78	0.0444028
1898.33	0.975324
1898.89	0.145465
1899.44	0.558629
1900	0.206586
1900.56	0.631291
1901.11	0.633647
1901.67	0.612401
1902.22	0.101049
1902.78	0.540975
1903.33	0.204444
1903.89	1.74072
1904.44	1.36192
1905	0.0735617
1905.56	0.418715
1906.11	0.191856
1906.67	0.235451
1907.22	0.202673
1907.78	0.386227
1908.33	1.70457
1908.89	0.788952
1909.44	1.07784
1910	0.031767
1910.56	0.28761
1911.11	1.01018
1911.67	0.0986581
1912.22	0.856666
1912.78	0.728697
1913.33	0.694174
1913.89	0.73002
1914.44	1.07904
1915	0.476412
1915.56	0.56036
1916.11	0.834945
1916.67	0.374717
1917.22	0.449566
1917.78	0.169966
1918.33	0.00806118
1918.89	0.750078
1919.44	0.126561
1920	0.051942
1920.56	1.8503
1921.11	0.575006
1921.67	1.28425
1922.22	1.31364
1922.78	0.201872
1923.33	1.44434
1923.89	0.106593
1924.44	0.44683
1925	0.247012
1925.56	0.203002
1926.11	0.431167
1926.67	1.35035
1927.22	0.687345
1927.78	0.0885151
1928.33	0.705334
1928.89	1.32739
1929.44	0.813812
1930	0.157346
1930.56	0.656046
1931.11	0.224707
1931.67	0.0941352
1932.22	1.796
1932.78	0.0601471
1933.33	0.02146
1933.89	0.162257
1934.44	0.666377
1935	0.219126
1935.56	0.978193
1936.11	1.25646
1936.67	0.61715
1937.22	1.93066
1937.78	1.06558
1938.33	1.14027
1938.89	0.0265807
1939.44	0.730943
1940	0.0753524
1940.56	0.0132309
1941.11	0.0784536
1941.67	1.7736
1942.22	0.733813
1942.78	0.148981
1943.33	0.767185
1943.89	0.530641
1944.44	2.53489
1945	1.0411
1945.56	0.200752
1946.11	1.62581
1946.67	0.0845162
1947.22	0.172231
1947.78	0.811394
1948.33	0.340532
1948.89	0.242392
1949.44	0.652243
1950	0.776916
1950.56	1.28866
1951.11	1.52859
1951.67	2.15013
1952.22	1.12513
1952.78	0.100429
1953.33	1.82038
1953.89	0.402294
1954.44	0.235913
1955	0.407048
1955.56	0.583614
1956.11	0.517861
1956.67	0.962385
1957.22	1.37357
1957.78	1.7781
1958.33	0.0744066
1958.89	0.86056
1959.44	1.2795
1960	0.0768661
1960.56	0.805742
1961.11	0.83077
1961.67	0.972122
1962.22	0.573018
1962.78	0.890624
1963.33	1.4603
1963.89	0.668738
1964.44	0.795319
1965	1.00543
1965.56	0.977772
1966.11	0.319051
1966.67	0.506346
1967.22	0.54838
1967.78	0.0157487
1968.33	0.571684
1968.89	0.959599
1969.44	0.135194
1970	0.589847
1970.56	0.390271
1971.11	1.04
1971.67	0.11688
1972.22	0.367054
1972.78	0.387745
1973.33	0.999946
1973.89	1.55573
1974.44	0.359101
1975	0.574899
1975.56	1.32714
1976.11	1.74585
1976.67	1.6669
1977.22	0.263997
1977.78	0.654138
1978.33	1.36909
1978.89	0.194813
1979.44	0.0522898
1980	0.664531
1980.56	0.296465
1981.11	0.369662
1981.67	0.174258
1982.22	0.942171
1982.78	0.0837446
1983.33	0.0330946
1983.89	0.929313
1984.44	2.99267
1985	0.680339
1985.56	3.075
1986.11	3.14762
1986.67	0.0172006
1987.22	3.03235
1987.78	1.40447
1988.33	0.832573
1988.89	0.590302
1989.44	0.903916
1990	0.825958
1990.56	0.392304
1991.11	2.81378
1991.67	1.41054
1992.22	0.00991102
1992.78	1.81022
1993.33	1.80665
1993.89	0.605508
1994.44	2.88404
1995	1.1998
1995.56	2.72335
1996.11	1.59264
1996.67	0.172641
1997.22	0.976047
1997.78	0.186469
1998.33	2.0022
1998.89	1.56261
1999.44	0.38551
2000	0.398539
