t	etaU
0	2.69271e-16
0.555556	1.02839
1.11111	0.342849
1.66667	0.356412
2.22222	0.0241632
2.77778	0.354673
3.33333	1.7122
3.88889	1.98435
4.44444	1.73305
5	2.46391
5.55556	1.14556
6.11111	2.56418
6.66667	0.133802
7.22222	0.0219177
7.77778	0.467034
8.33333	0.0616399
8.88889	1.43221
9.44444	1.31184
10	0.355999
10.5556	1.0668
11.1111	0.263336
11.6667	0.279103
12.2222	0.318921
12.7778	0.309611
13.3333	0.527327
13.8889	0.817967
14.4444	0.543755
15	2.02786
15.5556	0.968314
16.1111	0.97989
16.6667	0.153489
17.2222	0.654886
17.7778	0.258772
18.3333	0.225507
18.8889	1.95168
19.4444	1.3328
20	2.15026
20.5556	0.0891782
21.1111	1.01131
21.6667	0.206567
22.2222	1.9971
22.7778	3.48641
23.3333	0.964261
23.8889	0.565571
24.4444	0.997468
25	0.780398
25.5556	1.41767
26.1111	1.52163
26.6667	0.886787
27.2222	0.614855
27.7778	0.244453
28.3333	0.50219
28.8889	0.33222
29.4444	0.360502
30	0.710209
30.5556	1.6861
31.1111	1.30834
31.6667	0.791476
32.2222	1.52127
32.7778	0.173312
33.3333	0.595768
33.8889	0.619582
34.4444	0.402601
35	0.98052
35.5556	0.764178
36.1111	0.297632
36.6667	1.7962
37.2222	0.591299
37.7778	0.0849513
38.3333	1.53535
38.8889	2.35034
39.4444	1.30921
40	1.11319
40.5556	2.9096
41.1111	1.1057
41.6667	0.667658
42.2222	0.45543
42.7778	1.6261
43.3333	0.0157494
43.8889	0.534826
44.4444	0.983563
45	0.278538
45.5556	1.64657
46.1111	0.143751
46.6667	0.605972
47.2222	1.15729
47.7778	0.902533
48.3333	1.17143
48.8889	0.284731
49.4444	0.673984
50	2.01037
50.5556	0.736762
51.1111	0.0592236
51.6667	0.270758
52.2222	1.70537
52.7778	0.152715
53.3333	0.00348863
53.8889	1.57355
54.4444	1.77738
55	0.833245
55.5556	0.397529
56.1111	0.0986383
56.6667	0.181753
57.2222	0.216082
57.7778	0.275317
58.3333	0.647293
58.8889	1.33519
59.4444	0.0710866
60	0.179022
60.5556	1.86662
61.1111	0.33522
61.6667	0.132383
62.2222	0.859626
62.7778	0.386455
63.3333	0.333521
63.8889	0.524739
64.4444	0.723886
65	0.421557
65.5556	1.20471
66.1111	1.26795
66.6667	0.990258
67.2222	0.890274
67.7778	1.14182
68.3333	0.0926574
68.8889	0.388834
69.4444	0.228707
70	0.50135
70.5556	0.740575
71.1111	0.882014
71.6667	0.276517
72.2222	1.28909
72.7778	1.34354
73.3333	1.43214
73.8889	0.231946
74.4444	0.53586
75	0.782684
75.5556	0.351564
76.1111	1.76159
76.6667	0.28142
77.2222	0.788299
77.7778	0.175934
78.3333	0.0118063
78.8889	0.806089
79.4444	0.455641
80	0.23182
80.5556	0.741392
81.1111	0.320097
81.6667	1.02364
82.2222	0.487138
82.7778	0.000531893
83.3333	0.660455
83.8889	0.324483
84.4444	0.293465
85	0.697264
85.5556	0.370606
86.1111	0.679537
86.6667	0.453762
87.2222	0.509423
87.7778	1.15111
88.3333	0.202289
88.8889	1.11766
89.4444	0.422873
90	0.721981
90.5556	0.569378
91.1111	0.469842
91.6667	0.138446
92.2222	0.0360701
92.7778	0.57942
93.3333	0.242016
93.8889	0.497701
94.4444	1.08814
95	0.00577626
95.5556	0.660903
96.1111	0.603588
96.6667	0.920607
97.2222	0.63882
97.7778	0.942721
98.3333	0.352325
98.8889	0.713714
99.4444	0.361433
100	0.0778373
100.556	0.918901
101.111	0.972574
101.667	0.162505
102.222	0.382489
102.778	0.210322
103.333	0.295383
103.889	0.404876
104.444	0.297775
105	0.466057
105.556	0.326121
106.111	1.05823
106.667	0.9166
107.222	0.00373277
107.778	1.26606
108.333	0.318318
108.889	0.729806
109.444	0.208705
110	0.178348
110.556	0.12947
111.111	0.0187695
111.667	1.27542
112.222	0.153189
112.778	0.752325
113.333	0.0826545
113.889	0.710843
114.444	0.790193
115	0.132536
115.556	0.251134
116.111	0.266986
116.667	0.332693
117.222	0.0247734
117.778	0.130952
118.333	0.0845863
118.889	0.540881
119.444	0.359555
120	0.0822342
120.556	0.409738
121.111	0.528207
121.667	0.250112
122.222	0.640552
122.778	0.466784
123.333	0.285869
123.889	0.0159233
124.444	0.113539
125	0.104482
125.556	0.0998512
126.111	0.0727514
126.667	0.309528
127.222	0.190372
127.778	0.500201
128.333	0.638648
128.889	0.777004
129.444	0.0555862
130	0.623531
130.556	0.577852
131.111	1.06006
131.667	0.281295
132.222	0.113026
132.778	0.726259
133.333	0.170111
133.889	0.168462
134.444	0.413579
135	0.766706
135.556	0.436453
136.111	0.119547
136.667	0.093155
137.222	0.454425
137.778	0.0389317
138.333	0.379117
138.889	0.603663
139.444	0.182051
140	0.709576
140.556	0.17792
141.111	0.809471
141.667	0.017919
142.222	0.754052
142.778	0.609564
143.333	0.408056
143.889	0.418214
144.444	0.347861
145	0.428556
145.556	0.0140876
146.111	0.3395
146.667	0.676788
147.222	0.75962
147.778	0.036509
148.333	0.112005
148.889	0.661853
149.444	0.746362
150	0.365156
150.556	0.570541
151.111	0.0621098
151.667	0.463853
152.222	0.303252
152.778	0.385157
153.333	0.321065
153.889	0.414062
154.444	0.257594
155	0.0253105
155.556	0.140043
156.111	0.156796
156.667	0.403745
157.222	0.272603
157.778	0.248822
158.333	0.0592067
158.889	0.647535
159.444	0.254933
160	0.347696
160.556	0.113893
161.111	0.316168
161.667	0.0189748
162.222	0.114954
162.778	0.0187782
163.333	0.0644415
163.889	0.49919
164.444	0.0687689
165	0.232036
165.556	0.0124751
166.111	0.139554
166.667	0.0113067
167.222	0.173068
167.778	0.155383
168.333	0.175427
168.889	0.205396
169.444	0.026055
170	0.0879261
170.556	0.54015
171.111	0.268723
171.667	0.0679192
172.222	0.203002
172.778	0.128689
173.333	0.403556
173.889	0.378872
174.444	0.276305
175	0.41074
175.556	0.301315
176.111	0.479882
176.667	0.108358
177.222	0.201515
177.778	0.171064
178.333	0.0406786
178.889	0.349981
179.444	0.102951
180	0.0776808
180.556	0.216789
181.111	0.0360072
181.667	0.0892193
182.222	0.137183
182.778	0.0912918
183.333	0.436251
183.889	0.0263373
184.444	0.256093
185	0.375097
185.556	0.0944029
186.111	0.181471
186.667	0.0584926
187.222	0.0418787
187.778	0.00499416
188.333	0.198796
188.889	0.440836
189.444	0.0734144
190	0.00618169
190.556	0.219142
191.111	0.293529
191.667	0.177293
192.222	0.0774001
192.778	0.184045
193.333	0.0235832
193.889	0.192726
194.444	0.24041
195	0.115806
195.556	0.206949
196.111	0.0419003
196.667	0.231802
197.222	0.330492
197.778	0.36853
198.333	0.173452
198.889	0.302297
199.444	0.201524
200	0.00571599
200.556	0.198205
201.111	0.392083
201.667	0.00371336
202.222	0.0536456
202.778	0.0312557
203.333	0.416578
203.889	0.0433812
204.444	0.23784
205	0.101852
205.556	0.448756
206.111	0.264921
206.667	0.118693
207.222	0.428972
207.778	0.05714
208.333	0.124033
208.889	0.00456793
209.444	0.272014
210	0.104675
210.556	0.0111569
211.111	0.13645
211.667	0.524552
212.222	0.108058
212.778	0.159494
213.333	0.0188761
213.889	0.040517
214.444	0.0611416
215	0.107939
215.556	0.0297406
216.111	0.202036
216.667	0.301646
217.222	0.129342
217.778	0.0454816
218.333	0.0630092
218.889	0.0288576
219.444	0.0494415
220	0.105847
220.556	0.0229824
221.111	0.0498103
221.667	0.414414
222.222	0.110178
222.778	0.0972319
223.333	0.0660078
223.889	0.0174407
224.444	0.00203262
225	0.0474746
225.556	0.076547
226.111	0.149434
226.667	0.265078
227.222	0.0290296
227.778	0.267558
228.333	0.0365525
228.889	0.116064
229.444	0.0368525
230	0.12686
230.556	0.10615
231.111	0.0226098
231.667	0.111816
232.222	0.0407082
232.778	0.219524
233.333	0.112702
233.889	0.0494846
234.444	0.0273161
235	0.0324223
235.556	0.262657
236.111	0.0852391
236.667	0.0781899
237.222	0.00787115
237.778	0.123161
238.333	0.0963713
238.889	0.096137
239.444	0.0230034
240	0.286835
240.556	0.0133782
241.111	0.0973457
241.667	0.0266071
242.222	0.101133
242.778	0.325841
243.333	0.131974
243.889	0.012652
244.444	0.010744
245	0.117854
245.556	0.192857
246.111	0.0695203
246.667	0.194303
247.222	0.0581555
247.778	0.0343355
248.333	0.014967
248.889	0.0697306
249.444	0.158772
250	0.13639
250.556	0.118184
251.111	0.0366255
251.667	0.177932
252.222	0.066485
252.778	0.117001
253.333	0.215933
253.889	0.167972
254.444	0.121928
255	0.0439995
255.556	0.0621127
256.111	0.0421821
256.667	0.0940723
257.222	0.0370818
257.778	0.0466159
258.333	0.130683
258.889	0.126511
259.444	0.0223402
260	0.0243225
260.556	0.0758369
261.111	0.179579
261.667	0.0405514
262.222	0.193529
262.778	0.0290055
263.333	0.0701032
263.889	0.0770652
264.444	0.194114
265	0.0329117
265.556	0.00686969
266.111	0.313532
266.667	0.104747
267.222	0.101397
267.778	0.121432
268.333	0.0475103
268.889	0.0832336
269.444	0.00895114
270	0.0899359
270.556	0.00763183
271.111	0.162757
271.667	0.00744681
272.222	0.0466875
272.778	0.104812
273.333	0.0324846
273.889	0.0650094
274.444	0.0550999
275	0.0371209
275.556	0.124001
276.111	0.0192954
276.667	0.0114086
277.222	0.035599
277.778	0.166515
278.333	0.0386142
278.889	0.0860573
279.444	0.0658084
280	0.0970468
280.556	0.0687791
281.111	0.108343
281.667	0.0434106
282.222	0.0563893
282.778	0.0338312
283.333	0.136174
283.889	0.120461
284.444	0.0197214
285	0.106105
285.556	0.0805589
286.111	0.142422
286.667	0.00743358
287.222	0.0244773
287.778	0.0506584
288.333	0.0835083
288.889	0.12577
289.444	0.00676749
290	0.0344117
290.556	0.0861935
291.111	0.0806165
291.667	0.0678849
292.222	0.0182322
292.778	0.127844
293.333	0.10591
293.889	0.020422
294.444	0.0097959
295	0.0974005
295.556	0.0894075
296.111	0.021692
296.667	0.00974326
297.222	0.0549245
297.778	0.136624
298.333	0.061411
298.889	0.0564132
299.444	0.019108
300	0.0410708
300.556	0.0612968
301.111	0.120997
301.667	0.103784
302.222	0.073447
302.778	0.00454114
303.333	0.0455849
303.889	0.0497267
304.444	0.076769
305	0.106099
305.556	0.0228463
306.111	0.0425718
306.667	0.00705362
307.222	0.0474856
307.778	0.12074
308.333	0.0190659
308.889	0.073408
309.444	0.133111
310	0.0272461
310.556	0.070589
311.111	0.0613322
311.667	0.114869
312.222	0.0517405
312.778	0.081756
313.333	0.0946927
313.889	0.0448821
314.444	0.0713111
315	0.0370382
315.556	0.0630175
316.111	0.0445578
316.667	0.12813
317.222	0.0604383
317.778	0.0236144
318.333	0.0450606
318.889	0.0444558
319.444	0.072395
320	0.0714284
320.556	0.0654223
321.111	0.0263616
321.667	0.0237938
322.222	0.066068
322.778	0.0616077
323.333	0.00766411
323.889	0.00129824
324.444	0.107186
325	0.0123505
325.556	0.00160967
326.111	0.0355495
326.667	0.0113299
327.222	0.0206308
327.778	0.0136799
328.333	0.0505405
328.889	0.10527
329.444	0.0519698
330	0.0291787
330.556	0.00864547
331.111	0.0143084
331.667	0.0905634
332.222	0.00428856
332.778	0.107719
333.333	0.0135069
333.889	0.072258
334.444	0.0464835
335	0.131899
335.556	0.00343792
336.111	0.0593807
336.667	0.0433161
337.222	0.0885093
337.778	0.0185019
338.333	0.0743162
338.889	0.0283231
339.444	0.0142996
340	0.0865593
340.556	0.030038
341.111	0.0347733
341.667	0.0453681
342.222	0.0146608
342.778	0.072207
343.333	0.066754
343.889	0.0361354
344.444	0.0895536
345	0.0823711
345.556	0.0434595
346.111	0.0407702
346.667	0.0374457
347.222	0.00230823
347.778	0.0115048
348.333	0.0450486
348.889	0.00828725
349.444	0.0204923
350	0.0153039
350.556	0.0749919
351.111	0.0104049
351.667	0.0961356
352.222	0.000497722
352.778	0.116365
353.333	0.0392936
353.889	0.0446011
354.444	0.0302989
355	0.0466942
355.556	0.0409344
356.111	0.0408097
356.667	0.0779085
357.222	0.103318
357.778	0.0366236
358.333	0.0384067
358.889	0.117092
359.444	0.0451999
360	0.0899591
360.556	0.062355
361.111	0.0554209
361.667	0.0191553
362.222	0.0164936
362.778	0.0217658
363.333	0.00436243
363.889	0.00245254
364.444	0.0110356
365	0.0022469
365.556	0.0350134
366.111	0.0417459
366.667	0.0601917
367.222	0.0241482
367.778	0.00637942
368.333	0.000259746
368.889	0.0781429
369.444	0.0293704
370	0.00857083
370.556	0.076962
371.111	0.0816202
371.667	0.0450444
372.222	0.044581
372.778	0.0114391
373.333	0.0591053
373.889	0.0722061
374.444	0.0101724
375	0.0215838
375.556	0.00635057
376.111	0.0566661
376.667	0.0261932
377.222	0.0165414
377.778	0.0180038
378.333	0.0672149
378.889	0.027448
379.444	0.0856902
380	0.0103099
380.556	0.051185
381.111	0.0194725
381.667	0.00320577
382.222	0.0193666
382.778	0.0635894
383.333	0.0756112
383.889	0.030189
384.444	0.0270353
385	0.0245608
385.556	0.039575
386.111	0.0786486
386.667	0.0512614
387.222	0.0162033
387.778	0.013621
388.333	0.0395093
388.889	0.0102477
389.444	0.0303305
390	0.0149838
390.556	0.0379463
391.111	0.0293175
391.667	0.0394868
392.222	0.00534853
392.778	0.0339123
393.333	0.0315646
393.889	0.00839495
394.444	0.0239189
395	0.0347633
395.556	0.0320114
396.111	0.0622263
396.667	0.0337092
397.222	0.0336378
397.778	0.0495953
398.333	0.0339721
398.889	0.0470033
399.444	0.0241109
400	0.0344499
400.556	0.0613231
401.111	0.0186033
401.667	0.00610591
402.222	0.0192629
402.778	0.0232332
403.333	0.0569457
403.889	0.00168188
404.444	0.0055225
405	0.00307514
405.556	0.0342121
406.111	0.0680497
406.667	0.00844253
407.222	0.0147774
407.778	0.0223817
408.333	0.057361
408.889	0.0267959
409.444	0.00164571
410	0.044765
410.556	0.101474
411.111	0.0165122
411.667	0.00562226
412.222	0.015052
412.778	0.0261874
413.333	0.0342
413.889	0.00334323
414.444	0.0259021
415	0.0637636
415.556	0.0857408
416.111	0.0168125
416.667	7.20511e-05
417.222	0.068421
417.778	0.0446678
418.333	0.0283233
418.889	0.057965
419.444	0.0064386
420	0.0247121
420.556	0.0363271
421.111	0.00607193
421.667	0.0414978
422.222	0.0130934
422.778	0.0167611
423.333	0.0224638
423.889	0.0182646
424.444	0.0279566
425	0.0675068
425.556	0.0611601
426.111	0.0343882
426.667	0.031427
427.222	0.0154669
427.778	0.00849204
428.333	0.0024704
428.889	0.0092068
429.444	0.0231761
430	0.00450445
430.556	0.0443129
431.111	0.0112746
431.667	0.0445573
432.222	0.00512373
432.778	0.0146055
433.333	0.0338272
433.889	0.0248097
434.444	0.0155601
435	0.0263351
435.556	0.0389252
436.111	0.00347863
436.667	0.0324467
437.222	0.0211844
437.778	0.00640394
438.333	0.025869
438.889	0.00432023
439.444	0.0151587
440	0.0320328
440.556	0.0194458
441.111	0.00891474
441.667	0.00144324
442.222	0.0650761
442.778	0.0260454
443.333	0.0163564
443.889	0.0306347
444.444	0.00498587
445	0.0661071
445.556	0.000348613
446.111	0.0193293
446.667	0.0126731
447.222	0.00541285
447.778	0.0334528
448.333	0.0338519
448.889	0.00320989
449.444	0.0508718
450	0.0401686
450.556	0.0112152
451.111	0.0190054
451.667	0.0345202
452.222	0.0119098
452.778	0.00909154
453.333	0.0308615
453.889	0.0385436
454.444	0.048574
455	0.0285093
455.556	0.0122225
456.111	0.0220071
456.667	0.0609237
457.222	0.00710389
457.778	0.00790139
458.333	0.0013025
458.889	0.042177
459.444	0.0157637
460	0.0295272
460.556	0.0385653
461.111	0.00953986
461.667	0.032981
462.222	0.00234855
462.778	0.0264254
463.333	0.00437717
463.889	0.0447507
464.444	0.00550289
465	0.0477049
465.556	0.0455738
466.111	0.0114369
466.667	0.0199329
467.222	0.00590405
467.778	0.0154377
468.333	0.037028
468.889	0.0164263
469.444	0.0479986
470	0.00383161
470.556	0.00111342
471.111	0.0200697
471.667	0.00555591
472.222	0.017935
472.778	0.0119579
473.333	0.0117081
473.889	0.00541909
474.444	0.0331832
475	0.0371175
475.556	0.00465824
476.111	0.00763971
476.667	0.0483395
477.222	0.00300721
477.778	0.00277998
478.333	0.0122323
478.889	0.00155885
479.444	0.0327308
480	0.0190367
480.556	0.00079682
481.111	0.0431061
481.667	0.0247765
482.222	0.027281
482.778	0.00308756
483.333	0.0102965
483.889	0.027256
484.444	0.0106069
485	0.0390602
485.556	0.0258388
486.111	0.0394111
486.667	0.0472211
487.222	0.0216146
487.778	0.0146033
488.333	0.0352512
488.889	0.023907
489.444	0.0277749
490	0.00349117
490.556	0.00381197
491.111	0.0543579
491.667	0.00344879
492.222	0.0386068
492.778	0.00728614
493.333	0.0328691
493.889	0.0407398
494.444	0.0275698
495	0.0318641
495.556	0.0272243
496.111	0.00623207
496.667	0.00506463
497.222	0.0292561
497.778	0.00702759
498.333	0.0506955
498.889	0.00261092
499.444	0.0450182
500	0.0155221
500.556	0.0261675
501.111	0.0334131
501.667	0.000933089
502.222	0.00838039
502.778	0.0210898
503.333	0.0115128
503.889	0.00347562
504.444	0.036536
505	0.03459
505.556	0.00876949
506.111	0.00632424
506.667	0.029145
507.222	0.013581
507.778	0.0275211
508.333	0.030403
508.889	0.0125347
509.444	0.00842588
510	0.00886039
510.556	0.0167293
511.111	0.0382841
511.667	0.0177251
512.222	0.0117992
512.778	0.00498277
513.333	0.0155986
513.889	0.0103447
514.444	0.00807328
515	0.00378894
515.556	0.03498
516.111	0.0050977
516.667	0.0200131
517.222	0.0307891
517.778	0.00496315
518.333	0.0405564
518.889	0.00798826
519.444	0.0301871
520	0.00948615
520.556	0.0383621
521.111	0.00250204
521.667	0.00495429
522.222	0.0204346
522.778	0.0414791
523.333	0.0103714
523.889	0.0109016
524.444	0.0381211
525	0.00968753
525.556	0.06297
526.111	0.0267761
526.667	0.0192774
527.222	0.000976769
527.778	0.0550897
528.333	0.00844442
528.889	0.00456282
529.444	0.0191821
530	0.016762
530.556	0.00727816
531.111	0.0302473
531.667	0.0287537
532.222	0.0137852
532.778	0.0413878
533.333	0.000212458
533.889	0.0244025
534.444	0.0152965
535	0.0040463
535.556	0.016505
536.111	0.023008
536.667	0.0348431
537.222	0.0176492
537.778	0.0232413
538.333	0.0353763
538.889	0.0197684
539.444	0.00050484
540	0.0231491
540.556	0.0257105
541.111	0.00335309
541.667	0.0209992
542.222	0.00725806
542.778	0.0358736
543.333	0.0154474
543.889	0.0218186
544.444	0.00440161
545	0.00434248
545.556	0.0597941
546.111	0.00332529
546.667	0.000277482
547.222	0.00260734
547.778	0.0198829
548.333	0.00595994
548.889	0.00626563
549.444	0.0105357
550	0.0243171
550.556	0.0387579
551.111	0.00597047
551.667	0.012229
552.222	0.0228516
552.778	0.0538483
553.333	0.00173712
553.889	0.00194246
554.444	0.0105556
555	0.0229761
555.556	0.0133245
556.111	0.0145129
556.667	0.0309444
557.222	0.0482617
557.778	0.0171362
558.333	0.00787663
558.889	0.00728647
559.444	0.0143716
560	0.0310803
560.556	0.00721039
561.111	0.0158705
561.667	0.00193184
562.222	0.0228023
562.778	0.0310025
563.333	0.0252098
563.889	0.0248263
564.444	0.0244282
565	0.0162648
565.556	0.0172625
566.111	0.00189658
566.667	0.0187656
567.222	0.0166259
567.778	0.0091066
568.333	0.0327573
568.889	0.00814271
569.444	0.0060788
570	0.0314516
570.556	0.0320019
571.111	0.00162503
571.667	0.0129014
572.222	0.00631979
572.778	0.031244
573.333	0.00274625
573.889	0.014205
574.444	0.0125069
575	0.0215551
575.556	0.0304845
576.111	0.0025531
576.667	0.0224849
577.222	0.0414084
577.778	0.0213292
578.333	0.0091157
578.889	0.00175328
579.444	0.0184471
580	0.046108
580.556	0.00424784
581.111	0.0134762
581.667	0.00367148
582.222	0.0368704
582.778	0.0279104
583.333	0.00550422
583.889	0.0172637
584.444	0.0408795
585	0.0082916
585.556	0.00985059
586.111	0.001157
586.667	0.0128536
587.222	0.0309659
587.778	0.00435745
588.333	0.0276429
588.889	0.0139387
589.444	0.0308081
590	0.0250251
590.556	0.0159969
591.111	0.00134879
591.667	0.0283686
592.222	0.000463679
592.778	0.0198732
593.333	0.00027824
593.889	0.0220285
594.444	0.0142411
595	0.0213798
595.556	0.0293175
596.111	0.0326505
596.667	0.0165025
597.222	0.0283703
597.778	0.0193625
598.333	0.0206914
598.889	0.0183242
599.444	0.00361044
600	0.0406629
600.556	0.00191229
601.111	0.00356581
601.667	0.00186592
602.222	0.0336642
602.778	0.0206685
603.333	0.0247167
603.889	0.00436374
604.444	0.0325979
605	0.0146826
605.556	0.016568
606.111	0.00472302
606.667	0.0023769
607.222	0.0531794
607.778	0.001003
608.333	0.0230572
608.889	0.0210116
609.444	0.0337117
610	0.0178411
610.556	0.0141777
611.111	0.0167002
611.667	0.0330851
612.222	0.0116437
612.778	0.0043931
613.333	0.00728177
613.889	0.00282032
614.444	0.0261448
615	0.00629489
615.556	0.0109669
616.111	0.0248873
616.667	0.0287326
617.222	0.0100486
617.778	0.0100948
618.333	0.00145829
618.889	0.0257589
619.444	0.00401839
620	0.0232983
620.556	0.00233281
621.111	0.0141027
621.667	0.0255411
622.222	0.0174965
622.778	0.0137014
623.333	0.0324201
623.889	0.00897273
624.444	0.0206164
625	0.014703
625.556	0.00993034
626.111	0.015133
626.667	0.00369799
627.222	0.0398135
627.778	0.00130109
628.333	0.0208827
628.889	0.0123654
629.444	0.0246871
630	0.0144642
630.556	0.0290469
631.111	0.0110341
631.667	0.0208596
632.222	0.0193026
632.778	0.00684959
633.333	0.011232
633.889	0.00937468
634.444	0.0538619
635	0.00853168
635.556	0.00588089
636.111	0.0169246
636.667	0.0246569
637.222	0.00363064
637.778	0.0115896
638.333	0.0185705
638.889	0.0214965
639.444	0.0223987
640	0.00695049
640.556	0.00294151
641.111	0.022115
641.667	0.0335174
642.222	0.0093626
642.778	0.010393
643.333	0.0234829
643.889	0.020962
644.444	0.0137012
645	0.000973173
645.556	0.0134043
646.111	0.0295411
646.667	0.013742
647.222	0.0180256
647.778	0.0124899
648.333	0.0207668
648.889	0.0218456
649.444	8.31748e-05
650	0.00117336
650.556	0.019929
651.111	0.00465214
651.667	0.0115956
652.222	0.0191496
652.778	0.00985855
653.333	0.0258399
653.889	0.00886423
654.444	0.0377354
655	0.0138574
655.556	0.0177925
656.111	0.000124297
656.667	0.0117903
657.222	0.0132984
657.778	0.0271595
658.333	0.0157776
658.889	0.0243353
659.444	0.0242009
660	0.015688
660.556	0.0197491
661.111	0.0113758
661.667	0.0330824
662.222	0.0163974
662.778	0.014074
663.333	0.00693184
663.889	0.0234964
664.444	0.0131761
665	0.0156171
665.556	0.0102072
666.111	0.0310793
666.667	0.021642
667.222	0.0175209
667.778	0.0147719
668.333	0.00636979
668.889	0.0265286
669.444	0.0202094
670	0.00280334
670.556	0.00724943
671.111	0.023086
671.667	0.0207709
672.222	0.00689585
672.778	0.000790058
673.333	0.041344
673.889	0.0093337
674.444	0.00268443
675	0.011654
675.556	0.0124971
676.111	0.0162913
676.667	0.00403072
677.222	0.00964803
677.778	0.0221353
678.333	0.0198127
678.889	0.0180576
679.444	0.00211351
680	0.0182344
680.556	0.0342377
681.111	0.00279261
681.667	0.0186222
682.222	0.0123336
682.778	0.00609223
683.333	0.00505102
683.889	0.0124576
684.444	0.0169045
685	0.0287369
685.556	0.00212689
686.111	0.0186765
686.667	0.00974941
687.222	0.0341968
687.778	0.0244643
688.333	0.00385217
688.889	0.0246208
689.444	0.0133301
690	0.019216
690.556	0.00292579
691.111	0.0308432
691.667	0.0183724
692.222	0.0361353
692.778	0.000679953
693.333	0.0230814
693.889	0.00763743
694.444	0.0251151
695	0.00893897
695.556	0.00443115
696.111	0.0323667
696.667	0.0155419
697.222	0.000836532
697.778	0.0141522
698.333	0.0288966
698.889	0.00785098
699.444	0.024068
700	0.00235065
700.556	0.0289097
701.111	0.00739348
701.667	0.00156857
702.222	0.0029792
702.778	0.0121293
703.333	0.0239684
703.889	0.00120461
704.444	0.00540024
705	0.0248243
705.556	0.0169424
706.111	0.00596897
706.667	0.0108711
707.222	0.00927798
707.778	0.0259402
708.333	0.00727336
708.889	0.0173165
709.444	0.00472078
710	0.0149964
710.556	0.0111858
711.111	0.00717418
711.667	0.0118783
712.222	0.0407553
712.778	0.000751218
713.333	0.00498377
713.889	0.00763464
714.444	0.025351
715	0.0132153
715.556	0.0119245
716.111	0.0366789
716.667	0.016517
717.222	0.0253476
717.778	0.0147749
718.333	0.0242759
718.889	0.012063
719.444	0.0381604
720	0.00821835
720.556	0.0155792
721.111	0.010687
721.667	0.0137004
722.222	0.00645146
722.778	0.00124768
723.333	0.0335513
723.889	0.0225918
724.444	0.0145687
725	0.00898429
725.556	0.0189192
726.111	0.00371388
726.667	0.0217742
727.222	0.00704118
727.778	0.0202408
728.333	0.00840581
728.889	0.00256363
729.444	0.0025781
730	0.0117244
730.556	0.0225357
731.111	0.0151084
731.667	0.00611033
732.222	0.0181906
732.778	0.00645838
733.333	0.00833867
733.889	0.00995407
734.444	0.00624555
735	0.0255888
735.556	0.00132243
736.111	0.0140524
736.667	0.0117068
737.222	0.0232072
737.778	0.00661693
738.333	0.00300579
738.889	0.00492959
739.444	0.0346403
740	0.00507525
740.556	0.0012297
741.111	0.00879724
741.667	0.0182192
742.222	0.023746
742.778	0.00566773
743.333	0.0261753
743.889	0.0262166
744.444	0.0284259
745	0.000252621
745.556	0.0102592
746.111	0.00999255
746.667	0.0284474
747.222	0.0134527
747.778	0.0156706
748.333	0.0188132
748.889	0.0191195
749.444	0.0131677
750	0.00345456
750.556	0.0257239
751.111	0.0260401
751.667	0.0186255
752.222	0.00294829
752.778	0.0099926
753.333	0.00095423
753.889	0.0237161
754.444	0.0061804
755	0.0261025
755.556	0.011105
756.111	0.00812324
756.667	0.013376
757.222	0.00439866
757.778	0.0112285
758.333	0.0220099
758.889	0.00356882
759.444	0.0127643
760	0.00600722
760.556	0.00192956
761.111	0.00774483
761.667	0.0108152
762.222	0.0328827
762.778	0.00380372
763.333	0.00165997
763.889	0.0141777
764.444	0.0155137
765	0.00126014
765.556	0.00731885
766.111	0.0122491
766.667	0.0249651
767.222	0.000495572
767.778	0.00426497
768.333	0.00450161
768.889	0.0233384
769.444	0.025711
770	0.0146421
770.556	0.0116674
771.111	0.0226087
771.667	0.0215438
772.222	0.00683407
772.778	0.0112698
773.333	0.0124844
773.889	0.032453
774.444	0.00855207
775	0.00543507
775.556	0.0105724
776.111	0.025071
776.667	0.0177572
777.222	0.0160593
777.778	0.0150773
778.333	0.0243945
778.889	0.0160547
779.444	0.00275329
780	0.0118279
780.556	0.00599839
781.111	0.0342243
781.667	0.00111959
782.222	0.0212941
782.778	0.00109212
783.333	0.0175679
783.889	0.00857536
784.444	0.00607466
785	0.0133137
785.556	0.0161602
786.111	0.00116318
786.667	0.0104832
787.222	0.0113462
787.778	0.00250293
788.333	0.0214561
788.889	0.00676745
789.444	0.0204185
790	0.0134053
790.556	0.00420918
791.111	0.00645181
791.667	0.0102841
792.222	0.00604619
792.778	0.00295345
793.333	0.0135456
793.889	0.0236555
794.444	0.00204329
795	0.00483937
795.556	0.00359328
796.111	0.0176276
796.667	0.0146205
797.222	0.0206393
797.778	0.00937514
798.333	0.0131226
798.889	0.0231712
799.444	0.00271346
800	0.00376936
800.556	0.00939097
801.111	0.0372486
801.667	0.00491055
802.222	0.00178423
802.778	0.00554916
803.333	0.0177802
803.889	0.00773441
804.444	0.0219707
805	0.0198311
805.556	0.0182662
806.111	0.0196116
806.667	0.000176739
807.222	0.00617658
807.778	0.000882334
808.333	0.0383456
808.889	0.00615215
809.444	0.00740515
810	0.00535426
810.556	0.012899
811.111	0.00487333
811.667	0.00792357
812.222	0.0207805
812.778	0.0191536
813.333	0.0112827
813.889	0.00686376
814.444	0.0030164
815	0.00833283
815.556	0.0226488
816.111	0.00374029
816.667	0.0136798
817.222	0.0106005
817.778	0.00336464
818.333	0.0072569
818.889	0.0135432
819.444	0.0108401
820	0.011928
820.556	0.00564585
821.111	0.0206614
821.667	0.005483
822.222	0.0152631
822.778	0.00370731
823.333	0.00636554
823.889	0.013675
824.444	0.0200829
825	0.0096909
825.556	0.0134459
826.111	0.0252426
826.667	0.00119225
827.222	0.00742558
827.778	0.00891193
828.333	0.0324699
828.889	0.0122345
829.444	0.00828843
830	0.0131016
830.556	0.0121009
831.111	0.0141496
831.667	0.0196652
832.222	0.019858
832.778	0.0181506
833.333	0.0229669
833.889	0.00935705
834.444	0.00521709
835	0.00261292
835.556	0.0324774
836.111	0.0133568
836.667	0.00507712
837.222	0.00864496
837.778	0.0148491
838.333	0.0119282
838.889	0.00982891
839.444	0.0164243
840	0.0221053
840.556	0.0082008
841.111	0.00437032
841.667	0.00177393
842.222	0.0067754
842.778	0.0188409
843.333	0.00640732
843.889	0.0169621
844.444	0.00429201
845	0.00882241
845.556	0.00894811
846.111	0.00591134
846.667	0.00549458
847.222	0.0179587
847.778	0.00754387
848.333	0.0109439
848.889	0.00406671
849.444	0.0104263
850	0.00171813
850.556	0.00443669
851.111	0.0199947
851.667	0.0214945
852.222	0.000123329
852.778	0.0143193
853.333	0.0196861
853.889	0.0082217
854.444	0.0108461
855	0.0118062
855.556	0.0269406
856.111	0.00753929
856.667	0.00422041
857.222	0.0135333
857.778	0.0129529
858.333	0.0152434
858.889	0.0272708
859.444	0.0109682
860	0.0143581
860.556	0.0165729
861.111	0.0157096
861.667	0.00360128
862.222	0.0100451
862.778	0.0327858
863.333	0.00842531
863.889	0.00216499
864.444	0.00895892
865	0.017065
865.556	0.010237
866.111	0.0179187
866.667	0.0130063
867.222	0.0161369
867.778	0.00356019
868.333	0.00684632
868.889	0.000378248
869.444	0.00110464
870	0.0212536
870.556	0.00593126
871.111	0.0106677
871.667	0.00936007
872.222	0.0129651
872.778	0.00675539
873.333	0.00117381
873.889	0.00427787
874.444	0.0156767
875	0.0110743
875.556	0.00968801
876.111	0.00031851
876.667	0.00906682
877.222	0.00688199
877.778	0.00131925
878.333	0.0167151
878.889	0.0256639
879.444	0.000789737
880	0.00622012
880.556	0.0130602
881.111	0.00676651
881.667	0.0115995
882.222	0.0160801
882.778	0.0273174
883.333	0.00300892
883.889	0.00925
884.444	0.00728309
885	0.00698127
885.556	0.0120606
886.111	0.0328014
886.667	0.0115824
887.222	0.00744213
887.778	0.0176717
888.333	0.0127669
888.889	0.00515603
889.444	0.0113973
890	0.0326214
890.556	0.00757059
891.111	0.00413073
891.667	0.00646824
892.222	0.0137242
892.778	0.00795784
893.333	0.0211604
893.889	0.0166316
894.444	0.00969511
895	0.00473126
895.556	0.0107477
896.111	0.00314841
896.667	0.000898828
897.222	0.0250322
897.778	0.0107135
898.333	0.00345309
898.889	0.00908577
899.444	0.0110551
900	0.00402555
900.556	0.00217657
901.111	0.0119624
901.667	0.0123019
902.222	0.00592071
902.778	0.0058981
903.333	0.000907901
903.889	0.0112396
904.444	0.00502818
905	0.00586757
905.556	0.00949835
906.111	0.0223784
906.667	0.00032545
907.222	0.000436819
907.778	0.0125499
908.333	0.00154185
908.889	0.01597
909.444	0.0122915
910	0.0240806
910.556	0.00499918
911.111	0.0146152
911.667	0.00929998
912.222	0.000928743
912.778	0.0131452
913.333	0.0280556
913.889	0.0131689
914.444	0.00243732
915	0.0172184
915.556	0.0119487
916.111	0.0111195
916.667	0.0121304
917.222	0.0300458
917.778	0.0105059
918.333	0.00984927
918.889	0.0108509
919.444	0.00689447
920	0.0116768
920.556	0.0223096
921.111	0.0187422
921.667	0.00837603
922.222	0.00910557
922.778	0.0123461
923.333	0.00801163
923.889	0.00314492
924.444	0.0207934
925	0.0142336
925.556	5.62287e-06
926.111	0.00115625
926.667	0.00975037
927.222	0.0068463
927.778	0.00397609
928.333	0.0110673
928.889	0.0142589
929.444	0.0039777
930	0.000934057
930.556	0.00321163
931.111	0.00435629
931.667	0.00321269
932.222	0.0124735
932.778	0.0104123
933.333	0.0165254
933.889	0.00361937
934.444	0.00118868
935	0.00781127
935.556	0.00403585
936.111	0.018592
936.667	0.0145111
937.222	0.0163729
937.778	0.00175349
938.333	0.00915985
938.889	0.0110435
939.444	0.0031851
940	0.0167227
940.556	0.0268022
941.111	0.00892224
941.667	0.000593458
942.222	0.0131183
942.778	0.015026
943.333	0.0169708
943.889	0.0187588
944.444	0.0243227
945	0.00864196
945.556	0.00942942
946.111	0.0127156
946.667	0.00682349
947.222	0.0162571
947.778	0.0241436
948.333	0.0142867
948.889	0.00403843
949.444	0.00756343
950	0.0157092
950.556	0.00669583
951.111	0.0109939
951.667	0.0196428
952.222	0.0115408
952.778	0.000910042
953.333	0.00186336
953.889	0.00999349
954.444	0.00585298
955	0.0102158
955.556	0.0132812
956.111	0.00980129
956.667	0.0052628
957.222	0.00217027
957.778	0.00120775
958.333	0.000393271
958.889	0.00592522
959.444	0.0132771
960	0.00734913
960.556	0.0164106
961.111	0.00449211
961.667	0.00306264
962.222	0.00281742
962.778	0.000248025
963.333	0.0166202
963.889	0.0167344
964.444	0.0144744
965	0.00269303
965.556	0.00925516
966.111	0.00897422
966.667	0.00750404
967.222	0.0182405
967.778	0.0268362
968.333	0.00941667
968.889	0.00698973
969.444	0.00973521
970	0.0109031
970.556	0.0151548
971.111	0.0204036
971.667	0.023654
972.222	0.00506879
972.778	0.0135396
973.333	0.011373
973.889	0.00259689
974.444	0.0163839
975	0.024436
975.556	0.0176607
976.111	0.0035487
976.667	0.00951913
977.222	0.0126124
977.778	0.00784572
978.333	0.0153695
978.889	0.0208582
979.444	0.0138646
980	0.00644634
980.556	0.00485711
981.111	0.00491713
981.667	0.00746973
982.222	0.0143219
982.778	0.0160646
983.333	0.00692978
983.889	0.00311255
984.444	0.00324738
985	0.00204213
985.556	0.00269593
986.111	0.00729762
986.667	0.0159155
987.222	0.00729613
987.778	0.0104516
988.333	0.00220376
988.889	0.00320408
989.444	0.00177746
990	0.00554161
990.556	0.0161103
991.111	0.0164547
991.667	0.0117744
992.222	0.00281558
992.778	0.00788602
993.333	0.0085813
993.889	0.012473
994.444	0.0174025
995	0.0201741
995.556	0.0089816
996.111	0.0111989
996.667	0.0102006
997.222	0.00815965
997.778	0.0188968
998.333	0.0222682
998.889	0.0205076
999.444	0.00293099
1000	0.0138923
1000.56	0.0138923
1001.11	0.00293099
1001.67	0.0205076
1002.22	0.0222682
1002.78	0.0188968
1003.33	0.00815965
1003.89	0.0102006
1004.44	0.0111989
1005	0.0089816
1005.56	0.0201741
1006.11	0.0174025
1006.67	0.012473
1007.22	0.0085813
1007.78	0.00788602
1008.33	0.00281558
1008.89	0.0117744
1009.44	0.0164547
1010	0.0161103
1010.56	0.00554161
1011.11	0.00177746
1011.67	0.00320408
1012.22	0.00220376
1012.78	0.0104516
1013.33	0.00729613
1013.89	0.0159155
1014.44	0.00729762
1015	0.00269593
1015.56	0.00204213
1016.11	0.00324738
1016.67	0.00311255
1017.22	0.00692978
1017.78	0.0160646
1018.33	0.0143219
1018.89	0.00746973
1019.44	0.00491713
1020	0.00485711
1020.56	0.00644634
1021.11	0.0138646
1021.67	0.0208582
1022.22	0.0153695
1022.78	0.00784572
1023.33	0.0126124
1023.89	0.00951913
1024.44	0.0035487
1025	0.0176607
1025.56	0.024436
1026.11	0.0163839
1026.67	0.00259689
1027.22	0.011373
1027.78	0.0135396
1028.33	0.00506879
1028.89	0.023654
1029.44	0.0204036
1030	0.0151548
1030.56	0.0109031
1031.11	0.00973521
1031.67	0.00698973
1032.22	0.00941667
1032.78	0.0268362
1033.33	0.0182405
1033.89	0.00750404
1034.44	0.00897422
1035	0.00925516
1035.56	0.00269303
1036.11	0.0144744
1036.67	0.0167344
1037.22	0.0166202
1037.78	0.000248025
1038.33	0.00281742
1038.89	0.00306264
1039.44	0.00449211
1040	0.0164106
1040.56	0.00734913
1041.11	0.0132771
1041.67	0.00592522
1042.22	0.000393271
1042.78	0.00120775
1043.33	0.00217027
1043.89	0.0052628
1044.44	0.00980129
1045	0.0132812
1045.56	0.0102158
1046.11	0.00585298
1046.67	0.00999349
1047.22	0.00186336
1047.78	0.000910042
1048.33	0.0115408
1048.89	0.0196428
1049.44	0.0109939
1050	0.00669583
1050.56	0.0157092
1051.11	0.00756343
1051.67	0.00403843
1052.22	0.0142867
1052.78	0.0241436
1053.33	0.0162571
1053.89	0.00682349
1054.44	0.0127156
1055	0.00942942
1055.56	0.00864196
1056.11	0.0243227
1056.67	0.0187588
1057.22	0.0169708
1057.78	0.015026
1058.33	0.0131183
1058.89	0.000593458
1059.44	0.00892224
1060	0.0268022
1060.56	0.0167227
1061.11	0.0031851
1061.67	0.0110435
1062.22	0.00915985
1062.78	0.00175349
1063.33	0.0163729
1063.89	0.0145111
1064.44	0.018592
1065	0.00403585
1065.56	0.00781127
1066.11	0.00118868
1066.67	0.00361937
1067.22	0.0165254
1067.78	0.0104123
1068.33	0.0124735
1068.89	0.00321269
1069.44	0.00435629
1070	0.00321163
1070.56	0.000934057
1071.11	0.0039777
1071.67	0.0142589
1072.22	0.0110673
1072.78	0.00397609
1073.33	0.0068463
1073.89	0.00975037
1074.44	0.00115625
1075	5.62287e-06
1075.56	0.0142336
1076.11	0.0207934
1076.67	0.00314492
1077.22	0.00801163
1077.78	0.0123461
1078.33	0.00910557
1078.89	0.00837603
1079.44	0.0187422
1080	0.0223096
1080.56	0.0116768
1081.11	0.00689447
1081.67	0.0108509
1082.22	0.00984927
1082.78	0.0105059
1083.33	0.0300458
1083.89	0.0121304
1084.44	0.0111195
1085	0.0119487
1085.56	0.0172184
1086.11	0.00243732
1086.67	0.0131689
1087.22	0.0280556
1087.78	0.0131452
1088.33	0.000928743
1088.89	0.00929998
1089.44	0.0146152
1090	0.00499918
1090.56	0.0240806
1091.11	0.0122915
1091.67	0.01597
1092.22	0.00154185
1092.78	0.0125499
1093.33	0.000436819
1093.89	0.00032545
1094.44	0.0223784
1095	0.00949835
1095.56	0.00586757
1096.11	0.00502818
1096.67	0.0112396
1097.22	0.000907901
1097.78	0.0058981
1098.33	0.00592071
1098.89	0.0123019
1099.44	0.0119624
1100	0.00217657
1100.56	0.00402555
1101.11	0.0110551
1101.67	0.00908577
1102.22	0.00345309
1102.78	0.0107135
1103.33	0.0250322
1103.89	0.000898828
1104.44	0.00314841
1105	0.0107477
1105.56	0.00473126
1106.11	0.00969511
1106.67	0.0166316
1107.22	0.0211604
1107.78	0.00795784
1108.33	0.0137242
1108.89	0.00646824
1109.44	0.00413073
1110	0.00757059
1110.56	0.0326214
1111.11	0.0113973
1111.67	0.00515603
1112.22	0.0127669
1112.78	0.0176717
1113.33	0.00744213
1113.89	0.0115824
1114.44	0.0328014
1115	0.0120606
1115.56	0.00698127
1116.11	0.00728309
1116.67	0.00925
1117.22	0.00300892
1117.78	0.0273174
1118.33	0.0160801
1118.89	0.0115995
1119.44	0.00676651
1120	0.0130602
1120.56	0.00622012
1121.11	0.000789737
1121.67	0.0256639
1122.22	0.0167151
1122.78	0.00131925
1123.33	0.00688199
1123.89	0.00906682
1124.44	0.00031851
1125	0.00968801
1125.56	0.0110743
1126.11	0.0156767
1126.67	0.00427787
1127.22	0.00117381
1127.78	0.00675539
1128.33	0.0129651
1128.89	0.00936007
1129.44	0.0106677
1130	0.00593126
1130.56	0.0212536
1131.11	0.00110464
1131.67	0.000378248
1132.22	0.00684632
1132.78	0.00356019
1133.33	0.0161369
1133.89	0.0130063
1134.44	0.0179187
1135	0.010237
1135.56	0.017065
1136.11	0.00895892
1136.67	0.00216499
1137.22	0.00842531
1137.78	0.0327858
1138.33	0.0100451
1138.89	0.00360128
1139.44	0.0157096
1140	0.0165729
1140.56	0.0143581
1141.11	0.0109682
1141.67	0.0272708
1142.22	0.0152434
1142.78	0.0129529
1143.33	0.0135333
1143.89	0.00422041
1144.44	0.00753929
1145	0.0269406
1145.56	0.0118062
1146.11	0.0108461
1146.67	0.0082217
1147.22	0.0196861
1147.78	0.0143193
1148.33	0.000123329
1148.89	0.0214945
1149.44	0.0199947
1150	0.00443669
1150.56	0.00171813
1151.11	0.0104263
1151.67	0.00406671
1152.22	0.0109439
1152.78	0.00754387
1153.33	0.0179587
1153.89	0.00549458
1154.44	0.00591134
1155	0.00894811
1155.56	0.00882241
1156.11	0.00429201
1156.67	0.0169621
1157.22	0.00640732
1157.78	0.0188409
1158.33	0.0067754
1158.89	0.00177393
1159.44	0.00437032
1160	0.0082008
1160.56	0.0221053
1161.11	0.0164243
1161.67	0.00982891
1162.22	0.0119282
1162.78	0.0148491
1163.33	0.00864496
1163.89	0.00507712
1164.44	0.0133568
1165	0.0324774
1165.56	0.00261292
1166.11	0.00521709
1166.67	0.00935705
1167.22	0.0229669
1167.78	0.0181506
1168.33	0.019858
1168.89	0.0196652
1169.44	0.0141496
1170	0.0121009
1170.56	0.0131016
1171.11	0.00828843
1171.67	0.0122345
1172.22	0.0324699
1172.78	0.00891193
1173.33	0.00742558
1173.89	0.00119225
1174.44	0.0252426
1175	0.0134459
1175.56	0.0096909
1176.11	0.0200829
1176.67	0.013675
1177.22	0.00636554
1177.78	0.00370731
1178.33	0.0152631
1178.89	0.005483
1179.44	0.0206614
1180	0.00564585
1180.56	0.011928
1181.11	0.0108401
1181.67	0.0135432
1182.22	0.0072569
1182.78	0.00336464
1183.33	0.0106005
1183.89	0.0136798
1184.44	0.00374029
1185	0.0226488
1185.56	0.00833283
1186.11	0.0030164
1186.67	0.00686376
1187.22	0.0112827
1187.78	0.0191536
1188.33	0.0207805
1188.89	0.00792357
1189.44	0.00487333
1190	0.012899
1190.56	0.00535426
1191.11	0.00740515
1191.67	0.00615215
1192.22	0.0383456
1192.78	0.000882334
1193.33	0.00617658
1193.89	0.000176739
1194.44	0.0196116
1195	0.0182662
1195.56	0.0198311
1196.11	0.0219707
1196.67	0.00773441
1197.22	0.0177802
1197.78	0.00554916
1198.33	0.00178423
1198.89	0.00491055
1199.44	0.0372486
1200	0.00939097
1200.56	0.00376936
1201.11	0.00271346
1201.67	0.0231712
1202.22	0.0131226
1202.78	0.00937514
1203.33	0.0206393
1203.89	0.0146205
1204.44	0.0176276
1205	0.00359328
1205.56	0.00483937
1206.11	0.00204329
1206.67	0.0236555
1207.22	0.0135456
1207.78	0.00295345
1208.33	0.00604619
1208.89	0.0102841
1209.44	0.00645181
1210	0.00420918
1210.56	0.0134053
1211.11	0.0204185
1211.67	0.00676745
1212.22	0.0214561
1212.78	0.00250293
1213.33	0.0113462
1213.89	0.0104832
1214.44	0.00116318
1215	0.0161602
1215.56	0.0133137
1216.11	0.00607466
1216.67	0.00857536
1217.22	0.0175679
1217.78	0.00109212
1218.33	0.0212941
1218.89	0.00111959
1219.44	0.0342243
1220	0.00599839
1220.56	0.0118279
1221.11	0.00275329
1221.67	0.0160547
1222.22	0.0243945
1222.78	0.0150773
1223.33	0.0160593
1223.89	0.0177572
1224.44	0.025071
1225	0.0105724
1225.56	0.00543507
1226.11	0.00855207
1226.67	0.032453
1227.22	0.0124844
1227.78	0.0112698
1228.33	0.00683407
1228.89	0.0215438
1229.44	0.0226087
1230	0.0116674
1230.56	0.0146421
1231.11	0.025711
1231.67	0.0233384
1232.22	0.00450161
1232.78	0.00426497
1233.33	0.000495572
1233.89	0.0249651
1234.44	0.0122491
1235	0.00731885
1235.56	0.00126014
1236.11	0.0155137
1236.67	0.0141777
1237.22	0.00165997
1237.78	0.00380372
1238.33	0.0328827
1238.89	0.0108152
1239.44	0.00774483
1240	0.00192956
1240.56	0.00600722
1241.11	0.0127643
1241.67	0.00356882
1242.22	0.0220099
1242.78	0.0112285
1243.33	0.00439866
1243.89	0.013376
1244.44	0.00812324
1245	0.011105
1245.56	0.0261025
1246.11	0.0061804
1246.67	0.0237161
1247.22	0.00095423
1247.78	0.0099926
1248.33	0.00294829
1248.89	0.0186255
1249.44	0.0260401
1250	0.0257239
1250.56	0.00345456
1251.11	0.0131677
1251.67	0.0191195
1252.22	0.0188132
1252.78	0.0156706
1253.33	0.0134527
1253.89	0.0284474
1254.44	0.00999255
1255	0.0102592
1255.56	0.000252621
1256.11	0.0284259
1256.67	0.0262166
1257.22	0.0261753
1257.78	0.00566773
1258.33	0.023746
1258.89	0.0182192
1259.44	0.00879724
1260	0.0012297
1260.56	0.00507525
1261.11	0.0346403
1261.67	0.00492959
1262.22	0.00300579
1262.78	0.00661693
1263.33	0.0232072
1263.89	0.0117068
1264.44	0.0140524
1265	0.00132243
1265.56	0.0255888
1266.11	0.00624555
1266.67	0.00995407
1267.22	0.00833867
1267.78	0.00645838
1268.33	0.0181906
1268.89	0.00611033
1269.44	0.0151084
1270	0.0225357
1270.56	0.0117244
1271.11	0.0025781
1271.67	0.00256363
1272.22	0.00840581
1272.78	0.0202408
1273.33	0.00704118
1273.89	0.0217742
1274.44	0.00371388
1275	0.0189192
1275.56	0.00898429
1276.11	0.0145687
1276.67	0.0225918
1277.22	0.0335513
1277.78	0.00124768
1278.33	0.00645146
1278.89	0.0137004
1279.44	0.010687
1280	0.0155792
1280.56	0.00821835
1281.11	0.0381604
1281.67	0.012063
1282.22	0.0242759
1282.78	0.0147749
1283.33	0.0253476
1283.89	0.016517
1284.44	0.0366789
1285	0.0119245
1285.56	0.0132153
1286.11	0.025351
1286.67	0.00763464
1287.22	0.00498377
1287.78	0.000751218
1288.33	0.0407553
1288.89	0.0118783
1289.44	0.00717418
1290	0.0111858
1290.56	0.0149964
1291.11	0.00472078
1291.67	0.0173165
1292.22	0.00727336
1292.78	0.0259402
1293.33	0.00927798
1293.89	0.0108711
1294.44	0.00596897
1295	0.0169424
1295.56	0.0248243
1296.11	0.00540024
1296.67	0.00120461
1297.22	0.0239684
1297.78	0.0121293
1298.33	0.0029792
1298.89	0.00156857
1299.44	0.00739348
1300	0.0289097
1300.56	0.00235065
1301.11	0.024068
1301.67	0.00785098
1302.22	0.0288966
1302.78	0.0141522
1303.33	0.000836532
1303.89	0.0155419
1304.44	0.0323667
1305	0.00443115
1305.56	0.00893897
1306.11	0.0251151
1306.67	0.00763743
1307.22	0.0230814
1307.78	0.000679953
1308.33	0.0361353
1308.89	0.0183724
1309.44	0.0308432
1310	0.00292579
1310.56	0.019216
1311.11	0.0133301
1311.67	0.0246208
1312.22	0.00385217
1312.78	0.0244643
1313.33	0.0341968
1313.89	0.00974941
1314.44	0.0186765
1315	0.00212689
1315.56	0.0287369
1316.11	0.0169045
1316.67	0.0124576
1317.22	0.00505102
1317.78	0.00609223
1318.33	0.0123336
1318.89	0.0186222
1319.44	0.00279261
1320	0.0342377
1320.56	0.0182344
1321.11	0.00211351
1321.67	0.0180576
1322.22	0.0198127
1322.78	0.0221353
1323.33	0.00964803
1323.89	0.00403072
1324.44	0.0162913
1325	0.0124971
1325.56	0.011654
1326.11	0.00268443
1326.67	0.0093337
1327.22	0.041344
1327.78	0.000790058
1328.33	0.00689585
1328.89	0.0207709
1329.44	0.023086
1330	0.00724943
1330.56	0.00280334
1331.11	0.0202094
1331.67	0.0265286
1332.22	0.00636979
1332.78	0.0147719
1333.33	0.0175209
1333.89	0.021642
1334.44	0.0310793
1335	0.0102072
1335.56	0.0156171
1336.11	0.0131761
1336.67	0.0234964
1337.22	0.00693184
1337.78	0.014074
1338.33	0.0163974
1338.89	0.0330824
1339.44	0.0113758
1340	0.0197491
1340.56	0.015688
1341.11	0.0242009
1341.67	0.0243353
1342.22	0.0157776
1342.78	0.0271595
1343.33	0.0132984
1343.89	0.0117903
1344.44	0.000124297
1345	0.0177925
1345.56	0.0138574
1346.11	0.0377354
1346.67	0.00886423
1347.22	0.0258399
1347.78	0.00985855
1348.33	0.0191496
1348.89	0.0115956
1349.44	0.00465214
1350	0.019929
1350.56	0.00117336
1351.11	8.31748e-05
1351.67	0.0218456
1352.22	0.0207668
1352.78	0.0124899
1353.33	0.0180256
1353.89	0.013742
1354.44	0.0295411
1355	0.0134043
1355.56	0.000973173
1356.11	0.0137012
1356.67	0.020962
1357.22	0.0234829
1357.78	0.010393
1358.33	0.0093626
1358.89	0.0335174
1359.44	0.022115
1360	0.00294151
1360.56	0.00695049
1361.11	0.0223987
1361.67	0.0214965
1362.22	0.0185705
1362.78	0.0115896
1363.33	0.00363064
1363.89	0.0246569
1364.44	0.0169246
1365	0.00588089
1365.56	0.00853168
1366.11	0.0538619
1366.67	0.00937468
1367.22	0.011232
1367.78	0.00684959
1368.33	0.0193026
1368.89	0.0208596
1369.44	0.0110341
1370	0.0290469
1370.56	0.0144642
1371.11	0.0246871
1371.67	0.0123654
1372.22	0.0208827
1372.78	0.00130109
1373.33	0.0398135
1373.89	0.00369799
1374.44	0.015133
1375	0.00993034
1375.56	0.014703
1376.11	0.0206164
1376.67	0.00897273
1377.22	0.0324201
1377.78	0.0137014
1378.33	0.0174965
1378.89	0.0255411
1379.44	0.0141027
1380	0.00233281
1380.56	0.0232983
1381.11	0.00401839
1381.67	0.0257589
1382.22	0.00145829
1382.78	0.0100948
1383.33	0.0100486
1383.89	0.0287326
1384.44	0.0248873
1385	0.0109669
1385.56	0.00629489
1386.11	0.0261448
1386.67	0.00282032
1387.22	0.00728177
1387.78	0.0043931
1388.33	0.0116437
1388.89	0.0330851
1389.44	0.0167002
1390	0.0141777
1390.56	0.0178411
1391.11	0.0337117
1391.67	0.0210116
1392.22	0.0230572
1392.78	0.001003
1393.33	0.0531794
1393.89	0.0023769
1394.44	0.00472302
1395	0.016568
1395.56	0.0146826
1396.11	0.0325979
1396.67	0.00436374
1397.22	0.0247167
1397.78	0.0206685
1398.33	0.0336642
1398.89	0.00186592
1399.44	0.00356581
1400	0.00191229
1400.56	0.0406629
1401.11	0.00361044
1401.67	0.0183242
1402.22	0.0206914
1402.78	0.0193625
1403.33	0.0283703
1403.89	0.0165025
1404.44	0.0326505
1405	0.0293175
1405.56	0.0213798
1406.11	0.0142411
1406.67	0.0220285
1407.22	0.00027824
1407.78	0.0198732
1408.33	0.000463679
1408.89	0.0283686
1409.44	0.00134879
1410	0.0159969
1410.56	0.0250251
1411.11	0.0308081
1411.67	0.0139387
1412.22	0.0276429
1412.78	0.00435745
1413.33	0.0309659
1413.89	0.0128536
1414.44	0.001157
1415	0.00985059
1415.56	0.0082916
1416.11	0.0408795
1416.67	0.0172637
1417.22	0.00550422
1417.78	0.0279104
1418.33	0.0368704
1418.89	0.00367148
1419.44	0.0134762
1420	0.00424784
1420.56	0.046108
1421.11	0.0184471
1421.67	0.00175328
1422.22	0.0091157
1422.78	0.0213292
1423.33	0.0414084
1423.89	0.0224849
1424.44	0.0025531
1425	0.0304845
1425.56	0.0215551
1426.11	0.0125069
1426.67	0.014205
1427.22	0.00274625
1427.78	0.031244
1428.33	0.00631979
1428.89	0.0129014
1429.44	0.00162503
1430	0.0320019
1430.56	0.0314516
1431.11	0.0060788
1431.67	0.00814271
1432.22	0.0327573
1432.78	0.0091066
1433.33	0.0166259
1433.89	0.0187656
1434.44	0.00189658
1435	0.0172625
1435.56	0.0162648
1436.11	0.0244282
1436.67	0.0248263
1437.22	0.0252098
1437.78	0.0310025
1438.33	0.0228023
1438.89	0.00193184
1439.44	0.0158705
1440	0.00721039
1440.56	0.0310803
1441.11	0.0143716
1441.67	0.00728647
1442.22	0.00787663
1442.78	0.0171362
1443.33	0.0482617
1443.89	0.0309444
1444.44	0.0145129
1445	0.0133245
1445.56	0.0229761
1446.11	0.0105556
1446.67	0.00194246
1447.22	0.00173712
1447.78	0.0538483
1448.33	0.0228516
1448.89	0.012229
1449.44	0.00597047
1450	0.0387579
1450.56	0.0243171
1451.11	0.0105357
1451.67	0.00626563
1452.22	0.00595994
1452.78	0.0198829
1453.33	0.00260734
1453.89	0.000277482
1454.44	0.00332529
1455	0.0597941
1455.56	0.00434248
1456.11	0.00440161
1456.67	0.0218186
1457.22	0.0154474
1457.78	0.0358736
1458.33	0.00725806
1458.89	0.0209992
1459.44	0.00335309
1460	0.0257105
1460.56	0.0231491
1461.11	0.00050484
1461.67	0.0197684
1462.22	0.0353763
1462.78	0.0232413
1463.33	0.0176492
1463.89	0.0348431
1464.44	0.023008
1465	0.016505
1465.56	0.0040463
1466.11	0.0152965
1466.67	0.0244025
1467.22	0.000212458
1467.78	0.0413878
1468.33	0.0137852
1468.89	0.0287537
1469.44	0.0302473
1470	0.00727816
1470.56	0.016762
1471.11	0.0191821
1471.67	0.00456282
1472.22	0.00844442
1472.78	0.0550897
1473.33	0.000976769
1473.89	0.0192774
1474.44	0.0267761
1475	0.06297
1475.56	0.00968753
1476.11	0.0381211
1476.67	0.0109016
1477.22	0.0103714
1477.78	0.0414791
1478.33	0.0204346
1478.89	0.00495429
1479.44	0.00250204
1480	0.0383621
1480.56	0.00948615
1481.11	0.0301871
1481.67	0.00798826
1482.22	0.0405564
1482.78	0.00496315
1483.33	0.0307891
1483.89	0.0200131
1484.44	0.0050977
1485	0.03498
1485.56	0.00378894
1486.11	0.00807328
1486.67	0.0103447
1487.22	0.0155986
1487.78	0.00498277
1488.33	0.0117992
1488.89	0.0177251
1489.44	0.0382841
1490	0.0167293
1490.56	0.00886039
1491.11	0.00842588
1491.67	0.0125347
1492.22	0.030403
1492.78	0.0275211
1493.33	0.013581
1493.89	0.029145
1494.44	0.00632424
1495	0.00876949
1495.56	0.03459
1496.11	0.036536
1496.67	0.00347562
1497.22	0.0115128
1497.78	0.0210898
1498.33	0.00838039
1498.89	0.000933089
1499.44	0.0334131
1500	0.0261675
1500.56	0.0155221
1501.11	0.0450182
1501.67	0.00261092
1502.22	0.0506955
1502.78	0.00702759
1503.33	0.0292561
1503.89	0.00506463
1504.44	0.00623207
1505	0.0272243
1505.56	0.0318641
1506.11	0.0275698
1506.67	0.0407398
1507.22	0.0328691
1507.78	0.00728614
1508.33	0.0386068
1508.89	0.00344879
1509.44	0.0543579
1510	0.00381197
1510.56	0.00349117
1511.11	0.0277749
1511.67	0.023907
1512.22	0.0352512
1512.78	0.0146033
1513.33	0.0216146
1513.89	0.0472211
1514.44	0.0394111
1515	0.0258388
1515.56	0.0390602
1516.11	0.0106069
1516.67	0.027256
1517.22	0.0102965
1517.78	0.00308756
1518.33	0.027281
1518.89	0.0247765
1519.44	0.0431061
1520	0.00079682
1520.56	0.0190367
1521.11	0.0327308
1521.67	0.00155885
1522.22	0.0122323
1522.78	0.00277998
1523.33	0.00300721
1523.89	0.0483395
1524.44	0.00763971
1525	0.00465824
1525.56	0.0371175
1526.11	0.0331832
1526.67	0.00541909
1527.22	0.0117081
1527.78	0.0119579
1528.33	0.017935
1528.89	0.00555591
1529.44	0.0200697
1530	0.00111342
1530.56	0.00383161
1531.11	0.0479986
1531.67	0.0164263
1532.22	0.037028
1532.78	0.0154377
1533.33	0.00590405
1533.89	0.0199329
1534.44	0.0114369
1535	0.0455738
1535.56	0.0477049
1536.11	0.00550289
1536.67	0.0447507
1537.22	0.00437717
1537.78	0.0264254
1538.33	0.00234855
1538.89	0.032981
1539.44	0.00953986
1540	0.0385653
1540.56	0.0295272
1541.11	0.0157637
1541.67	0.042177
1542.22	0.0013025
1542.78	0.00790139
1543.33	0.00710389
1543.89	0.0609237
1544.44	0.0220071
1545	0.0122225
1545.56	0.0285093
1546.11	0.048574
1546.67	0.0385436
1547.22	0.0308615
1547.78	0.00909154
1548.33	0.0119098
1548.89	0.0345202
1549.44	0.0190054
1550	0.0112152
1550.56	0.0401686
1551.11	0.0508718
1551.67	0.00320989
1552.22	0.0338519
1552.78	0.0334528
1553.33	0.00541285
1553.89	0.0126731
1554.44	0.0193293
1555	0.000348613
1555.56	0.0661071
1556.11	0.00498587
1556.67	0.0306347
1557.22	0.0163564
1557.78	0.0260454
1558.33	0.0650761
1558.89	0.00144324
1559.44	0.00891474
1560	0.0194458
1560.56	0.0320328
1561.11	0.0151587
1561.67	0.00432023
1562.22	0.025869
1562.78	0.00640394
1563.33	0.0211844
1563.89	0.0324467
1564.44	0.00347863
1565	0.0389252
1565.56	0.0263351
1566.11	0.0155601
1566.67	0.0248097
1567.22	0.0338272
1567.78	0.0146055
1568.33	0.00512373
1568.89	0.0445573
1569.44	0.0112746
1570	0.0443129
1570.56	0.00450445
1571.11	0.0231761
1571.67	0.0092068
1572.22	0.0024704
1572.78	0.00849204
1573.33	0.0154669
1573.89	0.031427
1574.44	0.0343882
1575	0.0611601
1575.56	0.0675068
1576.11	0.0279566
1576.67	0.0182646
1577.22	0.0224638
1577.78	0.0167611
1578.33	0.0130934
1578.89	0.0414978
1579.44	0.00607193
1580	0.0363271
1580.56	0.0247121
1581.11	0.0064386
1581.67	0.057965
1582.22	0.0283233
1582.78	0.0446678
1583.33	0.068421
1583.89	7.20511e-05
1584.44	0.0168125
1585	0.0857408
1585.56	0.0637636
1586.11	0.0259021
1586.67	0.00334323
1587.22	0.0342
1587.78	0.0261874
1588.33	0.015052
1588.89	0.00562226
1589.44	0.0165122
1590	0.101474
1590.56	0.044765
1591.11	0.00164571
1591.67	0.0267959
1592.22	0.057361
1592.78	0.0223817
1593.33	0.0147774
1593.89	0.00844253
1594.44	0.0680497
1595	0.0342121
1595.56	0.00307514
1596.11	0.0055225
1596.67	0.00168188
1597.22	0.0569457
1597.78	0.0232332
1598.33	0.0192629
1598.89	0.00610591
1599.44	0.0186033
1600	0.0613231
1600.56	0.0344499
1601.11	0.0241109
1601.67	0.0470033
1602.22	0.0339721
1602.78	0.0495953
1603.33	0.0336378
1603.89	0.0337092
1604.44	0.0622263
1605	0.0320114
1605.56	0.0347633
1606.11	0.0239189
1606.67	0.00839495
1607.22	0.0315646
1607.78	0.0339123
1608.33	0.00534853
1608.89	0.0394868
1609.44	0.0293175
1610	0.0379463
1610.56	0.0149838
1611.11	0.0303305
1611.67	0.0102477
1612.22	0.0395093
1612.78	0.013621
1613.33	0.0162033
1613.89	0.0512614
1614.44	0.0786486
1615	0.039575
1615.56	0.0245608
1616.11	0.0270353
1616.67	0.030189
1617.22	0.0756112
1617.78	0.0635894
1618.33	0.0193666
1618.89	0.00320577
1619.44	0.0194725
1620	0.051185
1620.56	0.0103099
1621.11	0.0856902
1621.67	0.027448
1622.22	0.0672149
1622.78	0.0180038
1623.33	0.0165414
1623.89	0.0261932
1624.44	0.0566661
1625	0.00635057
1625.56	0.0215838
1626.11	0.0101724
1626.67	0.0722061
1627.22	0.0591053
1627.78	0.0114391
1628.33	0.044581
1628.89	0.0450444
1629.44	0.0816202
1630	0.076962
1630.56	0.00857083
1631.11	0.0293704
1631.67	0.0781429
1632.22	0.000259746
1632.78	0.00637942
1633.33	0.0241482
1633.89	0.0601917
1634.44	0.0417459
1635	0.0350134
1635.56	0.0022469
1636.11	0.0110356
1636.67	0.00245254
1637.22	0.00436243
1637.78	0.0217658
1638.33	0.0164936
1638.89	0.0191553
1639.44	0.0554209
1640	0.062355
1640.56	0.0899591
1641.11	0.0451999
1641.67	0.117092
1642.22	0.0384067
1642.78	0.0366236
1643.33	0.103318
1643.89	0.0779085
1644.44	0.0408097
1645	0.0409344
1645.56	0.0466942
1646.11	0.0302989
1646.67	0.0446011
1647.22	0.0392936
1647.78	0.116365
1648.33	0.000497722
1648.89	0.0961356
1649.44	0.0104049
1650	0.0749919
1650.56	0.0153039
1651.11	0.0204923
1651.67	0.00828725
1652.22	0.0450486
1652.78	0.0115048
1653.33	0.00230823
1653.89	0.0374457
1654.44	0.0407702
1655	0.0434595
1655.56	0.0823711
1656.11	0.0895536
1656.67	0.0361354
1657.22	0.066754
1657.78	0.072207
1658.33	0.0146608
1658.89	0.0453681
1659.44	0.0347733
1660	0.030038
1660.56	0.0865593
1661.11	0.0142996
1661.67	0.0283231
1662.22	0.0743162
1662.78	0.0185019
1663.33	0.0885093
1663.89	0.0433161
1664.44	0.0593807
1665	0.00343792
1665.56	0.131899
1666.11	0.0464835
1666.67	0.072258
1667.22	0.0135069
1667.78	0.107719
1668.33	0.00428856
1668.89	0.0905634
1669.44	0.0143084
1670	0.00864547
1670.56	0.0291787
1671.11	0.0519698
1671.67	0.10527
1672.22	0.0505405
1672.78	0.0136799
1673.33	0.0206308
1673.89	0.0113299
1674.44	0.0355495
1675	0.00160967
1675.56	0.0123505
1676.11	0.107186
1676.67	0.00129824
1677.22	0.00766411
1677.78	0.0616077
1678.33	0.066068
1678.89	0.0237938
1679.44	0.0263616
1680	0.0654223
1680.56	0.0714284
1681.11	0.072395
1681.67	0.0444558
1682.22	0.0450606
1682.78	0.0236144
1683.33	0.0604383
1683.89	0.12813
1684.44	0.0445578
1685	0.0630175
1685.56	0.0370382
1686.11	0.0713111
1686.67	0.0448821
1687.22	0.0946927
1687.78	0.081756
1688.33	0.0517405
1688.89	0.114869
1689.44	0.0613322
1690	0.070589
1690.56	0.0272461
1691.11	0.133111
1691.67	0.073408
1692.22	0.0190659
1692.78	0.12074
1693.33	0.0474856
1693.89	0.00705362
1694.44	0.0425718
1695	0.0228463
1695.56	0.106099
1696.11	0.076769
1696.67	0.0497267
1697.22	0.0455849
1697.78	0.00454114
1698.33	0.073447
1698.89	0.103784
1699.44	0.120997
1700	0.0612968
1700.56	0.0410708
1701.11	0.019108
1701.67	0.0564132
1702.22	0.061411
1702.78	0.136624
1703.33	0.0549245
1703.89	0.00974326
1704.44	0.021692
1705	0.0894075
1705.56	0.0974005
1706.11	0.0097959
1706.67	0.020422
1707.22	0.10591
1707.78	0.127844
1708.33	0.0182322
1708.89	0.0678849
1709.44	0.0806165
1710	0.0861935
1710.56	0.0344117
1711.11	0.00676749
1711.67	0.12577
1712.22	0.0835083
1712.78	0.0506584
1713.33	0.0244773
1713.89	0.00743358
1714.44	0.142422
1715	0.0805589
1715.56	0.106105
1716.11	0.0197214
1716.67	0.120461
1717.22	0.136174
1717.78	0.0338312
1718.33	0.0563893
1718.89	0.0434106
1719.44	0.108343
1720	0.0687791
1720.56	0.0970468
1721.11	0.0658084
1721.67	0.0860573
1722.22	0.0386142
1722.78	0.166515
1723.33	0.035599
1723.89	0.0114086
1724.44	0.0192954
1725	0.124001
1725.56	0.0371209
1726.11	0.0550999
1726.67	0.0650094
1727.22	0.0324846
1727.78	0.104812
1728.33	0.0466875
1728.89	0.00744681
1729.44	0.162757
1730	0.00763183
1730.56	0.0899359
1731.11	0.00895114
1731.67	0.0832336
1732.22	0.0475103
1732.78	0.121432
1733.33	0.101397
1733.89	0.104747
1734.44	0.313532
1735	0.00686969
1735.56	0.0329117
1736.11	0.194114
1736.67	0.0770652
1737.22	0.0701032
1737.78	0.0290055
1738.33	0.193529
1738.89	0.0405514
1739.44	0.179579
1740	0.0758369
1740.56	0.0243225
1741.11	0.0223402
1741.67	0.126511
1742.22	0.130683
1742.78	0.0466159
1743.33	0.0370818
1743.89	0.0940723
1744.44	0.0421821
1745	0.0621127
1745.56	0.0439995
1746.11	0.121928
1746.67	0.167972
1747.22	0.215933
1747.78	0.117001
1748.33	0.066485
1748.89	0.177932
1749.44	0.0366255
1750	0.118184
1750.56	0.13639
1751.11	0.158772
1751.67	0.0697306
1752.22	0.014967
1752.78	0.0343355
1753.33	0.0581555
1753.89	0.194303
1754.44	0.0695203
1755	0.192857
1755.56	0.117854
1756.11	0.010744
1756.67	0.012652
1757.22	0.131974
1757.78	0.325841
1758.33	0.101133
1758.89	0.0266071
1759.44	0.0973457
1760	0.0133782
1760.56	0.286835
1761.11	0.0230034
1761.67	0.096137
1762.22	0.0963713
1762.78	0.123161
1763.33	0.00787115
1763.89	0.0781899
1764.44	0.0852391
1765	0.262657
1765.56	0.0324223
1766.11	0.0273161
1766.67	0.0494846
1767.22	0.112702
1767.78	0.219524
1768.33	0.0407082
1768.89	0.111816
1769.44	0.0226098
1770	0.10615
1770.56	0.12686
1771.11	0.0368525
1771.67	0.116064
1772.22	0.0365525
1772.78	0.267558
1773.33	0.0290296
1773.89	0.265078
1774.44	0.149434
1775	0.076547
1775.56	0.0474746
1776.11	0.00203262
1776.67	0.0174407
1777.22	0.0660078
1777.78	0.0972319
1778.33	0.110178
1778.89	0.414414
1779.44	0.0498103
1780	0.0229824
1780.56	0.105847
1781.11	0.0494415
1781.67	0.0288576
1782.22	0.0630092
1782.78	0.0454816
1783.33	0.129342
1783.89	0.301646
1784.44	0.202036
1785	0.0297406
1785.56	0.107939
1786.11	0.0611416
1786.67	0.040517
1787.22	0.0188761
1787.78	0.159494
1788.33	0.108058
1788.89	0.524552
1789.44	0.13645
1790	0.0111569
1790.56	0.104675
1791.11	0.272014
1791.67	0.00456793
1792.22	0.124033
1792.78	0.05714
1793.33	0.428972
1793.89	0.118693
1794.44	0.264921
1795	0.448756
1795.56	0.101852
1796.11	0.23784
1796.67	0.0433812
1797.22	0.416578
1797.78	0.0312557
1798.33	0.0536456
1798.89	0.00371336
1799.44	0.392083
1800	0.198205
1800.56	0.00571599
1801.11	0.201524
1801.67	0.302297
1802.22	0.173452
1802.78	0.36853
1803.33	0.330492
1803.89	0.231802
1804.44	0.0419003
1805	0.206949
1805.56	0.115806
1806.11	0.24041
1806.67	0.192726
1807.22	0.0235832
1807.78	0.184045
1808.33	0.0774001
1808.89	0.177293
1809.44	0.293529
1810	0.219142
1810.56	0.00618169
1811.11	0.0734144
1811.67	0.440836
1812.22	0.198796
1812.78	0.00499416
1813.33	0.0418787
1813.89	0.0584926
1814.44	0.181471
1815	0.0944029
1815.56	0.375097
1816.11	0.256093
1816.67	0.0263373
1817.22	0.436251
1817.78	0.0912918
1818.33	0.137183
1818.89	0.0892193
1819.44	0.0360072
1820	0.216789
1820.56	0.0776808
1821.11	0.102951
1821.67	0.349981
1822.22	0.0406786
1822.78	0.171064
1823.33	0.201515
1823.89	0.108358
1824.44	0.479882
1825	0.301315
1825.56	0.41074
1826.11	0.276305
1826.67	0.378872
1827.22	0.403556
1827.78	0.128689
1828.33	0.203002
1828.89	0.0679192
1829.44	0.268723
1830	0.54015
1830.56	0.0879261
1831.11	0.026055
1831.67	0.205396
1832.22	0.175427
1832.78	0.155383
1833.33	0.173068
1833.89	0.0113067
1834.44	0.139554
1835	0.0124751
1835.56	0.232036
1836.11	0.0687689
1836.67	0.49919
1837.22	0.0644415
1837.78	0.0187782
1838.33	0.114954
1838.89	0.0189748
1839.44	0.316168
1840	0.113893
1840.56	0.347696
1841.11	0.254933
1841.67	0.647535
1842.22	0.0592067
1842.78	0.248822
1843.33	0.272603
1843.89	0.403745
1844.44	0.156796
1845	0.140043
1845.56	0.0253105
1846.11	0.257594
1846.67	0.414062
1847.22	0.321065
1847.78	0.385157
1848.33	0.303252
1848.89	0.463853
1849.44	0.0621098
1850	0.570541
1850.56	0.365156
1851.11	0.746362
1851.67	0.661853
1852.22	0.112005
1852.78	0.036509
1853.33	0.75962
1853.89	0.676788
1854.44	0.3395
1855	0.0140876
1855.56	0.428556
1856.11	0.347861
1856.67	0.418214
1857.22	0.408056
1857.78	0.609564
1858.33	0.754052
1858.89	0.017919
1859.44	0.809471
1860	0.17792
1860.56	0.709576
1861.11	0.182051
1861.67	0.603663
1862.22	0.379117
1862.78	0.0389317
1863.33	0.454425
1863.89	0.093155
1864.44	0.119547
1865	0.436453
1865.56	0.766706
1866.11	0.413579
1866.67	0.168462
1867.22	0.170111
1867.78	0.726259
1868.33	0.113026
1868.89	0.281295
1869.44	1.06006
1870	0.577852
1870.56	0.623531
1871.11	0.0555862
1871.67	0.777004
1872.22	0.638648
1872.78	0.500201
1873.33	0.190372
1873.89	0.309528
1874.44	0.0727514
1875	0.0998512
1875.56	0.104482
1876.11	0.113539
1876.67	0.0159233
1877.22	0.285869
1877.78	0.466784
1878.33	0.640552
1878.89	0.250112
1879.44	0.528207
1880	0.409738
1880.56	0.0822342
1881.11	0.359555
1881.67	0.540881
1882.22	0.0845863
1882.78	0.130952
1883.33	0.0247734
1883.89	0.332693
1884.44	0.266986
1885	0.251134
1885.56	0.132536
1886.11	0.790193
1886.67	0.710843
1887.22	0.0826545
1887.78	0.752325
1888.33	0.153189
1888.89	1.27542
1889.44	0.0187695
1890	0.12947
1890.56	0.178348
1891.11	0.208705
1891.67	0.729806
1892.22	0.318318
1892.78	1.26606
1893.33	0.00373277
1893.89	0.9166
1894.44	1.05823
1895	0.326121
1895.56	0.466057
1896.11	0.297775
1896.67	0.404876
1897.22	0.295383
1897.78	0.210322
1898.33	0.382489
1898.89	0.162505
1899.44	0.972574
1900	0.918901
1900.56	0.0778373
1901.11	0.361433
1901.67	0.713714
1902.22	0.352325
1902.78	0.942721
1903.33	0.63882
1903.89	0.920607
1904.44	0.603588
1905	0.660903
1905.56	0.00577626
1906.11	1.08814
1906.67	0.497701
1907.22	0.242016
1907.78	0.57942
1908.33	0.0360701
1908.89	0.138446
1909.44	0.469842
1910	0.569378
1910.56	0.721981
1911.11	0.422873
1911.67	1.11766
1912.22	0.202289
1912.78	1.15111
1913.33	0.509423
1913.89	0.453762
1914.44	0.679537
1915	0.370606
1915.56	0.697264
1916.11	0.293465
1916.67	0.324483
1917.22	0.660455
1917.78	0.000531893
1918.33	0.487138
1918.89	1.02364
1919.44	0.320097
1920	0.741392
1920.56	0.23182
1921.11	0.455641
1921.67	0.806089
1922.22	0.0118063
1922.78	0.175934
1923.33	0.788299
1923.89	0.28142
1924.44	1.76159
1925	0.351564
1925.56	0.782684
1926.11	0.53586
1926.67	0.231946
1927.22	1.43214
1927.78	1.34354
1928.33	1.28909
1928.89	0.276517
1929.44	0.882014
1930	0.740575
1930.56	0.50135
1931.11	0.228707
1931.67	0.388834
1932.22	0.0926574
1932.78	1.14182
1933.33	0.890274
1933.89	0.990258
1934.44	1.26795
1935	1.20471
1935.56	0.421557
1936.11	0.723886
1936.67	0.524739
1937.22	0.333521
1937.78	0.386455
1938.33	0.859626
1938.89	0.132383
1939.44	0.33522
1940	1.86662
1940.56	0.179022
1941.11	0.0710866
1941.67	1.33519
1942.22	0.647293
1942.78	0.275317
1943.33	0.216082
1943.89	0.181753
1944.44	0.0986383
1945	0.397529
1945.56	0.833245
1946.11	1.77738
1946.67	1.57355
1947.22	0.00348863
1947.78	0.152715
1948.33	1.70537
1948.89	0.270758
1949.44	0.0592236
1950	0.736762
1950.56	2.01037
1951.11	0.673984
1951.67	0.284731
1952.22	1.17143
1952.78	0.902533
1953.33	1.15729
1953.89	0.605972
1954.44	0.143751
1955	1.64657
1955.56	0.278538
1956.11	0.983563
1956.67	0.534826
1957.22	0.0157494
1957.78	1.6261
1958.33	0.45543
1958.89	0.667658
1959.44	1.1057
1960	2.9096
1960.56	1.11319
1961.11	1.30921
1961.67	2.35034
1962.22	1.53535
1962.78	0.0849513
1963.33	0.591299
1963.89	1.7962
1964.44	0.297632
1965	0.764178
1965.56	0.98052
1966.11	0.402601
1966.67	0.619582
1967.22	0.595768
1967.78	0.173312
1968.33	1.52127
1968.89	0.791476
1969.44	1.30834
1970	1.6861
1970.56	0.710209
1971.11	0.360502
1971.67	0.33222
1972.22	0.50219
1972.78	0.244453
1973.33	0.614855
1973.89	0.886787
1974.44	1.52163
1975	1.41767
1975.56	0.780398
1976.11	0.997468
1976.67	0.565571
1977.22	0.964261
1977.78	3.48641
1978.33	1.9971
1978.89	0.206567
1979.44	1.01131
1980	0.0891782
1980.56	2.15026
1981.11	1.3328
1981.67	1.95168
1982.22	0.225507
1982.78	0.258772
1983.33	0.654886
1983.89	0.153489
1984.44	0.97989
1985	0.968314
1985.56	2.02786
1986.11	0.543755
1986.67	0.817967
1987.22	0.527327
1987.78	0.309611
1988.33	0.318921
1988.89	0.279103
1989.44	0.263336
1990	1.0668
1990.56	0.355999
1991.11	1.31184
1991.67	1.43221
1992.22	0.0616399
1992.78	0.467034
1993.33	0.0219177
1993.89	0.133802
1994.44	2.56418
1995	1.14556
1995.56	2.46391
1996.11	1.73305
1996.67	1.98435
1997.22	1.7122
1997.78	0.354673
1998.33	0.0241632
1998.89	0.356412
1999.44	0.342849
2000	1.02839
