t	etaU
0	7.57446e-15
0.555556	1.2414
1.11111	1.4249
1.66667	0.860216
2.22222	0.380701
2.77778	0.222471
3.33333	2.7476
3.88889	1.9739
4.44444	0.862646
5	0.286165
5.55556	2.25208
6.11111	2.25425
6.66667	0.465888
7.22222	0.0417774
7.77778	0.321128
8.33333	0.935219
8.88889	0.689732
9.44444	1.69609
10	2.58685
10.5556	0.262599
11.1111	0.294118
11.6667	2.84053
12.2222	1.75942
12.7778	0.0818219
13.3333	2.0921
13.8889	1.21622
14.4444	2.36466
15	0.260924
15.5556	2.92107
16.1111	0.131648
16.6667	3.03447
17.2222	0.729047
17.7778	1.24463
18.3333	1.34678
18.8889	1.87193
19.4444	3.01414
20	2.21824
20.5556	1.15888
21.1111	0.276041
21.6667	0.977883
22.2222	1.2926
22.7778	2.23487
23.3333	0.607149
23.8889	1.20753
24.4444	0.967074
25	0.613566
25.5556	1.00224
26.1111	0.325263
26.6667	0.505033
27.2222	1.26491
27.7778	0.0221487
28.3333	0.18446
28.8889	0.417591
29.4444	0.157487
30	0.0404373
30.5556	0.701501
31.1111	1.06069
31.6667	1.34795
32.2222	1.62842
32.7778	0.436934
33.3333	2.55397
33.8889	1.50784
34.4444	1.54851
35	0.670413
35.5556	0.686028
36.1111	1.55015
36.6667	3.57275
37.2222	0.699925
37.7778	1.56656
38.3333	0.82348
38.8889	0.629688
39.4444	0.711655
40	0.350405
40.5556	0.296688
41.1111	0.958532
41.6667	0.868908
42.2222	0.181101
42.7778	3.06205
43.3333	0.199005
43.8889	1.07111
44.4444	0.263197
45	0.111367
45.5556	0.752777
46.1111	0.289309
46.6667	1.46037
47.2222	2.28875
47.7778	1.34452
48.3333	3.4338
48.8889	2.59502
49.4444	1.18676
50	3.11662
50.5556	3.50735
51.1111	0.28136
51.6667	0.334665
52.2222	2.59227
52.7778	1.83018
53.3333	1.07662
53.8889	0.261733
54.4444	2.60045
55	1.21271
55.5556	0.358518
56.1111	0.712342
56.6667	1.64993
57.2222	1.48684
57.7778	3.73274
58.3333	3.62912
58.8889	0.152065
59.4444	0.315976
60	1.03947
60.5556	1.29274
61.1111	1.42498
61.6667	0.0991282
62.2222	1.03327
62.7778	2.81628
63.3333	0.380033
63.8889	0.173194
64.4444	0.517599
65	1.48727
65.5556	1.01047
66.1111	0.33837
66.6667	0.17253
67.2222	0.11225
67.7778	1.15532
68.3333	2.17937
68.8889	0.532489
69.4444	0.876922
70	0.0610549
70.5556	0.263561
71.1111	1.43561
71.6667	2.17066
72.2222	1.11139
72.7778	2.2116
73.3333	0.494657
73.8889	1.91062
74.4444	0.436471
75	1.58325
75.5556	1.2504
76.1111	3.02894
76.6667	0.918998
77.2222	0.718452
77.7778	1.42298
78.3333	1.20331
78.8889	1.84366
79.4444	0.546955
80	3.4691
80.5556	1.17641
81.1111	3.35886
81.6667	0.2654
82.2222	0.386265
82.7778	0.46728
83.3333	1.1246
83.8889	1.94191
84.4444	1.72521
85	0.505406
85.5556	3.08294
86.1111	0.636051
86.6667	1.64582
87.2222	1.51656
87.7778	1.91393
88.3333	2.55672
88.8889	1.67298
89.4444	1.90119
90	0.716387
90.5556	1.23067
91.1111	0.501807
91.6667	1.0183
92.2222	2.1095
92.7778	0.490565
93.3333	0.380633
93.8889	0.887747
94.4444	2.46804
95	0.187876
95.5556	2.27117
96.1111	3.30828
96.6667	1.84397
97.2222	1.10071
97.7778	0.565953
98.3333	1.4711
98.8889	0.531739
99.4444	1.23539
100	1.86263
100.556	1.08506
101.111	1.40683
101.667	0.138827
102.222	0.661514
102.778	2.04382
103.333	0.323734
103.889	1.95965
104.444	2.12738
105	1.30092
105.556	1.04936
106.111	0.120323
106.667	1.72695
107.222	1.1351
107.778	1.97963
108.333	0.41282
108.889	0.0179678
109.444	2.36852
110	3.57252
110.556	1.40814
111.111	1.42396
111.667	0.281592
112.222	2.71143
112.778	0.691037
113.333	0.414666
113.889	0.208954
114.444	0.825026
115	0.052426
115.556	1.53445
116.111	0.609904
116.667	0.647242
117.222	0.314413
117.778	0.104863
118.333	0.429409
118.889	1.22376
119.444	0.394223
120	0.426281
120.556	2.47968
121.111	0.987986
121.667	0.435249
122.222	1.18638
122.778	1.13011
123.333	1.33151
123.889	0.711096
124.444	0.338675
125	2.7592
125.556	0.0149269
126.111	0.915927
126.667	1.69336
127.222	2.67378
127.778	1.46031
128.333	0.146007
128.889	0.717176
129.444	0.69048
130	2.42691
130.556	1.373
131.111	0.242927
131.667	2.85366
132.222	0.642491
132.778	1.00577
133.333	2.51276
133.889	0.446992
134.444	0.711796
135	2.78496
135.556	2.03352
136.111	2.46146
136.667	0.886271
137.222	2.38949
137.778	0.841289
138.333	0.568076
138.889	0.265569
139.444	0.386921
140	0.757148
140.556	0.39134
141.111	0.889627
141.667	0.711311
142.222	0.0116206
142.778	0.489794
143.333	0.263147
143.889	0.740117
144.444	0.220053
145	1.27561
145.556	2.13446
146.111	0.62728
146.667	0.719792
147.222	0.609712
147.778	2.07031
148.333	0.329421
148.889	4.14634
149.444	1.04712
150	1.12406
150.556	4.22697
151.111	1.60644
151.667	0.103263
152.222	0.60874
152.778	1.5941
153.333	2.59167
153.889	0.105426
154.444	0.623439
155	1.90496
155.556	0.585445
156.111	0.367223
156.667	1.56109
157.222	2.24761
157.778	0.156751
158.333	2.47884
158.889	0.8219
159.444	0.0566317
160	0.592463
160.556	1.30207
161.111	0.559596
161.667	0.829982
162.222	1.70928
162.778	2.02193
163.333	0.201463
163.889	1.34685
164.444	1.02641
165	0.557339
165.556	0.10435
166.111	1.33799
166.667	1.28542
167.222	1.22109
167.778	1.11947
168.333	2.47756
168.889	0.151165
169.444	1.23901
170	1.89491
170.556	1.98564
171.111	0.48289
171.667	1.11912
172.222	0.707782
172.778	1.65202
173.333	0.150013
173.889	1.16343
174.444	1.37134
175	0.0708052
175.556	1.78683
176.111	0.943649
176.667	0.0531784
177.222	1.27619
177.778	2.41339
178.333	0.787082
178.889	1.99541
179.444	1.42512
180	0.929175
180.556	0.287285
181.111	1.37696
181.667	0.364938
182.222	0.382906
182.778	0.375996
183.333	0.555398
183.889	1.1418
184.444	0.428989
185	0.955788
185.556	0.221986
186.111	1.66297
186.667	0.368714
187.222	1.62365
187.778	0.252606
188.333	0.814902
188.889	0.818034
189.444	1.20262
190	0.106288
190.556	1.42292
191.111	0.123457
191.667	0.590555
192.222	1.39332
192.778	0.340475
193.333	0.56401
193.889	0.660179
194.444	0.129858
195	0.617905
195.556	0.317875
196.111	2.05533
196.667	0.247033
197.222	0.418556
197.778	1.83149
198.333	0.441326
198.889	1.40881
199.444	0.702092
200	0.59937
200.556	1.80672
201.111	1.87814
201.667	0.00134829
202.222	0.248578
202.778	0.248149
203.333	1.72409
203.889	0.692783
204.444	0.00602986
205	0.276841
205.556	0.678306
206.111	0.166521
206.667	0.608427
207.222	1.92758
207.778	1.60021
208.333	1.62986
208.889	1.05693
209.444	0.78885
210	1.06128
210.556	0.0381837
211.111	0.12016
211.667	2.2446
212.222	0.107121
212.778	0.252518
213.333	1.92645
213.889	0.17583
214.444	0.286249
215	0.7191
215.556	1.42712
216.111	0.0246325
216.667	0.353827
217.222	0.0665301
217.778	1.59709
218.333	0.801062
218.889	0.571871
219.444	0.730126
220	0.467513
220.556	0.565718
221.111	0.637424
221.667	1.55531
222.222	0.156989
222.778	0.535825
223.333	1.25947
223.889	0.0588298
224.444	0.424042
225	0.544678
225.556	0.31651
226.111	0.166984
226.667	1.50025
227.222	0.369524
227.778	0.377268
228.333	0.260452
228.889	0.817977
229.444	0.0337873
230	1.27197
230.556	1.39142
231.111	1.03493
231.667	0.116544
232.222	1.0224
232.778	0.165779
233.333	1.08918
233.889	1.36239
234.444	0.537331
235	0.732172
235.556	0.503128
236.111	0.706643
236.667	0.230935
237.222	0.275104
237.778	0.26991
238.333	0.00573026
238.889	0.5649
239.444	0.509945
240	1.0122
240.556	0.262858
241.111	0.305152
241.667	1.44049
242.222	0.277113
242.778	0.39528
243.333	0.423677
243.889	0.738139
244.444	0.297101
245	0.543497
245.556	1.07625
246.111	0.10689
246.667	0.894665
247.222	0.649582
247.778	0.171291
248.333	0.215127
248.889	0.0490964
249.444	1.31988
250	1.02387
250.556	0.302063
251.111	1.07478
251.667	0.293345
252.222	0.0641746
252.778	0.449779
253.333	0.683192
253.889	0.301177
254.444	1.0672
255	0.196571
255.556	0.314661
256.111	0.90839
256.667	0.191234
257.222	0.714362
257.778	0.744404
258.333	0.109659
258.889	0.249303
259.444	0.0174106
260	0.417362
260.556	0.427913
261.111	0.217403
261.667	0.737075
262.222	0.186128
262.778	0.116939
263.333	0.348649
263.889	0.719562
264.444	0.623753
265	0.175742
265.556	0.0142053
266.111	1.12269
266.667	0.0434298
267.222	0.480647
267.778	0.599574
268.333	1.33285
268.889	0.306005
269.444	0.341416
270	0.173521
270.556	0.273549
271.111	0.328973
271.667	0.583516
272.222	0.125819
272.778	0.231428
273.333	0.744237
273.889	0.766197
274.444	0.392368
275	0.19652
275.556	0.206714
276.111	0.59796
276.667	0.369858
277.222	0.29953
277.778	0.280186
278.333	1.03064
278.889	0.764366
279.444	0.326779
280	0.0460034
280.556	0.440418
281.111	0.767781
281.667	0.231988
282.222	0.666117
282.778	0.728153
283.333	1.03653
283.889	0.0981838
284.444	0.390844
285	0.671804
285.556	0.175413
286.111	0.612231
286.667	0.187432
287.222	0.0949693
287.778	0.463898
288.333	0.0846741
288.889	0.163048
289.444	0.117764
290	0.223867
290.556	0.143061
291.111	0.384889
291.667	0.218815
292.222	0.299843
292.778	0.250874
293.333	0.563323
293.889	0.366964
294.444	0.146164
295	0.10736
295.556	0.00440094
296.111	0.477376
296.667	0.245171
297.222	0.130115
297.778	0.296826
298.333	0.12754
298.889	0.080617
299.444	0.522196
300	0.0295345
300.556	0.167989
301.111	0.80088
301.667	0.105105
302.222	0.149613
302.778	0.110636
303.333	0.288989
303.889	0.331689
304.444	0.0440871
305	0.0392651
305.556	0.523367
306.111	0.240119
306.667	0.0323949
307.222	0.198248
307.778	0.218812
308.333	0.31404
308.889	0.180603
309.444	0.364468
310	0.152834
310.556	0.41677
311.111	0.000722251
311.667	0.0741351
312.222	0.171405
312.778	0.0212937
313.333	0.0336908
313.889	0.40579
314.444	0.421963
315	0.287647
315.556	0.0559325
316.111	0.0110238
316.667	0.24808
317.222	0.371156
317.778	0.148694
318.333	0.186484
318.889	0.000639147
319.444	0.358261
320	0.271266
320.556	0.245886
321.111	0.512359
321.667	0.349789
322.222	0.270839
322.778	0.0529944
323.333	0.327711
323.889	0.352871
324.444	0.401088
325	0.0509486
325.556	0.35125
326.111	0.35799
326.667	0.081674
327.222	0.147743
327.778	0.386925
328.333	0.329168
328.889	0.0257822
329.444	0.272358
330	0.0201161
330.556	0.342885
331.111	0.151527
331.667	0.0444164
332.222	0.358487
332.778	0.426194
333.333	0.39812
333.889	0.560266
334.444	0.194515
335	0.0765535
335.556	0.0301478
336.111	0.169288
336.667	0.186994
337.222	0.116308
337.778	0.16003
338.333	0.0789881
338.889	0.140734
339.444	0.171256
340	0.0152064
340.556	0.02055
341.111	0.069634
341.667	0.0140381
342.222	0.195803
342.778	0.187222
343.333	0.282549
343.889	0.190107
344.444	0.0696835
345	0.0513999
345.556	0.364136
346.111	0.045281
346.667	0.19074
347.222	0.134244
347.778	0.249169
348.333	0.0105587
348.889	0.39114
349.444	0.114257
350	0.0572127
350.556	0.170108
351.111	0.143789
351.667	0.343139
352.222	0.184443
352.778	0.048048
353.333	0.258466
353.889	0.338711
354.444	0.322266
355	0.103323
355.556	0.112874
356.111	0.168655
356.667	0.2804
357.222	0.100156
357.778	0.266622
358.333	0.0630186
358.889	0.33484
359.444	0.0431162
360	0.15933
360.556	0.0507186
361.111	0.0620126
361.667	0.270181
362.222	0.0256248
362.778	0.100854
363.333	0.0933811
363.889	0.0142162
364.444	0.16463
365	0.217034
365.556	0.0877558
366.111	0.0481584
366.667	0.0481548
367.222	0.112929
367.778	0.272939
368.333	0.132907
368.889	0.12259
369.444	0.211907
370	0.123782
370.556	0.0487677
371.111	0.116111
371.667	0.0542152
372.222	0.103238
372.778	0.0540413
373.333	0.029984
373.889	0.0460585
374.444	0.0664396
375	0.0588577
375.556	0.0641992
376.111	0.228473
376.667	0.0629751
377.222	0.232221
377.778	0.0343163
378.333	0.11062
378.889	0.259107
379.444	0.0516971
380	0.193358
380.556	0.0421871
381.111	0.191314
381.667	0.0537358
382.222	0.0372599
382.778	0.110937
383.333	0.129397
383.889	0.0426815
384.444	0.0106019
385	0.137471
385.556	0.098346
386.111	0.169298
386.667	0.0530964
387.222	0.0992599
387.778	0.0439099
388.333	0.0912916
388.889	0.0616387
389.444	0.267747
390	0.0626731
390.556	0.316377
391.111	0.140617
391.667	0.126179
392.222	0.113878
392.778	0.470663
393.333	0.125568
393.889	0.119698
394.444	0.0521513
395	0.206102
395.556	0.0928143
396.111	0.164725
396.667	0.0393573
397.222	0.0948667
397.778	0.0133745
398.333	0.17205
398.889	0.0685029
399.444	0.0602957
400	0.1437
400.556	0.0512728
401.111	0.201716
401.667	0.187207
402.222	0.0081328
402.778	0.0145736
403.333	0.073432
403.889	0.326056
404.444	0.117662
405	0.0230644
405.556	0.278966
406.111	0.0355062
406.667	0.0778358
407.222	0.130665
407.778	0.00392158
408.333	0.0932532
408.889	0.102648
409.444	0.0914554
410	0.0236752
410.556	0.0350381
411.111	0.0177058
411.667	0.0301495
412.222	0.0226771
412.778	0.0203505
413.333	0.0224683
413.889	0.0109488
414.444	0.0846923
415	0.0950278
415.556	0.00939502
416.111	0.164501
416.667	0.157025
417.222	0.0212757
417.778	0.0355699
418.333	0.0168766
418.889	0.19172
419.444	0.0468771
420	0.0752493
420.556	0.00491706
421.111	0.123752
421.667	0.0650801
422.222	0.0200883
422.778	0.0885852
423.333	0.0693945
423.889	0.059625
424.444	0.0152592
425	0.137917
425.556	0.0518914
426.111	0.153342
426.667	0.0954774
427.222	0.0629457
427.778	0.0310468
428.333	0.228154
428.889	0.256897
429.444	0.103874
430	0.0158312
430.556	0.00160341
431.111	0.000593142
431.667	0.136621
432.222	0.0764072
432.778	0.109828
433.333	0.0475108
433.889	0.0320864
434.444	0.0765753
435	0.0308251
435.556	0.118691
436.111	0.114142
436.667	0.13491
437.222	0.0463486
437.778	0.00319224
438.333	0.102797
438.889	0.03199
439.444	0.0480913
440	0.129688
440.556	0.032181
441.111	0.0887253
441.667	0.109579
442.222	0.0955238
442.778	0.058618
443.333	0.0896584
443.889	0.106608
444.444	0.0802205
445	0.0975596
445.556	0.0201511
446.111	0.129186
446.667	0.0495206
447.222	0.0710593
447.778	0.0646008
448.333	0.121903
448.889	0.090009
449.444	0.0511913
450	0.0378516
450.556	0.0034821
451.111	0.0110045
451.667	0.0176896
452.222	0.0429281
452.778	0.0607192
453.333	0.0837106
453.889	0.0148606
454.444	0.0472455
455	0.0897726
455.556	0.032384
456.111	0.0563259
456.667	0.0247338
457.222	0.0522333
457.778	0.0338257
458.333	0.0228036
458.889	0.107864
459.444	0.151261
460	0.0445159
460.556	0.0731783
461.111	0.0129352
461.667	0.0103589
462.222	0.0026102
462.778	0.0837369
463.333	0.056463
463.889	0.102448
464.444	0.0149242
465	0.0557725
465.556	0.0960845
466.111	0.046784
466.667	0.0634749
467.222	0.110399
467.778	0.110166
468.333	0.0282111
468.889	0.00639362
469.444	0.00685603
470	0.0242768
470.556	0.0827108
471.111	0.0766205
471.667	0.0538185
472.222	0.0481736
472.778	0.0114529
473.333	0.0122937
473.889	0.018924
474.444	0.154925
475	0.0374663
475.556	0.0417196
476.111	0.00608144
476.667	0.00168318
477.222	0.0349268
477.778	0.0350059
478.333	0.0524467
478.889	0.0460512
479.444	0.0602826
480	0.0848392
480.556	0.043422
481.111	0.0213961
481.667	0.107394
482.222	0.0219652
482.778	0.0392672
483.333	0.0767787
483.889	0.0613524
484.444	0.0916622
485	0.0723373
485.556	0.0066381
486.111	0.133042
486.667	0.0562382
487.222	0.0478995
487.778	0.0573776
488.333	0.0195723
488.889	0.0210216
489.444	0.0425031
490	0.0105525
490.556	0.0266936
491.111	0.032657
491.667	0.0071255
492.222	0.0207778
492.778	0.0420131
493.333	0.0665503
493.889	0.0708598
494.444	0.0359194
495	0.0256795
495.556	0.0171885
496.111	0.0312518
496.667	0.0057886
497.222	0.027245
497.778	0.0482985
498.333	0.0249749
498.889	0.020421
499.444	0.019678
500	0.0358205
500.556	0.00685937
501.111	0.0896475
501.667	0.0706778
502.222	0.018424
502.778	0.0424565
503.333	0.0849962
503.889	0.0410691
504.444	0.0342969
505	0.00889769
505.556	0.0658277
506.111	0.0716234
506.667	0.00767952
507.222	0.0167145
507.778	0.0662024
508.333	0.0954792
508.889	0.0088551
509.444	0.0183718
510	0.0357274
510.556	0.00579306
511.111	0.0172819
511.667	0.0144939
512.222	0.0642549
512.778	0.0364338
513.333	0.135765
513.889	0.0293337
514.444	0.0254336
515	0.0460181
515.556	0.0385043
516.111	0.00962698
516.667	0.0247409
517.222	0.0714051
517.778	0.0385484
518.333	0.0458546
518.889	0.0180771
519.444	0.0747066
520	0.0936542
520.556	0.0201655
521.111	0.0261134
521.667	0.0345171
522.222	0.0468803
522.778	0.0114566
523.333	0.02813
523.889	0.0627616
524.444	0.00852657
525	0.0218496
525.556	0.0216801
526.111	0.0194413
526.667	0.0200646
527.222	0.0305843
527.778	0.0137172
528.333	0.0226286
528.889	0.0107322
529.444	0.0149215
530	0.00198267
530.556	0.0442217
531.111	0.0725533
531.667	0.083077
532.222	0.0108841
532.778	0.0197302
533.333	0.0457539
533.889	0.00768191
534.444	0.0309925
535	0.0190212
535.556	0.0237793
536.111	0.0454655
536.667	0.0405527
537.222	0.00909527
537.778	0.0415295
538.333	0.00559989
538.889	0.0381498
539.444	0.0159126
540	0.00617499
540.556	0.0255356
541.111	0.0168132
541.667	0.00263501
542.222	0.0336505
542.778	0.0355448
543.333	0.0385733
543.889	0.0811404
544.444	0.0288642
545	0.0338185
545.556	0.0210427
546.111	0.00530149
546.667	0.057142
547.222	0.0337046
547.778	0.00916129
548.333	0.00745177
548.889	0.0291891
549.444	0.0945322
550	0.00254141
550.556	0.00814139
551.111	0.000307699
551.667	0.0250682
552.222	0.0406021
552.778	0.0182697
553.333	0.0145674
553.889	0.0340428
554.444	0.00176917
555	0.0570179
555.556	0.0573621
556.111	0.0621598
556.667	0.0309154
557.222	0.0106145
557.778	0.0312991
558.333	0.0344191
558.889	0.0416728
559.444	0.0483905
560	0.0119494
560.556	0.0192894
561.111	0.00548514
561.667	0.0215455
562.222	0.00676378
562.778	0.0379191
563.333	0.0449522
563.889	0.0240067
564.444	0.00202777
565	0.0618798
565.556	0.0408273
566.111	0.0477003
566.667	0.0188832
567.222	0.0223475
567.778	0.0111424
568.333	0.0567461
568.889	0.0162251
569.444	0.00881033
570	0.0497041
570.556	0.00324744
571.111	0.0239807
571.667	0.0026299
572.222	0.00703583
572.778	0.0186894
573.333	0.0353805
573.889	0.0302331
574.444	0.00500364
575	0.00339892
575.556	0.000338161
576.111	0.0103154
576.667	0.0204966
577.222	0.00677056
577.778	0.0245753
578.333	0.0367179
578.889	0.0535725
579.444	0.0271948
580	0.0229396
580.556	0.00654723
581.111	0.0279957
581.667	0.00343283
582.222	0.0158664
582.778	0.0483895
583.333	0.0395224
583.889	0.0325098
584.444	0.00225784
585	0.00746843
585.556	0.0201142
586.111	0.0177912
586.667	0.0432604
587.222	0.0147772
587.778	0.000699798
588.333	0.00868805
588.889	0.043933
589.444	0.00658181
590	0.0419052
590.556	0.00925968
591.111	0.0488507
591.667	0.0279217
592.222	0.0106411
592.778	0.01704
593.333	0.0122261
593.889	0.0523676
594.444	0.0275334
595	0.00523792
595.556	0.068045
596.111	0.000728966
596.667	0.0210147
597.222	0.000264478
597.778	0.00400196
598.333	0.0219008
598.889	0.0189183
599.444	0.0102765
600	0.000481297
600.556	0.0402865
601.111	0.032753
601.667	0.00462385
602.222	0.0609962
602.778	0.0433723
603.333	0.0269009
603.889	0.0038513
604.444	0.00648927
605	0.00184857
605.556	0.00506398
606.111	0.012643
606.667	0.0629398
607.222	0.058981
607.778	0.0138144
608.333	0.00854334
608.889	0.0132257
609.444	0.0314419
610	0.0291253
610.556	0.031167
611.111	0.00343514
611.667	0.00101754
612.222	0.0485227
612.778	0.0327964
613.333	0.00466409
613.889	0.0336101
614.444	0.0313729
615	0.0256421
615.556	0.0352175
616.111	0.0212217
616.667	0.00196328
617.222	0.00959508
617.778	0.0294225
618.333	0.0346479
618.889	0.00621664
619.444	0.00102342
620	0.0258063
620.556	0.0100667
621.111	0.00996105
621.667	0.0129564
622.222	0.0418572
622.778	0.022419
623.333	0.0151702
623.889	0.00862263
624.444	0.0291643
625	0.0146722
625.556	0.0158592
626.111	0.00863267
626.667	0.00185053
627.222	0.0608314
627.778	0.0155876
628.333	0.00259689
628.889	0.00130686
629.444	0.0132814
630	0.0203124
630.556	0.0293966
631.111	0.0487561
631.667	0.0160042
632.222	0.0189181
632.778	0.00198284
633.333	0.027354
633.889	0.00277568
634.444	0.0545016
635	0.0078109
635.556	0.00221334
636.111	0.0579477
636.667	0.0116054
637.222	0.00455025
637.778	0.00946074
638.333	0.0432812
638.889	0.00488494
639.444	0.00607801
640	0.0244662
640.556	0.00998307
641.111	0.00706669
641.667	0.0376329
642.222	0.0214427
642.778	0.00970767
643.333	0.0227284
643.889	0.0102002
644.444	0.0140209
645	0.0278478
645.556	0.0302275
646.111	0.00830141
646.667	0.0613215
647.222	0.0312298
647.778	0.0037604
648.333	0.0143985
648.889	0.014238
649.444	0.0095097
650	0.0262712
650.556	0.000475704
651.111	0.00867732
651.667	0.0505237
652.222	0.011358
652.778	0.0148549
653.333	0.012904
653.889	0.00906291
654.444	0.061271
655	0.0168498
655.556	0.00519647
656.111	0.00295817
656.667	0.0137102
657.222	0.00539701
657.778	0.00738908
658.333	0.00682139
658.889	0.0385656
659.444	0.00405586
660	0.0388376
660.556	0.00010026
661.111	0.00485517
661.667	0.0368085
662.222	0.0472769
662.778	0.0188077
663.333	0.0028351
663.889	0.0141022
664.444	0.0231832
665	0.0213715
665.556	0.03653
666.111	0.0322259
666.667	0.0112129
667.222	0.0058947
667.778	0.0114907
668.333	0.0053254
668.889	0.013929
669.444	0.0261733
670	0.00140092
670.556	0.0245495
671.111	0.0137196
671.667	0.0211008
672.222	0.0151333
672.778	0.0080749
673.333	0.0257884
673.889	0.00823927
674.444	0.00772571
675	0.00768844
675.556	0.00375095
676.111	0.00908786
676.667	0.0156581
677.222	0.0265177
677.778	0.0200705
678.333	0.0202447
678.889	0.0288991
679.444	0.00203623
680	0.000143499
680.556	0.0161466
681.111	0.00648291
681.667	0.0234843
682.222	0.00130656
682.778	0.0201002
683.333	0.0131974
683.889	0.0259056
684.444	0.0130532
685	0.0174014
685.556	0.00350055
686.111	0.0336025
686.667	0.000446259
687.222	0.000134486
687.778	0.0084961
688.333	0.0192703
688.889	0.0426726
689.444	0.0053603
690	0.0197445
690.556	0.0105165
691.111	0.0210571
691.667	0.0259466
692.222	0.0281055
692.778	0.0198177
693.333	0.0467459
693.889	0.00754379
694.444	0.0164338
695	0.0104912
695.556	0.0143582
696.111	0.0153562
696.667	0.00828952
697.222	0.00866999
697.778	0.0324164
698.333	0.00249107
698.889	0.016478
699.444	0.0128207
700	0.0077815
700.556	0.0100404
701.111	0.000404542
701.667	0.0236192
702.222	0.00551209
702.778	0.0115625
703.333	0.0105565
703.889	0.000635205
704.444	0.00661522
705	0.0183489
705.556	0.00735991
706.111	0.0216361
706.667	0.00262557
707.222	0.0259737
707.778	0.00383255
708.333	0.00557519
708.889	0.0252822
709.444	0.00587177
710	0.00463632
710.556	0.0149712
711.111	0.00980701
711.667	0.00924233
712.222	0.048113
712.778	0.00406474
713.333	0.0121484
713.889	0.000642592
714.444	0.000905072
715	0.00105974
715.556	0.00874244
716.111	0.0320513
716.667	0.00324466
717.222	0.0113674
717.778	0.000702221
718.333	0.0197071
718.889	0.007648
719.444	0.0199811
720	0.0235752
720.556	0.00143559
721.111	0.000211402
721.667	0.0126862
722.222	0.00657651
722.778	0.0141334
723.333	0.0427721
723.889	0.0101999
724.444	0.00513267
725	0.0189583
725.556	0.00717706
726.111	0.0170984
726.667	0.0104303
727.222	0.0121235
727.778	0.00051517
728.333	0.00563347
728.889	0.0298932
729.444	0.015021
730	0.0045773
730.556	0.0231844
731.111	0.00116233
731.667	0.00609969
732.222	0.0234344
732.778	0.0146624
733.333	0.0194205
733.889	0.0042278
734.444	0.0117226
735	0.0189723
735.556	0.00845583
736.111	0.0420844
736.667	0.0126695
737.222	0.0180785
737.778	0.0143504
738.333	0.00572616
738.889	0.0125238
739.444	0.00385891
740	0.00893227
740.556	0.0111271
741.111	0.030974
741.667	0.00127599
742.222	0.00873324
742.778	0.00912632
743.333	0.0293424
743.889	0.0162188
744.444	0.0135982
745	0.00533675
745.556	0.00261088
746.111	0.0185364
746.667	0.022825
747.222	0.0129862
747.778	0.0275375
748.333	0.0199019
748.889	0.00725136
749.444	0.0269492
750	0.00179675
750.556	0.019003
751.111	0.0170855
751.667	0.0269675
752.222	0.0113858
752.778	0.00406682
753.333	0.015319
753.889	0.00739493
754.444	0.0086575
755	0.0144072
755.556	0.0154625
756.111	0.000609638
756.667	0.0221353
757.222	7.06528e-05
757.778	0.0186415
758.333	0.0114047
758.889	0.0106197
759.444	0.000820229
760	0.0127525
760.556	0.029485
761.111	0.00369893
761.667	0.00144148
762.222	0.0280832
762.778	0.00333412
763.333	0.01588
763.889	0.0103958
764.444	0.000137824
765	0.0139504
765.556	0.0139906
766.111	0.0170112
766.667	0.00796276
767.222	0.0137428
767.778	0.0252663
768.333	0.0147017
768.889	0.0146248
769.444	0.0127696
770	0.0281824
770.556	0.0164319
771.111	0.0239083
771.667	0.00715005
772.222	0.00600947
772.778	0.0125294
773.333	0.0275621
773.889	0.0306118
774.444	0.00277153
775	0.0246334
775.556	0.0254985
776.111	0.013468
776.667	0.0116849
777.222	0.0208367
777.778	0.026224
778.333	0.00373994
778.889	0.0108361
779.444	0.000993254
780	0.0151134
780.556	0.0364714
781.111	0.0296051
781.667	0.00212652
782.222	0.0160811
782.778	0.0107713
783.333	0.00351161
783.889	0.0153997
784.444	0.0189186
785	0.0291887
785.556	0.00294225
786.111	0.0016344
786.667	0.017734
787.222	0.0138543
787.778	0.0229695
788.333	0.0150143
788.889	0.0132319
789.444	0.0096957
790	0.00176933
790.556	0.0163035
791.111	0.018547
791.667	0.013371
792.222	0.0077375
792.778	0.0123863
793.333	0.0157331
793.889	0.0365231
794.444	0.000773714
795	0.0158332
795.556	0.00722634
796.111	0.0118091
796.667	0.0120978
797.222	0.0223297
797.778	0.0254889
798.333	0.00711644
798.889	0.0148876
799.444	0.00380669
800	0.0213969
800.556	0.0222231
801.111	0.0294529
801.667	0.0121932
802.222	0.000476779
802.778	0.00705652
803.333	0.00315005
803.889	0.00825479
804.444	0.0175329
805	0.0363772
805.556	0.012628
806.111	0.009468
806.667	0.00764204
807.222	0.00870968
807.778	0.0114463
808.333	0.0322906
808.889	0.0167044
809.444	0.00279937
810	0.0147424
810.556	0.0109392
811.111	0.00494415
811.667	0.0099512
812.222	0.0277451
812.778	0.00677272
813.333	0.00814727
813.889	0.0119844
814.444	0.00120135
815	0.0200434
815.556	0.0117923
816.111	0.00814977
816.667	0.00107249
817.222	0.00319178
817.778	0.0142617
818.333	0.0183728
818.889	0.0117025
819.444	0.0142116
820	0.0094877
820.556	0.00579618
821.111	0.0279369
821.667	0.0160549
822.222	0.0154641
822.778	0.00799451
823.333	0.000587195
823.889	0.0158011
824.444	0.0025121
825	0.0344287
825.556	0.0136438
826.111	0.0214767
826.667	0.00284276
827.222	0.00519439
827.778	0.0185432
828.333	0.0265252
828.889	0.0225377
829.444	0.00453336
830	0.0142432
830.556	0.0051085
831.111	0.0189493
831.667	0.00569843
832.222	0.0315781
832.778	0.0183546
833.333	0.0210453
833.889	0.00169433
834.444	0.0012901
835	0.0185244
835.556	0.0247983
836.111	0.00604896
836.667	0.0144454
837.222	0.0264971
837.778	0.00251258
838.333	0.0192428
838.889	0.00948961
839.444	0.0219167
840	0.00672724
840.556	0.00492336
841.111	0.00126538
841.667	0.0178862
842.222	0.0132236
842.778	0.00944381
843.333	0.000659992
843.889	0.0169465
844.444	0.00658639
845	0.00512737
845.556	0.0231991
846.111	0.00717626
846.667	0.00839796
847.222	0.00729538
847.778	0.0145157
848.333	0.0107415
848.889	0.00711641
849.444	0.0114683
850	0.00413874
850.556	0.0123839
851.111	0.0222541
851.667	0.00817088
852.222	0.0214869
852.778	0.0175074
853.333	0.00536737
853.889	0.00034852
854.444	0.00295631
855	0.0256417
855.556	0.0278153
856.111	0.00616582
856.667	0.0108143
857.222	0.0124066
857.778	0.00664837
858.333	0.0283474
858.889	0.0180217
859.444	0.0206503
860	0.00602056
860.556	0.00889561
861.111	0.0119395
861.667	0.00476586
862.222	0.0289095
862.778	0.0220412
863.333	0.0060297
863.889	0.0140505
864.444	0.013456
865	0.00411056
865.556	0.0190097
866.111	0.0209977
866.667	0.0179285
867.222	0.00309138
867.778	0.000469152
868.333	0.00353952
868.889	0.00170734
869.444	0.0196371
870	0.0229899
870.556	0.00432862
871.111	0.0181935
871.667	0.000984445
872.222	0.0090713
872.778	0.0153125
873.333	0.00140375
873.889	0.006901
874.444	0.00486148
875	0.00879512
875.556	0.0204124
876.111	0.00861196
876.667	0.0107342
877.222	0.00487557
877.778	0.00666769
878.333	0.0171978
878.889	0.0222625
879.444	0.0146165
880	0.00769324
880.556	0.00603967
881.111	0.00491694
881.667	0.0035084
882.222	0.0210077
882.778	0.0396227
883.333	0.00806424
883.889	0.00469613
884.444	0.00911832
885	0.00787914
885.556	0.0222317
886.111	0.0214254
886.667	0.023948
887.222	0.00132656
887.778	0.0136979
888.333	0.00592165
888.889	0.00296678
889.444	0.0211579
890	0.0345817
890.556	0.00152682
891.111	0.00276817
891.667	0.00587307
892.222	0.00135716
892.778	0.0186412
893.333	0.0207396
893.889	0.0267155
894.444	0.00163117
895	0.0149649
895.556	0.011939
896.111	0.000377442
896.667	0.0137528
897.222	0.0239426
897.778	0.00328967
898.333	0.00119406
898.889	0.0046897
899.444	0.0118039
900	0.0120637
900.556	0.0034535
901.111	0.0163174
901.667	0.00281611
902.222	0.00785035
902.778	0.0258872
903.333	0.00319292
903.889	0.00519984
904.444	0.00278186
905	0.00255087
905.556	0.0150484
906.111	0.0166632
906.667	0.0189531
907.222	0.0104196
907.778	0.0180544
908.333	0.00851903
908.889	0.00247161
909.444	0.0108678
910	0.0317435
910.556	0.00418953
911.111	0.00367405
911.667	0.0146031
912.222	0.00250042
912.778	0.0226329
913.333	0.0147021
913.889	0.0266395
914.444	0.00944472
915	0.026693
915.556	0.00364842
916.111	0.0108287
916.667	0.0237312
917.222	0.0343882
917.778	0.00798731
918.333	0.00179846
918.889	0.0174203
919.444	0.00371611
920	0.027125
920.556	0.00921369
921.111	0.0238871
921.667	0.00347149
922.222	0.011608
922.778	0.00313657
923.333	0.00781324
923.889	0.0197624
924.444	0.0172207
925	0.00400085
925.556	0.00732807
926.111	0.00354532
926.667	0.00452398
927.222	0.0303028
927.778	0.00200278
928.333	0.0126216
928.889	0.00652679
929.444	0.005143
930	0.0138762
930.556	0.0127808
931.111	0.0104357
931.667	0.00642353
932.222	0.00760168
932.778	0.0211839
933.333	0.0102955
933.889	0.0128189
934.444	0.0193631
935	0.0111814
935.556	0.00102747
936.111	0.00686691
936.667	0.0212659
937.222	0.027497
937.778	0.00635144
938.333	0.00343442
938.889	0.0112801
939.444	0.00576716
940	0.0296433
940.556	0.0199199
941.111	0.0180793
941.667	0.00814973
942.222	0.0157004
942.778	0.00299104
943.333	0.0111742
943.889	0.0233318
944.444	0.0347114
945	0.00296731
945.556	0.00494098
946.111	0.0108533
946.667	0.00458544
947.222	0.0297276
947.778	0.0147629
948.333	0.022298
948.889	0.000798157
949.444	0.0100962
950	0.00306588
950.556	0.00867383
951.111	0.022381
951.667	0.0286931
952.222	0.00406406
952.778	0.00755567
953.333	0.00394678
953.889	0.00358753
954.444	0.0255565
955	0.0103085
955.556	0.00491993
956.111	0.00420574
956.667	0.000353271
957.222	0.0169031
957.778	0.0013475
958.333	0.0175639
958.889	0.0097413
959.444	0.0134469
960	0.0165536
960.556	0.0128718
961.111	0.00899503
961.667	0.0103878
962.222	0.00511411
962.778	0.00243858
963.333	0.00873039
963.889	0.0109708
964.444	0.031593
965	0.00433882
965.556	0.00259694
966.111	0.00396372
966.667	0.00265717
967.222	0.0207824
967.778	0.0226047
968.333	0.0170611
968.889	0.00390893
969.444	0.0173202
970	0.00111742
970.556	0.00658827
971.111	0.0198651
971.667	0.0394693
972.222	0.00535774
972.778	0.000756897
973.333	0.00684287
973.889	0.00531669
974.444	0.0236192
975	0.0231393
975.556	0.0212627
976.111	0.0025164
976.667	0.0140424
977.222	0.00718601
977.778	0.00882833
978.333	0.0144538
978.889	0.0316462
979.444	0.00451651
980	0.00206308
980.556	0.00111104
981.111	0.00467743
981.667	0.0208087
982.222	0.00941958
982.778	0.0140748
983.333	0.0040357
983.889	0.00867651
984.444	0.0202121
985	0.00272781
985.556	0.0121285
986.111	0.00749754
986.667	0.00414357
987.222	0.00844384
987.778	0.011805
988.333	0.0114476
988.889	0.0106312
989.444	0.00707557
990	0.00746859
990.556	0.0126186
991.111	0.00139558
991.667	0.0328276
992.222	0.00215176
992.778	0.00308927
993.333	0.00176385
993.889	0.00325912
994.444	0.0195495
995	0.0213304
995.556	0.0166049
996.111	0.00778563
996.667	0.0253678
997.222	0.00994488
997.778	0.0121828
998.333	0.0137635
998.889	0.0320395
999.444	0.0013757
1000	0.00820493
1000.56	0.00820493
1001.11	0.0013757
1001.67	0.0320395
1002.22	0.0137635
1002.78	0.0121828
1003.33	0.00994488
1003.89	0.0253678
1004.44	0.00778563
1005	0.0166049
1005.56	0.0213304
1006.11	0.0195495
1006.67	0.00325912
1007.22	0.00176385
1007.78	0.00308927
1008.33	0.00215176
1008.89	0.0328276
1009.44	0.00139558
1010	0.0126186
1010.56	0.00746859
1011.11	0.00707557
1011.67	0.0106312
1012.22	0.0114476
1012.78	0.011805
1013.33	0.00844384
1013.89	0.00414357
1014.44	0.00749754
1015	0.0121285
1015.56	0.00272781
1016.11	0.0202121
1016.67	0.00867651
1017.22	0.0040357
1017.78	0.0140748
1018.33	0.00941958
1018.89	0.0208087
1019.44	0.00467743
1020	0.00111104
1020.56	0.00206308
1021.11	0.00451651
1021.67	0.0316462
1022.22	0.0144538
1022.78	0.00882833
1023.33	0.00718601
1023.89	0.0140424
1024.44	0.0025164
1025	0.0212627
1025.56	0.0231393
1026.11	0.0236192
1026.67	0.00531669
1027.22	0.00684287
1027.78	0.000756897
1028.33	0.00535774
1028.89	0.0394693
1029.44	0.0198651
1030	0.00658827
1030.56	0.00111742
1031.11	0.0173202
1031.67	0.00390893
1032.22	0.0170611
1032.78	0.0226047
1033.33	0.0207824
1033.89	0.00265717
1034.44	0.00396372
1035	0.00259694
1035.56	0.00433882
1036.11	0.031593
1036.67	0.0109708
1037.22	0.00873039
1037.78	0.00243858
1038.33	0.00511411
1038.89	0.0103878
1039.44	0.00899503
1040	0.0128718
1040.56	0.0165536
1041.11	0.0134469
1041.67	0.0097413
1042.22	0.0175639
1042.78	0.0013475
1043.33	0.0169031
1043.89	0.000353271
1044.44	0.00420574
1045	0.00491993
1045.56	0.0103085
1046.11	0.0255565
1046.67	0.00358753
1047.22	0.00394678
1047.78	0.00755567
1048.33	0.00406406
1048.89	0.0286931
1049.44	0.022381
1050	0.00867383
1050.56	0.00306588
1051.11	0.0100962
1051.67	0.000798157
1052.22	0.022298
1052.78	0.0147629
1053.33	0.0297276
1053.89	0.00458544
1054.44	0.0108533
1055	0.00494098
1055.56	0.00296731
1056.11	0.0347114
1056.67	0.0233318
1057.22	0.0111742
1057.78	0.00299104
1058.33	0.0157004
1058.89	0.00814973
1059.44	0.0180793
1060	0.0199199
1060.56	0.0296433
1061.11	0.00576716
1061.67	0.0112801
1062.22	0.00343442
1062.78	0.00635144
1063.33	0.027497
1063.89	0.0212659
1064.44	0.00686691
1065	0.00102747
1065.56	0.0111814
1066.11	0.0193631
1066.67	0.0128189
1067.22	0.0102955
1067.78	0.0211839
1068.33	0.00760168
1068.89	0.00642353
1069.44	0.0104357
1070	0.0127808
1070.56	0.0138762
1071.11	0.005143
1071.67	0.00652679
1072.22	0.0126216
1072.78	0.00200278
1073.33	0.0303028
1073.89	0.00452398
1074.44	0.00354532
1075	0.00732807
1075.56	0.00400085
1076.11	0.0172207
1076.67	0.0197624
1077.22	0.00781324
1077.78	0.00313657
1078.33	0.011608
1078.89	0.00347149
1079.44	0.0238871
1080	0.00921369
1080.56	0.027125
1081.11	0.00371611
1081.67	0.0174203
1082.22	0.00179846
1082.78	0.00798731
1083.33	0.0343882
1083.89	0.0237312
1084.44	0.0108287
1085	0.00364842
1085.56	0.026693
1086.11	0.00944472
1086.67	0.0266395
1087.22	0.0147021
1087.78	0.0226329
1088.33	0.00250042
1088.89	0.0146031
1089.44	0.00367405
1090	0.00418953
1090.56	0.0317435
1091.11	0.0108678
1091.67	0.00247161
1092.22	0.00851903
1092.78	0.0180544
1093.33	0.0104196
1093.89	0.0189531
1094.44	0.0166632
1095	0.0150484
1095.56	0.00255087
1096.11	0.00278186
1096.67	0.00519984
1097.22	0.00319292
1097.78	0.0258872
1098.33	0.00785035
1098.89	0.00281611
1099.44	0.0163174
1100	0.0034535
1100.56	0.0120637
1101.11	0.0118039
1101.67	0.0046897
1102.22	0.00119406
1102.78	0.00328967
1103.33	0.0239426
1103.89	0.0137528
1104.44	0.000377442
1105	0.011939
1105.56	0.0149649
1106.11	0.00163117
1106.67	0.0267155
1107.22	0.0207396
1107.78	0.0186412
1108.33	0.00135716
1108.89	0.00587307
1109.44	0.00276817
1110	0.00152682
1110.56	0.0345817
1111.11	0.0211579
1111.67	0.00296678
1112.22	0.00592165
1112.78	0.0136979
1113.33	0.00132656
1113.89	0.023948
1114.44	0.0214254
1115	0.0222317
1115.56	0.00787914
1116.11	0.00911832
1116.67	0.00469613
1117.22	0.00806424
1117.78	0.0396227
1118.33	0.0210077
1118.89	0.0035084
1119.44	0.00491694
1120	0.00603967
1120.56	0.00769324
1121.11	0.0146165
1121.67	0.0222625
1122.22	0.0171978
1122.78	0.00666769
1123.33	0.00487557
1123.89	0.0107342
1124.44	0.00861196
1125	0.0204124
1125.56	0.00879512
1126.11	0.00486148
1126.67	0.006901
1127.22	0.00140375
1127.78	0.0153125
1128.33	0.0090713
1128.89	0.000984445
1129.44	0.0181935
1130	0.00432862
1130.56	0.0229899
1131.11	0.0196371
1131.67	0.00170734
1132.22	0.00353952
1132.78	0.000469152
1133.33	0.00309138
1133.89	0.0179285
1134.44	0.0209977
1135	0.0190097
1135.56	0.00411056
1136.11	0.013456
1136.67	0.0140505
1137.22	0.0060297
1137.78	0.0220412
1138.33	0.0289095
1138.89	0.00476586
1139.44	0.0119395
1140	0.00889561
1140.56	0.00602056
1141.11	0.0206503
1141.67	0.0180217
1142.22	0.0283474
1142.78	0.00664837
1143.33	0.0124066
1143.89	0.0108143
1144.44	0.00616582
1145	0.0278153
1145.56	0.0256417
1146.11	0.00295631
1146.67	0.00034852
1147.22	0.00536737
1147.78	0.0175074
1148.33	0.0214869
1148.89	0.00817088
1149.44	0.0222541
1150	0.0123839
1150.56	0.00413874
1151.11	0.0114683
1151.67	0.00711641
1152.22	0.0107415
1152.78	0.0145157
1153.33	0.00729538
1153.89	0.00839796
1154.44	0.00717626
1155	0.0231991
1155.56	0.00512737
1156.11	0.00658639
1156.67	0.0169465
1157.22	0.000659992
1157.78	0.00944381
1158.33	0.0132236
1158.89	0.0178862
1159.44	0.00126538
1160	0.00492336
1160.56	0.00672724
1161.11	0.0219167
1161.67	0.00948961
1162.22	0.0192428
1162.78	0.00251258
1163.33	0.0264971
1163.89	0.0144454
1164.44	0.00604896
1165	0.0247983
1165.56	0.0185244
1166.11	0.0012901
1166.67	0.00169433
1167.22	0.0210453
1167.78	0.0183546
1168.33	0.0315781
1168.89	0.00569843
1169.44	0.0189493
1170	0.0051085
1170.56	0.0142432
1171.11	0.00453336
1171.67	0.0225377
1172.22	0.0265252
1172.78	0.0185432
1173.33	0.00519439
1173.89	0.00284276
1174.44	0.0214767
1175	0.0136438
1175.56	0.0344287
1176.11	0.0025121
1176.67	0.0158011
1177.22	0.000587195
1177.78	0.00799451
1178.33	0.0154641
1178.89	0.0160549
1179.44	0.0279369
1180	0.00579618
1180.56	0.0094877
1181.11	0.0142116
1181.67	0.0117025
1182.22	0.0183728
1182.78	0.0142617
1183.33	0.00319178
1183.89	0.00107249
1184.44	0.00814977
1185	0.0117923
1185.56	0.0200434
1186.11	0.00120135
1186.67	0.0119844
1187.22	0.00814727
1187.78	0.00677272
1188.33	0.0277451
1188.89	0.0099512
1189.44	0.00494415
1190	0.0109392
1190.56	0.0147424
1191.11	0.00279937
1191.67	0.0167044
1192.22	0.0322906
1192.78	0.0114463
1193.33	0.00870968
1193.89	0.00764204
1194.44	0.009468
1195	0.012628
1195.56	0.0363772
1196.11	0.0175329
1196.67	0.00825479
1197.22	0.00315005
1197.78	0.00705652
1198.33	0.000476779
1198.89	0.0121932
1199.44	0.0294529
1200	0.0222231
1200.56	0.0213969
1201.11	0.00380669
1201.67	0.0148876
1202.22	0.00711644
1202.78	0.0254889
1203.33	0.0223297
1203.89	0.0120978
1204.44	0.0118091
1205	0.00722634
1205.56	0.0158332
1206.11	0.000773714
1206.67	0.0365231
1207.22	0.0157331
1207.78	0.0123863
1208.33	0.0077375
1208.89	0.013371
1209.44	0.018547
1210	0.0163035
1210.56	0.00176933
1211.11	0.0096957
1211.67	0.0132319
1212.22	0.0150143
1212.78	0.0229695
1213.33	0.0138543
1213.89	0.017734
1214.44	0.0016344
1215	0.00294225
1215.56	0.0291887
1216.11	0.0189186
1216.67	0.0153997
1217.22	0.00351161
1217.78	0.0107713
1218.33	0.0160811
1218.89	0.00212652
1219.44	0.0296051
1220	0.0364714
1220.56	0.0151134
1221.11	0.000993254
1221.67	0.0108361
1222.22	0.00373994
1222.78	0.026224
1223.33	0.0208367
1223.89	0.0116849
1224.44	0.013468
1225	0.0254985
1225.56	0.0246334
1226.11	0.00277153
1226.67	0.0306118
1227.22	0.0275621
1227.78	0.0125294
1228.33	0.00600947
1228.89	0.00715005
1229.44	0.0239083
1230	0.0164319
1230.56	0.0281824
1231.11	0.0127696
1231.67	0.0146248
1232.22	0.0147017
1232.78	0.0252663
1233.33	0.0137428
1233.89	0.00796276
1234.44	0.0170112
1235	0.0139906
1235.56	0.0139504
1236.11	0.000137824
1236.67	0.0103958
1237.22	0.01588
1237.78	0.00333412
1238.33	0.0280832
1238.89	0.00144148
1239.44	0.00369893
1240	0.029485
1240.56	0.0127525
1241.11	0.000820229
1241.67	0.0106197
1242.22	0.0114047
1242.78	0.0186415
1243.33	7.06528e-05
1243.89	0.0221353
1244.44	0.000609638
1245	0.0154625
1245.56	0.0144072
1246.11	0.0086575
1246.67	0.00739493
1247.22	0.015319
1247.78	0.00406682
1248.33	0.0113858
1248.89	0.0269675
1249.44	0.0170855
1250	0.019003
1250.56	0.00179675
1251.11	0.0269492
1251.67	0.00725136
1252.22	0.0199019
1252.78	0.0275375
1253.33	0.0129862
1253.89	0.022825
1254.44	0.0185364
1255	0.00261088
1255.56	0.00533675
1256.11	0.0135982
1256.67	0.0162188
1257.22	0.0293424
1257.78	0.00912632
1258.33	0.00873324
1258.89	0.00127599
1259.44	0.030974
1260	0.0111271
1260.56	0.00893227
1261.11	0.00385891
1261.67	0.0125238
1262.22	0.00572616
1262.78	0.0143504
1263.33	0.0180785
1263.89	0.0126695
1264.44	0.0420844
1265	0.00845583
1265.56	0.0189723
1266.11	0.0117226
1266.67	0.0042278
1267.22	0.0194205
1267.78	0.0146624
1268.33	0.0234344
1268.89	0.00609969
1269.44	0.00116233
1270	0.0231844
1270.56	0.0045773
1271.11	0.015021
1271.67	0.0298932
1272.22	0.00563347
1272.78	0.00051517
1273.33	0.0121235
1273.89	0.0104303
1274.44	0.0170984
1275	0.00717706
1275.56	0.0189583
1276.11	0.00513267
1276.67	0.0101999
1277.22	0.0427721
1277.78	0.0141334
1278.33	0.00657651
1278.89	0.0126862
1279.44	0.000211402
1280	0.00143559
1280.56	0.0235752
1281.11	0.0199811
1281.67	0.007648
1282.22	0.0197071
1282.78	0.000702221
1283.33	0.0113674
1283.89	0.00324466
1284.44	0.0320513
1285	0.00874244
1285.56	0.00105974
1286.11	0.000905072
1286.67	0.000642592
1287.22	0.0121484
1287.78	0.00406474
1288.33	0.048113
1288.89	0.00924233
1289.44	0.00980701
1290	0.0149712
1290.56	0.00463632
1291.11	0.00587177
1291.67	0.0252822
1292.22	0.00557519
1292.78	0.00383255
1293.33	0.0259737
1293.89	0.00262557
1294.44	0.0216361
1295	0.00735991
1295.56	0.0183489
1296.11	0.00661522
1296.67	0.000635205
1297.22	0.0105565
1297.78	0.0115625
1298.33	0.00551209
1298.89	0.0236192
1299.44	0.000404542
1300	0.0100404
1300.56	0.0077815
1301.11	0.0128207
1301.67	0.016478
1302.22	0.00249107
1302.78	0.0324164
1303.33	0.00866999
1303.89	0.00828952
1304.44	0.0153562
1305	0.0143582
1305.56	0.0104912
1306.11	0.0164338
1306.67	0.00754379
1307.22	0.0467459
1307.78	0.0198177
1308.33	0.0281055
1308.89	0.0259466
1309.44	0.0210571
1310	0.0105165
1310.56	0.0197445
1311.11	0.0053603
1311.67	0.0426726
1312.22	0.0192703
1312.78	0.0084961
1313.33	0.000134486
1313.89	0.000446259
1314.44	0.0336025
1315	0.00350055
1315.56	0.0174014
1316.11	0.0130532
1316.67	0.0259056
1317.22	0.0131974
1317.78	0.0201002
1318.33	0.00130656
1318.89	0.0234843
1319.44	0.00648291
1320	0.0161466
1320.56	0.000143499
1321.11	0.00203623
1321.67	0.0288991
1322.22	0.0202447
1322.78	0.0200705
1323.33	0.0265177
1323.89	0.0156581
1324.44	0.00908786
1325	0.00375095
1325.56	0.00768844
1326.11	0.00772571
1326.67	0.00823927
1327.22	0.0257884
1327.78	0.0080749
1328.33	0.0151333
1328.89	0.0211008
1329.44	0.0137196
1330	0.0245495
1330.56	0.00140092
1331.11	0.0261733
1331.67	0.013929
1332.22	0.0053254
1332.78	0.0114907
1333.33	0.0058947
1333.89	0.0112129
1334.44	0.0322259
1335	0.03653
1335.56	0.0213715
1336.11	0.0231832
1336.67	0.0141022
1337.22	0.0028351
1337.78	0.0188077
1338.33	0.0472769
1338.89	0.0368085
1339.44	0.00485517
1340	0.00010026
1340.56	0.0388376
1341.11	0.00405586
1341.67	0.0385656
1342.22	0.00682139
1342.78	0.00738908
1343.33	0.00539701
1343.89	0.0137102
1344.44	0.00295817
1345	0.00519647
1345.56	0.0168498
1346.11	0.061271
1346.67	0.00906291
1347.22	0.012904
1347.78	0.0148549
1348.33	0.011358
1348.89	0.0505237
1349.44	0.00867732
1350	0.000475704
1350.56	0.0262712
1351.11	0.0095097
1351.67	0.014238
1352.22	0.0143985
1352.78	0.0037604
1353.33	0.0312298
1353.89	0.0613215
1354.44	0.00830141
1355	0.0302275
1355.56	0.0278478
1356.11	0.0140209
1356.67	0.0102002
1357.22	0.0227284
1357.78	0.00970767
1358.33	0.0214427
1358.89	0.0376329
1359.44	0.00706669
1360	0.00998307
1360.56	0.0244662
1361.11	0.00607801
1361.67	0.00488494
1362.22	0.0432812
1362.78	0.00946074
1363.33	0.00455025
1363.89	0.0116054
1364.44	0.0579477
1365	0.00221334
1365.56	0.0078109
1366.11	0.0545016
1366.67	0.00277568
1367.22	0.027354
1367.78	0.00198284
1368.33	0.0189181
1368.89	0.0160042
1369.44	0.0487561
1370	0.0293966
1370.56	0.0203124
1371.11	0.0132814
1371.67	0.00130686
1372.22	0.00259689
1372.78	0.0155876
1373.33	0.0608314
1373.89	0.00185053
1374.44	0.00863267
1375	0.0158592
1375.56	0.0146722
1376.11	0.0291643
1376.67	0.00862263
1377.22	0.0151702
1377.78	0.022419
1378.33	0.0418572
1378.89	0.0129564
1379.44	0.00996105
1380	0.0100667
1380.56	0.0258063
1381.11	0.00102342
1381.67	0.00621664
1382.22	0.0346479
1382.78	0.0294225
1383.33	0.00959508
1383.89	0.00196328
1384.44	0.0212217
1385	0.0352175
1385.56	0.0256421
1386.11	0.0313729
1386.67	0.0336101
1387.22	0.00466409
1387.78	0.0327964
1388.33	0.0485227
1388.89	0.00101754
1389.44	0.00343514
1390	0.031167
1390.56	0.0291253
1391.11	0.0314419
1391.67	0.0132257
1392.22	0.00854334
1392.78	0.0138144
1393.33	0.058981
1393.89	0.0629398
1394.44	0.012643
1395	0.00506398
1395.56	0.00184857
1396.11	0.00648927
1396.67	0.0038513
1397.22	0.0269009
1397.78	0.0433723
1398.33	0.0609962
1398.89	0.00462385
1399.44	0.032753
1400	0.0402865
1400.56	0.000481297
1401.11	0.0102765
1401.67	0.0189183
1402.22	0.0219008
1402.78	0.00400196
1403.33	0.000264478
1403.89	0.0210147
1404.44	0.000728966
1405	0.068045
1405.56	0.00523792
1406.11	0.0275334
1406.67	0.0523676
1407.22	0.0122261
1407.78	0.01704
1408.33	0.0106411
1408.89	0.0279217
1409.44	0.0488507
1410	0.00925968
1410.56	0.0419052
1411.11	0.00658181
1411.67	0.043933
1412.22	0.00868805
1412.78	0.000699798
1413.33	0.0147772
1413.89	0.0432604
1414.44	0.0177912
1415	0.0201142
1415.56	0.00746843
1416.11	0.00225784
1416.67	0.0325098
1417.22	0.0395224
1417.78	0.0483895
1418.33	0.0158664
1418.89	0.00343283
1419.44	0.0279957
1420	0.00654723
1420.56	0.0229396
1421.11	0.0271948
1421.67	0.0535725
1422.22	0.0367179
1422.78	0.0245753
1423.33	0.00677056
1423.89	0.0204966
1424.44	0.0103154
1425	0.000338161
1425.56	0.00339892
1426.11	0.00500364
1426.67	0.0302331
1427.22	0.0353805
1427.78	0.0186894
1428.33	0.00703583
1428.89	0.0026299
1429.44	0.0239807
1430	0.00324744
1430.56	0.0497041
1431.11	0.00881033
1431.67	0.0162251
1432.22	0.0567461
1432.78	0.0111424
1433.33	0.0223475
1433.89	0.0188832
1434.44	0.0477003
1435	0.0408273
1435.56	0.0618798
1436.11	0.00202777
1436.67	0.0240067
1437.22	0.0449522
1437.78	0.0379191
1438.33	0.00676378
1438.89	0.0215455
1439.44	0.00548514
1440	0.0192894
1440.56	0.0119494
1441.11	0.0483905
1441.67	0.0416728
1442.22	0.0344191
1442.78	0.0312991
1443.33	0.0106145
1443.89	0.0309154
1444.44	0.0621598
1445	0.0573621
1445.56	0.0570179
1446.11	0.00176917
1446.67	0.0340428
1447.22	0.0145674
1447.78	0.0182697
1448.33	0.0406021
1448.89	0.0250682
1449.44	0.000307699
1450	0.00814139
1450.56	0.00254141
1451.11	0.0945322
1451.67	0.0291891
1452.22	0.00745177
1452.78	0.00916129
1453.33	0.0337046
1453.89	0.057142
1454.44	0.00530149
1455	0.0210427
1455.56	0.0338185
1456.11	0.0288642
1456.67	0.0811404
1457.22	0.0385733
1457.78	0.0355448
1458.33	0.0336505
1458.89	0.00263501
1459.44	0.0168132
1460	0.0255356
1460.56	0.00617499
1461.11	0.0159126
1461.67	0.0381498
1462.22	0.00559989
1462.78	0.0415295
1463.33	0.00909527
1463.89	0.0405527
1464.44	0.0454655
1465	0.0237793
1465.56	0.0190212
1466.11	0.0309925
1466.67	0.00768191
1467.22	0.0457539
1467.78	0.0197302
1468.33	0.0108841
1468.89	0.083077
1469.44	0.0725533
1470	0.0442217
1470.56	0.00198267
1471.11	0.0149215
1471.67	0.0107322
1472.22	0.0226286
1472.78	0.0137172
1473.33	0.0305843
1473.89	0.0200646
1474.44	0.0194413
1475	0.0216801
1475.56	0.0218496
1476.11	0.00852657
1476.67	0.0627616
1477.22	0.02813
1477.78	0.0114566
1478.33	0.0468803
1478.89	0.0345171
1479.44	0.0261134
1480	0.0201655
1480.56	0.0936542
1481.11	0.0747066
1481.67	0.0180771
1482.22	0.0458546
1482.78	0.0385484
1483.33	0.0714051
1483.89	0.0247409
1484.44	0.00962698
1485	0.0385043
1485.56	0.0460181
1486.11	0.0254336
1486.67	0.0293337
1487.22	0.135765
1487.78	0.0364338
1488.33	0.0642549
1488.89	0.0144939
1489.44	0.0172819
1490	0.00579306
1490.56	0.0357274
1491.11	0.0183718
1491.67	0.0088551
1492.22	0.0954792
1492.78	0.0662024
1493.33	0.0167145
1493.89	0.00767952
1494.44	0.0716234
1495	0.0658277
1495.56	0.00889769
1496.11	0.0342969
1496.67	0.0410691
1497.22	0.0849962
1497.78	0.0424565
1498.33	0.018424
1498.89	0.0706778
1499.44	0.0896475
1500	0.00685937
1500.56	0.0358205
1501.11	0.019678
1501.67	0.020421
1502.22	0.0249749
1502.78	0.0482985
1503.33	0.027245
1503.89	0.0057886
1504.44	0.0312518
1505	0.0171885
1505.56	0.0256795
1506.11	0.0359194
1506.67	0.0708598
1507.22	0.0665503
1507.78	0.0420131
1508.33	0.0207778
1508.89	0.0071255
1509.44	0.032657
1510	0.0266936
1510.56	0.0105525
1511.11	0.0425031
1511.67	0.0210216
1512.22	0.0195723
1512.78	0.0573776
1513.33	0.0478995
1513.89	0.0562382
1514.44	0.133042
1515	0.0066381
1515.56	0.0723373
1516.11	0.0916622
1516.67	0.0613524
1517.22	0.0767787
1517.78	0.0392672
1518.33	0.0219652
1518.89	0.107394
1519.44	0.0213961
1520	0.043422
1520.56	0.0848392
1521.11	0.0602826
1521.67	0.0460512
1522.22	0.0524467
1522.78	0.0350059
1523.33	0.0349268
1523.89	0.00168318
1524.44	0.00608144
1525	0.0417196
1525.56	0.0374663
1526.11	0.154925
1526.67	0.018924
1527.22	0.0122937
1527.78	0.0114529
1528.33	0.0481736
1528.89	0.0538185
1529.44	0.0766205
1530	0.0827108
1530.56	0.0242768
1531.11	0.00685603
1531.67	0.00639362
1532.22	0.0282111
1532.78	0.110166
1533.33	0.110399
1533.89	0.0634749
1534.44	0.046784
1535	0.0960845
1535.56	0.0557725
1536.11	0.0149242
1536.67	0.102448
1537.22	0.056463
1537.78	0.0837369
1538.33	0.0026102
1538.89	0.0103589
1539.44	0.0129352
1540	0.0731783
1540.56	0.0445159
1541.11	0.151261
1541.67	0.107864
1542.22	0.0228036
1542.78	0.0338257
1543.33	0.0522333
1543.89	0.0247338
1544.44	0.0563259
1545	0.032384
1545.56	0.0897726
1546.11	0.0472455
1546.67	0.0148606
1547.22	0.0837106
1547.78	0.0607192
1548.33	0.0429281
1548.89	0.0176896
1549.44	0.0110045
1550	0.0034821
1550.56	0.0378516
1551.11	0.0511913
1551.67	0.090009
1552.22	0.121903
1552.78	0.0646008
1553.33	0.0710593
1553.89	0.0495206
1554.44	0.129186
1555	0.0201511
1555.56	0.0975596
1556.11	0.0802205
1556.67	0.106608
1557.22	0.0896584
1557.78	0.058618
1558.33	0.0955238
1558.89	0.109579
1559.44	0.0887253
1560	0.032181
1560.56	0.129688
1561.11	0.0480913
1561.67	0.03199
1562.22	0.102797
1562.78	0.00319224
1563.33	0.0463486
1563.89	0.13491
1564.44	0.114142
1565	0.118691
1565.56	0.0308251
1566.11	0.0765753
1566.67	0.0320864
1567.22	0.0475108
1567.78	0.109828
1568.33	0.0764072
1568.89	0.136621
1569.44	0.000593142
1570	0.00160341
1570.56	0.0158312
1571.11	0.103874
1571.67	0.256897
1572.22	0.228154
1572.78	0.0310468
1573.33	0.0629457
1573.89	0.0954774
1574.44	0.153342
1575	0.0518914
1575.56	0.137917
1576.11	0.0152592
1576.67	0.059625
1577.22	0.0693945
1577.78	0.0885852
1578.33	0.0200883
1578.89	0.0650801
1579.44	0.123752
1580	0.00491706
1580.56	0.0752493
1581.11	0.0468771
1581.67	0.19172
1582.22	0.0168766
1582.78	0.0355699
1583.33	0.0212757
1583.89	0.157025
1584.44	0.164501
1585	0.00939502
1585.56	0.0950278
1586.11	0.0846923
1586.67	0.0109488
1587.22	0.0224683
1587.78	0.0203505
1588.33	0.0226771
1588.89	0.0301495
1589.44	0.0177058
1590	0.0350381
1590.56	0.0236752
1591.11	0.0914554
1591.67	0.102648
1592.22	0.0932532
1592.78	0.00392158
1593.33	0.130665
1593.89	0.0778358
1594.44	0.0355062
1595	0.278966
1595.56	0.0230644
1596.11	0.117662
1596.67	0.326056
1597.22	0.073432
1597.78	0.0145736
1598.33	0.0081328
1598.89	0.187207
1599.44	0.201716
1600	0.0512728
1600.56	0.1437
1601.11	0.0602957
1601.67	0.0685029
1602.22	0.17205
1602.78	0.0133745
1603.33	0.0948667
1603.89	0.0393573
1604.44	0.164725
1605	0.0928143
1605.56	0.206102
1606.11	0.0521513
1606.67	0.119698
1607.22	0.125568
1607.78	0.470663
1608.33	0.113878
1608.89	0.126179
1609.44	0.140617
1610	0.316377
1610.56	0.0626731
1611.11	0.267747
1611.67	0.0616387
1612.22	0.0912916
1612.78	0.0439099
1613.33	0.0992599
1613.89	0.0530964
1614.44	0.169298
1615	0.098346
1615.56	0.137471
1616.11	0.0106019
1616.67	0.0426815
1617.22	0.129397
1617.78	0.110937
1618.33	0.0372599
1618.89	0.0537358
1619.44	0.191314
1620	0.0421871
1620.56	0.193358
1621.11	0.0516971
1621.67	0.259107
1622.22	0.11062
1622.78	0.0343163
1623.33	0.232221
1623.89	0.0629751
1624.44	0.228473
1625	0.0641992
1625.56	0.0588577
1626.11	0.0664396
1626.67	0.0460585
1627.22	0.029984
1627.78	0.0540413
1628.33	0.103238
1628.89	0.0542152
1629.44	0.116111
1630	0.0487677
1630.56	0.123782
1631.11	0.211907
1631.67	0.12259
1632.22	0.132907
1632.78	0.272939
1633.33	0.112929
1633.89	0.0481548
1634.44	0.0481584
1635	0.0877558
1635.56	0.217034
1636.11	0.16463
1636.67	0.0142162
1637.22	0.0933811
1637.78	0.100854
1638.33	0.0256248
1638.89	0.270181
1639.44	0.0620126
1640	0.0507186
1640.56	0.15933
1641.11	0.0431162
1641.67	0.33484
1642.22	0.0630186
1642.78	0.266622
1643.33	0.100156
1643.89	0.2804
1644.44	0.168655
1645	0.112874
1645.56	0.103323
1646.11	0.322266
1646.67	0.338711
1647.22	0.258466
1647.78	0.048048
1648.33	0.184443
1648.89	0.343139
1649.44	0.143789
1650	0.170108
1650.56	0.0572127
1651.11	0.114257
1651.67	0.39114
1652.22	0.0105587
1652.78	0.249169
1653.33	0.134244
1653.89	0.19074
1654.44	0.045281
1655	0.364136
1655.56	0.0513999
1656.11	0.0696835
1656.67	0.190107
1657.22	0.282549
1657.78	0.187222
1658.33	0.195803
1658.89	0.0140381
1659.44	0.069634
1660	0.02055
1660.56	0.0152064
1661.11	0.171256
1661.67	0.140734
1662.22	0.0789881
1662.78	0.16003
1663.33	0.116308
1663.89	0.186994
1664.44	0.169288
1665	0.0301478
1665.56	0.0765535
1666.11	0.194515
1666.67	0.560266
1667.22	0.39812
1667.78	0.426194
1668.33	0.358487
1668.89	0.0444164
1669.44	0.151527
1670	0.342885
1670.56	0.0201161
1671.11	0.272358
1671.67	0.0257822
1672.22	0.329168
1672.78	0.386925
1673.33	0.147743
1673.89	0.081674
1674.44	0.35799
1675	0.35125
1675.56	0.0509486
1676.11	0.401088
1676.67	0.352871
1677.22	0.327711
1677.78	0.0529944
1678.33	0.270839
1678.89	0.349789
1679.44	0.512359
1680	0.245886
1680.56	0.271266
1681.11	0.358261
1681.67	0.000639147
1682.22	0.186484
1682.78	0.148694
1683.33	0.371156
1683.89	0.24808
1684.44	0.0110238
1685	0.0559325
1685.56	0.287647
1686.11	0.421963
1686.67	0.40579
1687.22	0.0336908
1687.78	0.0212937
1688.33	0.171405
1688.89	0.0741351
1689.44	0.000722251
1690	0.41677
1690.56	0.152834
1691.11	0.364468
1691.67	0.180603
1692.22	0.31404
1692.78	0.218812
1693.33	0.198248
1693.89	0.0323949
1694.44	0.240119
1695	0.523367
1695.56	0.0392651
1696.11	0.0440871
1696.67	0.331689
1697.22	0.288989
1697.78	0.110636
1698.33	0.149613
1698.89	0.105105
1699.44	0.80088
1700	0.167989
1700.56	0.0295345
1701.11	0.522196
1701.67	0.080617
1702.22	0.12754
1702.78	0.296826
1703.33	0.130115
1703.89	0.245171
1704.44	0.477376
1705	0.00440094
1705.56	0.10736
1706.11	0.146164
1706.67	0.366964
1707.22	0.563323
1707.78	0.250874
1708.33	0.299843
1708.89	0.218815
1709.44	0.384889
1710	0.143061
1710.56	0.223867
1711.11	0.117764
1711.67	0.163048
1712.22	0.0846741
1712.78	0.463898
1713.33	0.0949693
1713.89	0.187432
1714.44	0.612231
1715	0.175413
1715.56	0.671804
1716.11	0.390844
1716.67	0.0981838
1717.22	1.03653
1717.78	0.728153
1718.33	0.666117
1718.89	0.231988
1719.44	0.767781
1720	0.440418
1720.56	0.0460034
1721.11	0.326779
1721.67	0.764366
1722.22	1.03064
1722.78	0.280186
1723.33	0.29953
1723.89	0.369858
1724.44	0.59796
1725	0.206714
1725.56	0.19652
1726.11	0.392368
1726.67	0.766197
1727.22	0.744237
1727.78	0.231428
1728.33	0.125819
1728.89	0.583516
1729.44	0.328973
1730	0.273549
1730.56	0.173521
1731.11	0.341416
1731.67	0.306005
1732.22	1.33285
1732.78	0.599574
1733.33	0.480647
1733.89	0.0434298
1734.44	1.12269
1735	0.0142053
1735.56	0.175742
1736.11	0.623753
1736.67	0.719562
1737.22	0.348649
1737.78	0.116939
1738.33	0.186128
1738.89	0.737075
1739.44	0.217403
1740	0.427913
1740.56	0.417362
1741.11	0.0174106
1741.67	0.249303
1742.22	0.109659
1742.78	0.744404
1743.33	0.714362
1743.89	0.191234
1744.44	0.90839
1745	0.314661
1745.56	0.196571
1746.11	1.0672
1746.67	0.301177
1747.22	0.683192
1747.78	0.449779
1748.33	0.0641746
1748.89	0.293345
1749.44	1.07478
1750	0.302063
1750.56	1.02387
1751.11	1.31988
1751.67	0.0490964
1752.22	0.215127
1752.78	0.171291
1753.33	0.649582
1753.89	0.894665
1754.44	0.10689
1755	1.07625
1755.56	0.543497
1756.11	0.297101
1756.67	0.738139
1757.22	0.423677
1757.78	0.39528
1758.33	0.277113
1758.89	1.44049
1759.44	0.305152
1760	0.262858
1760.56	1.0122
1761.11	0.509945
1761.67	0.5649
1762.22	0.00573026
1762.78	0.26991
1763.33	0.275104
1763.89	0.230935
1764.44	0.706643
1765	0.503128
1765.56	0.732172
1766.11	0.537331
1766.67	1.36239
1767.22	1.08918
1767.78	0.165779
1768.33	1.0224
1768.89	0.116544
1769.44	1.03493
1770	1.39142
1770.56	1.27197
1771.11	0.0337873
1771.67	0.817977
1772.22	0.260452
1772.78	0.377268
1773.33	0.369524
1773.89	1.50025
1774.44	0.166984
1775	0.31651
1775.56	0.544678
1776.11	0.424042
1776.67	0.0588298
1777.22	1.25947
1777.78	0.535825
1778.33	0.156989
1778.89	1.55531
1779.44	0.637424
1780	0.565718
1780.56	0.467513
1781.11	0.730126
1781.67	0.571871
1782.22	0.801062
1782.78	1.59709
1783.33	0.0665301
1783.89	0.353827
1784.44	0.0246325
1785	1.42712
1785.56	0.7191
1786.11	0.286249
1786.67	0.17583
1787.22	1.92645
1787.78	0.252518
1788.33	0.107121
1788.89	2.2446
1789.44	0.12016
1790	0.0381837
1790.56	1.06128
1791.11	0.78885
1791.67	1.05693
1792.22	1.62986
1792.78	1.60021
1793.33	1.92758
1793.89	0.608427
1794.44	0.166521
1795	0.678306
1795.56	0.276841
1796.11	0.00602986
1796.67	0.692783
1797.22	1.72409
1797.78	0.248149
1798.33	0.248578
1798.89	0.00134829
1799.44	1.87814
1800	1.80672
1800.56	0.59937
1801.11	0.702092
1801.67	1.40881
1802.22	0.441326
1802.78	1.83149
1803.33	0.418556
1803.89	0.247033
1804.44	2.05533
1805	0.317875
1805.56	0.617905
1806.11	0.129858
1806.67	0.660179
1807.22	0.56401
1807.78	0.340475
1808.33	1.39332
1808.89	0.590555
1809.44	0.123457
1810	1.42292
1810.56	0.106288
1811.11	1.20262
1811.67	0.818034
1812.22	0.814902
1812.78	0.252606
1813.33	1.62365
1813.89	0.368714
1814.44	1.66297
1815	0.221986
1815.56	0.955788
1816.11	0.428989
1816.67	1.1418
1817.22	0.555398
1817.78	0.375996
1818.33	0.382906
1818.89	0.364938
1819.44	1.37696
1820	0.287285
1820.56	0.929175
1821.11	1.42512
1821.67	1.99541
1822.22	0.787082
1822.78	2.41339
1823.33	1.27619
1823.89	0.0531784
1824.44	0.943649
1825	1.78683
1825.56	0.0708052
1826.11	1.37134
1826.67	1.16343
1827.22	0.150013
1827.78	1.65202
1828.33	0.707782
1828.89	1.11912
1829.44	0.48289
1830	1.98564
1830.56	1.89491
1831.11	1.23901
1831.67	0.151165
1832.22	2.47756
1832.78	1.11947
1833.33	1.22109
1833.89	1.28542
1834.44	1.33799
1835	0.10435
1835.56	0.557339
1836.11	1.02641
1836.67	1.34685
1837.22	0.201463
1837.78	2.02193
1838.33	1.70928
1838.89	0.829982
1839.44	0.559596
1840	1.30207
1840.56	0.592463
1841.11	0.0566317
1841.67	0.8219
1842.22	2.47884
1842.78	0.156751
1843.33	2.24761
1843.89	1.56109
1844.44	0.367223
1845	0.585445
1845.56	1.90496
1846.11	0.623439
1846.67	0.105426
1847.22	2.59167
1847.78	1.5941
1848.33	0.60874
1848.89	0.103263
1849.44	1.60644
1850	4.22697
1850.56	1.12406
1851.11	1.04712
1851.67	4.14634
1852.22	0.329421
1852.78	2.07031
1853.33	0.609712
1853.89	0.719792
1854.44	0.62728
1855	2.13446
1855.56	1.27561
1856.11	0.220053
1856.67	0.740117
1857.22	0.263147
1857.78	0.489794
1858.33	0.0116206
1858.89	0.711311
1859.44	0.889627
1860	0.39134
1860.56	0.757148
1861.11	0.386921
1861.67	0.265569
1862.22	0.568076
1862.78	0.841289
1863.33	2.38949
1863.89	0.886271
1864.44	2.46146
1865	2.03352
1865.56	2.78496
1866.11	0.711796
1866.67	0.446992
1867.22	2.51276
1867.78	1.00577
1868.33	0.642491
1868.89	2.85366
1869.44	0.242927
1870	1.373
1870.56	2.42691
1871.11	0.69048
1871.67	0.717176
1872.22	0.146007
1872.78	1.46031
1873.33	2.67378
1873.89	1.69336
1874.44	0.915927
1875	0.0149269
1875.56	2.7592
1876.11	0.338675
1876.67	0.711096
1877.22	1.33151
1877.78	1.13011
1878.33	1.18638
1878.89	0.435249
1879.44	0.987986
1880	2.47968
1880.56	0.426281
1881.11	0.394223
1881.67	1.22376
1882.22	0.429409
1882.78	0.104863
1883.33	0.314413
1883.89	0.647242
1884.44	0.609904
1885	1.53445
1885.56	0.052426
1886.11	0.825026
1886.67	0.208954
1887.22	0.414666
1887.78	0.691037
1888.33	2.71143
1888.89	0.281592
1889.44	1.42396
1890	1.40814
1890.56	3.57252
1891.11	2.36852
1891.67	0.0179678
1892.22	0.41282
1892.78	1.97963
1893.33	1.1351
1893.89	1.72695
1894.44	0.120323
1895	1.04936
1895.56	1.30092
1896.11	2.12738
1896.67	1.95965
1897.22	0.323734
1897.78	2.04382
1898.33	0.661514
1898.89	0.138827
1899.44	1.40683
1900	1.08506
1900.56	1.86263
1901.11	1.23539
1901.67	0.531739
1902.22	1.4711
1902.78	0.565953
1903.33	1.10071
1903.89	1.84397
1904.44	3.30828
1905	2.27117
1905.56	0.187876
1906.11	2.46804
1906.67	0.887747
1907.22	0.380633
1907.78	0.490565
1908.33	2.1095
1908.89	1.0183
1909.44	0.501807
1910	1.23067
1910.56	0.716387
1911.11	1.90119
1911.67	1.67298
1912.22	2.55672
1912.78	1.91393
1913.33	1.51656
1913.89	1.64582
1914.44	0.636051
1915	3.08294
1915.56	0.505406
1916.11	1.72521
1916.67	1.94191
1917.22	1.1246
1917.78	0.46728
1918.33	0.386265
1918.89	0.2654
1919.44	3.35886
1920	1.17641
1920.56	3.4691
1921.11	0.546955
1921.67	1.84366
1922.22	1.20331
1922.78	1.42298
1923.33	0.718452
1923.89	0.918998
1924.44	3.02894
1925	1.2504
1925.56	1.58325
1926.11	0.436471
1926.67	1.91062
1927.22	0.494657
1927.78	2.2116
1928.33	1.11139
1928.89	2.17066
1929.44	1.43561
1930	0.263561
1930.56	0.0610549
1931.11	0.876922
1931.67	0.532489
1932.22	2.17937
1932.78	1.15532
1933.33	0.11225
1933.89	0.17253
1934.44	0.33837
1935	1.01047
1935.56	1.48727
1936.11	0.517599
1936.67	0.173194
1937.22	0.380033
1937.78	2.81628
1938.33	1.03327
1938.89	0.0991282
1939.44	1.42498
1940	1.29274
1940.56	1.03947
1941.11	0.315976
1941.67	0.152065
1942.22	3.62912
1942.78	3.73274
1943.33	1.48684
1943.89	1.64993
1944.44	0.712342
1945	0.358518
1945.56	1.21271
1946.11	2.60045
1946.67	0.261733
1947.22	1.07662
1947.78	1.83018
1948.33	2.59227
1948.89	0.334665
1949.44	0.28136
1950	3.50735
1950.56	3.11662
1951.11	1.18676
1951.67	2.59502
1952.22	3.4338
1952.78	1.34452
1953.33	2.28875
1953.89	1.46037
1954.44	0.289309
1955	0.752777
1955.56	0.111367
1956.11	0.263197
1956.67	1.07111
1957.22	0.199005
1957.78	3.06205
1958.33	0.181101
1958.89	0.868908
1959.44	0.958532
1960	0.296688
1960.56	0.350405
1961.11	0.711655
1961.67	0.629688
1962.22	0.82348
1962.78	1.56656
1963.33	0.699925
1963.89	3.57275
1964.44	1.55015
1965	0.686028
1965.56	0.670413
1966.11	1.54851
1966.67	1.50784
1967.22	2.55397
1967.78	0.436934
1968.33	1.62842
1968.89	1.34795
1969.44	1.06069
1970	0.701501
1970.56	0.0404373
1971.11	0.157487
1971.67	0.417591
1972.22	0.18446
1972.78	0.0221487
1973.33	1.26491
1973.89	0.505033
1974.44	0.325263
1975	1.00224
1975.56	0.613566
1976.11	0.967074
1976.67	1.20753
1977.22	0.607149
1977.78	2.23487
1978.33	1.2926
1978.89	0.977883
1979.44	0.276041
1980	1.15888
1980.56	2.21824
1981.11	3.01414
1981.67	1.87193
1982.22	1.34678
1982.78	1.24463
1983.33	0.729047
1983.89	3.03447
1984.44	0.131648
1985	2.92107
1985.56	0.260924
1986.11	2.36466
1986.67	1.21622
1987.22	2.0921
1987.78	0.0818219
1988.33	1.75942
1988.89	2.84053
1989.44	0.294118
1990	0.262599
1990.56	2.58685
1991.11	1.69609
1991.67	0.689732
1992.22	0.935219
1992.78	0.321128
1993.33	0.0417774
1993.89	0.465888
1994.44	2.25425
1995	2.25208
1995.56	0.286165
1996.11	0.862646
1996.67	1.9739
1997.22	2.7476
1997.78	0.222471
1998.33	0.380701
1998.89	0.860216
1999.44	1.4249
2000	1.2414
