t	etaU
0	3.53256e-14
0.555556	0.0758872
1.11111	1.82808
1.66667	1.79771
2.22222	1.3751
2.77778	0.31111
3.33333	2.09555
3.88889	0.441333
4.44444	1.06348
5	1.01174
5.55556	0.543432
6.11111	0.26418
6.66667	0.634008
7.22222	1.02623
7.77778	0.00679477
8.33333	0.342262
8.88889	1.46087
9.44444	0.0275593
10	1.58929
10.5556	0.00801922
11.1111	0.838246
11.6667	0.288388
12.2222	0.559043
12.7778	2.45873
13.3333	0.361112
13.8889	2.7315
14.4444	0.348618
15	2.73149
15.5556	1.26559
16.1111	1.89663
16.6667	0.456385
17.2222	0.0757341
17.7778	0.666456
18.3333	2.28005
18.8889	0.950194
19.4444	0.0710857
20	1.18015
20.5556	0.0426816
21.1111	3.15316
21.6667	1.10704
22.2222	0.330443
22.7778	0.101497
23.3333	0.306535
23.8889	1.96298
24.4444	1.09737
25	1.85797
25.5556	0.104919
26.1111	0.232154
26.6667	0.703088
27.2222	1.2638
27.7778	0.147424
28.3333	1.557
28.8889	0.559215
29.4444	0.724875
30	1.51422
30.5556	0.89476
31.1111	0.400825
31.6667	1.3147
32.2222	1.32757
32.7778	2.3344
33.3333	0.670853
33.8889	0.642008
34.4444	1.14469
35	0.848711
35.5556	2.69916
36.1111	0.815635
36.6667	0.843582
37.2222	0.265438
37.7778	0.443044
38.3333	1.84302
38.8889	1.05814
39.4444	1.12928
40	1.60776
40.5556	0.0117459
41.1111	0.90842
41.6667	2.22324
42.2222	0.9606
42.7778	0.0701721
43.3333	1.96399
43.8889	0.507729
44.4444	1.22766
45	0.876509
45.5556	0.207495
46.1111	0.00682986
46.6667	0.00960893
47.2222	0.837978
47.7778	1.30262
48.3333	1.05147
48.8889	0.243715
49.4444	0.895488
50	0.650422
50.5556	1.67857
51.1111	2.58922
51.6667	1.42653
52.2222	0.472814
52.7778	0.330354
53.3333	0.430719
53.8889	0.64798
54.4444	0.192371
55	1.43855
55.5556	1.13484
56.1111	0.449789
56.6667	1.61873
57.2222	0.0507985
57.7778	0.929287
58.3333	1.06543
58.8889	0.667117
59.4444	1.53234
60	1.11263
60.5556	0.614613
61.1111	0.911561
61.6667	1.61101
62.2222	0.527126
62.7778	2.74142
63.3333	1.28055
63.8889	1.85989
64.4444	0.869384
65	0.439338
65.5556	1.10398
66.1111	1.28309
66.6667	0.959153
67.2222	1.51938
67.7778	0.700715
68.3333	0.895373
68.8889	0.168868
69.4444	1.17703
70	0.444912
70.5556	0.507569
71.1111	0.352321
71.6667	0.586933
72.2222	0.234367
72.7778	0.431682
73.3333	0.686297
73.8889	0.704056
74.4444	0.0373885
75	0.741716
75.5556	0.389234
76.1111	0.0113621
76.6667	1.55708
77.2222	1.90866
77.7778	0.441765
78.3333	0.246245
78.8889	0.111055
79.4444	1.31529
80	1.81163
80.5556	0.771452
81.1111	0.00114387
81.6667	1.1769
82.2222	0.710486
82.7778	0.650908
83.3333	2.13844
83.8889	1.62331
84.4444	0.245954
85	1.6372
85.5556	0.248746
86.1111	0.150667
86.6667	0.333861
87.2222	0.153813
87.7778	0.356968
88.3333	0.824915
88.8889	0.123847
89.4444	0.775899
90	0.593386
90.5556	0.592874
91.1111	0.0455763
91.6667	0.782893
92.2222	0.550476
92.7778	0.0103365
93.3333	0.303125
93.8889	0.908606
94.4444	0.524213
95	0.107647
95.5556	0.0476833
96.1111	1.02471
96.6667	0.576033
97.2222	0.500498
97.7778	0.0890482
98.3333	1.09527
98.8889	1.3179
99.4444	0.172322
100	0.793306
100.556	0.0265196
101.111	0.373927
101.667	0.705169
102.222	0.77604
102.778	0.778125
103.333	1.9642
103.889	0.54929
104.444	0.323191
105	0.645989
105.556	1.42861
106.111	0.190342
106.667	1.3247
107.222	0.260835
107.778	1.57547
108.333	0.399604
108.889	0.41735
109.444	0.124038
110	2.26963
110.556	0.263508
111.111	0.178029
111.667	1.22121
112.222	0.0609936
112.778	0.720888
113.333	1.98869
113.889	2.0037
114.444	0.131579
115	1.21435
115.556	0.649184
116.111	2.58201
116.667	0.721037
117.222	0.0775377
117.778	0.25192
118.333	0.316781
118.889	1.09748
119.444	0.496048
120	1.03394
120.556	0.267933
121.111	1.48364
121.667	0.781257
122.222	0.0388106
122.778	0.387692
123.333	0.864287
123.889	0.11052
124.444	0.823259
125	0.118845
125.556	0.775306
126.111	1.43274
126.667	0.401721
127.222	1.01875
127.778	0.562082
128.333	0.47638
128.889	0.844775
129.444	1.12321
130	0.876108
130.556	0.867518
131.111	0.989806
131.667	0.255002
132.222	0.685617
132.778	1.42069
133.333	0.793858
133.889	0.411768
134.444	1.21201
135	0.731435
135.556	0.570273
136.111	0.386187
136.667	0.422164
137.222	0.900013
137.778	0.614999
138.333	0.828528
138.889	1.20544
139.444	0.821438
140	0.178737
140.556	0.575944
141.111	1.16925
141.667	1.176
142.222	0.750344
142.778	1.04726
143.333	0.308595
143.889	1.36457
144.444	0.0389841
145	0.0764332
145.556	0.216816
146.111	1.05417
146.667	1.78876
147.222	0.0860207
147.778	0.331662
148.333	2.43514
148.889	0.0424871
149.444	1.0717
150	0.197637
150.556	0.807442
151.111	1.35725
151.667	0.557268
152.222	0.158563
152.778	0.120459
153.333	1.22829
153.889	0.0421367
154.444	0.293474
155	0.283388
155.556	2.37343
156.111	1.1807
156.667	0.0132803
157.222	0.750356
157.778	0.239236
158.333	1.52833
158.889	1.56561
159.444	0.222726
160	0.941881
160.556	0.663037
161.111	0.294806
161.667	0.794806
162.222	1.26659
162.778	1.41978
163.333	0.528335
163.889	1.72907
164.444	0.500282
165	0.51514
165.556	0.0939439
166.111	1.89361
166.667	1.42549
167.222	0.58726
167.778	0.641158
168.333	0.554689
168.889	0.868467
169.444	0.146335
170	0.149
170.556	0.306624
171.111	1.69687
171.667	0.851934
172.222	0.692161
172.778	0.174072
173.333	1.51997
173.889	0.348787
174.444	0.277176
175	0.370382
175.556	0.406323
176.111	0.752255
176.667	1.74226
177.222	0.892053
177.778	0.103644
178.333	0.109094
178.889	0.248488
179.444	0.339448
180	0.478157
180.556	1.62439
181.111	1.17421
181.667	0.523397
182.222	0.528127
182.778	1.60643
183.333	1.1482
183.889	0.328038
184.444	0.0644982
185	0.281236
185.556	1.21754
186.111	0.653554
186.667	0.388176
187.222	1.48463
187.778	0.635528
188.333	0.733135
188.889	0.0572197
189.444	0.123233
190	0.14372
190.556	0.119221
191.111	1.55239
191.667	0.304828
192.222	1.90082
192.778	0.794993
193.333	0.068492
193.889	0.555477
194.444	0.282092
195	0.840945
195.556	1.32548
196.111	0.577537
196.667	0.726137
197.222	0.90406
197.778	0.943992
198.333	0.398559
198.889	0.0238547
199.444	0.388069
200	0.475487
200.556	0.53861
201.111	0.778968
201.667	0.32966
202.222	1.63425
202.778	1.06469
203.333	1.05257
203.889	0.646618
204.444	1.92161
205	0.710956
205.556	0.613872
206.111	1.84785
206.667	0.153627
207.222	0.335028
207.778	0.953233
208.333	0.0854195
208.889	0.25489
209.444	0.61116
210	0.275113
210.556	0.335045
211.111	0.177403
211.667	0.661222
212.222	1.13892
212.778	0.112242
213.333	0.682843
213.889	0.756725
214.444	0.191434
215	0.379316
215.556	0.173584
216.111	0.837592
216.667	0.0653451
217.222	0.214984
217.778	0.50872
218.333	0.347232
218.889	0.812141
219.444	0.44977
220	1.34097
220.556	0.425968
221.111	0.159338
221.667	0.273071
222.222	0.101745
222.778	0.415158
223.333	0.862456
223.889	0.277286
224.444	0.366189
225	0.793987
225.556	0.481578
226.111	0.792512
226.667	0.310764
227.222	0.312668
227.778	1.08396
228.333	0.702171
228.889	0.166244
229.444	0.508272
230	0.502581
230.556	0.611927
231.111	1.26151
231.667	0.640446
232.222	0.898771
232.778	0.328252
233.333	0.114993
233.889	0.536614
234.444	0.661744
235	0.915176
235.556	0.430756
236.111	0.419735
236.667	0.776399
237.222	0.229
237.778	0.282531
238.333	0.224692
238.889	0.175331
239.444	1.2073
240	0.174059
240.556	0.594982
241.111	0.0520454
241.667	0.181294
242.222	0.269129
242.778	0.187863
243.333	0.874445
243.889	0.0423992
244.444	0.192351
245	0.0722945
245.556	0.752022
246.111	0.0403668
246.667	0.714737
247.222	0.233865
247.778	0.488801
248.333	0.234356
248.889	0.494313
249.444	0.234445
250	0.0399902
250.556	0.188922
251.111	0.487222
251.667	0.944926
252.222	0.712885
252.778	0.74656
253.333	0.196006
253.889	0.200589
254.444	0.101268
255	1.15372
255.556	0.202845
256.111	0.365099
256.667	0.34569
257.222	0.605459
257.778	0.237319
258.333	0.125202
258.889	0.51016
259.444	0.279136
260	0.33137
260.556	0.194355
261.111	0.235759
261.667	0.1352
262.222	0.27849
262.778	0.179102
263.333	0.539077
263.889	0.499209
264.444	0.964202
265	0.295349
265.556	0.180415
266.111	0.553148
266.667	0.462485
267.222	0.427294
267.778	0.034015
268.333	0.0233835
268.889	0.61092
269.444	0.619403
270	0.158415
270.556	0.213306
271.111	0.726665
271.667	0.0734944
272.222	0.737059
272.778	0.237239
273.333	0.287691
273.889	0.233975
274.444	0.525451
275	0.23124
275.556	0.171049
276.111	0.728457
276.667	0.331297
277.222	0.570311
277.778	0.359812
278.333	0.290538
278.889	0.107858
279.444	0.269647
280	0.0611196
280.556	0.0337796
281.111	0.0817826
281.667	0.244751
282.222	1.08125
282.778	0.186884
283.333	0.282798
283.889	0.0991223
284.444	0.744401
285	0.127558
285.556	0.117639
286.111	0.523261
286.667	0.395868
287.222	0.30772
287.778	0.162464
288.333	0.0980728
288.889	0.34176
289.444	0.0395688
290	0.684929
290.556	0.0403224
291.111	0.0783096
291.667	0.014349
292.222	0.25207
292.778	0.22391
293.333	0.0990201
293.889	0.0029755
294.444	0.301176
295	0.265918
295.556	0.0634127
296.111	0.047349
296.667	0.151838
297.222	0.0865311
297.778	0.325386
298.333	0.287336
298.889	0.554841
299.444	0.156383
300	0.177659
300.556	0.55444
301.111	0.286158
301.667	0.00164946
302.222	0.0390765
302.778	0.172772
303.333	0.19869
303.889	0.442136
304.444	0.244961
305	0.485584
305.556	0.25052
306.111	0.0155735
306.667	0.146811
307.222	0.0774769
307.778	0.338022
308.333	0.381574
308.889	0.00363799
309.444	0.0578328
310	0.332176
310.556	0.552209
311.111	0.260935
311.667	0.167756
312.222	0.198663
312.778	0.0503475
313.333	0.0100454
313.889	0.146661
314.444	0.307876
315	0.270963
315.556	0.0263314
316.111	0.0621895
316.667	0.454453
317.222	0.436789
317.778	0.0512381
318.333	0.179583
318.889	0.0828652
319.444	0.149955
320	0.15513
320.556	0.0706857
321.111	0.233248
321.667	0.301006
322.222	0.195193
322.778	0.0931611
323.333	0.166452
323.889	0.496224
324.444	0.033844
325	0.168696
325.556	0.384733
326.111	0.0149523
326.667	0.108206
327.222	0.400515
327.778	0.0600065
328.333	0.0611434
328.889	0.105802
329.444	0.0831394
330	0.659053
330.556	0.458017
331.111	0.0481496
331.667	0.4226
332.222	0.175657
332.778	0.088369
333.333	0.0185
333.889	0.36026
334.444	0.274165
335	0.0865986
335.556	0.127904
336.111	0.376921
336.667	0.160069
337.222	0.0423354
337.778	0.0746105
338.333	0.181433
338.889	0.0277723
339.444	0.0642485
340	0.142775
340.556	0.204816
341.111	0.21076
341.667	0.320803
342.222	0.226716
342.778	0.115892
343.333	0.239003
343.889	0.0722571
344.444	0.0603116
345	0.102917
345.556	0.135751
346.111	0.221931
346.667	0.0135274
347.222	0.0226897
347.778	0.0347989
348.333	0.352836
348.889	0.0319763
349.444	0.05283
350	0.0720562
350.556	0.023721
351.111	0.112761
351.667	0.191056
352.222	0.0665819
352.778	0.0677867
353.333	0.214309
353.889	0.0130201
354.444	0.0285356
355	0.0762984
355.556	0.094796
356.111	0.0958846
356.667	0.244797
357.222	0.347883
357.778	0.260342
358.333	0.125126
358.889	0.109821
359.444	0.120836
360	0.183655
360.556	0.14752
361.111	0.107822
361.667	0.0546012
362.222	0.245605
362.778	0.147917
363.333	0.107519
363.889	0.096721
364.444	0.23255
365	0.302682
365.556	0.101288
366.111	0.262737
366.667	0.22969
367.222	0.275662
367.778	0.0737049
368.333	0.152965
368.889	0.0329309
369.444	0.0231905
370	0.0434078
370.556	0.200014
371.111	0.108502
371.667	0.0810198
372.222	0.131157
372.778	0.0381073
373.333	0.0407606
373.889	0.112731
374.444	0.125958
375	0.00420331
375.556	0.253846
376.111	0.133216
376.667	0.0992135
377.222	0.143674
377.778	0.0391417
378.333	0.162798
378.889	0.171155
379.444	0.0343552
380	0.0441483
380.556	0.158642
381.111	0.0355902
381.667	0.0189551
382.222	0.0704948
382.778	0.23354
383.333	0.0912259
383.889	0.210555
384.444	0.0879088
385	0.171871
385.556	0.19653
386.111	0.0305229
386.667	0.0413844
387.222	0.0674302
387.778	0.199559
388.333	0.053441
388.889	0.0472322
389.444	0.069771
390	0.0309877
390.556	0.018978
391.111	0.133687
391.667	0.150148
392.222	0.129018
392.778	0.0122957
393.333	0.0137055
393.889	0.0329046
394.444	0.0998456
395	0.0078819
395.556	0.102577
396.111	0.00526546
396.667	0.0783977
397.222	0.0118644
397.778	0.102207
398.333	0.223217
398.889	0.0254581
399.444	0.124401
400	0.0253223
400.556	0.0947854
401.111	0.0608472
401.667	0.173284
402.222	0.164157
402.778	0.0905086
403.333	0.0307519
403.889	0.0146197
404.444	0.0791742
405	0.265593
405.556	0.11788
406.111	0.0413693
406.667	0.133093
407.222	0.0773079
407.778	0.221694
408.333	0.00439472
408.889	0.13418
409.444	0.0439259
410	0.162276
410.556	0.0541862
411.111	0.0902429
411.667	0.0119095
412.222	0.234603
412.778	0.127249
413.333	0.13361
413.889	0.0440643
414.444	0.0262733
415	0.125727
415.556	0.122641
416.111	0.0222892
416.667	0.0300634
417.222	0.0601286
417.778	0.00213205
418.333	0.205698
418.889	0.0575228
419.444	0.131632
420	0.083182
420.556	0.0627964
421.111	0.29628
421.667	0.0829612
422.222	0.0564637
422.778	0.137506
423.333	0.063608
423.889	0.0503317
424.444	0.016886
425	0.035346
425.556	0.236492
426.111	0.0174016
426.667	0.0652255
427.222	0.101217
427.778	0.0667842
428.333	0.109072
428.889	0.136443
429.444	0.05495
430	0.0705997
430.556	0.0319177
431.111	0.0789135
431.667	0.0128068
432.222	0.0748591
432.778	0.0821274
433.333	0.0532375
433.889	0.189423
434.444	0.0747435
435	0.0677265
435.556	0.0721847
436.111	0.0208781
436.667	0.0652804
437.222	0.107819
437.778	0.00279809
438.333	0.0272667
438.889	0.125729
439.444	0.0767492
440	0.0288386
440.556	0.0306469
441.111	0.0845151
441.667	0.0210533
442.222	0.0612463
442.778	0.0472922
443.333	0.0668045
443.889	0.0545257
444.444	0.0527836
445	0.0103424
445.556	0.0465126
446.111	0.00169917
446.667	0.0594704
447.222	0.0630362
447.778	0.0750963
448.333	0.0348625
448.889	0.0964421
449.444	0.191655
450	0.0364071
450.556	0.101786
451.111	0.0176623
451.667	0.0151988
452.222	0.0532074
452.778	0.00523904
453.333	0.0196437
453.889	0.00548487
454.444	0.0108559
455	0.107816
455.556	0.12386
456.111	0.0168818
456.667	0.0103276
457.222	0.0573433
457.778	0.0993719
458.333	0.080846
458.889	0.0390779
459.444	0.0709938
460	0.0731689
460.556	0.105075
461.111	0.0527201
461.667	0.00555546
462.222	0.00134049
462.778	0.0658543
463.333	0.00543594
463.889	0.0440197
464.444	0.129893
465	0.0958742
465.556	0.132182
466.111	0.00998477
466.667	0.0287083
467.222	0.0473643
467.778	0.0395597
468.333	0.0317327
468.889	0.0370106
469.444	0.0269218
470	0.0445958
470.556	0.061653
471.111	0.0528347
471.667	0.0750438
472.222	0.0135266
472.778	0.145732
473.333	0.0826184
473.889	0.0528467
474.444	0.03314
475	0.00684771
475.556	0.109233
476.111	0.0175488
476.667	0.0752463
477.222	0.0168854
477.778	0.0308591
478.333	0.0588322
478.889	0.0392053
479.444	0.0978498
480	0.0803869
480.556	0.085055
481.111	0.0378531
481.667	0.00118155
482.222	0.0291596
482.778	0.0336146
483.333	0.058755
483.889	0.0755983
484.444	0.0886677
485	0.0167389
485.556	0.0830101
486.111	0.148474
486.667	0.0123587
487.222	0.0942771
487.778	0.0369918
488.333	0.0302009
488.889	0.0245976
489.444	0.095003
490	0.0012705
490.556	0.0459512
491.111	0.14385
491.667	0.0120481
492.222	0.0533283
492.778	0.00121662
493.333	0.0212532
493.889	0.0364985
494.444	0.128778
495	0.0269102
495.556	0.0593469
496.111	0.0650758
496.667	0.0186001
497.222	0.045766
497.778	0.0335564
498.333	0.0798001
498.889	0.00355366
499.444	0.112408
500	0.0443027
500.556	0.03284
501.111	0.049802
501.667	0.0267095
502.222	0.0435603
502.778	0.0285953
503.333	0.0106123
503.889	0.0255067
504.444	0.000445975
505	0.0284763
505.556	0.057049
506.111	0.0639391
506.667	0.0534654
507.222	0.0714423
507.778	0.0641292
508.333	0.0143243
508.889	0.0322416
509.444	0.0779124
510	0.00806895
510.556	0.0465717
511.111	0.0232816
511.667	0.100522
512.222	0.0545845
512.778	0.0733886
513.333	0.0218546
513.889	0.0554452
514.444	0.056074
515	0.089669
515.556	0.0737188
516.111	0.0267679
516.667	0.0506407
517.222	0.0210415
517.778	0.00607241
518.333	0.00129154
518.889	0.0950984
519.444	0.00658772
520	0.0168995
520.556	0.0429368
521.111	0.0285146
521.667	0.0028242
522.222	0.114039
522.778	0.07744
523.333	0.0578727
523.889	0.123742
524.444	0.0288935
525	0.0224888
525.556	0.0920922
526.111	0.0422409
526.667	0.00283246
527.222	0.0611619
527.778	0.0435556
528.333	0.0171488
528.889	0.0326195
529.444	0.0216303
530	0.0479856
530.556	0.0492457
531.111	0.0773965
531.667	0.0414416
532.222	0.0531268
532.778	0.0216018
533.333	0.00729528
533.889	0.049433
534.444	0.0169395
535	0.0100054
535.556	0.0419543
536.111	0.0542722
536.667	0.0210386
537.222	0.015231
537.778	0.0271398
538.333	0.0556681
538.889	0.152351
539.444	0.044669
540	0.0395423
540.556	0.0135625
541.111	0.0547003
541.667	0.00719319
542.222	0.0331203
542.778	0.105482
543.333	0.00962133
543.889	0.0790701
544.444	0.0379311
545	0.0418644
545.556	0.0146384
546.111	0.0738277
546.667	0.0241257
547.222	0.0868465
547.778	0.0133463
548.333	0.0364897
548.889	0.0470039
549.444	0.0293022
550	0.0305199
550.556	0.0664744
551.111	0.113738
551.667	0.0761602
552.222	0.0145484
552.778	0.0290571
553.333	0.00796835
553.889	0.056605
554.444	0.0102052
555	0.0917027
555.556	0.0013562
556.111	0.0512287
556.667	0.0610611
557.222	0.00298445
557.778	0.02142
558.333	0.088188
558.889	0.018413
559.444	0.0522631
560	0.0303161
560.556	0.0334316
561.111	0.0218342
561.667	0.00169182
562.222	0.0247422
562.778	0.00291197
563.333	0.0769198
563.889	0.0215911
564.444	0.0108041
565	0.0108575
565.556	0.0723004
566.111	0.0396234
566.667	0.0170189
567.222	0.037554
567.778	0.00963863
568.333	0.0377904
568.889	0.0672546
569.444	0.0196778
570	0.022165
570.556	0.0379313
571.111	0.0154638
571.667	0.0569914
572.222	0.00634642
572.778	0.051429
573.333	0.0321041
573.889	0.0377974
574.444	0.0280341
575	0.0337902
575.556	0.0752767
576.111	0.0191573
576.667	0.0583121
577.222	0.0200865
577.778	0.0582242
578.333	0.0231674
578.889	0.0579203
579.444	0.00398288
580	0.0358782
580.556	0.0400074
581.111	0.0231284
581.667	0.0107412
582.222	0.0257401
582.778	0.0539843
583.333	0.065185
583.889	0.0337616
584.444	0.00265224
585	0.0333784
585.556	0.0420109
586.111	0.0700295
586.667	0.00407861
587.222	0.0292641
587.778	0.0521344
588.333	0.0107178
588.889	0.00929385
589.444	0.015409
590	0.0362471
590.556	0.0396775
591.111	0.0722237
591.667	0.00371703
592.222	0.0063451
592.778	0.0106722
593.333	0.021762
593.889	0.0814204
594.444	0.0130836
595	0.0300589
595.556	0.0272925
596.111	0.0352658
596.667	0.0477602
597.222	0.0619325
597.778	0.00423421
598.333	0.0203606
598.889	0.00291401
599.444	0.0263027
600	0.00584026
600.556	0.0374545
601.111	0.016693
601.667	0.0019718
602.222	0.0329424
602.778	0.0267848
603.333	0.0140563
603.889	0.0282219
604.444	0.0222234
605	0.0110941
605.556	0.0297151
606.111	0.00132873
606.667	0.00499945
607.222	0.00249319
607.778	0.0481324
608.333	0.00457876
608.889	0.040804
609.444	0.0105942
610	0.0109323
610.556	0.0265472
611.111	0.0348207
611.667	0.00780536
612.222	0.00243807
612.778	0.0260941
613.333	0.0250391
613.889	0.0125312
614.444	0.0141414
615	0.0544901
615.556	0.0119882
616.111	0.02525
616.667	0.0113108
617.222	0.0102146
617.778	0.0292686
618.333	0.00563311
618.889	0.0261337
619.444	0.01283
620	0.02354
620.556	0.026382
621.111	0.0325332
621.667	0.0553234
622.222	0.0370143
622.778	0.0044263
623.333	0.0196896
623.889	0.0357279
624.444	0.0126379
625	0.0171271
625.556	0.0196791
626.111	0.0198686
626.667	0.0287021
627.222	0.0253816
627.778	0.0290317
628.333	0.00452709
628.889	0.0586079
629.444	0.0104732
630	0.0247656
630.556	0.0136497
631.111	0.0172495
631.667	0.0113909
632.222	0.0169475
632.778	0.0664331
633.333	0.00284876
633.889	0.0354695
634.444	0.00165173
635	0.0193662
635.556	0.0046031
636.111	0.052975
636.667	0.0113401
637.222	0.0344216
637.778	0.0345317
638.333	0.0255331
638.889	0.0136795
639.444	0.000714939
640	0.0494837
640.556	0.0173546
641.111	0.0595248
641.667	0.0377959
642.222	0.00322395
642.778	0.0291057
643.333	0.0172383
643.889	0.00286533
644.444	0.0144062
645	0.00570559
645.556	0.0152785
646.111	0.0419111
646.667	0.0453073
647.222	0.00812479
647.778	0.0227555
648.333	0.0195012
648.889	0.032789
649.444	0.00851657
650	0.00738002
650.556	0.044626
651.111	0.0105899
651.667	0.0087228
652.222	0.0137303
652.778	0.0383366
653.333	0.0133668
653.889	0.062734
654.444	0.0324651
655	0.00468436
655.556	0.018966
656.111	0.0588406
656.667	0.0292012
657.222	0.0156925
657.778	0.0653931
658.333	0.041369
658.889	0.0441215
659.444	0.00526792
660	0.0727419
660.556	0.00325777
661.111	0.0624285
661.667	0.0232181
662.222	0.0106304
662.778	0.0145169
663.333	0.0345144
663.889	0.0234451
664.444	0.010714
665	0.0536732
665.556	0.0428739
666.111	0.0274365
666.667	0.00820852
667.222	0.0166131
667.778	0.0310609
668.333	0.0489464
668.889	0.0142788
669.444	0.01222
670	0.0176789
670.556	0.010662
671.111	0.00524621
671.667	0.0220016
672.222	0.0469514
672.778	0.0166927
673.333	0.0289493
673.889	0.0096305
674.444	0.0117546
675	0.00274505
675.556	0.0131862
676.111	0.0031679
676.667	0.0013606
677.222	0.0248228
677.778	0.0176084
678.333	0.0517055
678.889	0.029044
679.444	0.000683667
680	0.0081493
680.556	0.0439525
681.111	0.00947878
681.667	0.0348384
682.222	0.00278674
682.778	0.0144996
683.333	0.050239
683.889	0.0105206
684.444	0.0230156
685	0.0416366
685.556	0.0621053
686.111	0.0317459
686.667	0.0125557
687.222	0.0334931
687.778	0.0214615
688.333	0.0337196
688.889	0.065033
689.444	0.0387333
690	0.0336829
690.556	0.0451655
691.111	0.013826
691.667	0.012654
692.222	0.0273544
692.778	0.0747422
693.333	0.0189939
693.889	0.0415606
694.444	0.0353268
695	0.00688059
695.556	0.0280896
696.111	0.0280204
696.667	0.042091
697.222	0.0307307
697.778	0.0446095
698.333	0.0181691
698.889	0.0115418
699.444	0.0247106
700	0.0497035
700.556	0.0109388
701.111	0.0365783
701.667	0.00643704
702.222	0.00677148
702.778	0.0142325
703.333	0.000162706
703.889	0.0312087
704.444	0.0172749
705	0.0286378
705.556	0.0400801
706.111	0.0116788
706.667	0.025371
707.222	0.00890973
707.778	0.0160745
708.333	0.000944118
708.889	0.00103335
709.444	0.018757
710	0.0116862
710.556	0.0549866
711.111	0.0213709
711.667	0.00919127
712.222	0.00771614
712.778	0.0585407
713.333	0.00430481
713.889	0.0271905
714.444	0.0437128
715	0.00884406
715.556	0.0336588
716.111	0.0144309
716.667	0.0606138
717.222	0.0111272
717.778	0.0718462
718.333	0.02109
718.889	0.0251129
719.444	0.0143976
720	0.0544691
720.556	0.00697788
721.111	0.0298296
721.667	0.0573003
722.222	0.00971622
722.778	0.0477589
723.333	0.0194868
723.889	0.0436872
724.444	0.000197824
725	0.0584963
725.556	0.016335
726.111	0.0159016
726.667	0.012313
727.222	0.0267504
727.778	0.0145848
728.333	0.0106054
728.889	0.0368783
729.444	0.0121912
730	0.0402897
730.556	0.00869277
731.111	0.0155715
731.667	0.0195048
732.222	0.0353652
732.778	0.00282792
733.333	0.0025645
733.889	0.0177152
734.444	0.0256874
735	0.00459915
735.556	0.0251441
736.111	0.0065559
736.667	0.00406263
737.222	0.0218802
737.778	0.032245
738.333	0.015163
738.889	0.021383
739.444	0.0109488
740	0.0161316
740.556	0.0122519
741.111	0.0123172
741.667	0.0407181
742.222	0.018797
742.778	0.0526034
743.333	0.0197461
743.889	0.0186044
744.444	0.00196685
745	0.0442059
745.556	0.0370799
746.111	0.0191645
746.667	0.0294292
747.222	0.0320214
747.778	0.0125363
748.333	0.00910861
748.889	0.0471369
749.444	0.0330675
750	0.0647079
750.556	0.0221152
751.111	0.012487
751.667	0.00280036
752.222	0.0348086
752.778	0.0321631
753.333	0.00670388
753.889	0.0367896
754.444	0.0271745
755	0.0185321
755.556	7.42684e-05
756.111	0.0173623
756.667	0.0441693
757.222	0.0390931
757.778	0.0075501
758.333	0.00287917
758.889	0.0045456
759.444	0.00262217
760	0.0118259
760.556	0.0244359
761.111	0.0130822
761.667	5.23042e-05
762.222	0.0156293
762.778	0.0239913
763.333	0.0178089
763.889	0.0139228
764.444	0.00631961
765	0.00726426
765.556	0.0129258
766.111	0.0154347
766.667	0.0275349
767.222	0.0326314
767.778	0.0374789
768.333	0.0115628
768.889	0.017219
769.444	0.0233382
770	0.0415865
770.556	0.0416083
771.111	0.00418169
771.667	0.0309331
772.222	0.0280061
772.778	0.0123279
773.333	0.0107063
773.889	0.0410555
774.444	0.0442615
775	0.0306858
775.556	0.0306597
776.111	0.0150725
776.667	0.0265593
777.222	0.0409421
777.778	0.0403276
778.333	0.00486043
778.889	0.0296521
779.444	0.0322034
780	0.00666486
780.556	0.00651412
781.111	0.0319185
781.667	0.0299629
782.222	0.016567
782.778	0.0258153
783.333	0.00332852
783.889	0.0129623
784.444	0.0225932
785	0.0158249
785.556	0.0139721
786.111	0.00916455
786.667	0.0149578
787.222	0.020443
787.778	0.0173072
788.333	0.00506535
788.889	0.01991
789.444	0.00428152
790	0.00139757
790.556	0.0264852
791.111	0.00163941
791.667	0.00754306
792.222	0.0185562
792.778	0.00306933
793.333	0.00935474
793.889	0.0026403
794.444	0.043492
795	0.0226414
795.556	0.0406711
796.111	0.00813252
796.667	0.00175136
797.222	0.0374642
797.778	0.024606
798.333	0.0220455
798.889	0.038977
799.444	0.0474571
800	0.00445715
800.556	0.0230112
801.111	0.0202456
801.667	0.0474516
802.222	0.0263175
802.778	0.0500771
803.333	0.0214474
803.889	0.00783422
804.444	0.0417173
805	0.0219095
805.556	0.0244319
806.111	0.022913
806.667	0.0582834
807.222	0.00850965
807.778	0.0291554
808.333	0.0242706
808.889	0.0328688
809.444	0.00140038
810	0.0402503
810.556	0.00998703
811.111	0.00528605
811.667	0.026365
812.222	0.00272083
812.778	0.00772563
813.333	0.00343479
813.889	0.0375328
814.444	0.0135858
815	0.00522507
815.556	0.00320179
816.111	0.00529163
816.667	0.00449597
817.222	0.00442311
817.778	0.00328969
818.333	0.00732114
818.889	0.00426661
819.444	0.0281988
820	0.00139414
820.556	0.0295991
821.111	0.000833425
821.667	0.0217547
822.222	0.00809494
822.778	0.0299628
823.333	0.0232345
823.889	0.00119489
824.444	0.0428325
825	0.00675474
825.556	0.00493519
826.111	0.0219961
826.667	0.0483386
827.222	0.0132211
827.778	0.0465754
828.333	0.030548
828.889	0.0188479
829.444	0.00804324
830	0.0420458
830.556	0.0272637
831.111	0.00761778
831.667	0.0698868
832.222	0.0184887
832.778	0.000483922
833.333	0.0152321
833.889	0.0469377
834.444	0.011609
835	0.0305539
835.556	0.0362142
836.111	0.0133207
836.667	0.017686
837.222	0.0271237
837.778	0.0221519
838.333	0.00704561
838.889	0.0484084
839.444	0.00655668
840	0.00851368
840.556	0.00174469
841.111	0.026311
841.667	0.00283629
842.222	0.00867641
842.778	0.0233128
843.333	0.000386013
843.889	0.0188111
844.444	0.0083765
845	0.00525396
845.556	0.0183625
846.111	0.0153275
846.667	0.00806346
847.222	0.0245883
847.778	0.019122
848.333	0.00892901
848.889	0.00714159
849.444	0.0168964
850	0.0149682
850.556	0.00843304
851.111	0.0105241
851.667	0.0436729
852.222	0.0220514
852.778	0.00463843
853.333	0.0177762
853.889	0.0228044
854.444	0.0181782
855	0.0273272
855.556	0.0368612
856.111	0.022873
856.667	0.0268972
857.222	0.0436188
857.778	0.0121926
858.333	0.0148997
858.889	0.0538367
859.444	0.031974
860	0.00968485
860.556	0.0285199
861.111	0.0391929
861.667	0.0108398
862.222	0.0200025
862.778	0.0462477
863.333	0.0220192
863.889	0.0297594
864.444	0.0367922
865	0.00610044
865.556	0.00285422
866.111	0.0387119
866.667	0.0360966
867.222	0.0130461
867.778	0.0187313
868.333	0.0276379
868.889	0.00955169
869.444	0.000132677
870	0.0207323
870.556	0.0219401
871.111	0.0242045
871.667	0.00501622
872.222	0.00668477
872.778	0.000174827
873.333	0.00254381
873.889	0.00738492
874.444	0.0069838
875	0.00728915
875.556	0.00116629
876.111	0.0159325
876.667	0.0212281
877.222	0.0145464
877.778	0.00742798
878.333	0.000927028
878.889	0.0249107
879.444	0.0206915
880	0.000366242
880.556	0.0324544
881.111	0.0290039
881.667	0.00153354
882.222	0.0208352
882.778	0.0237862
883.333	0.0251097
883.889	0.0260449
884.444	0.0493794
885	0.0018457
885.556	0.00496318
886.111	0.042006
886.667	0.0298947
887.222	0.00473575
887.778	0.0350362
888.333	0.0467891
888.889	0.00754473
889.444	0.0249557
890	0.0335107
890.556	0.0239033
891.111	0.0229492
891.667	0.0503104
892.222	0.0111202
892.778	0.00389494
893.333	0.0347587
893.889	0.026132
894.444	0.000692771
895	0.0172387
895.556	0.0467625
896.111	0.0137169
896.667	0.0171383
897.222	0.0144871
897.778	0.022549
898.333	0.0101223
898.889	0.0155806
899.444	0.00382626
900	0.00813906
900.556	0.00343908
901.111	0.00339527
901.667	0.00272817
902.222	0.0134298
902.778	0.0126162
903.333	0.0113456
903.889	0.00238017
904.444	0.0226801
905	0.00149333
905.556	0.00731431
906.111	0.022639
906.667	0.0055377
907.222	0.00665815
907.778	0.0229126
908.333	0.0290376
908.889	0.0076402
909.444	0.0359189
910	0.0223978
910.556	0.00711749
911.111	0.0200143
911.667	0.0486271
912.222	0.00874496
912.778	0.014504
913.333	0.0467661
913.889	0.017932
914.444	0.010856
915	0.0269804
915.556	0.0449302
916.111	0.010841
916.667	0.036875
917.222	0.033389
917.778	0.00678516
918.333	0.0178855
918.889	0.0392558
919.444	0.0170793
920	0.0140513
920.556	0.0388419
921.111	0.0224037
921.667	0.0157582
922.222	0.0141861
922.778	0.0362203
923.333	0.0053612
923.889	0.025497
924.444	0.0149889
925	0.0097252
925.556	0.0156155
926.111	0.00830695
926.667	0.0142619
927.222	0.00457911
927.778	0.0179163
928.333	0.00200074
928.889	0.00899032
929.444	0.0139539
930	0.00882798
930.556	0.00308324
931.111	0.000250079
931.667	0.0181901
932.222	0.00344974
932.778	0.00120585
933.333	0.0314539
933.889	0.00328302
934.444	0.0155139
935	0.0163203
935.556	0.0224863
936.111	0.00342536
936.667	0.0345716
937.222	0.0243495
937.778	0.00586212
938.333	0.0227578
938.889	0.0395038
939.444	0.000790047
940	0.0140859
940.556	0.0509744
941.111	0.0176763
941.667	0.0240798
942.222	0.0262031
942.778	0.0370598
943.333	0.0112941
943.889	0.0356371
944.444	0.0393571
945	0.00364011
945.556	0.0324583
946.111	0.0357782
946.667	0.00923605
947.222	0.0191579
947.778	0.0417163
948.333	0.026835
948.889	0.0240539
949.444	0.0173203
950	0.0312022
950.556	0.0139601
951.111	0.0224588
951.667	0.0218457
952.222	0.00472472
952.778	0.0248146
953.333	0.014556
953.889	0.0032726
954.444	0.00590412
955	0.0117127
955.556	0.0114697
956.111	0.0131451
956.667	0.000735448
957.222	0.00373087
957.778	0.00457378
958.333	0.00103829
958.889	0.00993831
959.444	0.0130103
960	0.00576612
960.556	0.0211941
961.111	0.00866244
961.667	0.0128289
962.222	0.013114
962.778	0.0174462
963.333	0.00649535
963.889	0.0262682
964.444	0.0242595
965	0.00513733
965.556	0.0247862
966.111	0.0401672
966.667	0.00451825
967.222	0.01666
967.778	0.0450477
968.333	0.0209535
968.889	0.0270034
969.444	0.032429
970	0.0380225
970.556	0.0211717
971.111	0.037456
971.667	0.0346326
972.222	0.00249712
972.778	0.0406653
973.333	0.0408053
973.889	0.00394344
974.444	0.0252713
975	0.0408148
975.556	0.0252187
976.111	0.0287795
976.667	0.0275409
977.222	0.0359202
977.778	0.0175673
978.333	0.0291078
978.889	0.0165056
979.444	0.00877571
980	0.0317541
980.556	0.0187977
981.111	0.00341922
981.667	0.0116972
982.222	0.0174702
982.778	0.00873809
983.333	0.0125228
983.889	0.00154014
984.444	0.0100045
985	0.00389456
985.556	0.00931119
986.111	0.0111022
986.667	0.0102904
987.222	0.00837694
987.778	0.0118377
988.333	0.00937685
988.889	0.011946
989.444	0.0105045
990	0.0164367
990.556	0.0114904
991.111	0.0236884
991.667	0.017688
992.222	0.0016764
992.778	0.0198634
993.333	0.0393893
993.889	0.00484239
994.444	0.0194389
995	0.0396541
995.556	0.0210048
996.111	0.0319271
996.667	0.0269837
997.222	0.0349109
997.778	0.0237157
998.333	0.0386481
998.889	0.0331734
999.444	0.00265716
1000	0.0412334
1000.56	0.0412334
1001.11	0.00265716
1001.67	0.0331734
1002.22	0.0386481
1002.78	0.0237157
1003.33	0.0349109
1003.89	0.0269837
1004.44	0.0319271
1005	0.0210048
1005.56	0.0396541
1006.11	0.0194389
1006.67	0.00484239
1007.22	0.0393893
1007.78	0.0198634
1008.33	0.0016764
1008.89	0.017688
1009.44	0.0236884
1010	0.0114904
1010.56	0.0164367
1011.11	0.0105045
1011.67	0.011946
1012.22	0.00937685
1012.78	0.0118377
1013.33	0.00837694
1013.89	0.0102904
1014.44	0.0111022
1015	0.00931119
1015.56	0.00389456
1016.11	0.0100045
1016.67	0.00154014
1017.22	0.0125228
1017.78	0.00873809
1018.33	0.0174702
1018.89	0.0116972
1019.44	0.00341922
1020	0.0187977
1020.56	0.0317541
1021.11	0.00877571
1021.67	0.0165056
1022.22	0.0291078
1022.78	0.0175673
1023.33	0.0359202
1023.89	0.0275409
1024.44	0.0287795
1025	0.0252187
1025.56	0.0408148
1026.11	0.0252713
1026.67	0.00394344
1027.22	0.0408053
1027.78	0.0406653
1028.33	0.00249712
1028.89	0.0346326
1029.44	0.037456
1030	0.0211717
1030.56	0.0380225
1031.11	0.032429
1031.67	0.0270034
1032.22	0.0209535
1032.78	0.0450477
1033.33	0.01666
1033.89	0.00451825
1034.44	0.0401672
1035	0.0247862
1035.56	0.00513733
1036.11	0.0242595
1036.67	0.0262682
1037.22	0.00649535
1037.78	0.0174462
1038.33	0.013114
1038.89	0.0128289
1039.44	0.00866244
1040	0.0211941
1040.56	0.00576612
1041.11	0.0130103
1041.67	0.00993831
1042.22	0.00103829
1042.78	0.00457378
1043.33	0.00373087
1043.89	0.000735448
1044.44	0.0131451
1045	0.0114697
1045.56	0.0117127
1046.11	0.00590412
1046.67	0.0032726
1047.22	0.014556
1047.78	0.0248146
1048.33	0.00472472
1048.89	0.0218457
1049.44	0.0224588
1050	0.0139601
1050.56	0.0312022
1051.11	0.0173203
1051.67	0.0240539
1052.22	0.026835
1052.78	0.0417163
1053.33	0.0191579
1053.89	0.00923605
1054.44	0.0357782
1055	0.0324583
1055.56	0.00364011
1056.11	0.0393571
1056.67	0.0356371
1057.22	0.0112941
1057.78	0.0370598
1058.33	0.0262031
1058.89	0.0240798
1059.44	0.0176763
1060	0.0509744
1060.56	0.0140859
1061.11	0.000790047
1061.67	0.0395038
1062.22	0.0227578
1062.78	0.00586212
1063.33	0.0243495
1063.89	0.0345716
1064.44	0.00342536
1065	0.0224863
1065.56	0.0163203
1066.11	0.0155139
1066.67	0.00328302
1067.22	0.0314539
1067.78	0.00120585
1068.33	0.00344974
1068.89	0.0181901
1069.44	0.000250079
1070	0.00308324
1070.56	0.00882798
1071.11	0.0139539
1071.67	0.00899032
1072.22	0.00200074
1072.78	0.0179163
1073.33	0.00457911
1073.89	0.0142619
1074.44	0.00830695
1075	0.0156155
1075.56	0.0097252
1076.11	0.0149889
1076.67	0.025497
1077.22	0.0053612
1077.78	0.0362203
1078.33	0.0141861
1078.89	0.0157582
1079.44	0.0224037
1080	0.0388419
1080.56	0.0140513
1081.11	0.0170793
1081.67	0.0392558
1082.22	0.0178855
1082.78	0.00678516
1083.33	0.033389
1083.89	0.036875
1084.44	0.010841
1085	0.0449302
1085.56	0.0269804
1086.11	0.010856
1086.67	0.017932
1087.22	0.0467661
1087.78	0.014504
1088.33	0.00874496
1088.89	0.0486271
1089.44	0.0200143
1090	0.00711749
1090.56	0.0223978
1091.11	0.0359189
1091.67	0.0076402
1092.22	0.0290376
1092.78	0.0229126
1093.33	0.00665815
1093.89	0.0055377
1094.44	0.022639
1095	0.00731431
1095.56	0.00149333
1096.11	0.0226801
1096.67	0.00238017
1097.22	0.0113456
1097.78	0.0126162
1098.33	0.0134298
1098.89	0.00272817
1099.44	0.00339527
1100	0.00343908
1100.56	0.00813906
1101.11	0.00382626
1101.67	0.0155806
1102.22	0.0101223
1102.78	0.022549
1103.33	0.0144871
1103.89	0.0171383
1104.44	0.0137169
1105	0.0467625
1105.56	0.0172387
1106.11	0.000692771
1106.67	0.026132
1107.22	0.0347587
1107.78	0.00389494
1108.33	0.0111202
1108.89	0.0503104
1109.44	0.0229492
1110	0.0239033
1110.56	0.0335107
1111.11	0.0249557
1111.67	0.00754473
1112.22	0.0467891
1112.78	0.0350362
1113.33	0.00473575
1113.89	0.0298947
1114.44	0.042006
1115	0.00496318
1115.56	0.0018457
1116.11	0.0493794
1116.67	0.0260449
1117.22	0.0251097
1117.78	0.0237862
1118.33	0.0208352
1118.89	0.00153354
1119.44	0.0290039
1120	0.0324544
1120.56	0.000366242
1121.11	0.0206915
1121.67	0.0249107
1122.22	0.000927028
1122.78	0.00742798
1123.33	0.0145464
1123.89	0.0212281
1124.44	0.0159325
1125	0.00116629
1125.56	0.00728915
1126.11	0.0069838
1126.67	0.00738492
1127.22	0.00254381
1127.78	0.000174827
1128.33	0.00668477
1128.89	0.00501622
1129.44	0.0242045
1130	0.0219401
1130.56	0.0207323
1131.11	0.000132677
1131.67	0.00955169
1132.22	0.0276379
1132.78	0.0187313
1133.33	0.0130461
1133.89	0.0360966
1134.44	0.0387119
1135	0.00285422
1135.56	0.00610044
1136.11	0.0367922
1136.67	0.0297594
1137.22	0.0220192
1137.78	0.0462477
1138.33	0.0200025
1138.89	0.0108398
1139.44	0.0391929
1140	0.0285199
1140.56	0.00968485
1141.11	0.031974
1141.67	0.0538367
1142.22	0.0148997
1142.78	0.0121926
1143.33	0.0436188
1143.89	0.0268972
1144.44	0.022873
1145	0.0368612
1145.56	0.0273272
1146.11	0.0181782
1146.67	0.0228044
1147.22	0.0177762
1147.78	0.00463843
1148.33	0.0220514
1148.89	0.0436729
1149.44	0.0105241
1150	0.00843304
1150.56	0.0149682
1151.11	0.0168964
1151.67	0.00714159
1152.22	0.00892901
1152.78	0.019122
1153.33	0.0245883
1153.89	0.00806346
1154.44	0.0153275
1155	0.0183625
1155.56	0.00525396
1156.11	0.0083765
1156.67	0.0188111
1157.22	0.000386013
1157.78	0.0233128
1158.33	0.00867641
1158.89	0.00283629
1159.44	0.026311
1160	0.00174469
1160.56	0.00851368
1161.11	0.00655668
1161.67	0.0484084
1162.22	0.00704561
1162.78	0.0221519
1163.33	0.0271237
1163.89	0.017686
1164.44	0.0133207
1165	0.0362142
1165.56	0.0305539
1166.11	0.011609
1166.67	0.0469377
1167.22	0.0152321
1167.78	0.000483922
1168.33	0.0184887
1168.89	0.0698868
1169.44	0.00761778
1170	0.0272637
1170.56	0.0420458
1171.11	0.00804324
1171.67	0.0188479
1172.22	0.030548
1172.78	0.0465754
1173.33	0.0132211
1173.89	0.0483386
1174.44	0.0219961
1175	0.00493519
1175.56	0.00675474
1176.11	0.0428325
1176.67	0.00119489
1177.22	0.0232345
1177.78	0.0299628
1178.33	0.00809494
1178.89	0.0217547
1179.44	0.000833425
1180	0.0295991
1180.56	0.00139414
1181.11	0.0281988
1181.67	0.00426661
1182.22	0.00732114
1182.78	0.00328969
1183.33	0.00442311
1183.89	0.00449597
1184.44	0.00529163
1185	0.00320179
1185.56	0.00522507
1186.11	0.0135858
1186.67	0.0375328
1187.22	0.00343479
1187.78	0.00772563
1188.33	0.00272083
1188.89	0.026365
1189.44	0.00528605
1190	0.00998703
1190.56	0.0402503
1191.11	0.00140038
1191.67	0.0328688
1192.22	0.0242706
1192.78	0.0291554
1193.33	0.00850965
1193.89	0.0582834
1194.44	0.022913
1195	0.0244319
1195.56	0.0219095
1196.11	0.0417173
1196.67	0.00783422
1197.22	0.0214474
1197.78	0.0500771
1198.33	0.0263175
1198.89	0.0474516
1199.44	0.0202456
1200	0.0230112
1200.56	0.00445715
1201.11	0.0474571
1201.67	0.038977
1202.22	0.0220455
1202.78	0.024606
1203.33	0.0374642
1203.89	0.00175136
1204.44	0.00813252
1205	0.0406711
1205.56	0.0226414
1206.11	0.043492
1206.67	0.0026403
1207.22	0.00935474
1207.78	0.00306933
1208.33	0.0185562
1208.89	0.00754306
1209.44	0.00163941
1210	0.0264852
1210.56	0.00139757
1211.11	0.00428152
1211.67	0.01991
1212.22	0.00506535
1212.78	0.0173072
1213.33	0.020443
1213.89	0.0149578
1214.44	0.00916455
1215	0.0139721
1215.56	0.0158249
1216.11	0.0225932
1216.67	0.0129623
1217.22	0.00332852
1217.78	0.0258153
1218.33	0.016567
1218.89	0.0299629
1219.44	0.0319185
1220	0.00651412
1220.56	0.00666486
1221.11	0.0322034
1221.67	0.0296521
1222.22	0.00486043
1222.78	0.0403276
1223.33	0.0409421
1223.89	0.0265593
1224.44	0.0150725
1225	0.0306597
1225.56	0.0306858
1226.11	0.0442615
1226.67	0.0410555
1227.22	0.0107063
1227.78	0.0123279
1228.33	0.0280061
1228.89	0.0309331
1229.44	0.00418169
1230	0.0416083
1230.56	0.0415865
1231.11	0.0233382
1231.67	0.017219
1232.22	0.0115628
1232.78	0.0374789
1233.33	0.0326314
1233.89	0.0275349
1234.44	0.0154347
1235	0.0129258
1235.56	0.00726426
1236.11	0.00631961
1236.67	0.0139228
1237.22	0.0178089
1237.78	0.0239913
1238.33	0.0156293
1238.89	5.23042e-05
1239.44	0.0130822
1240	0.0244359
1240.56	0.0118259
1241.11	0.00262217
1241.67	0.0045456
1242.22	0.00287917
1242.78	0.0075501
1243.33	0.0390931
1243.89	0.0441693
1244.44	0.0173623
1245	7.42684e-05
1245.56	0.0185321
1246.11	0.0271745
1246.67	0.0367896
1247.22	0.00670388
1247.78	0.0321631
1248.33	0.0348086
1248.89	0.00280036
1249.44	0.012487
1250	0.0221152
1250.56	0.0647079
1251.11	0.0330675
1251.67	0.0471369
1252.22	0.00910861
1252.78	0.0125363
1253.33	0.0320214
1253.89	0.0294292
1254.44	0.0191645
1255	0.0370799
1255.56	0.0442059
1256.11	0.00196685
1256.67	0.0186044
1257.22	0.0197461
1257.78	0.0526034
1258.33	0.018797
1258.89	0.0407181
1259.44	0.0123172
1260	0.0122519
1260.56	0.0161316
1261.11	0.0109488
1261.67	0.021383
1262.22	0.015163
1262.78	0.032245
1263.33	0.0218802
1263.89	0.00406263
1264.44	0.0065559
1265	0.0251441
1265.56	0.00459915
1266.11	0.0256874
1266.67	0.0177152
1267.22	0.0025645
1267.78	0.00282792
1268.33	0.0353652
1268.89	0.0195048
1269.44	0.0155715
1270	0.00869277
1270.56	0.0402897
1271.11	0.0121912
1271.67	0.0368783
1272.22	0.0106054
1272.78	0.0145848
1273.33	0.0267504
1273.89	0.012313
1274.44	0.0159016
1275	0.016335
1275.56	0.0584963
1276.11	0.000197824
1276.67	0.0436872
1277.22	0.0194868
1277.78	0.0477589
1278.33	0.00971622
1278.89	0.0573003
1279.44	0.0298296
1280	0.00697788
1280.56	0.0544691
1281.11	0.0143976
1281.67	0.0251129
1282.22	0.02109
1282.78	0.0718462
1283.33	0.0111272
1283.89	0.0606138
1284.44	0.0144309
1285	0.0336588
1285.56	0.00884406
1286.11	0.0437128
1286.67	0.0271905
1287.22	0.00430481
1287.78	0.0585407
1288.33	0.00771614
1288.89	0.00919127
1289.44	0.0213709
1290	0.0549866
1290.56	0.0116862
1291.11	0.018757
1291.67	0.00103335
1292.22	0.000944118
1292.78	0.0160745
1293.33	0.00890973
1293.89	0.025371
1294.44	0.0116788
1295	0.0400801
1295.56	0.0286378
1296.11	0.0172749
1296.67	0.0312087
1297.22	0.000162706
1297.78	0.0142325
1298.33	0.00677148
1298.89	0.00643704
1299.44	0.0365783
1300	0.0109388
1300.56	0.0497035
1301.11	0.0247106
1301.67	0.0115418
1302.22	0.0181691
1302.78	0.0446095
1303.33	0.0307307
1303.89	0.042091
1304.44	0.0280204
1305	0.0280896
1305.56	0.00688059
1306.11	0.0353268
1306.67	0.0415606
1307.22	0.0189939
1307.78	0.0747422
1308.33	0.0273544
1308.89	0.012654
1309.44	0.013826
1310	0.0451655
1310.56	0.0336829
1311.11	0.0387333
1311.67	0.065033
1312.22	0.0337196
1312.78	0.0214615
1313.33	0.0334931
1313.89	0.0125557
1314.44	0.0317459
1315	0.0621053
1315.56	0.0416366
1316.11	0.0230156
1316.67	0.0105206
1317.22	0.050239
1317.78	0.0144996
1318.33	0.00278674
1318.89	0.0348384
1319.44	0.00947878
1320	0.0439525
1320.56	0.0081493
1321.11	0.000683667
1321.67	0.029044
1322.22	0.0517055
1322.78	0.0176084
1323.33	0.0248228
1323.89	0.0013606
1324.44	0.0031679
1325	0.0131862
1325.56	0.00274505
1326.11	0.0117546
1326.67	0.0096305
1327.22	0.0289493
1327.78	0.0166927
1328.33	0.0469514
1328.89	0.0220016
1329.44	0.00524621
1330	0.010662
1330.56	0.0176789
1331.11	0.01222
1331.67	0.0142788
1332.22	0.0489464
1332.78	0.0310609
1333.33	0.0166131
1333.89	0.00820852
1334.44	0.0274365
1335	0.0428739
1335.56	0.0536732
1336.11	0.010714
1336.67	0.0234451
1337.22	0.0345144
1337.78	0.0145169
1338.33	0.0106304
1338.89	0.0232181
1339.44	0.0624285
1340	0.00325777
1340.56	0.0727419
1341.11	0.00526792
1341.67	0.0441215
1342.22	0.041369
1342.78	0.0653931
1343.33	0.0156925
1343.89	0.0292012
1344.44	0.0588406
1345	0.018966
1345.56	0.00468436
1346.11	0.0324651
1346.67	0.062734
1347.22	0.0133668
1347.78	0.0383366
1348.33	0.0137303
1348.89	0.0087228
1349.44	0.0105899
1350	0.044626
1350.56	0.00738002
1351.11	0.00851657
1351.67	0.032789
1352.22	0.0195012
1352.78	0.0227555
1353.33	0.00812479
1353.89	0.0453073
1354.44	0.0419111
1355	0.0152785
1355.56	0.00570559
1356.11	0.0144062
1356.67	0.00286533
1357.22	0.0172383
1357.78	0.0291057
1358.33	0.00322395
1358.89	0.0377959
1359.44	0.0595248
1360	0.0173546
1360.56	0.0494837
1361.11	0.000714939
1361.67	0.0136795
1362.22	0.0255331
1362.78	0.0345317
1363.33	0.0344216
1363.89	0.0113401
1364.44	0.052975
1365	0.0046031
1365.56	0.0193662
1366.11	0.00165173
1366.67	0.0354695
1367.22	0.00284876
1367.78	0.0664331
1368.33	0.0169475
1368.89	0.0113909
1369.44	0.0172495
1370	0.0136497
1370.56	0.0247656
1371.11	0.0104732
1371.67	0.0586079
1372.22	0.00452709
1372.78	0.0290317
1373.33	0.0253816
1373.89	0.0287021
1374.44	0.0198686
1375	0.0196791
1375.56	0.0171271
1376.11	0.0126379
1376.67	0.0357279
1377.22	0.0196896
1377.78	0.0044263
1378.33	0.0370143
1378.89	0.0553234
1379.44	0.0325332
1380	0.026382
1380.56	0.02354
1381.11	0.01283
1381.67	0.0261337
1382.22	0.00563311
1382.78	0.0292686
1383.33	0.0102146
1383.89	0.0113108
1384.44	0.02525
1385	0.0119882
1385.56	0.0544901
1386.11	0.0141414
1386.67	0.0125312
1387.22	0.0250391
1387.78	0.0260941
1388.33	0.00243807
1388.89	0.00780536
1389.44	0.0348207
1390	0.0265472
1390.56	0.0109323
1391.11	0.0105942
1391.67	0.040804
1392.22	0.00457876
1392.78	0.0481324
1393.33	0.00249319
1393.89	0.00499945
1394.44	0.00132873
1395	0.0297151
1395.56	0.0110941
1396.11	0.0222234
1396.67	0.0282219
1397.22	0.0140563
1397.78	0.0267848
1398.33	0.0329424
1398.89	0.0019718
1399.44	0.016693
1400	0.0374545
1400.56	0.00584026
1401.11	0.0263027
1401.67	0.00291401
1402.22	0.0203606
1402.78	0.00423421
1403.33	0.0619325
1403.89	0.0477602
1404.44	0.0352658
1405	0.0272925
1405.56	0.0300589
1406.11	0.0130836
1406.67	0.0814204
1407.22	0.021762
1407.78	0.0106722
1408.33	0.0063451
1408.89	0.00371703
1409.44	0.0722237
1410	0.0396775
1410.56	0.0362471
1411.11	0.015409
1411.67	0.00929385
1412.22	0.0107178
1412.78	0.0521344
1413.33	0.0292641
1413.89	0.00407861
1414.44	0.0700295
1415	0.0420109
1415.56	0.0333784
1416.11	0.00265224
1416.67	0.0337616
1417.22	0.065185
1417.78	0.0539843
1418.33	0.0257401
1418.89	0.0107412
1419.44	0.0231284
1420	0.0400074
1420.56	0.0358782
1421.11	0.00398288
1421.67	0.0579203
1422.22	0.0231674
1422.78	0.0582242
1423.33	0.0200865
1423.89	0.0583121
1424.44	0.0191573
1425	0.0752767
1425.56	0.0337902
1426.11	0.0280341
1426.67	0.0377974
1427.22	0.0321041
1427.78	0.051429
1428.33	0.00634642
1428.89	0.0569914
1429.44	0.0154638
1430	0.0379313
1430.56	0.022165
1431.11	0.0196778
1431.67	0.0672546
1432.22	0.0377904
1432.78	0.00963863
1433.33	0.037554
1433.89	0.0170189
1434.44	0.0396234
1435	0.0723004
1435.56	0.0108575
1436.11	0.0108041
1436.67	0.0215911
1437.22	0.0769198
1437.78	0.00291197
1438.33	0.0247422
1438.89	0.00169182
1439.44	0.0218342
1440	0.0334316
1440.56	0.0303161
1441.11	0.0522631
1441.67	0.018413
1442.22	0.088188
1442.78	0.02142
1443.33	0.00298445
1443.89	0.0610611
1444.44	0.0512287
1445	0.0013562
1445.56	0.0917027
1446.11	0.0102052
1446.67	0.056605
1447.22	0.00796835
1447.78	0.0290571
1448.33	0.0145484
1448.89	0.0761602
1449.44	0.113738
1450	0.0664744
1450.56	0.0305199
1451.11	0.0293022
1451.67	0.0470039
1452.22	0.0364897
1452.78	0.0133463
1453.33	0.0868465
1453.89	0.0241257
1454.44	0.0738277
1455	0.0146384
1455.56	0.0418644
1456.11	0.0379311
1456.67	0.0790701
1457.22	0.00962133
1457.78	0.105482
1458.33	0.0331203
1458.89	0.00719319
1459.44	0.0547003
1460	0.0135625
1460.56	0.0395423
1461.11	0.044669
1461.67	0.152351
1462.22	0.0556681
1462.78	0.0271398
1463.33	0.015231
1463.89	0.0210386
1464.44	0.0542722
1465	0.0419543
1465.56	0.0100054
1466.11	0.0169395
1466.67	0.049433
1467.22	0.00729528
1467.78	0.0216018
1468.33	0.0531268
1468.89	0.0414416
1469.44	0.0773965
1470	0.0492457
1470.56	0.0479856
1471.11	0.0216303
1471.67	0.0326195
1472.22	0.0171488
1472.78	0.0435556
1473.33	0.0611619
1473.89	0.00283246
1474.44	0.0422409
1475	0.0920922
1475.56	0.0224888
1476.11	0.0288935
1476.67	0.123742
1477.22	0.0578727
1477.78	0.07744
1478.33	0.114039
1478.89	0.0028242
1479.44	0.0285146
1480	0.0429368
1480.56	0.0168995
1481.11	0.00658772
1481.67	0.0950984
1482.22	0.00129154
1482.78	0.00607241
1483.33	0.0210415
1483.89	0.0506407
1484.44	0.0267679
1485	0.0737188
1485.56	0.089669
1486.11	0.056074
1486.67	0.0554452
1487.22	0.0218546
1487.78	0.0733886
1488.33	0.0545845
1488.89	0.100522
1489.44	0.0232816
1490	0.0465717
1490.56	0.00806895
1491.11	0.0779124
1491.67	0.0322416
1492.22	0.0143243
1492.78	0.0641292
1493.33	0.0714423
1493.89	0.0534654
1494.44	0.0639391
1495	0.057049
1495.56	0.0284763
1496.11	0.000445975
1496.67	0.0255067
1497.22	0.0106123
1497.78	0.0285953
1498.33	0.0435603
1498.89	0.0267095
1499.44	0.049802
1500	0.03284
1500.56	0.0443027
1501.11	0.112408
1501.67	0.00355366
1502.22	0.0798001
1502.78	0.0335564
1503.33	0.045766
1503.89	0.0186001
1504.44	0.0650758
1505	0.0593469
1505.56	0.0269102
1506.11	0.128778
1506.67	0.0364985
1507.22	0.0212532
1507.78	0.00121662
1508.33	0.0533283
1508.89	0.0120481
1509.44	0.14385
1510	0.0459512
1510.56	0.0012705
1511.11	0.095003
1511.67	0.0245976
1512.22	0.0302009
1512.78	0.0369918
1513.33	0.0942771
1513.89	0.0123587
1514.44	0.148474
1515	0.0830101
1515.56	0.0167389
1516.11	0.0886677
1516.67	0.0755983
1517.22	0.058755
1517.78	0.0336146
1518.33	0.0291596
1518.89	0.00118155
1519.44	0.0378531
1520	0.085055
1520.56	0.0803869
1521.11	0.0978498
1521.67	0.0392053
1522.22	0.0588322
1522.78	0.0308591
1523.33	0.0168854
1523.89	0.0752463
1524.44	0.0175488
1525	0.109233
1525.56	0.00684771
1526.11	0.03314
1526.67	0.0528467
1527.22	0.0826184
1527.78	0.145732
1528.33	0.0135266
1528.89	0.0750438
1529.44	0.0528347
1530	0.061653
1530.56	0.0445958
1531.11	0.0269218
1531.67	0.0370106
1532.22	0.0317327
1532.78	0.0395597
1533.33	0.0473643
1533.89	0.0287083
1534.44	0.00998477
1535	0.132182
1535.56	0.0958742
1536.11	0.129893
1536.67	0.0440197
1537.22	0.00543594
1537.78	0.0658543
1538.33	0.00134049
1538.89	0.00555546
1539.44	0.0527201
1540	0.105075
1540.56	0.0731689
1541.11	0.0709938
1541.67	0.0390779
1542.22	0.080846
1542.78	0.0993719
1543.33	0.0573433
1543.89	0.0103276
1544.44	0.0168818
1545	0.12386
1545.56	0.107816
1546.11	0.0108559
1546.67	0.00548487
1547.22	0.0196437
1547.78	0.00523904
1548.33	0.0532074
1548.89	0.0151988
1549.44	0.0176623
1550	0.101786
1550.56	0.0364071
1551.11	0.191655
1551.67	0.0964421
1552.22	0.0348625
1552.78	0.0750963
1553.33	0.0630362
1553.89	0.0594704
1554.44	0.00169917
1555	0.0465126
1555.56	0.0103424
1556.11	0.0527836
1556.67	0.0545257
1557.22	0.0668045
1557.78	0.0472922
1558.33	0.0612463
1558.89	0.0210533
1559.44	0.0845151
1560	0.0306469
1560.56	0.0288386
1561.11	0.0767492
1561.67	0.125729
1562.22	0.0272667
1562.78	0.00279809
1563.33	0.107819
1563.89	0.0652804
1564.44	0.0208781
1565	0.0721847
1565.56	0.0677265
1566.11	0.0747435
1566.67	0.189423
1567.22	0.0532375
1567.78	0.0821274
1568.33	0.0748591
1568.89	0.0128068
1569.44	0.0789135
1570	0.0319177
1570.56	0.0705997
1571.11	0.05495
1571.67	0.136443
1572.22	0.109072
1572.78	0.0667842
1573.33	0.101217
1573.89	0.0652255
1574.44	0.0174016
1575	0.236492
1575.56	0.035346
1576.11	0.016886
1576.67	0.0503317
1577.22	0.063608
1577.78	0.137506
1578.33	0.0564637
1578.89	0.0829612
1579.44	0.29628
1580	0.0627964
1580.56	0.083182
1581.11	0.131632
1581.67	0.0575228
1582.22	0.205698
1582.78	0.00213205
1583.33	0.0601286
1583.89	0.0300634
1584.44	0.0222892
1585	0.122641
1585.56	0.125727
1586.11	0.0262733
1586.67	0.0440643
1587.22	0.13361
1587.78	0.127249
1588.33	0.234603
1588.89	0.0119095
1589.44	0.0902429
1590	0.0541862
1590.56	0.162276
1591.11	0.0439259
1591.67	0.13418
1592.22	0.00439472
1592.78	0.221694
1593.33	0.0773079
1593.89	0.133093
1594.44	0.0413693
1595	0.11788
1595.56	0.265593
1596.11	0.0791742
1596.67	0.0146197
1597.22	0.0307519
1597.78	0.0905086
1598.33	0.164157
1598.89	0.173284
1599.44	0.0608472
1600	0.0947854
1600.56	0.0253223
1601.11	0.124401
1601.67	0.0254581
1602.22	0.223217
1602.78	0.102207
1603.33	0.0118644
1603.89	0.0783977
1604.44	0.00526546
1605	0.102577
1605.56	0.0078819
1606.11	0.0998456
1606.67	0.0329046
1607.22	0.0137055
1607.78	0.0122957
1608.33	0.129018
1608.89	0.150148
1609.44	0.133687
1610	0.018978
1610.56	0.0309877
1611.11	0.069771
1611.67	0.0472322
1612.22	0.053441
1612.78	0.199559
1613.33	0.0674302
1613.89	0.0413844
1614.44	0.0305229
1615	0.19653
1615.56	0.171871
1616.11	0.0879088
1616.67	0.210555
1617.22	0.0912259
1617.78	0.23354
1618.33	0.0704948
1618.89	0.0189551
1619.44	0.0355902
1620	0.158642
1620.56	0.0441483
1621.11	0.0343552
1621.67	0.171155
1622.22	0.162798
1622.78	0.0391417
1623.33	0.143674
1623.89	0.0992135
1624.44	0.133216
1625	0.253846
1625.56	0.00420331
1626.11	0.125958
1626.67	0.112731
1627.22	0.0407606
1627.78	0.0381073
1628.33	0.131157
1628.89	0.0810198
1629.44	0.108502
1630	0.200014
1630.56	0.0434078
1631.11	0.0231905
1631.67	0.0329309
1632.22	0.152965
1632.78	0.0737049
1633.33	0.275662
1633.89	0.22969
1634.44	0.262737
1635	0.101288
1635.56	0.302682
1636.11	0.23255
1636.67	0.096721
1637.22	0.107519
1637.78	0.147917
1638.33	0.245605
1638.89	0.0546012
1639.44	0.107822
1640	0.14752
1640.56	0.183655
1641.11	0.120836
1641.67	0.109821
1642.22	0.125126
1642.78	0.260342
1643.33	0.347883
1643.89	0.244797
1644.44	0.0958846
1645	0.094796
1645.56	0.0762984
1646.11	0.0285356
1646.67	0.0130201
1647.22	0.214309
1647.78	0.0677867
1648.33	0.0665819
1648.89	0.191056
1649.44	0.112761
1650	0.023721
1650.56	0.0720562
1651.11	0.05283
1651.67	0.0319763
1652.22	0.352836
1652.78	0.0347989
1653.33	0.0226897
1653.89	0.0135274
1654.44	0.221931
1655	0.135751
1655.56	0.102917
1656.11	0.0603116
1656.67	0.0722571
1657.22	0.239003
1657.78	0.115892
1658.33	0.226716
1658.89	0.320803
1659.44	0.21076
1660	0.204816
1660.56	0.142775
1661.11	0.0642485
1661.67	0.0277723
1662.22	0.181433
1662.78	0.0746105
1663.33	0.0423354
1663.89	0.160069
1664.44	0.376921
1665	0.127904
1665.56	0.0865986
1666.11	0.274165
1666.67	0.36026
1667.22	0.0185
1667.78	0.088369
1668.33	0.175657
1668.89	0.4226
1669.44	0.0481496
1670	0.458017
1670.56	0.659053
1671.11	0.0831394
1671.67	0.105802
1672.22	0.0611434
1672.78	0.0600065
1673.33	0.400515
1673.89	0.108206
1674.44	0.0149523
1675	0.384733
1675.56	0.168696
1676.11	0.033844
1676.67	0.496224
1677.22	0.166452
1677.78	0.0931611
1678.33	0.195193
1678.89	0.301006
1679.44	0.233248
1680	0.0706857
1680.56	0.15513
1681.11	0.149955
1681.67	0.0828652
1682.22	0.179583
1682.78	0.0512381
1683.33	0.436789
1683.89	0.454453
1684.44	0.0621895
1685	0.0263314
1685.56	0.270963
1686.11	0.307876
1686.67	0.146661
1687.22	0.0100454
1687.78	0.0503475
1688.33	0.198663
1688.89	0.167756
1689.44	0.260935
1690	0.552209
1690.56	0.332176
1691.11	0.0578328
1691.67	0.00363799
1692.22	0.381574
1692.78	0.338022
1693.33	0.0774769
1693.89	0.146811
1694.44	0.0155735
1695	0.25052
1695.56	0.485584
1696.11	0.244961
1696.67	0.442136
1697.22	0.19869
1697.78	0.172772
1698.33	0.0390765
1698.89	0.00164946
1699.44	0.286158
1700	0.55444
1700.56	0.177659
1701.11	0.156383
1701.67	0.554841
1702.22	0.287336
1702.78	0.325386
1703.33	0.0865311
1703.89	0.151838
1704.44	0.047349
1705	0.0634127
1705.56	0.265918
1706.11	0.301176
1706.67	0.0029755
1707.22	0.0990201
1707.78	0.22391
1708.33	0.25207
1708.89	0.014349
1709.44	0.0783096
1710	0.0403224
1710.56	0.684929
1711.11	0.0395688
1711.67	0.34176
1712.22	0.0980728
1712.78	0.162464
1713.33	0.30772
1713.89	0.395868
1714.44	0.523261
1715	0.117639
1715.56	0.127558
1716.11	0.744401
1716.67	0.0991223
1717.22	0.282798
1717.78	0.186884
1718.33	1.08125
1718.89	0.244751
1719.44	0.0817826
1720	0.0337796
1720.56	0.0611196
1721.11	0.269647
1721.67	0.107858
1722.22	0.290538
1722.78	0.359812
1723.33	0.570311
1723.89	0.331297
1724.44	0.728457
1725	0.171049
1725.56	0.23124
1726.11	0.525451
1726.67	0.233975
1727.22	0.287691
1727.78	0.237239
1728.33	0.737059
1728.89	0.0734944
1729.44	0.726665
1730	0.213306
1730.56	0.158415
1731.11	0.619403
1731.67	0.61092
1732.22	0.0233835
1732.78	0.034015
1733.33	0.427294
1733.89	0.462485
1734.44	0.553148
1735	0.180415
1735.56	0.295349
1736.11	0.964202
1736.67	0.499209
1737.22	0.539077
1737.78	0.179102
1738.33	0.27849
1738.89	0.1352
1739.44	0.235759
1740	0.194355
1740.56	0.33137
1741.11	0.279136
1741.67	0.51016
1742.22	0.125202
1742.78	0.237319
1743.33	0.605459
1743.89	0.34569
1744.44	0.365099
1745	0.202845
1745.56	1.15372
1746.11	0.101268
1746.67	0.200589
1747.22	0.196006
1747.78	0.74656
1748.33	0.712885
1748.89	0.944926
1749.44	0.487222
1750	0.188922
1750.56	0.0399902
1751.11	0.234445
1751.67	0.494313
1752.22	0.234356
1752.78	0.488801
1753.33	0.233865
1753.89	0.714737
1754.44	0.0403668
1755	0.752022
1755.56	0.0722945
1756.11	0.192351
1756.67	0.0423992
1757.22	0.874445
1757.78	0.187863
1758.33	0.269129
1758.89	0.181294
1759.44	0.0520454
1760	0.594982
1760.56	0.174059
1761.11	1.2073
1761.67	0.175331
1762.22	0.224692
1762.78	0.282531
1763.33	0.229
1763.89	0.776399
1764.44	0.419735
1765	0.430756
1765.56	0.915176
1766.11	0.661744
1766.67	0.536614
1767.22	0.114993
1767.78	0.328252
1768.33	0.898771
1768.89	0.640446
1769.44	1.26151
1770	0.611927
1770.56	0.502581
1771.11	0.508272
1771.67	0.166244
1772.22	0.702171
1772.78	1.08396
1773.33	0.312668
1773.89	0.310764
1774.44	0.792512
1775	0.481578
1775.56	0.793987
1776.11	0.366189
1776.67	0.277286
1777.22	0.862456
1777.78	0.415158
1778.33	0.101745
1778.89	0.273071
1779.44	0.159338
1780	0.425968
1780.56	1.34097
1781.11	0.44977
1781.67	0.812141
1782.22	0.347232
1782.78	0.50872
1783.33	0.214984
1783.89	0.0653451
1784.44	0.837592
1785	0.173584
1785.56	0.379316
1786.11	0.191434
1786.67	0.756725
1787.22	0.682843
1787.78	0.112242
1788.33	1.13892
1788.89	0.661222
1789.44	0.177403
1790	0.335045
1790.56	0.275113
1791.11	0.61116
1791.67	0.25489
1792.22	0.0854195
1792.78	0.953233
1793.33	0.335028
1793.89	0.153627
1794.44	1.84785
1795	0.613872
1795.56	0.710956
1796.11	1.92161
1796.67	0.646618
1797.22	1.05257
1797.78	1.06469
1798.33	1.63425
1798.89	0.32966
1799.44	0.778968
1800	0.53861
1800.56	0.475487
1801.11	0.388069
1801.67	0.0238547
1802.22	0.398559
1802.78	0.943992
1803.33	0.90406
1803.89	0.726137
1804.44	0.577537
1805	1.32548
1805.56	0.840945
1806.11	0.282092
1806.67	0.555477
1807.22	0.068492
1807.78	0.794993
1808.33	1.90082
1808.89	0.304828
1809.44	1.55239
1810	0.119221
1810.56	0.14372
1811.11	0.123233
1811.67	0.0572197
1812.22	0.733135
1812.78	0.635528
1813.33	1.48463
1813.89	0.388176
1814.44	0.653554
1815	1.21754
1815.56	0.281236
1816.11	0.0644982
1816.67	0.328038
1817.22	1.1482
1817.78	1.60643
1818.33	0.528127
1818.89	0.523397
1819.44	1.17421
1820	1.62439
1820.56	0.478157
1821.11	0.339448
1821.67	0.248488
1822.22	0.109094
1822.78	0.103644
1823.33	0.892053
1823.89	1.74226
1824.44	0.752255
1825	0.406323
1825.56	0.370382
1826.11	0.277176
1826.67	0.348787
1827.22	1.51997
1827.78	0.174072
1828.33	0.692161
1828.89	0.851934
1829.44	1.69687
1830	0.306624
1830.56	0.149
1831.11	0.146335
1831.67	0.868467
1832.22	0.554689
1832.78	0.641158
1833.33	0.58726
1833.89	1.42549
1834.44	1.89361
1835	0.0939439
1835.56	0.51514
1836.11	0.500282
1836.67	1.72907
1837.22	0.528335
1837.78	1.41978
1838.33	1.26659
1838.89	0.794806
1839.44	0.294806
1840	0.663037
1840.56	0.941881
1841.11	0.222726
1841.67	1.56561
1842.22	1.52833
1842.78	0.239236
1843.33	0.750356
1843.89	0.0132803
1844.44	1.1807
1845	2.37343
1845.56	0.283388
1846.11	0.293474
1846.67	0.0421367
1847.22	1.22829
1847.78	0.120459
1848.33	0.158563
1848.89	0.557268
1849.44	1.35725
1850	0.807442
1850.56	0.197637
1851.11	1.0717
1851.67	0.0424871
1852.22	2.43514
1852.78	0.331662
1853.33	0.0860207
1853.89	1.78876
1854.44	1.05417
1855	0.216816
1855.56	0.0764332
1856.11	0.0389841
1856.67	1.36457
1857.22	0.308595
1857.78	1.04726
1858.33	0.750344
1858.89	1.176
1859.44	1.16925
1860	0.575944
1860.56	0.178737
1861.11	0.821438
1861.67	1.20544
1862.22	0.828528
1862.78	0.614999
1863.33	0.900013
1863.89	0.422164
1864.44	0.386187
1865	0.570273
1865.56	0.731435
1866.11	1.21201
1866.67	0.411768
1867.22	0.793858
1867.78	1.42069
1868.33	0.685617
1868.89	0.255002
1869.44	0.989806
1870	0.867518
1870.56	0.876108
1871.11	1.12321
1871.67	0.844775
1872.22	0.47638
1872.78	0.562082
1873.33	1.01875
1873.89	0.401721
1874.44	1.43274
1875	0.775306
1875.56	0.118845
1876.11	0.823259
1876.67	0.11052
1877.22	0.864287
1877.78	0.387692
1878.33	0.0388106
1878.89	0.781257
1879.44	1.48364
1880	0.267933
1880.56	1.03394
1881.11	0.496048
1881.67	1.09748
1882.22	0.316781
1882.78	0.25192
1883.33	0.0775377
1883.89	0.721037
1884.44	2.58201
1885	0.649184
1885.56	1.21435
1886.11	0.131579
1886.67	2.0037
1887.22	1.98869
1887.78	0.720888
1888.33	0.0609936
1888.89	1.22121
1889.44	0.178029
1890	0.263508
1890.56	2.26963
1891.11	0.124038
1891.67	0.41735
1892.22	0.399604
1892.78	1.57547
1893.33	0.260835
1893.89	1.3247
1894.44	0.190342
1895	1.42861
1895.56	0.645989
1896.11	0.323191
1896.67	0.54929
1897.22	1.9642
1897.78	0.778125
1898.33	0.77604
1898.89	0.705169
1899.44	0.373927
1900	0.0265196
1900.56	0.793306
1901.11	0.172322
1901.67	1.3179
1902.22	1.09527
1902.78	0.0890482
1903.33	0.500498
1903.89	0.576033
1904.44	1.02471
1905	0.0476833
1905.56	0.107647
1906.11	0.524213
1906.67	0.908606
1907.22	0.303125
1907.78	0.0103365
1908.33	0.550476
1908.89	0.782893
1909.44	0.0455763
1910	0.592874
1910.56	0.593386
1911.11	0.775899
1911.67	0.123847
1912.22	0.824915
1912.78	0.356968
1913.33	0.153813
1913.89	0.333861
1914.44	0.150667
1915	0.248746
1915.56	1.6372
1916.11	0.245954
1916.67	1.62331
1917.22	2.13844
1917.78	0.650908
1918.33	0.710486
1918.89	1.1769
1919.44	0.00114387
1920	0.771452
1920.56	1.81163
1921.11	1.31529
1921.67	0.111055
1922.22	0.246245
1922.78	0.441765
1923.33	1.90866
1923.89	1.55708
1924.44	0.0113621
1925	0.389234
1925.56	0.741716
1926.11	0.0373885
1926.67	0.704056
1927.22	0.686297
1927.78	0.431682
1928.33	0.234367
1928.89	0.586933
1929.44	0.352321
1930	0.507569
1930.56	0.444912
1931.11	1.17703
1931.67	0.168868
1932.22	0.895373
1932.78	0.700715
1933.33	1.51938
1933.89	0.959153
1934.44	1.28309
1935	1.10398
1935.56	0.439338
1936.11	0.869384
1936.67	1.85989
1937.22	1.28055
1937.78	2.74142
1938.33	0.527126
1938.89	1.61101
1939.44	0.911561
1940	0.614613
1940.56	1.11263
1941.11	1.53234
1941.67	0.667117
1942.22	1.06543
1942.78	0.929287
1943.33	0.0507985
1943.89	1.61873
1944.44	0.449789
1945	1.13484
1945.56	1.43855
1946.11	0.192371
1946.67	0.64798
1947.22	0.430719
1947.78	0.330354
1948.33	0.472814
1948.89	1.42653
1949.44	2.58922
1950	1.67857
1950.56	0.650422
1951.11	0.895488
1951.67	0.243715
1952.22	1.05147
1952.78	1.30262
1953.33	0.837978
1953.89	0.00960893
1954.44	0.00682986
1955	0.207495
1955.56	0.876509
1956.11	1.22766
1956.67	0.507729
1957.22	1.96399
1957.78	0.0701721
1958.33	0.9606
1958.89	2.22324
1959.44	0.90842
1960	0.0117459
1960.56	1.60776
1961.11	1.12928
1961.67	1.05814
1962.22	1.84302
1962.78	0.443044
1963.33	0.265438
1963.89	0.843582
1964.44	0.815635
1965	2.69916
1965.56	0.848711
1966.11	1.14469
1966.67	0.642008
1967.22	0.670853
1967.78	2.3344
1968.33	1.32757
1968.89	1.3147
1969.44	0.400825
1970	0.89476
1970.56	1.51422
1971.11	0.724875
1971.67	0.559215
1972.22	1.557
1972.78	0.147424
1973.33	1.2638
1973.89	0.703088
1974.44	0.232154
1975	0.104919
1975.56	1.85797
1976.11	1.09737
1976.67	1.96298
1977.22	0.306535
1977.78	0.101497
1978.33	0.330443
1978.89	1.10704
1979.44	3.15316
1980	0.0426816
1980.56	1.18015
1981.11	0.0710857
1981.67	0.950194
1982.22	2.28005
1982.78	0.666456
1983.33	0.0757341
1983.89	0.456385
1984.44	1.89663
1985	1.26559
1985.56	2.73149
1986.11	0.348618
1986.67	2.7315
1987.22	0.361112
1987.78	2.45873
1988.33	0.559043
1988.89	0.288388
1989.44	0.838246
1990	0.00801922
1990.56	1.58929
1991.11	0.0275593
1991.67	1.46087
1992.22	0.342262
1992.78	0.00679477
1993.33	1.02623
1993.89	0.634008
1994.44	0.26418
1995	0.543432
1995.56	1.01174
1996.11	1.06348
1996.67	0.441333
1997.22	2.09555
1997.78	0.31111
1998.33	1.3751
1998.89	1.79771
1999.44	1.82808
2000	0.0758872
