t	etaU
0	1.00551e-15
0.555556	0.132193
1.11111	0.0239129
1.66667	2.38712
2.22222	0.493389
2.77778	2.08427
3.33333	0.791839
3.88889	0.694472
4.44444	0.700853
5	2.69196
5.55556	1.89238
6.11111	0.677955
6.66667	1.2008
7.22222	0.182212
7.77778	0.0706899
8.33333	0.342192
8.88889	0.00342593
9.44444	0.538949
10	1.38394
10.5556	0.6755
11.1111	0.011156
11.6667	0.00114802
12.2222	0.107606
12.7778	0.0540329
13.3333	0.494331
13.8889	1.36677
14.4444	1.20521
15	0.617158
15.5556	0.143626
16.1111	2.57923
16.6667	0.137617
17.2222	0.546704
17.7778	1.9761
18.3333	0.0114558
18.8889	0.179427
19.4444	0.628708
20	2.02325
20.5556	1.44267
21.1111	0.550171
21.6667	0.393618
22.2222	2.03696
22.7778	0.117063
23.3333	0.628468
23.8889	0.0653369
24.4444	0.0409468
25	0.0730559
25.5556	1.37437
26.1111	0.092029
26.6667	1.32778
27.2222	0.42895
27.7778	0.424861
28.3333	0.291368
28.8889	0.753087
29.4444	0.625637
30	1.0554
30.5556	0.168923
31.1111	0.532457
31.6667	0.104443
32.2222	0.280204
32.7778	0.503207
33.3333	0.990829
33.8889	0.278722
34.4444	1.46306
35	0.126807
35.5556	0.040315
36.1111	0.915862
36.6667	1.07993
37.2222	1.17997
37.7778	0.440223
38.3333	1.52891
38.8889	2.32573
39.4444	1.34453
40	0.450706
40.5556	0.382125
41.1111	0.906431
41.6667	0.282202
42.2222	0.223155
42.7778	0.0821032
43.3333	0.744948
43.8889	1.18819
44.4444	0.158114
45	1.79396
45.5556	0.558009
46.1111	0.00726671
46.6667	0.929027
47.2222	0.615157
47.7778	0.507482
48.3333	1.15956
48.8889	1.08798
49.4444	0.640657
50	0.346398
50.5556	0.524935
51.1111	1.26276
51.6667	1.36702
52.2222	1.68015
52.7778	1.35458
53.3333	1.00899
53.8889	0.103222
54.4444	0.555386
55	1.7749
55.5556	0.222927
56.1111	0.231078
56.6667	0.00689404
57.2222	1.19092
57.7778	0.581617
58.3333	0.0930165
58.8889	0.770757
59.4444	0.962053
60	0.673456
60.5556	0.792271
61.1111	1.89692
61.6667	0.0621467
62.2222	0.636477
62.7778	0.225768
63.3333	0.645453
63.8889	0.608451
64.4444	1.13329
65	1.55378
65.5556	0.113141
66.1111	0.862717
66.6667	0.259243
67.2222	0.431216
67.7778	0.334251
68.3333	0.158779
68.8889	1.36119
69.4444	0.412732
70	1.48824
70.5556	2.74759
71.1111	2.31558
71.6667	1.16932
72.2222	1.03227
72.7778	1.65606
73.3333	1.10174
73.8889	0.488776
74.4444	0.00772735
75	0.446295
75.5556	0.503907
76.1111	0.747869
76.6667	0.87328
77.2222	0.819549
77.7778	0.652215
78.3333	0.83178
78.8889	0.465143
79.4444	0.422711
80	0.671686
80.5556	0.859984
81.1111	0.0732968
81.6667	2.47983
82.2222	0.283585
82.7778	1.06303
83.3333	0.61123
83.8889	0.563552
84.4444	0.188638
85	1.66534
85.5556	1.81809
86.1111	0.871265
86.6667	0.963498
87.2222	1.19801
87.7778	1.83592
88.3333	1.26868
88.8889	0.450003
89.4444	1.09149
90	0.775621
90.5556	0.60145
91.1111	0.0965861
91.6667	0.575678
92.2222	0.672309
92.7778	1.09582
93.3333	0.633081
93.8889	0.638526
94.4444	0.658356
95	0.175576
95.5556	1.09386
96.1111	0.756154
96.6667	0.198475
97.2222	0.601921
97.7778	0.669646
98.3333	0.200294
98.8889	1.01117
99.4444	0.819937
100	0.99633
100.556	1.01687
101.111	1.03841
101.667	0.044028
102.222	1.04344
102.778	0.0607627
103.333	1.26905
103.889	0.505877
104.444	2.62435
105	0.0818156
105.556	0.879172
106.111	0.021389
106.667	0.539831
107.222	0.0820088
107.778	1.8864
108.333	0.433083
108.889	0.0501093
109.444	1.01381
110	0.828203
110.556	1.27149
111.111	0.200042
111.667	0.524438
112.222	0.480879
112.778	0.778889
113.333	0.136357
113.889	0.258245
114.444	2.07356
115	0.00288944
115.556	0.122114
116.111	0.128196
116.667	0.75884
117.222	1.11113
117.778	0.534676
118.333	0.363092
118.889	0.296123
119.444	0.37385
120	0.1518
120.556	0.376785
121.111	0.519725
121.667	0.307448
122.222	0.331821
122.778	0.132008
123.333	1.18505
123.889	0.543105
124.444	0.00482518
125	0.0947661
125.556	0.0272741
126.111	0.340252
126.667	0.22369
127.222	0.744413
127.778	0.648252
128.333	0.221588
128.889	0.150055
129.444	0.228045
130	1.37592
130.556	0.639534
131.111	0.0107538
131.667	0.937493
132.222	0.291038
132.778	0.115284
133.333	1.58858
133.889	0.114425
134.444	0.31084
135	0.435152
135.556	0.527087
136.111	0.0668561
136.667	0.384139
137.222	0.105269
137.778	0.630869
138.333	0.790751
138.889	1.25827
139.444	0.174299
140	0.783333
140.556	0.268166
141.111	0.253918
141.667	0.589355
142.222	0.733088
142.778	0.70585
143.333	0.0825956
143.889	0.130622
144.444	0.605446
145	0.224141
145.556	0.431622
146.111	0.0684848
146.667	0.750314
147.222	0.200857
147.778	0.0364259
148.333	0.706495
148.889	0.601407
149.444	0.10529
150	0.749671
150.556	0.097797
151.111	0.0457693
151.667	0.219334
152.222	0.0451936
152.778	0.024071
153.333	0.079278
153.889	0.309159
154.444	0.321727
155	0.605337
155.556	0.738838
156.111	0.669654
156.667	0.595055
157.222	0.610601
157.778	0.166797
158.333	0.813401
158.889	0.614456
159.444	0.21563
160	0.372522
160.556	0.552278
161.111	0.0563003
161.667	0.223341
162.222	0.186174
162.778	0.711997
163.333	0.7087
163.889	0.719603
164.444	0.779856
165	0.466943
165.556	0.170465
166.111	0.0879527
166.667	0.362096
167.222	0.0658446
167.778	0.257014
168.333	0.00465283
168.889	0.2951
169.444	0.569606
170	0.00322374
170.556	0.123501
171.111	1.08202
171.667	0.130676
172.222	0.38581
172.778	0.402652
173.333	0.368708
173.889	0.0246255
174.444	0.169445
175	0.145377
175.556	0.329125
176.111	0.660932
176.667	0.776479
177.222	0.235519
177.778	0.412333
178.333	0.143303
178.889	0.0952169
179.444	0.0406037
180	0.296888
180.556	0.0673469
181.111	0.25948
181.667	0.0541259
182.222	0.0670234
182.778	0.0175588
183.333	0.256038
183.889	0.0636012
184.444	0.141536
185	0.140839
185.556	0.0525544
186.111	0.211228
186.667	0.420585
187.222	0.219722
187.778	0.0773199
188.333	0.191196
188.889	0.272305
189.444	0.202709
190	0.239411
190.556	0.223169
191.111	0.221414
191.667	0.198264
192.222	0.0153413
192.778	0.088171
193.333	0.316171
193.889	0.17408
194.444	0.162744
195	0.727478
195.556	0.275992
196.111	0.153882
196.667	0.157449
197.222	0.349375
197.778	0.0328876
198.333	0.49807
198.889	0.102381
199.444	0.339354
200	0.633919
200.556	0.232211
201.111	0.906232
201.667	0.163934
202.222	0.290195
202.778	0.187979
203.333	0.088919
203.889	0.0923305
204.444	0.497
205	0.252694
205.556	0.364373
206.111	0.0561772
206.667	0.0533166
207.222	0.0195904
207.778	0.177351
208.333	0.280299
208.889	0.185367
209.444	0.255362
210	0.0220883
210.556	0.243771
211.111	0.138269
211.667	0.296656
212.222	0.428643
212.778	0.0705241
213.333	0.0388116
213.889	0.0670727
214.444	0.41178
215	0.04198
215.556	0.0433284
216.111	0.283191
216.667	0.296645
217.222	0.228071
217.778	0.154117
218.333	0.38494
218.889	0.0463872
219.444	0.0445544
220	0.0284411
220.556	0.0761809
221.111	0.173181
221.667	0.38022
222.222	0.093695
222.778	0.130967
223.333	0.0212039
223.889	0.0810037
224.444	0.281964
225	0.177638
225.556	0.209213
226.111	0.0368613
226.667	0.307955
227.222	0.00319244
227.778	0.457665
228.333	0.0984264
228.889	0.230915
229.444	0.165051
230	0.0970308
230.556	0.107512
231.111	0.0410824
231.667	0.0356276
232.222	0.0698687
232.778	0.0811707
233.333	0.217724
233.889	0.131794
234.444	0.343034
235	0.255713
235.556	0.071332
236.111	0.0890899
236.667	0.183115
237.222	0.163392
237.778	0.0303386
238.333	0.0128063
238.889	0.0465435
239.444	0.0020596
240	0.0687433
240.556	0.0833636
241.111	0.153995
241.667	0.110861
242.222	0.0879165
242.778	0.213711
243.333	0.250159
243.889	0.0181226
244.444	0.0161288
245	0.221286
245.556	0.275795
246.111	0.0657016
246.667	0.102212
247.222	0.194934
247.778	0.0514296
248.333	0.0397348
248.889	0.157943
249.444	0.316894
250	0.0532393
250.556	0.0151943
251.111	0.139975
251.667	0.0472801
252.222	0.0529671
252.778	0.091899
253.333	0.136239
253.889	0.0874912
254.444	0.104935
255	0.271647
255.556	0.142027
256.111	0.0901778
256.667	0.00974588
257.222	0.0200286
257.778	0.169553
258.333	0.209147
258.889	0.0367412
259.444	0.0660456
260	0.0104448
260.556	0.0836052
261.111	0.0816203
261.667	0.137319
262.222	0.0539011
262.778	0.0215133
263.333	0.0203096
263.889	0.170734
264.444	0.188025
265	0.0512654
265.556	0.200306
266.111	0.338248
266.667	0.195643
267.222	0.047325
267.778	0.267957
268.333	0.127428
268.889	0.229397
269.444	0.0434627
270	0.13716
270.556	0.129387
271.111	0.168308
271.667	0.00788099
272.222	0.0114119
272.778	0.0330869
273.333	0.0409006
273.889	0.099005
274.444	0.0233552
275	0.0125362
275.556	0.0569987
276.111	0.144458
276.667	0.0201217
277.222	0.267211
277.778	0.113089
278.333	0.120001
278.889	0.0060171
279.444	0.0329453
280	0.0531729
280.556	0.148455
281.111	0.00924705
281.667	0.000925422
282.222	0.0168827
282.778	0.194851
283.333	0.0226433
283.889	0.108382
284.444	0.111162
285	0.0878109
285.556	0.0480718
286.111	0.0372625
286.667	0.0469269
287.222	0.0573052
287.778	0.123918
288.333	0.0381581
288.889	0.0386941
289.444	0.083732
290	0.00766358
290.556	0.108082
291.111	0.138174
291.667	0.114913
292.222	0.0253792
292.778	0.0791306
293.333	0.0824816
293.889	0.136084
294.444	0.0902749
295	0.0147101
295.556	0.0326588
296.111	0.0399837
296.667	0.161324
297.222	0.0639045
297.778	0.131267
298.333	0.115285
298.889	0.0733029
299.444	0.104069
300	0.0737141
300.556	0.0352036
301.111	0.0236476
301.667	0.0450797
302.222	0.0460114
302.778	0.0573061
303.333	0.0618192
303.889	0.0997323
304.444	0.0326898
305	0.0102354
305.556	0.00883673
306.111	0.0311998
306.667	0.00454661
307.222	0.0511186
307.778	0.0574644
308.333	0.0186943
308.889	0.0137278
309.444	0.104268
310	0.0342265
310.556	0.0819194
311.111	0.166763
311.667	0.0658588
312.222	0.0574098
312.778	0.0181527
313.333	0.0241559
313.889	0.0682623
314.444	0.144253
315	0.0949425
315.556	0.0245292
316.111	0.0569668
316.667	0.0261485
317.222	0.106187
317.778	0.0785036
318.333	0.0310902
318.889	0.0716669
319.444	0.0399425
320	0.0581663
320.556	0.0486312
321.111	0.0432599
321.667	0.0840734
322.222	0.142016
322.778	0.0734625
323.333	0.0175406
323.889	0.146186
324.444	0.0342711
325	0.0360852
325.556	0.0309812
326.111	0.0270474
326.667	0.0112989
327.222	0.00127575
327.778	0.102337
328.333	0.048201
328.889	0.0479425
329.444	0.0481914
330	0.00228695
330.556	0.0327239
331.111	0.0791913
331.667	0.066423
332.222	0.0161573
332.778	0.110652
333.333	0.0163459
333.889	0.080887
334.444	0.087745
335	0.173024
335.556	0.000514737
336.111	0.00621034
336.667	0.0173201
337.222	0.0217791
337.778	0.152872
338.333	0.0586711
338.889	0.0805369
339.444	0.0915673
340	0.0252687
340.556	0.0594866
341.111	0.0438655
341.667	0.0512332
342.222	0.000312998
342.778	0.0705315
343.333	0.0126269
343.889	0.0637586
344.444	0.0661138
345	0.0531323
345.556	0.0937916
346.111	0.0455707
346.667	0.0735302
347.222	0.0278818
347.778	0.0237367
348.333	0.0732874
348.889	0.0314754
349.444	0.0132365
350	0.0457328
350.556	0.0478127
351.111	0.0609632
351.667	0.0397306
352.222	0.0684264
352.778	0.0553777
353.333	0.00445299
353.889	2.76243e-05
354.444	0.010535
355	0.0281048
355.556	0.0128048
356.111	0.02307
356.667	0.00893731
357.222	0.0122058
357.778	0.0175886
358.333	0.0966763
358.889	0.0178197
359.444	0.0146808
360	0.0405667
360.556	0.0451619
361.111	0.0220029
361.667	0.08764
362.222	0.0320632
362.778	0.0566379
363.333	0.0431047
363.889	0.0621453
364.444	0.11663
365	0.0875425
365.556	0.0281761
366.111	0.0228883
366.667	0.0102059
367.222	0.0641718
367.778	0.0649739
368.333	0.0535924
368.889	0.154496
369.444	0.0589632
370	0.00781565
370.556	0.0518886
371.111	0.0376683
371.667	0.0972532
372.222	0.0373154
372.778	0.0744293
373.333	0.0511009
373.889	0.027731
374.444	0.00313807
375	0.0580312
375.556	0.00384847
376.111	0.0470333
376.667	0.0292972
377.222	0.0519142
377.778	0.00482519
378.333	0.041566
378.889	0.013269
379.444	0.00369479
380	0.017259
380.556	0.0502249
381.111	0.0218888
381.667	0.0174299
382.222	0.00491219
382.778	0.0426677
383.333	0.0173425
383.889	0.015515
384.444	0.0362897
385	0.00714924
385.556	0.0116318
386.111	0.00954884
386.667	0.0421786
387.222	0.0476733
387.778	0.0311267
388.333	0.03808
388.889	0.0411863
389.444	0.0227814
390	0.00940512
390.556	0.0510273
391.111	0.0105529
391.667	0.0369451
392.222	0.0279957
392.778	0.0844176
393.333	0.00969217
393.889	0.0248107
394.444	0.0589256
395	0.0399221
395.556	0.025247
396.111	0.011484
396.667	0.0387001
397.222	0.0258781
397.778	0.0148635
398.333	0.0491654
398.889	0.0164222
399.444	0.0385874
400	0.0563992
400.556	0.102386
401.111	0.010152
401.667	0.0284515
402.222	0.00229456
402.778	0.0319593
403.333	0.0189299
403.889	0.0598565
404.444	0.0643759
405	0.0199423
405.556	0.0386876
406.111	0.052607
406.667	0.0134002
407.222	0.030756
407.778	0.024847
408.333	0.0181756
408.889	9.40969e-05
409.444	0.00718114
410	0.012171
410.556	0.0071687
411.111	0.0520666
411.667	0.031803
412.222	0.0016328
412.778	0.00446752
413.333	0.0659008
413.889	0.0462796
414.444	0.0277935
415	0.0152191
415.556	0.0143648
416.111	0.0122861
416.667	0.0332975
417.222	0.0382061
417.778	0.045582
418.333	0.0410624
418.889	0.031895
419.444	0.00695272
420	0.0492904
420.556	0.0297479
421.111	0.00798001
421.667	0.0427415
422.222	0.065608
422.778	0.0425577
423.333	0.0138388
423.889	0.0530641
424.444	0.0459699
425	0.0425888
425.556	0.103885
426.111	0.0295406
426.667	0.000956995
427.222	0.0351917
427.778	0.0151995
428.333	0.00095278
428.889	0.0450583
429.444	0.000790432
430	0.0376725
430.556	0.00123101
431.111	0.0384495
431.667	0.0217324
432.222	0.0298775
432.778	0.0113655
433.333	0.0163737
433.889	0.0162231
434.444	0.0130675
435	0.0363623
435.556	0.003275
436.111	0.0100782
436.667	0.0348838
437.222	0.0238372
437.778	0.0236179
438.333	0.0464416
438.889	0.0403269
439.444	0.0313087
440	0.011673
440.556	0.00179579
441.111	0.0113157
441.667	0.0164899
442.222	0.00765389
442.778	0.0279665
443.333	0.0687964
443.889	0.0224257
444.444	0.00879089
445	0.00292543
445.556	0.033944
446.111	0.0180805
446.667	0.019678
447.222	0.000225974
447.778	0.00851351
448.333	0.0317523
448.889	0.000858786
449.444	0.0598281
450	0.00165109
450.556	0.00924542
451.111	0.0202164
451.667	0.0279998
452.222	0.00572693
452.778	0.0324685
453.333	0.00103854
453.889	0.0428999
454.444	0.0515639
455	0.0169216
455.556	0.00103652
456.111	0.0434196
456.667	0.0371384
457.222	0.0135224
457.778	0.0212866
458.333	0.00899674
458.889	0.011261
459.444	0.000154886
460	0.00562737
460.556	0.0646924
461.111	0.0130857
461.667	0.00942522
462.222	0.0103659
462.778	0.00332853
463.333	0.0281083
463.889	0.0172813
464.444	0.0256492
465	0.0175581
465.556	0.0227231
466.111	0.0158696
466.667	0.0119217
467.222	0.0499544
467.778	0.000374784
468.333	0.029003
468.889	0.0206111
469.444	0.0244996
470	0.0219857
470.556	0.0407151
471.111	0.0277374
471.667	0.0215658
472.222	0.0479301
472.778	0.0126693
473.333	0.00638036
473.889	0.0260933
474.444	0.0404532
475	0.0171882
475.556	0.0191535
476.111	0.0218387
476.667	0.0235301
477.222	0.0364982
477.778	0.0650095
478.333	0.0453627
478.889	0.00831098
479.444	0.0337807
480	0.0565849
480.556	0.0139528
481.111	0.0318929
481.667	0.0554892
482.222	0.0447662
482.778	0.0448813
483.333	0.0184819
483.889	0.0405337
484.444	0.00434885
485	0.011628
485.556	0.0494778
486.111	0.00073291
486.667	0.00463445
487.222	0.013166
487.778	0.00278864
488.333	0.00983064
488.889	0.0212358
489.444	0.0323861
490	0.00870196
490.556	0.02113
491.111	0.00275807
491.667	0.0116576
492.222	0.0111799
492.778	0.00647655
493.333	0.0268222
493.889	0.0193222
494.444	0.0501648
495	0.0111939
495.556	0.0427124
496.111	0.0213516
496.667	0.0238716
497.222	0.0388106
497.778	0.00641313
498.333	0.0490889
498.889	0.0199815
499.444	0.015589
500	0.0188322
500.556	0.0119801
501.111	0.0353154
501.667	0.0362717
502.222	0.00814939
502.778	0.0248153
503.333	0.0453939
503.889	0.0013591
504.444	0.0151506
505	0.038124
505.556	0.0470199
506.111	0.0264861
506.667	0.0351579
507.222	0.0383009
507.778	0.00682024
508.333	0.0345988
508.889	0.0191172
509.444	0.0308303
510	0.022151
510.556	0.0277382
511.111	0.024333
511.667	0.0193236
512.222	0.0135709
512.778	0.0203297
513.333	0.0274593
513.889	0.0331092
514.444	0.0394187
515	0.0122266
515.556	0.0202891
516.111	0.0116909
516.667	0.0420171
517.222	0.0068079
517.778	0.0170905
518.333	0.0210846
518.889	0.0108472
519.444	0.00954407
520	0.00796616
520.556	0.00913941
521.111	0.00874754
521.667	0.0312647
522.222	0.00111404
522.778	0.00103455
523.333	0.00814983
523.889	0.0277783
524.444	0.0228263
525	0.000730985
525.556	0.0216788
526.111	0.0103123
526.667	0.0231526
527.222	0.0481742
527.778	0.00646225
528.333	0.0378891
528.889	0.0265839
529.444	0.0048637
530	0.00656859
530.556	0.0216193
531.111	0.0247872
531.667	0.0280662
532.222	0.0304265
532.778	0.0316574
533.333	0.000460184
533.889	0.0202646
534.444	0.0544056
535	0.00736544
535.556	0.0397722
536.111	0.0204317
536.667	0.00711274
537.222	0.019967
537.778	0.0504242
538.333	0.0188689
538.889	0.0135792
539.444	0.0431345
540	0.0279
540.556	0.000577767
541.111	0.00114937
541.667	0.0296069
542.222	0.00394615
542.778	0.0260635
543.333	0.0387788
543.889	0.0211915
544.444	0.00557347
545	0.0102411
545.556	0.00809784
546.111	0.0117036
546.667	0.0299116
547.222	0.00740414
547.778	0.0100827
548.333	0.00956942
548.889	0.0100303
549.444	0.0305607
550	0.000287095
550.556	0.00965256
551.111	0.016985
551.667	0.0164321
552.222	0.0181504
552.778	0.00671356
553.333	0.00740859
553.889	0.00446716
554.444	0.00173717
555	0.0108163
555.556	0.0390495
556.111	0.0203204
556.667	0.00995191
557.222	0.0205847
557.778	0.00531195
558.333	0.0170479
558.889	0.0138238
559.444	0.0272773
560	0.0141128
560.556	0.0323619
561.111	0.0335313
561.667	0.00630762
562.222	0.00619684
562.778	0.0199651
563.333	0.0460536
563.889	0.0228685
564.444	0.0167709
565	0.0340253
565.556	0.019766
566.111	0.0107902
566.667	0.0383317
567.222	0.0258488
567.778	0.00878315
568.333	0.0361807
568.889	0.0165606
569.444	0.0184133
570	0.0195848
570.556	0.0354215
571.111	0.0219782
571.667	0.0256732
572.222	0.0207084
572.778	0.00657943
573.333	0.0160863
573.889	0.0401325
574.444	0.0185816
575	0.00526432
575.556	0.00688699
576.111	0.00207214
576.667	0.00484279
577.222	0.0150363
577.778	0.0201639
578.333	0.0292489
578.889	0.0053349
579.444	0.00433138
580	0.00566275
580.556	0.0248265
581.111	0.0245928
581.667	0.0205358
582.222	0.0164043
582.778	0.00851486
583.333	0.00844815
583.889	0.00415502
584.444	0.02772
585	0.00604952
585.556	0.00515936
586.111	0.0239866
586.667	0.0163326
587.222	0.0162472
587.778	0.0171522
588.333	0.0422462
588.889	0.00494389
589.444	0.0114495
590	0.0302826
590.556	0.0229498
591.111	0.00595421
591.667	0.039924
592.222	0.0366529
592.778	0.000777888
593.333	0.0366918
593.889	0.0182752
594.444	0.0238487
595	0.00731018
595.556	0.048521
596.111	0.0249881
596.667	0.00661874
597.222	0.0271543
597.778	0.0272172
598.333	0.0137716
598.889	0.0011395
599.444	0.0430929
600	0.000222813
600.556	0.00698001
601.111	0.0202166
601.667	0.0123676
602.222	0.0204031
602.778	0.0122265
603.333	0.0173458
603.889	0.00816626
604.444	0.000572758
605	0.0116932
605.556	0.0212235
606.111	0.0244123
606.667	0.0084403
607.222	0.00347735
607.778	0.012476
608.333	0.0010678
608.889	0.00544541
609.444	0.0247996
610	0.0266653
610.556	0.00907032
611.111	0.000810842
611.667	0.02359
612.222	0.0113344
612.778	0.0115402
613.333	0.0416127
613.889	0.0228133
614.444	0.010812
615	0.0110665
615.556	0.0408547
616.111	0.0142371
616.667	0.0273843
617.222	0.0495639
617.778	0.0131698
618.333	0.00312273
618.889	0.0237328
619.444	0.0376868
620	0.0173216
620.556	0.0422159
621.111	0.036089
621.667	0.00756301
622.222	0.00207483
622.778	0.0304565
623.333	0.029121
623.889	0.000921727
624.444	0.0434959
625	0.0205398
625.556	0.00614318
626.111	0.00787141
626.667	0.0351126
627.222	0.0132576
627.778	0.0102253
628.333	0.0262044
628.889	0.0159144
629.444	0.00216878
630	0.00820438
630.556	0.0218143
631.111	0.0135973
631.667	0.0226933
632.222	0.0211584
632.778	0.00112543
633.333	0.0188066
633.889	0.000876571
634.444	0.0118008
635	0.022522
635.556	0.00412439
636.111	0.0151929
636.667	0.00797788
637.222	0.0335636
637.778	0.00217708
638.333	0.0169895
638.889	0.0173499
639.444	0.010008
640	0.00206575
640.556	0.0351804
641.111	0.0393779
641.667	0.00449235
642.222	0.032125
642.778	0.029578
643.333	0.00128785
643.889	0.0102493
644.444	0.0516781
645	0.0194263
645.556	0.0172361
646.111	0.0376477
646.667	0.0172434
647.222	0.00307523
647.778	0.027551
648.333	0.0564504
648.889	0.00445033
649.444	0.0219048
650	0.0417058
650.556	0.0129203
651.111	0.00183206
651.667	0.0361847
652.222	0.0387145
652.778	0.0150588
653.333	0.0298941
653.889	0.0256735
654.444	0.0106347
655	0.013145
655.556	0.0424478
656.111	0.0217619
656.667	0.0118882
657.222	0.0143922
657.778	0.00751368
658.333	0.00596276
658.889	0.00119482
659.444	0.0320762
660	0.0112475
660.556	0.00567123
661.111	0.00365471
661.667	0.0116167
662.222	0.0145683
662.778	0.00078481
663.333	0.0236233
663.889	0.00593224
664.444	0.00592047
665	0.00109116
665.556	0.0147037
666.111	0.0239602
666.667	0.000479115
667.222	0.0165721
667.778	0.0209179
668.333	0.0201151
668.889	0.000737604
669.444	0.0272115
670	0.0313121
670.556	0.00958628
671.111	0.0196184
671.667	0.0364461
672.222	0.0280217
672.778	0.00880672
673.333	0.0378925
673.889	0.032552
674.444	0.0138392
675	0.0281443
675.556	0.0384859
676.111	0.00813629
676.667	0.0224787
677.222	0.0515973
677.778	0.0083403
678.333	0.018923
678.889	0.0289849
679.444	0.0338107
680	0.00243863
680.556	0.0286356
681.111	0.0402465
681.667	0.0104949
682.222	0.0222005
682.778	0.0264418
683.333	0.0221825
683.889	0.00319084
684.444	0.0325541
685	0.0206788
685.556	0.0120458
686.111	0.00239508
686.667	0.0232942
687.222	0.00746325
687.778	0.00192338
688.333	0.0211077
688.889	0.0068464
689.444	0.00775989
690	0.00541995
690.556	0.0169226
691.111	0.0184475
691.667	0.00742974
692.222	0.00813894
692.778	0.00167166
693.333	0.0221635
693.889	0.000936331
694.444	0.0200011
695	0.0261323
695.556	0.0087271
696.111	0.00830398
696.667	0.0148303
697.222	0.0338913
697.778	0.00148814
698.333	0.0256116
698.889	0.0325925
699.444	0.0073044
700	0.0152199
700.556	0.0272373
701.111	0.0297714
701.667	0.0230826
702.222	0.0440452
702.778	0.0300206
703.333	0.00498806
703.889	0.0145041
704.444	0.0426539
705	0.0125195
705.556	0.031135
706.111	0.0394872
706.667	0.0190235
707.222	0.0135398
707.778	0.0213236
708.333	0.0428134
708.889	0.00128766
709.444	0.0243061
710	0.032861
710.556	0.0081274
711.111	0.0106396
711.667	0.024804
712.222	0.0309585
712.778	0.0147412
713.333	0.0247512
713.889	0.0271061
714.444	0.00327349
715	0.000485958
715.556	0.0144995
716.111	0.0161618
716.667	0.0157519
717.222	0.00853963
717.778	0.015759
718.333	0.00262534
718.889	0.0110685
719.444	0.0204678
720	0.0132964
720.556	0.00170674
721.111	0.00587018
721.667	0.00925042
722.222	0.0236706
722.778	0.0123698
723.333	0.0261077
723.889	0.0109127
724.444	0.0153445
725	0.0111538
725.556	0.023348
726.111	0.0327048
726.667	0.00444565
727.222	0.0271854
727.778	0.0244894
728.333	0.0156975
728.889	0.00709486
729.444	0.0325282
730	0.034931
730.556	0.013709
731.111	0.0295608
731.667	0.031887
732.222	0.0102729
732.778	0.0256749
733.333	0.0387334
733.889	0.0266445
734.444	0.0299609
735	0.03152
735.556	0.0266395
736.111	0.00601936
736.667	0.0318475
737.222	0.0412076
737.778	0.0028406
738.333	0.0292152
738.889	0.0209934
739.444	0.0167318
740	0.00778096
740.556	0.0227121
741.111	0.0327039
741.667	0.00744101
742.222	0.0124193
742.778	0.0100303
743.333	0.0155146
743.889	0.00528513
744.444	0.0162772
745	0.0193405
745.556	0.00707844
746.111	0.00216718
746.667	0.0109538
747.222	0.0114576
747.778	0.00538025
748.333	0.018121
748.889	0.0192789
749.444	0.00592183
750	0.0102867
750.556	0.0181889
751.111	0.0201984
751.667	0.0113779
752.222	0.0198995
752.778	0.0212617
753.333	0.01776
753.889	0.0110116
754.444	0.0327235
755	0.0284268
755.556	0.00886139
756.111	0.0292742
756.667	0.0247115
757.222	0.0282214
757.778	0.0107712
758.333	0.0367841
758.889	0.036088
759.444	0.00897917
760	0.0345345
760.556	0.0269997
761.111	0.0254579
761.667	0.0260481
762.222	0.0404089
762.778	0.0219714
763.333	0.0165134
763.889	0.0327212
764.444	0.0270836
765	0.01029
765.556	0.0290214
766.111	0.03032
766.667	0.0102458
767.222	0.022746
767.778	0.0203246
768.333	0.0284051
768.889	0.00201974
769.444	0.0245533
770	0.018547
770.556	0.000924505
771.111	0.0165346
771.667	0.008047
772.222	0.0239836
772.778	0.00387097
773.333	0.0119108
773.889	0.0134898
774.444	0.000631367
775	0.00413423
775.556	0.0116968
776.111	0.0204745
776.667	0.0022551
777.222	0.00135559
777.778	0.0153589
778.333	0.0124913
778.889	0.0141529
779.444	0.0183762
780	0.029539
780.556	0.0108852
781.111	0.00157183
781.667	0.023892
782.222	0.0232328
782.778	0.00944252
783.333	0.0312375
783.889	0.0316218
784.444	0.01896
785	0.014875
785.556	0.0265792
786.111	0.0291708
786.667	0.000352636
787.222	0.0449407
787.778	0.0255746
788.333	0.00946553
788.889	0.0278094
789.444	0.032089
790	0.0229425
790.556	0.021305
791.111	0.0460431
791.667	0.0201001
792.222	0.00208373
792.778	0.0296543
793.333	0.0305548
793.889	0.0123926
794.444	0.0337648
795	0.029692
795.556	0.0147502
796.111	0.00836884
796.667	0.0209283
797.222	0.019671
797.778	0.0070658
798.333	0.0294798
798.889	0.0104631
799.444	0.010149
800	0.00599581
800.556	0.0119148
801.111	0.0186064
801.667	0.00298727
802.222	0.0118784
802.778	0.00988697
803.333	0.0149289
803.889	0.00396982
804.444	0.00419618
805	0.0264331
805.556	0.00346202
806.111	0.000673718
806.667	0.012412
807.222	0.0242363
807.778	0.0123465
808.333	0.00876662
808.889	0.0311853
809.444	0.00990276
810	0.00581152
810.556	0.0240475
811.111	0.0316881
811.667	0.0123835
812.222	0.0231318
812.778	0.0286986
813.333	0.0145318
813.889	0.00209138
814.444	0.0451109
815	0.0300943
815.556	0.00676523
816.111	0.0356543
816.667	0.0279111
817.222	0.0111722
817.778	0.0195186
818.333	0.0444636
818.889	0.0270239
819.444	0.01059
820	0.0398843
820.556	0.0198846
821.111	0.00837126
821.667	0.0307406
822.222	0.03104
822.778	0.017536
823.333	0.0203878
823.889	0.0282495
824.444	0.0105046
825	0.00647094
825.556	0.0291568
826.111	0.0231112
826.667	0.00812391
827.222	0.0192421
827.778	0.0141783
828.333	0.0103797
828.889	0.00151595
829.444	0.0182094
830	0.0150365
830.556	0.00929142
831.111	0.00886725
831.667	0.00234214
832.222	0.0207219
832.778	0.00418049
833.333	0.00744302
833.889	0.0154787
834.444	0.0153415
835	0.0051114
835.556	0.00571068
836.111	0.0302304
836.667	0.0110039
837.222	0.00652738
837.778	0.0265445
838.333	0.0216133
838.889	0.00949278
839.444	0.0222683
840	0.0363446
840.556	0.00982505
841.111	0.0124577
841.667	0.0388439
842.222	0.020689
842.778	0.00815261
843.333	0.0377012
843.889	0.0338571
844.444	0.000796729
845	0.0260487
845.556	0.0400833
846.111	0.018891
846.667	0.00919126
847.222	0.0444628
847.778	0.0213219
848.333	0.00433862
848.889	0.0352396
849.444	0.0257867
850	0.0146921
850.556	0.0205892
851.111	0.0374059
851.667	0.00843503
852.222	0.00895081
852.778	0.0274798
853.333	0.018998
853.889	0.00735604
854.444	0.0196856
855	0.0220962
855.556	0.000992037
856.111	0.0101723
856.667	0.0165643
857.222	0.0110112
857.778	0.0106661
858.333	0.0179338
858.889	0.00453791
859.444	0.00939164
860	0.00033174
860.556	0.00782097
861.111	0.015771
861.667	0.0163773
862.222	0.00761187
862.778	0.00641155
863.333	0.0215593
863.889	0.00857487
864.444	0.00642607
865	0.0348571
865.556	0.0179635
866.111	0.00258276
866.667	0.0186485
867.222	0.0301232
867.778	0.00866545
868.333	0.0168504
868.889	0.0442215
869.444	0.0120821
870	0.00532096
870.556	0.0305587
871.111	0.0336522
871.667	0.000291296
872.222	0.0304617
872.778	0.041163
873.333	0.0064593
873.889	0.0144286
874.444	0.0410507
875	0.0232905
875.556	0.00750343
876.111	0.0438406
876.667	0.0262371
877.222	0.00132673
877.778	0.0186178
878.333	0.0345511
878.889	0.00899364
879.444	0.0144699
880	0.0388893
880.556	0.0141277
881.111	0.00225852
881.667	0.020087
882.222	0.0226489
882.778	0.00286916
883.333	0.0157715
883.889	0.0237525
884.444	0.00619558
885	0.00419573
885.556	0.0167709
886.111	0.00989909
886.667	0.0104808
887.222	0.0103268
887.778	0.0119393
888.333	0.00919893
888.889	0.0161829
889.444	0.00988746
890	0.0120475
890.556	0.0155866
891.111	0.0030655
891.667	0.00792545
892.222	0.0260357
892.778	0.0180575
893.333	0.00420557
893.889	0.0232408
894.444	0.0234601
895	0.0022478
895.556	0.0116473
896.111	0.0418598
896.667	0.0139444
897.222	0.0129164
897.778	0.0344928
898.333	0.0256148
898.889	0.00611738
899.444	0.0283581
900	0.0429882
900.556	0.00573307
901.111	0.0228802
901.667	0.0421231
902.222	0.0117982
902.778	0.00985575
903.333	0.0402317
903.889	0.0314782
904.444	0.0071875
905	0.0278325
905.556	0.0352443
906.111	0.000306987
906.667	0.0153948
907.222	0.0382401
907.778	0.016605
908.333	0.0115302
908.889	0.026604
909.444	0.0179364
910	0.00132122
910.556	0.0152682
911.111	0.0286329
911.667	0.00494592
912.222	0.00350358
912.778	0.0205757
913.333	0.0069838
913.889	0.00537606
914.444	0.0110312
915	0.0202121
915.556	0.00489223
916.111	0.00625868
916.667	0.010086
917.222	0.00836838
917.778	0.0168125
918.333	0.00547023
918.889	0.0163263
919.444	0.0193227
920	0.0106147
920.556	0.00567751
921.111	0.0213211
921.667	0.0270505
922.222	0.0101872
922.778	0.0179383
923.333	0.0342094
923.889	0.00807663
924.444	0.0130879
925	0.034882
925.556	0.0239195
926.111	0.0180615
926.667	0.0307231
927.222	0.0354833
927.778	0.00155869
928.333	0.0244683
928.889	0.0431688
929.444	0.00831738
930	0.0211476
930.556	0.0382926
931.111	0.0267628
931.667	0.0102087
932.222	0.0294511
932.778	0.0387251
933.333	0.00791974
933.889	0.0229933
934.444	0.035538
935	0.0127663
935.556	0.0158052
936.111	0.0293199
936.667	0.0205353
937.222	0.00988648
937.778	0.0185682
938.333	0.0274341
938.889	0.0025772
939.444	0.00533139
940	0.0273026
940.556	0.00638993
941.111	0.00248268
941.667	0.010806
942.222	0.020689
942.778	0.00418634
943.333	0.0015328
943.889	0.0180187
944.444	0.00567133
945	0.0073987
945.556	0.00634959
946.111	0.0144755
946.667	0.0190464
947.222	0.00359713
947.778	0.0126136
948.333	0.0138726
948.889	0.0211398
949.444	0.00971214
950	0.0209763
950.556	0.0321982
951.111	0.000451701
951.667	0.0184734
952.222	0.0288958
952.778	0.020702
953.333	0.017441
953.889	0.0339969
954.444	0.0314347
955	0.00751335
955.556	0.0255722
956.111	0.0381452
956.667	0.00663438
957.222	0.0256855
957.778	0.042661
958.333	0.0238654
958.889	0.0184891
959.444	0.0274676
960	0.0352757
960.556	0.00865022
961.111	0.0292055
961.667	0.0375498
962.222	0.00800603
962.778	0.0221062
963.333	0.0296298
963.889	0.0213404
964.444	0.0150328
965	0.0270057
965.556	0.0259972
966.111	0.00654242
966.667	0.0116712
967.222	0.0247415
967.778	0.00583526
968.333	0.0116936
968.889	0.0175873
969.444	0.018019
970	0.00464797
970.556	0.000361296
971.111	0.0179039
971.667	0.0069127
972.222	0.000378758
972.778	0.012655
973.333	0.0128323
973.889	0.0118726
974.444	0.00309227
975	0.0185473
975.556	0.013983
976.111	0.0129819
976.667	0.0152978
977.222	0.0173724
977.778	0.0258572
978.333	0.00102763
978.889	0.0252941
979.444	0.0233105
980	0.01161
980.556	0.0227931
981.111	0.0297829
981.667	0.0290902
982.222	0.0101676
982.778	0.0304129
983.333	0.0322363
983.889	0.00280653
984.444	0.0267541
985	0.0372378
985.556	0.0215671
986.111	0.0269214
986.667	0.0307498
987.222	0.0276392
987.778	0.0149012
988.333	0.0316552
988.889	0.0332429
989.444	0.00507054
990	0.0302538
990.556	0.0309042
991.111	0.014136
991.667	0.0206217
992.222	0.0290005
992.778	0.0283704
993.333	0.00909409
993.889	0.0202059
994.444	0.0236345
995	0.00313446
995.556	0.0168366
996.111	0.0174649
996.667	0.0197353
997.222	0.0106164
997.778	0.00753588
998.333	0.0173618
998.889	0.00248124
999.444	0.00121934
1000	0.0147257
1000.56	0.0147257
1001.11	0.00121934
1001.67	0.00248124
1002.22	0.0173618
1002.78	0.00753588
1003.33	0.0106164
1003.89	0.0197353
1004.44	0.0174649
1005	0.0168366
1005.56	0.00313446
1006.11	0.0236345
1006.67	0.0202059
1007.22	0.00909409
1007.78	0.0283704
1008.33	0.0290005
1008.89	0.0206217
1009.44	0.014136
1010	0.0309042
1010.56	0.0302538
1011.11	0.00507054
1011.67	0.0332429
1012.22	0.0316552
1012.78	0.0149012
1013.33	0.0276392
1013.89	0.0307498
1014.44	0.0269214
1015	0.0215671
1015.56	0.0372378
1016.11	0.0267541
1016.67	0.00280653
1017.22	0.0322363
1017.78	0.0304129
1018.33	0.0101676
1018.89	0.0290902
1019.44	0.0297829
1020	0.0227931
1020.56	0.01161
1021.11	0.0233105
1021.67	0.0252941
1022.22	0.00102763
1022.78	0.0258572
1023.33	0.0173724
1023.89	0.0152978
1024.44	0.0129819
1025	0.013983
1025.56	0.0185473
1026.11	0.00309227
1026.67	0.0118726
1027.22	0.0128323
1027.78	0.012655
1028.33	0.000378758
1028.89	0.0069127
1029.44	0.0179039
1030	0.000361296
1030.56	0.00464797
1031.11	0.018019
1031.67	0.0175873
1032.22	0.0116936
1032.78	0.00583526
1033.33	0.0247415
1033.89	0.0116712
1034.44	0.00654242
1035	0.0259972
1035.56	0.0270057
1036.11	0.0150328
1036.67	0.0213404
1037.22	0.0296298
1037.78	0.0221062
1038.33	0.00800603
1038.89	0.0375498
1039.44	0.0292055
1040	0.00865022
1040.56	0.0352757
1041.11	0.0274676
1041.67	0.0184891
1042.22	0.0238654
1042.78	0.042661
1043.33	0.0256855
1043.89	0.00663438
1044.44	0.0381452
1045	0.0255722
1045.56	0.00751335
1046.11	0.0314347
1046.67	0.0339969
1047.22	0.017441
1047.78	0.020702
1048.33	0.0288958
1048.89	0.0184734
1049.44	0.000451701
1050	0.0321982
1050.56	0.0209763
1051.11	0.00971214
1051.67	0.0211398
1052.22	0.0138726
1052.78	0.0126136
1053.33	0.00359713
1053.89	0.0190464
1054.44	0.0144755
1055	0.00634959
1055.56	0.0073987
1056.11	0.00567133
1056.67	0.0180187
1057.22	0.0015328
1057.78	0.00418634
1058.33	0.020689
1058.89	0.010806
1059.44	0.00248268
1060	0.00638993
1060.56	0.0273026
1061.11	0.00533139
1061.67	0.0025772
1062.22	0.0274341
1062.78	0.0185682
1063.33	0.00988648
1063.89	0.0205353
1064.44	0.0293199
1065	0.0158052
1065.56	0.0127663
1066.11	0.035538
1066.67	0.0229933
1067.22	0.00791974
1067.78	0.0387251
1068.33	0.0294511
1068.89	0.0102087
1069.44	0.0267628
1070	0.0382926
1070.56	0.0211476
1071.11	0.00831738
1071.67	0.0431688
1072.22	0.0244683
1072.78	0.00155869
1073.33	0.0354833
1073.89	0.0307231
1074.44	0.0180615
1075	0.0239195
1075.56	0.034882
1076.11	0.0130879
1076.67	0.00807663
1077.22	0.0342094
1077.78	0.0179383
1078.33	0.0101872
1078.89	0.0270505
1079.44	0.0213211
1080	0.00567751
1080.56	0.0106147
1081.11	0.0193227
1081.67	0.0163263
1082.22	0.00547023
1082.78	0.0168125
1083.33	0.00836838
1083.89	0.010086
1084.44	0.00625868
1085	0.00489223
1085.56	0.0202121
1086.11	0.0110312
1086.67	0.00537606
1087.22	0.0069838
1087.78	0.0205757
1088.33	0.00350358
1088.89	0.00494592
1089.44	0.0286329
1090	0.0152682
1090.56	0.00132122
1091.11	0.0179364
1091.67	0.026604
1092.22	0.0115302
1092.78	0.016605
1093.33	0.0382401
1093.89	0.0153948
1094.44	0.000306987
1095	0.0352443
1095.56	0.0278325
1096.11	0.0071875
1096.67	0.0314782
1097.22	0.0402317
1097.78	0.00985575
1098.33	0.0117982
1098.89	0.0421231
1099.44	0.0228802
1100	0.00573307
1100.56	0.0429882
1101.11	0.0283581
1101.67	0.00611738
1102.22	0.0256148
1102.78	0.0344928
1103.33	0.0129164
1103.89	0.0139444
1104.44	0.0418598
1105	0.0116473
1105.56	0.0022478
1106.11	0.0234601
1106.67	0.0232408
1107.22	0.00420557
1107.78	0.0180575
1108.33	0.0260357
1108.89	0.00792545
1109.44	0.0030655
1110	0.0155866
1110.56	0.0120475
1111.11	0.00988746
1111.67	0.0161829
1112.22	0.00919893
1112.78	0.0119393
1113.33	0.0103268
1113.89	0.0104808
1114.44	0.00989909
1115	0.0167709
1115.56	0.00419573
1116.11	0.00619558
1116.67	0.0237525
1117.22	0.0157715
1117.78	0.00286916
1118.33	0.0226489
1118.89	0.020087
1119.44	0.00225852
1120	0.0141277
1120.56	0.0388893
1121.11	0.0144699
1121.67	0.00899364
1122.22	0.0345511
1122.78	0.0186178
1123.33	0.00132673
1123.89	0.0262371
1124.44	0.0438406
1125	0.00750343
1125.56	0.0232905
1126.11	0.0410507
1126.67	0.0144286
1127.22	0.0064593
1127.78	0.041163
1128.33	0.0304617
1128.89	0.000291296
1129.44	0.0336522
1130	0.0305587
1130.56	0.00532096
1131.11	0.0120821
1131.67	0.0442215
1132.22	0.0168504
1132.78	0.00866545
1133.33	0.0301232
1133.89	0.0186485
1134.44	0.00258276
1135	0.0179635
1135.56	0.0348571
1136.11	0.00642607
1136.67	0.00857487
1137.22	0.0215593
1137.78	0.00641155
1138.33	0.00761187
1138.89	0.0163773
1139.44	0.015771
1140	0.00782097
1140.56	0.00033174
1141.11	0.00939164
1141.67	0.00453791
1142.22	0.0179338
1142.78	0.0106661
1143.33	0.0110112
1143.89	0.0165643
1144.44	0.0101723
1145	0.000992037
1145.56	0.0220962
1146.11	0.0196856
1146.67	0.00735604
1147.22	0.018998
1147.78	0.0274798
1148.33	0.00895081
1148.89	0.00843503
1149.44	0.0374059
1150	0.0205892
1150.56	0.0146921
1151.11	0.0257867
1151.67	0.0352396
1152.22	0.00433862
1152.78	0.0213219
1153.33	0.0444628
1153.89	0.00919126
1154.44	0.018891
1155	0.0400833
1155.56	0.0260487
1156.11	0.000796729
1156.67	0.0338571
1157.22	0.0377012
1157.78	0.00815261
1158.33	0.020689
1158.89	0.0388439
1159.44	0.0124577
1160	0.00982505
1160.56	0.0363446
1161.11	0.0222683
1161.67	0.00949278
1162.22	0.0216133
1162.78	0.0265445
1163.33	0.00652738
1163.89	0.0110039
1164.44	0.0302304
1165	0.00571068
1165.56	0.0051114
1166.11	0.0153415
1166.67	0.0154787
1167.22	0.00744302
1167.78	0.00418049
1168.33	0.0207219
1168.89	0.00234214
1169.44	0.00886725
1170	0.00929142
1170.56	0.0150365
1171.11	0.0182094
1171.67	0.00151595
1172.22	0.0103797
1172.78	0.0141783
1173.33	0.0192421
1173.89	0.00812391
1174.44	0.0231112
1175	0.0291568
1175.56	0.00647094
1176.11	0.0105046
1176.67	0.0282495
1177.22	0.0203878
1177.78	0.017536
1178.33	0.03104
1178.89	0.0307406
1179.44	0.00837126
1180	0.0198846
1180.56	0.0398843
1181.11	0.01059
1181.67	0.0270239
1182.22	0.0444636
1182.78	0.0195186
1183.33	0.0111722
1183.89	0.0279111
1184.44	0.0356543
1185	0.00676523
1185.56	0.0300943
1186.11	0.0451109
1186.67	0.00209138
1187.22	0.0145318
1187.78	0.0286986
1188.33	0.0231318
1188.89	0.0123835
1189.44	0.0316881
1190	0.0240475
1190.56	0.00581152
1191.11	0.00990276
1191.67	0.0311853
1192.22	0.00876662
1192.78	0.0123465
1193.33	0.0242363
1193.89	0.012412
1194.44	0.000673718
1195	0.00346202
1195.56	0.0264331
1196.11	0.00419618
1196.67	0.00396982
1197.22	0.0149289
1197.78	0.00988697
1198.33	0.0118784
1198.89	0.00298727
1199.44	0.0186064
1200	0.0119148
1200.56	0.00599581
1201.11	0.010149
1201.67	0.0104631
1202.22	0.0294798
1202.78	0.0070658
1203.33	0.019671
1203.89	0.0209283
1204.44	0.00836884
1205	0.0147502
1205.56	0.029692
1206.11	0.0337648
1206.67	0.0123926
1207.22	0.0305548
1207.78	0.0296543
1208.33	0.00208373
1208.89	0.0201001
1209.44	0.0460431
1210	0.021305
1210.56	0.0229425
1211.11	0.032089
1211.67	0.0278094
1212.22	0.00946553
1212.78	0.0255746
1213.33	0.0449407
1213.89	0.000352636
1214.44	0.0291708
1215	0.0265792
1215.56	0.014875
1216.11	0.01896
1216.67	0.0316218
1217.22	0.0312375
1217.78	0.00944252
1218.33	0.0232328
1218.89	0.023892
1219.44	0.00157183
1220	0.0108852
1220.56	0.029539
1221.11	0.0183762
1221.67	0.0141529
1222.22	0.0124913
1222.78	0.0153589
1223.33	0.00135559
1223.89	0.0022551
1224.44	0.0204745
1225	0.0116968
1225.56	0.00413423
1226.11	0.000631367
1226.67	0.0134898
1227.22	0.0119108
1227.78	0.00387097
1228.33	0.0239836
1228.89	0.008047
1229.44	0.0165346
1230	0.000924505
1230.56	0.018547
1231.11	0.0245533
1231.67	0.00201974
1232.22	0.0284051
1232.78	0.0203246
1233.33	0.022746
1233.89	0.0102458
1234.44	0.03032
1235	0.0290214
1235.56	0.01029
1236.11	0.0270836
1236.67	0.0327212
1237.22	0.0165134
1237.78	0.0219714
1238.33	0.0404089
1238.89	0.0260481
1239.44	0.0254579
1240	0.0269997
1240.56	0.0345345
1241.11	0.00897917
1241.67	0.036088
1242.22	0.0367841
1242.78	0.0107712
1243.33	0.0282214
1243.89	0.0247115
1244.44	0.0292742
1245	0.00886139
1245.56	0.0284268
1246.11	0.0327235
1246.67	0.0110116
1247.22	0.01776
1247.78	0.0212617
1248.33	0.0198995
1248.89	0.0113779
1249.44	0.0201984
1250	0.0181889
1250.56	0.0102867
1251.11	0.00592183
1251.67	0.0192789
1252.22	0.018121
1252.78	0.00538025
1253.33	0.0114576
1253.89	0.0109538
1254.44	0.00216718
1255	0.00707844
1255.56	0.0193405
1256.11	0.0162772
1256.67	0.00528513
1257.22	0.0155146
1257.78	0.0100303
1258.33	0.0124193
1258.89	0.00744101
1259.44	0.0327039
1260	0.0227121
1260.56	0.00778096
1261.11	0.0167318
1261.67	0.0209934
1262.22	0.0292152
1262.78	0.0028406
1263.33	0.0412076
1263.89	0.0318475
1264.44	0.00601936
1265	0.0266395
1265.56	0.03152
1266.11	0.0299609
1266.67	0.0266445
1267.22	0.0387334
1267.78	0.0256749
1268.33	0.0102729
1268.89	0.031887
1269.44	0.0295608
1270	0.013709
1270.56	0.034931
1271.11	0.0325282
1271.67	0.00709486
1272.22	0.0156975
1272.78	0.0244894
1273.33	0.0271854
1273.89	0.00444565
1274.44	0.0327048
1275	0.023348
1275.56	0.0111538
1276.11	0.0153445
1276.67	0.0109127
1277.22	0.0261077
1277.78	0.0123698
1278.33	0.0236706
1278.89	0.00925042
1279.44	0.00587018
1280	0.00170674
1280.56	0.0132964
1281.11	0.0204678
1281.67	0.0110685
1282.22	0.00262534
1282.78	0.015759
1283.33	0.00853963
1283.89	0.0157519
1284.44	0.0161618
1285	0.0144995
1285.56	0.000485958
1286.11	0.00327349
1286.67	0.0271061
1287.22	0.0247512
1287.78	0.0147412
1288.33	0.0309585
1288.89	0.024804
1289.44	0.0106396
1290	0.0081274
1290.56	0.032861
1291.11	0.0243061
1291.67	0.00128766
1292.22	0.0428134
1292.78	0.0213236
1293.33	0.0135398
1293.89	0.0190235
1294.44	0.0394872
1295	0.031135
1295.56	0.0125195
1296.11	0.0426539
1296.67	0.0145041
1297.22	0.00498806
1297.78	0.0300206
1298.33	0.0440452
1298.89	0.0230826
1299.44	0.0297714
1300	0.0272373
1300.56	0.0152199
1301.11	0.0073044
1301.67	0.0325925
1302.22	0.0256116
1302.78	0.00148814
1303.33	0.0338913
1303.89	0.0148303
1304.44	0.00830398
1305	0.0087271
1305.56	0.0261323
1306.11	0.0200011
1306.67	0.000936331
1307.22	0.0221635
1307.78	0.00167166
1308.33	0.00813894
1308.89	0.00742974
1309.44	0.0184475
1310	0.0169226
1310.56	0.00541995
1311.11	0.00775989
1311.67	0.0068464
1312.22	0.0211077
1312.78	0.00192338
1313.33	0.00746325
1313.89	0.0232942
1314.44	0.00239508
1315	0.0120458
1315.56	0.0206788
1316.11	0.0325541
1316.67	0.00319084
1317.22	0.0221825
1317.78	0.0264418
1318.33	0.0222005
1318.89	0.0104949
1319.44	0.0402465
1320	0.0286356
1320.56	0.00243863
1321.11	0.0338107
1321.67	0.0289849
1322.22	0.018923
1322.78	0.0083403
1323.33	0.0515973
1323.89	0.0224787
1324.44	0.00813629
1325	0.0384859
1325.56	0.0281443
1326.11	0.0138392
1326.67	0.032552
1327.22	0.0378925
1327.78	0.00880672
1328.33	0.0280217
1328.89	0.0364461
1329.44	0.0196184
1330	0.00958628
1330.56	0.0313121
1331.11	0.0272115
1331.67	0.000737604
1332.22	0.0201151
1332.78	0.0209179
1333.33	0.0165721
1333.89	0.000479115
1334.44	0.0239602
1335	0.0147037
1335.56	0.00109116
1336.11	0.00592047
1336.67	0.00593224
1337.22	0.0236233
1337.78	0.00078481
1338.33	0.0145683
1338.89	0.0116167
1339.44	0.00365471
1340	0.00567123
1340.56	0.0112475
1341.11	0.0320762
1341.67	0.00119482
1342.22	0.00596276
1342.78	0.00751368
1343.33	0.0143922
1343.89	0.0118882
1344.44	0.0217619
1345	0.0424478
1345.56	0.013145
1346.11	0.0106347
1346.67	0.0256735
1347.22	0.0298941
1347.78	0.0150588
1348.33	0.0387145
1348.89	0.0361847
1349.44	0.00183206
1350	0.0129203
1350.56	0.0417058
1351.11	0.0219048
1351.67	0.00445033
1352.22	0.0564504
1352.78	0.027551
1353.33	0.00307523
1353.89	0.0172434
1354.44	0.0376477
1355	0.0172361
1355.56	0.0194263
1356.11	0.0516781
1356.67	0.0102493
1357.22	0.00128785
1357.78	0.029578
1358.33	0.032125
1358.89	0.00449235
1359.44	0.0393779
1360	0.0351804
1360.56	0.00206575
1361.11	0.010008
1361.67	0.0173499
1362.22	0.0169895
1362.78	0.00217708
1363.33	0.0335636
1363.89	0.00797788
1364.44	0.0151929
1365	0.00412439
1365.56	0.022522
1366.11	0.0118008
1366.67	0.000876571
1367.22	0.0188066
1367.78	0.00112543
1368.33	0.0211584
1368.89	0.0226933
1369.44	0.0135973
1370	0.0218143
1370.56	0.00820438
1371.11	0.00216878
1371.67	0.0159144
1372.22	0.0262044
1372.78	0.0102253
1373.33	0.0132576
1373.89	0.0351126
1374.44	0.00787141
1375	0.00614318
1375.56	0.0205398
1376.11	0.0434959
1376.67	0.000921727
1377.22	0.029121
1377.78	0.0304565
1378.33	0.00207483
1378.89	0.00756301
1379.44	0.036089
1380	0.0422159
1380.56	0.0173216
1381.11	0.0376868
1381.67	0.0237328
1382.22	0.00312273
1382.78	0.0131698
1383.33	0.0495639
1383.89	0.0273843
1384.44	0.0142371
1385	0.0408547
1385.56	0.0110665
1386.11	0.010812
1386.67	0.0228133
1387.22	0.0416127
1387.78	0.0115402
1388.33	0.0113344
1388.89	0.02359
1389.44	0.000810842
1390	0.00907032
1390.56	0.0266653
1391.11	0.0247996
1391.67	0.00544541
1392.22	0.0010678
1392.78	0.012476
1393.33	0.00347735
1393.89	0.0084403
1394.44	0.0244123
1395	0.0212235
1395.56	0.0116932
1396.11	0.000572758
1396.67	0.00816626
1397.22	0.0173458
1397.78	0.0122265
1398.33	0.0204031
1398.89	0.0123676
1399.44	0.0202166
1400	0.00698001
1400.56	0.000222813
1401.11	0.0430929
1401.67	0.0011395
1402.22	0.0137716
1402.78	0.0272172
1403.33	0.0271543
1403.89	0.00661874
1404.44	0.0249881
1405	0.048521
1405.56	0.00731018
1406.11	0.0238487
1406.67	0.0182752
1407.22	0.0366918
1407.78	0.000777888
1408.33	0.0366529
1408.89	0.039924
1409.44	0.00595421
1410	0.0229498
1410.56	0.0302826
1411.11	0.0114495
1411.67	0.00494389
1412.22	0.0422462
1412.78	0.0171522
1413.33	0.0162472
1413.89	0.0163326
1414.44	0.0239866
1415	0.00515936
1415.56	0.00604952
1416.11	0.02772
1416.67	0.00415502
1417.22	0.00844815
1417.78	0.00851486
1418.33	0.0164043
1418.89	0.0205358
1419.44	0.0245928
1420	0.0248265
1420.56	0.00566275
1421.11	0.00433138
1421.67	0.0053349
1422.22	0.0292489
1422.78	0.0201639
1423.33	0.0150363
1423.89	0.00484279
1424.44	0.00207214
1425	0.00688699
1425.56	0.00526432
1426.11	0.0185816
1426.67	0.0401325
1427.22	0.0160863
1427.78	0.00657943
1428.33	0.0207084
1428.89	0.0256732
1429.44	0.0219782
1430	0.0354215
1430.56	0.0195848
1431.11	0.0184133
1431.67	0.0165606
1432.22	0.0361807
1432.78	0.00878315
1433.33	0.0258488
1433.89	0.0383317
1434.44	0.0107902
1435	0.019766
1435.56	0.0340253
1436.11	0.0167709
1436.67	0.0228685
1437.22	0.0460536
1437.78	0.0199651
1438.33	0.00619684
1438.89	0.00630762
1439.44	0.0335313
1440	0.0323619
1440.56	0.0141128
1441.11	0.0272773
1441.67	0.0138238
1442.22	0.0170479
1442.78	0.00531195
1443.33	0.0205847
1443.89	0.00995191
1444.44	0.0203204
1445	0.0390495
1445.56	0.0108163
1446.11	0.00173717
1446.67	0.00446716
1447.22	0.00740859
1447.78	0.00671356
1448.33	0.0181504
1448.89	0.0164321
1449.44	0.016985
1450	0.00965256
1450.56	0.000287095
1451.11	0.0305607
1451.67	0.0100303
1452.22	0.00956942
1452.78	0.0100827
1453.33	0.00740414
1453.89	0.0299116
1454.44	0.0117036
1455	0.00809784
1455.56	0.0102411
1456.11	0.00557347
1456.67	0.0211915
1457.22	0.0387788
1457.78	0.0260635
1458.33	0.00394615
1458.89	0.0296069
1459.44	0.00114937
1460	0.000577767
1460.56	0.0279
1461.11	0.0431345
1461.67	0.0135792
1462.22	0.0188689
1462.78	0.0504242
1463.33	0.019967
1463.89	0.00711274
1464.44	0.0204317
1465	0.0397722
1465.56	0.00736544
1466.11	0.0544056
1466.67	0.0202646
1467.22	0.000460184
1467.78	0.0316574
1468.33	0.0304265
1468.89	0.0280662
1469.44	0.0247872
1470	0.0216193
1470.56	0.00656859
1471.11	0.0048637
1471.67	0.0265839
1472.22	0.0378891
1472.78	0.00646225
1473.33	0.0481742
1473.89	0.0231526
1474.44	0.0103123
1475	0.0216788
1475.56	0.000730985
1476.11	0.0228263
1476.67	0.0277783
1477.22	0.00814983
1477.78	0.00103455
1478.33	0.00111404
1478.89	0.0312647
1479.44	0.00874754
1480	0.00913941
1480.56	0.00796616
1481.11	0.00954407
1481.67	0.0108472
1482.22	0.0210846
1482.78	0.0170905
1483.33	0.0068079
1483.89	0.0420171
1484.44	0.0116909
1485	0.0202891
1485.56	0.0122266
1486.11	0.0394187
1486.67	0.0331092
1487.22	0.0274593
1487.78	0.0203297
1488.33	0.0135709
1488.89	0.0193236
1489.44	0.024333
1490	0.0277382
1490.56	0.022151
1491.11	0.0308303
1491.67	0.0191172
1492.22	0.0345988
1492.78	0.00682024
1493.33	0.0383009
1493.89	0.0351579
1494.44	0.0264861
1495	0.0470199
1495.56	0.038124
1496.11	0.0151506
1496.67	0.0013591
1497.22	0.0453939
1497.78	0.0248153
1498.33	0.00814939
1498.89	0.0362717
1499.44	0.0353154
1500	0.0119801
1500.56	0.0188322
1501.11	0.015589
1501.67	0.0199815
1502.22	0.0490889
1502.78	0.00641313
1503.33	0.0388106
1503.89	0.0238716
1504.44	0.0213516
1505	0.0427124
1505.56	0.0111939
1506.11	0.0501648
1506.67	0.0193222
1507.22	0.0268222
1507.78	0.00647655
1508.33	0.0111799
1508.89	0.0116576
1509.44	0.00275807
1510	0.02113
1510.56	0.00870196
1511.11	0.0323861
1511.67	0.0212358
1512.22	0.00983064
1512.78	0.00278864
1513.33	0.013166
1513.89	0.00463445
1514.44	0.00073291
1515	0.0494778
1515.56	0.011628
1516.11	0.00434885
1516.67	0.0405337
1517.22	0.0184819
1517.78	0.0448813
1518.33	0.0447662
1518.89	0.0554892
1519.44	0.0318929
1520	0.0139528
1520.56	0.0565849
1521.11	0.0337807
1521.67	0.00831098
1522.22	0.0453627
1522.78	0.0650095
1523.33	0.0364982
1523.89	0.0235301
1524.44	0.0218387
1525	0.0191535
1525.56	0.0171882
1526.11	0.0404532
1526.67	0.0260933
1527.22	0.00638036
1527.78	0.0126693
1528.33	0.0479301
1528.89	0.0215658
1529.44	0.0277374
1530	0.0407151
1530.56	0.0219857
1531.11	0.0244996
1531.67	0.0206111
1532.22	0.029003
1532.78	0.000374784
1533.33	0.0499544
1533.89	0.0119217
1534.44	0.0158696
1535	0.0227231
1535.56	0.0175581
1536.11	0.0256492
1536.67	0.0172813
1537.22	0.0281083
1537.78	0.00332853
1538.33	0.0103659
1538.89	0.00942522
1539.44	0.0130857
1540	0.0646924
1540.56	0.00562737
1541.11	0.000154886
1541.67	0.011261
1542.22	0.00899674
1542.78	0.0212866
1543.33	0.0135224
1543.89	0.0371384
1544.44	0.0434196
1545	0.00103652
1545.56	0.0169216
1546.11	0.0515639
1546.67	0.0428999
1547.22	0.00103854
1547.78	0.0324685
1548.33	0.00572693
1548.89	0.0279998
1549.44	0.0202164
1550	0.00924542
1550.56	0.00165109
1551.11	0.0598281
1551.67	0.000858786
1552.22	0.0317523
1552.78	0.00851351
1553.33	0.000225974
1553.89	0.019678
1554.44	0.0180805
1555	0.033944
1555.56	0.00292543
1556.11	0.00879089
1556.67	0.0224257
1557.22	0.0687964
1557.78	0.0279665
1558.33	0.00765389
1558.89	0.0164899
1559.44	0.0113157
1560	0.00179579
1560.56	0.011673
1561.11	0.0313087
1561.67	0.0403269
1562.22	0.0464416
1562.78	0.0236179
1563.33	0.0238372
1563.89	0.0348838
1564.44	0.0100782
1565	0.003275
1565.56	0.0363623
1566.11	0.0130675
1566.67	0.0162231
1567.22	0.0163737
1567.78	0.0113655
1568.33	0.0298775
1568.89	0.0217324
1569.44	0.0384495
1570	0.00123101
1570.56	0.0376725
1571.11	0.000790432
1571.67	0.0450583
1572.22	0.00095278
1572.78	0.0151995
1573.33	0.0351917
1573.89	0.000956995
1574.44	0.0295406
1575	0.103885
1575.56	0.0425888
1576.11	0.0459699
1576.67	0.0530641
1577.22	0.0138388
1577.78	0.0425577
1578.33	0.065608
1578.89	0.0427415
1579.44	0.00798001
1580	0.0297479
1580.56	0.0492904
1581.11	0.00695272
1581.67	0.031895
1582.22	0.0410624
1582.78	0.045582
1583.33	0.0382061
1583.89	0.0332975
1584.44	0.0122861
1585	0.0143648
1585.56	0.0152191
1586.11	0.0277935
1586.67	0.0462796
1587.22	0.0659008
1587.78	0.00446752
1588.33	0.0016328
1588.89	0.031803
1589.44	0.0520666
1590	0.0071687
1590.56	0.012171
1591.11	0.00718114
1591.67	9.40969e-05
1592.22	0.0181756
1592.78	0.024847
1593.33	0.030756
1593.89	0.0134002
1594.44	0.052607
1595	0.0386876
1595.56	0.0199423
1596.11	0.0643759
1596.67	0.0598565
1597.22	0.0189299
1597.78	0.0319593
1598.33	0.00229456
1598.89	0.0284515
1599.44	0.010152
1600	0.102386
1600.56	0.0563992
1601.11	0.0385874
1601.67	0.0164222
1602.22	0.0491654
1602.78	0.0148635
1603.33	0.0258781
1603.89	0.0387001
1604.44	0.011484
1605	0.025247
1605.56	0.0399221
1606.11	0.0589256
1606.67	0.0248107
1607.22	0.00969217
1607.78	0.0844176
1608.33	0.0279957
1608.89	0.0369451
1609.44	0.0105529
1610	0.0510273
1610.56	0.00940512
1611.11	0.0227814
1611.67	0.0411863
1612.22	0.03808
1612.78	0.0311267
1613.33	0.0476733
1613.89	0.0421786
1614.44	0.00954884
1615	0.0116318
1615.56	0.00714924
1616.11	0.0362897
1616.67	0.015515
1617.22	0.0173425
1617.78	0.0426677
1618.33	0.00491219
1618.89	0.0174299
1619.44	0.0218888
1620	0.0502249
1620.56	0.017259
1621.11	0.00369479
1621.67	0.013269
1622.22	0.041566
1622.78	0.00482519
1623.33	0.0519142
1623.89	0.0292972
1624.44	0.0470333
1625	0.00384847
1625.56	0.0580312
1626.11	0.00313807
1626.67	0.027731
1627.22	0.0511009
1627.78	0.0744293
1628.33	0.0373154
1628.89	0.0972532
1629.44	0.0376683
1630	0.0518886
1630.56	0.00781565
1631.11	0.0589632
1631.67	0.154496
1632.22	0.0535924
1632.78	0.0649739
1633.33	0.0641718
1633.89	0.0102059
1634.44	0.0228883
1635	0.0281761
1635.56	0.0875425
1636.11	0.11663
1636.67	0.0621453
1637.22	0.0431047
1637.78	0.0566379
1638.33	0.0320632
1638.89	0.08764
1639.44	0.0220029
1640	0.0451619
1640.56	0.0405667
1641.11	0.0146808
1641.67	0.0178197
1642.22	0.0966763
1642.78	0.0175886
1643.33	0.0122058
1643.89	0.00893731
1644.44	0.02307
1645	0.0128048
1645.56	0.0281048
1646.11	0.010535
1646.67	2.76243e-05
1647.22	0.00445299
1647.78	0.0553777
1648.33	0.0684264
1648.89	0.0397306
1649.44	0.0609632
1650	0.0478127
1650.56	0.0457328
1651.11	0.0132365
1651.67	0.0314754
1652.22	0.0732874
1652.78	0.0237367
1653.33	0.0278818
1653.89	0.0735302
1654.44	0.0455707
1655	0.0937916
1655.56	0.0531323
1656.11	0.0661138
1656.67	0.0637586
1657.22	0.0126269
1657.78	0.0705315
1658.33	0.000312998
1658.89	0.0512332
1659.44	0.0438655
1660	0.0594866
1660.56	0.0252687
1661.11	0.0915673
1661.67	0.0805369
1662.22	0.0586711
1662.78	0.152872
1663.33	0.0217791
1663.89	0.0173201
1664.44	0.00621034
1665	0.000514737
1665.56	0.173024
1666.11	0.087745
1666.67	0.080887
1667.22	0.0163459
1667.78	0.110652
1668.33	0.0161573
1668.89	0.066423
1669.44	0.0791913
1670	0.0327239
1670.56	0.00228695
1671.11	0.0481914
1671.67	0.0479425
1672.22	0.048201
1672.78	0.102337
1673.33	0.00127575
1673.89	0.0112989
1674.44	0.0270474
1675	0.0309812
1675.56	0.0360852
1676.11	0.0342711
1676.67	0.146186
1677.22	0.0175406
1677.78	0.0734625
1678.33	0.142016
1678.89	0.0840734
1679.44	0.0432599
1680	0.0486312
1680.56	0.0581663
1681.11	0.0399425
1681.67	0.0716669
1682.22	0.0310902
1682.78	0.0785036
1683.33	0.106187
1683.89	0.0261485
1684.44	0.0569668
1685	0.0245292
1685.56	0.0949425
1686.11	0.144253
1686.67	0.0682623
1687.22	0.0241559
1687.78	0.0181527
1688.33	0.0574098
1688.89	0.0658588
1689.44	0.166763
1690	0.0819194
1690.56	0.0342265
1691.11	0.104268
1691.67	0.0137278
1692.22	0.0186943
1692.78	0.0574644
1693.33	0.0511186
1693.89	0.00454661
1694.44	0.0311998
1695	0.00883673
1695.56	0.0102354
1696.11	0.0326898
1696.67	0.0997323
1697.22	0.0618192
1697.78	0.0573061
1698.33	0.0460114
1698.89	0.0450797
1699.44	0.0236476
1700	0.0352036
1700.56	0.0737141
1701.11	0.104069
1701.67	0.0733029
1702.22	0.115285
1702.78	0.131267
1703.33	0.0639045
1703.89	0.161324
1704.44	0.0399837
1705	0.0326588
1705.56	0.0147101
1706.11	0.0902749
1706.67	0.136084
1707.22	0.0824816
1707.78	0.0791306
1708.33	0.0253792
1708.89	0.114913
1709.44	0.138174
1710	0.108082
1710.56	0.00766358
1711.11	0.083732
1711.67	0.0386941
1712.22	0.0381581
1712.78	0.123918
1713.33	0.0573052
1713.89	0.0469269
1714.44	0.0372625
1715	0.0480718
1715.56	0.0878109
1716.11	0.111162
1716.67	0.108382
1717.22	0.0226433
1717.78	0.194851
1718.33	0.0168827
1718.89	0.000925422
1719.44	0.00924705
1720	0.148455
1720.56	0.0531729
1721.11	0.0329453
1721.67	0.0060171
1722.22	0.120001
1722.78	0.113089
1723.33	0.267211
1723.89	0.0201217
1724.44	0.144458
1725	0.0569987
1725.56	0.0125362
1726.11	0.0233552
1726.67	0.099005
1727.22	0.0409006
1727.78	0.0330869
1728.33	0.0114119
1728.89	0.00788099
1729.44	0.168308
1730	0.129387
1730.56	0.13716
1731.11	0.0434627
1731.67	0.229397
1732.22	0.127428
1732.78	0.267957
1733.33	0.047325
1733.89	0.195643
1734.44	0.338248
1735	0.200306
1735.56	0.0512654
1736.11	0.188025
1736.67	0.170734
1737.22	0.0203096
1737.78	0.0215133
1738.33	0.0539011
1738.89	0.137319
1739.44	0.0816203
1740	0.0836052
1740.56	0.0104448
1741.11	0.0660456
1741.67	0.0367412
1742.22	0.209147
1742.78	0.169553
1743.33	0.0200286
1743.89	0.00974588
1744.44	0.0901778
1745	0.142027
1745.56	0.271647
1746.11	0.104935
1746.67	0.0874912
1747.22	0.136239
1747.78	0.091899
1748.33	0.0529671
1748.89	0.0472801
1749.44	0.139975
1750	0.0151943
1750.56	0.0532393
1751.11	0.316894
1751.67	0.157943
1752.22	0.0397348
1752.78	0.0514296
1753.33	0.194934
1753.89	0.102212
1754.44	0.0657016
1755	0.275795
1755.56	0.221286
1756.11	0.0161288
1756.67	0.0181226
1757.22	0.250159
1757.78	0.213711
1758.33	0.0879165
1758.89	0.110861
1759.44	0.153995
1760	0.0833636
1760.56	0.0687433
1761.11	0.0020596
1761.67	0.0465435
1762.22	0.0128063
1762.78	0.0303386
1763.33	0.163392
1763.89	0.183115
1764.44	0.0890899
1765	0.071332
1765.56	0.255713
1766.11	0.343034
1766.67	0.131794
1767.22	0.217724
1767.78	0.0811707
1768.33	0.0698687
1768.89	0.0356276
1769.44	0.0410824
1770	0.107512
1770.56	0.0970308
1771.11	0.165051
1771.67	0.230915
1772.22	0.0984264
1772.78	0.457665
1773.33	0.00319244
1773.89	0.307955
1774.44	0.0368613
1775	0.209213
1775.56	0.177638
1776.11	0.281964
1776.67	0.0810037
1777.22	0.0212039
1777.78	0.130967
1778.33	0.093695
1778.89	0.38022
1779.44	0.173181
1780	0.0761809
1780.56	0.0284411
1781.11	0.0445544
1781.67	0.0463872
1782.22	0.38494
1782.78	0.154117
1783.33	0.228071
1783.89	0.296645
1784.44	0.283191
1785	0.0433284
1785.56	0.04198
1786.11	0.41178
1786.67	0.0670727
1787.22	0.0388116
1787.78	0.0705241
1788.33	0.428643
1788.89	0.296656
1789.44	0.138269
1790	0.243771
1790.56	0.0220883
1791.11	0.255362
1791.67	0.185367
1792.22	0.280299
1792.78	0.177351
1793.33	0.0195904
1793.89	0.0533166
1794.44	0.0561772
1795	0.364373
1795.56	0.252694
1796.11	0.497
1796.67	0.0923305
1797.22	0.088919
1797.78	0.187979
1798.33	0.290195
1798.89	0.163934
1799.44	0.906232
1800	0.232211
1800.56	0.633919
1801.11	0.339354
1801.67	0.102381
1802.22	0.49807
1802.78	0.0328876
1803.33	0.349375
1803.89	0.157449
1804.44	0.153882
1805	0.275992
1805.56	0.727478
1806.11	0.162744
1806.67	0.17408
1807.22	0.316171
1807.78	0.088171
1808.33	0.0153413
1808.89	0.198264
1809.44	0.221414
1810	0.223169
1810.56	0.239411
1811.11	0.202709
1811.67	0.272305
1812.22	0.191196
1812.78	0.0773199
1813.33	0.219722
1813.89	0.420585
1814.44	0.211228
1815	0.0525544
1815.56	0.140839
1816.11	0.141536
1816.67	0.0636012
1817.22	0.256038
1817.78	0.0175588
1818.33	0.0670234
1818.89	0.0541259
1819.44	0.25948
1820	0.0673469
1820.56	0.296888
1821.11	0.0406037
1821.67	0.0952169
1822.22	0.143303
1822.78	0.412333
1823.33	0.235519
1823.89	0.776479
1824.44	0.660932
1825	0.329125
1825.56	0.145377
1826.11	0.169445
1826.67	0.0246255
1827.22	0.368708
1827.78	0.402652
1828.33	0.38581
1828.89	0.130676
1829.44	1.08202
1830	0.123501
1830.56	0.00322374
1831.11	0.569606
1831.67	0.2951
1832.22	0.00465283
1832.78	0.257014
1833.33	0.0658446
1833.89	0.362096
1834.44	0.0879527
1835	0.170465
1835.56	0.466943
1836.11	0.779856
1836.67	0.719603
1837.22	0.7087
1837.78	0.711997
1838.33	0.186174
1838.89	0.223341
1839.44	0.0563003
1840	0.552278
1840.56	0.372522
1841.11	0.21563
1841.67	0.614456
1842.22	0.813401
1842.78	0.166797
1843.33	0.610601
1843.89	0.595055
1844.44	0.669654
1845	0.738838
1845.56	0.605337
1846.11	0.321727
1846.67	0.309159
1847.22	0.079278
1847.78	0.024071
1848.33	0.0451936
1848.89	0.219334
1849.44	0.0457693
1850	0.097797
1850.56	0.749671
1851.11	0.10529
1851.67	0.601407
1852.22	0.706495
1852.78	0.0364259
1853.33	0.200857
1853.89	0.750314
1854.44	0.0684848
1855	0.431622
1855.56	0.224141
1856.11	0.605446
1856.67	0.130622
1857.22	0.0825956
1857.78	0.70585
1858.33	0.733088
1858.89	0.589355
1859.44	0.253918
1860	0.268166
1860.56	0.783333
1861.11	0.174299
1861.67	1.25827
1862.22	0.790751
1862.78	0.630869
1863.33	0.105269
1863.89	0.384139
1864.44	0.0668561
1865	0.527087
1865.56	0.435152
1866.11	0.31084
1866.67	0.114425
1867.22	1.58858
1867.78	0.115284
1868.33	0.291038
1868.89	0.937493
1869.44	0.0107538
1870	0.639534
1870.56	1.37592
1871.11	0.228045
1871.67	0.150055
1872.22	0.221588
1872.78	0.648252
1873.33	0.744413
1873.89	0.22369
1874.44	0.340252
1875	0.0272741
1875.56	0.0947661
1876.11	0.00482518
1876.67	0.543105
1877.22	1.18505
1877.78	0.132008
1878.33	0.331821
1878.89	0.307448
1879.44	0.519725
1880	0.376785
1880.56	0.1518
1881.11	0.37385
1881.67	0.296123
1882.22	0.363092
1882.78	0.534676
1883.33	1.11113
1883.89	0.75884
1884.44	0.128196
1885	0.122114
1885.56	0.00288944
1886.11	2.07356
1886.67	0.258245
1887.22	0.136357
1887.78	0.778889
1888.33	0.480879
1888.89	0.524438
1889.44	0.200042
1890	1.27149
1890.56	0.828203
1891.11	1.01381
1891.67	0.0501093
1892.22	0.433083
1892.78	1.8864
1893.33	0.0820088
1893.89	0.539831
1894.44	0.021389
1895	0.879172
1895.56	0.0818156
1896.11	2.62435
1896.67	0.505877
1897.22	1.26905
1897.78	0.0607627
1898.33	1.04344
1898.89	0.044028
1899.44	1.03841
1900	1.01687
1900.56	0.99633
1901.11	0.819937
1901.67	1.01117
1902.22	0.200294
1902.78	0.669646
1903.33	0.601921
1903.89	0.198475
1904.44	0.756154
1905	1.09386
1905.56	0.175576
1906.11	0.658356
1906.67	0.638526
1907.22	0.633081
1907.78	1.09582
1908.33	0.672309
1908.89	0.575678
1909.44	0.0965861
1910	0.60145
1910.56	0.775621
1911.11	1.09149
1911.67	0.450003
1912.22	1.26868
1912.78	1.83592
1913.33	1.19801
1913.89	0.963498
1914.44	0.871265
1915	1.81809
1915.56	1.66534
1916.11	0.188638
1916.67	0.563552
1917.22	0.61123
1917.78	1.06303
1918.33	0.283585
1918.89	2.47983
1919.44	0.0732968
1920	0.859984
1920.56	0.671686
1921.11	0.422711
1921.67	0.465143
1922.22	0.83178
1922.78	0.652215
1923.33	0.819549
1923.89	0.87328
1924.44	0.747869
1925	0.503907
1925.56	0.446295
1926.11	0.00772735
1926.67	0.488776
1927.22	1.10174
1927.78	1.65606
1928.33	1.03227
1928.89	1.16932
1929.44	2.31558
1930	2.74759
1930.56	1.48824
1931.11	0.412732
1931.67	1.36119
1932.22	0.158779
1932.78	0.334251
1933.33	0.431216
1933.89	0.259243
1934.44	0.862717
1935	0.113141
1935.56	1.55378
1936.11	1.13329
1936.67	0.608451
1937.22	0.645453
1937.78	0.225768
1938.33	0.636477
1938.89	0.0621467
1939.44	1.89692
1940	0.792271
1940.56	0.673456
1941.11	0.962053
1941.67	0.770757
1942.22	0.0930165
1942.78	0.581617
1943.33	1.19092
1943.89	0.00689404
1944.44	0.231078
1945	0.222927
1945.56	1.7749
1946.11	0.555386
1946.67	0.103222
1947.22	1.00899
1947.78	1.35458
1948.33	1.68015
1948.89	1.36702
1949.44	1.26276
1950	0.524935
1950.56	0.346398
1951.11	0.640657
1951.67	1.08798
1952.22	1.15956
1952.78	0.507482
1953.33	0.615157
1953.89	0.929027
1954.44	0.00726671
1955	0.558009
1955.56	1.79396
1956.11	0.158114
1956.67	1.18819
1957.22	0.744948
1957.78	0.0821032
1958.33	0.223155
1958.89	0.282202
1959.44	0.906431
1960	0.382125
1960.56	0.450706
1961.11	1.34453
1961.67	2.32573
1962.22	1.52891
1962.78	0.440223
1963.33	1.17997
1963.89	1.07993
1964.44	0.915862
1965	0.040315
1965.56	0.126807
1966.11	1.46306
1966.67	0.278722
1967.22	0.990829
1967.78	0.503207
1968.33	0.280204
1968.89	0.104443
1969.44	0.532457
1970	0.168923
1970.56	1.0554
1971.11	0.625637
1971.67	0.753087
1972.22	0.291368
1972.78	0.424861
1973.33	0.42895
1973.89	1.32778
1974.44	0.092029
1975	1.37437
1975.56	0.0730559
1976.11	0.0409468
1976.67	0.0653369
1977.22	0.628468
1977.78	0.117063
1978.33	2.03696
1978.89	0.393618
1979.44	0.550171
1980	1.44267
1980.56	2.02325
1981.11	0.628708
1981.67	0.179427
1982.22	0.0114558
1982.78	1.9761
1983.33	0.546704
1983.89	0.137617
1984.44	2.57923
1985	0.143626
1985.56	0.617158
1986.11	1.20521
1986.67	1.36677
1987.22	0.494331
1987.78	0.0540329
1988.33	0.107606
1988.89	0.00114802
1989.44	0.011156
1990	0.6755
1990.56	1.38394
1991.11	0.538949
1991.67	0.00342593
1992.22	0.342192
1992.78	0.0706899
1993.33	0.182212
1993.89	1.2008
1994.44	0.677955
1995	1.89238
1995.56	2.69196
1996.11	0.700853
1996.67	0.694472
1997.22	0.791839
1997.78	2.08427
1998.33	0.493389
1998.89	2.38712
1999.44	0.0239129
2000	0.132193
