t	etaU
0	1.16353e-14
0.555556	0.192989
1.11111	2.0021
1.66667	0.165919
2.22222	2.88412
2.77778	0.687353
3.33333	1.16632
3.88889	0.553637
4.44444	0.795901
5	1.55166
5.55556	0.752138
6.11111	2.36151
6.66667	0.409705
7.22222	1.31113
7.77778	2.79783
8.33333	0.746072
8.88889	1.25993
9.44444	0.258028
10	2.19917
10.5556	2.29578
11.1111	4.06957
11.6667	2.45224
12.2222	1.77001
12.7778	0.423515
13.3333	1.16068
13.8889	0.863279
14.4444	0.328061
15	1.79165
15.5556	1.82784
16.1111	0.9122
16.6667	1.484
17.2222	2.11219
17.7778	0.813518
18.3333	0.670183
18.8889	0.818982
19.4444	1.76838
20	0.351474
20.5556	0.514096
21.1111	1.50542
21.6667	2.50598
22.2222	0.0860875
22.7778	1.57351
23.3333	0.996683
23.8889	1.03451
24.4444	0.632888
25	1.10204
25.5556	1.39297
26.1111	1.02152
26.6667	0.0448397
27.2222	0.477926
27.7778	1.36326
28.3333	0.999327
28.8889	1.68631
29.4444	1.34484
30	0.3349
30.5556	1.35728
31.1111	0.408087
31.6667	1.69827
32.2222	2.49775
32.7778	0.364949
33.3333	3.60855
33.8889	0.311872
34.4444	1.25749
35	0.446314
35.5556	0.595626
36.1111	0.680459
36.6667	0.37263
37.2222	0.972501
37.7778	1.19169
38.3333	1.54602
38.8889	3.282
39.4444	1.41026
40	0.245571
40.5556	1.80842
41.1111	0.198757
41.6667	0.413867
42.2222	1.47222
42.7778	0.459013
43.3333	0.273234
43.8889	1.46727
44.4444	0.274422
45	0.318255
45.5556	1.59627
46.1111	1.23579
46.6667	2.03318
47.2222	4.42301
47.7778	1.75718
48.3333	2.15819
48.8889	2.59746
49.4444	1.22865
50	0.682055
50.5556	0.671487
51.1111	1.42413
51.6667	0.365045
52.2222	0.561519
52.7778	3.23173
53.3333	2.05252
53.8889	1.02216
54.4444	1.42366
55	3.89314
55.5556	1.88589
56.1111	0.804531
56.6667	1.75053
57.2222	3.45114
57.7778	0.324694
58.3333	1.73681
58.8889	2.83393
59.4444	1.29436
60	0.351531
60.5556	1.58482
61.1111	0.171176
61.6667	4.42786
62.2222	2.38925
62.7778	0.630933
63.3333	2.77684
63.8889	0.947637
64.4444	1.85717
65	0.668273
65.5556	1.77248
66.1111	0.847783
66.6667	1.35109
67.2222	1.58919
67.7778	6.51594
68.3333	6.58557
68.8889	6.57143
69.4444	3.76581
70	23.2895
70.5556	18.502
71.1111	29.5318
71.6667	11.4708
72.2222	2.71221
72.7778	8.67231
73.3333	4.81524
73.8889	0.165094
74.4444	0.0982679
75	7.57003
75.5556	4.42913
76.1111	0.29464
76.6667	4.63848
77.2222	5.34008
77.7778	0.980459
78.3333	0.192337
78.8889	0.329187
79.4444	1.15407
80	2.17037
80.5556	0.607093
81.1111	1.17256
81.6667	1.23644
82.2222	1.96378
82.7778	1.4708
83.3333	1.8139
83.8889	0.298512
84.4444	1.16625
85	0.280537
85.5556	0.661674
86.1111	2.45327
86.6667	1.99253
87.2222	0.786713
87.7778	2.85979
88.3333	0.116663
88.8889	1.33826
89.4444	0.00183622
90	0.293787
90.5556	2.36848
91.1111	0.38379
91.6667	0.939126
92.2222	2.0052
92.7778	1.2213
93.3333	1.50239
93.8889	0.587033
94.4444	0.131869
95	0.182606
95.5556	0.328312
96.1111	3.50156
96.6667	0.727632
97.2222	2.21072
97.7778	1.05455
98.3333	0.170116
98.8889	0.125484
99.4444	1.80641
100	1.16953
100.556	0.959896
101.111	0.240786
101.667	0.269941
102.222	1.38079
102.778	1.99739
103.333	1.26177
103.889	0.175262
104.444	1.48304
105	1.05225
105.556	0.665577
106.111	0.526556
106.667	1.55116
107.222	0.487335
107.778	0.249283
108.333	0.120478
108.889	0.022154
109.444	1.82283
110	0.18641
110.556	1.4241
111.111	1.54209
111.667	0.977399
112.222	0.622631
112.778	1.05609
113.333	0.81804
113.889	1.87236
114.444	0.657767
115	0.0919313
115.556	0.496198
116.111	0.456516
116.667	1.89221
117.222	0.0446407
117.778	0.0191327
118.333	0.960275
118.889	0.788831
119.444	0.014444
120	0.352634
120.556	0.943574
121.111	0.772605
121.667	0.228444
122.222	1.26419
122.778	0.21185
123.333	0.222492
123.889	0.404883
124.444	0.768436
125	0.365523
125.556	1.30465
126.111	0.925567
126.667	0.0106572
127.222	0.340287
127.778	0.417301
128.333	0.364639
128.889	0.486587
129.444	0.133201
130	0.909931
130.556	0.11099
131.111	0.844145
131.667	1.33741
132.222	0.396354
132.778	0.126735
133.333	1.63511
133.889	1.15745
134.444	0.147846
135	1.16875
135.556	0.773012
136.111	1.03279
136.667	0.365147
137.222	0.0756018
137.778	0.274531
138.333	0.306234
138.889	0.258088
139.444	0.925216
140	0.106891
140.556	1.13265
141.111	0.482201
141.667	0.61105
142.222	1.22718
142.778	0.920674
143.333	1.03169
143.889	0.486567
144.444	0.577849
145	0.282026
145.556	0.130972
146.111	0.288992
146.667	1.20649
147.222	0.303469
147.778	0.32775
148.333	0.347521
148.889	0.761348
149.444	0.147321
150	0.715931
150.556	0.727879
151.111	0.00136704
151.667	0.210746
152.222	0.592304
152.778	0.148317
153.333	0.0875314
153.889	0.310903
154.444	0.172556
155	0.746534
155.556	0.117849
156.111	0.200793
156.667	0.817255
157.222	0.468621
157.778	0.29873
158.333	0.215812
158.889	0.0363284
159.444	0.0136938
160	0.354697
160.556	0.627148
161.111	0.0632626
161.667	0.0139827
162.222	0.20962
162.778	0.367595
163.333	0.537136
163.889	0.972936
164.444	0.926109
165	0.255435
165.556	0.524589
166.111	0.0457532
166.667	0.0254397
167.222	0.246798
167.778	0.140421
168.333	0.0424276
168.889	0.0395764
169.444	0.0441227
170	0.357261
170.556	0.169157
171.111	0.426667
171.667	0.107122
172.222	0.121247
172.778	0.401163
173.333	0.256597
173.889	0.686913
174.444	0.623092
175	0.939427
175.556	0.246085
176.111	0.390604
176.667	0.064927
177.222	0.318856
177.778	0.454133
178.333	0.27593
178.889	0.552177
179.444	0.422094
180	0.468685
180.556	0.800667
181.111	0.184615
181.667	0.0499935
182.222	0.155657
182.778	0.0103377
183.333	0.461892
183.889	0.200857
184.444	0.823831
185	0.211694
185.556	0.302593
186.111	0.431235
186.667	0.837662
187.222	0.0059633
187.778	0.182083
188.333	0.636691
188.889	0.250181
189.444	0.586802
190	0.0177802
190.556	0.0929804
191.111	0.326016
191.667	0.152939
192.222	0.287976
192.778	0.172158
193.333	0.039382
193.889	0.375256
194.444	0.496287
195	0.9271
195.556	0.329738
196.111	0.0744356
196.667	0.00426174
197.222	0.205298
197.778	0.341886
198.333	0.231219
198.889	0.204339
199.444	0.362411
200	0.258413
200.556	0.0775704
201.111	0.4713
201.667	0.423564
202.222	0.0283226
202.778	0.454674
203.333	0.16042
203.889	0.0415624
204.444	0.107479
205	0.120961
205.556	0.187101
206.111	0.420663
206.667	0.19003
207.222	0.40048
207.778	0.019523
208.333	0.145029
208.889	0.0757465
209.444	0.574902
210	0.107255
210.556	0.849922
211.111	0.327799
211.667	0.294418
212.222	0.0631098
212.778	0.069131
213.333	0.0825963
213.889	0.00194731
214.444	0.222574
215	0.145436
215.556	0.32949
216.111	0.0916768
216.667	0.335804
217.222	0.185237
217.778	0.065201
218.333	0.387633
218.889	0.546635
219.444	0.0770195
220	0.104572
220.556	0.183556
221.111	0.226444
221.667	0.254051
222.222	0.202932
222.778	0.248237
223.333	0.276785
223.889	0.299425
224.444	0.346988
225	0.123675
225.556	0.15587
226.111	0.311147
226.667	0.453183
227.222	0.0794221
227.778	0.13974
228.333	0.0766298
228.889	0.0412367
229.444	0.0208669
230	0.1687
230.556	0.475589
231.111	0.351906
231.667	0.0550195
232.222	0.0528918
232.778	0.00190726
233.333	0.139718
233.889	0.286768
234.444	0.365379
235	0.110453
235.556	0.458774
236.111	0.0460751
236.667	0.0917761
237.222	0.0255623
237.778	0.332869
238.333	0.0957641
238.889	0.117764
239.444	0.208994
240	0.230667
240.556	0.107424
241.111	0.181498
241.667	0.280947
242.222	0.0230521
242.778	0.070706
243.333	0.296071
243.889	0.186826
244.444	0.0345513
245	0.212403
245.556	0.0190301
246.111	0.119805
246.667	0.286277
247.222	0.318352
247.778	0.0473543
248.333	0.2695
248.889	0.207484
249.444	0.0710519
250	0.191979
250.556	0.465543
251.111	0.000611732
251.667	0.423442
252.222	0.0116171
252.778	0.0596445
253.333	0.144188
253.889	0.147877
254.444	0.0161684
255	0.269116
255.556	0.563702
256.111	0.00505699
256.667	0.0474844
257.222	0.115574
257.778	0.407971
258.333	0.0585639
258.889	0.115294
259.444	0.236485
260	0.0614605
260.556	0.0782254
261.111	0.0222467
261.667	0.21569
262.222	0.131489
262.778	0.222152
263.333	0.0918343
263.889	0.0230247
264.444	0.236565
265	0.349338
265.556	0.303462
266.111	0.0686895
266.667	0.250599
267.222	0.176332
267.778	0.2564
268.333	0.153941
268.889	0.0337574
269.444	0.00638713
270	0.269601
270.556	0.132037
271.111	0.0449775
271.667	0.068523
272.222	0.221096
272.778	0.091772
273.333	0.201818
273.889	0.0443339
274.444	0.0183531
275	0.0223931
275.556	0.266317
276.111	0.0668427
276.667	0.0360412
277.222	0.142863
277.778	0.152645
278.333	0.0545506
278.889	0.0605766
279.444	0.077487
280	0.3153
280.556	0.154083
281.111	0.159118
281.667	0.00467352
282.222	0.166798
282.778	0.230638
283.333	0.0965503
283.889	0.378465
284.444	0.0371125
285	0.182425
285.556	0.0578893
286.111	0.124139
286.667	0.00783098
287.222	0.0265632
287.778	0.30298
288.333	0.0613421
288.889	0.0093725
289.444	0.0912743
290	0.239632
290.556	0.150747
291.111	0.01665
291.667	0.154152
292.222	0.133074
292.778	0.0904367
293.333	0.0552569
293.889	0.159843
294.444	0.232392
295	0.3344
295.556	0.111277
296.111	0.0612939
296.667	0.246178
297.222	0.0810228
297.778	0.0311677
298.333	0.10241
298.889	0.141287
299.444	0.040318
300	0.112693
300.556	0.246699
301.111	0.140033
301.667	0.33673
302.222	0.159906
302.778	0.0609365
303.333	0.0235748
303.889	0.0748138
304.444	0.0557036
305	0.135407
305.556	0.0902212
306.111	0.106021
306.667	0.151017
307.222	0.14117
307.778	0.224226
308.333	0.0662972
308.889	0.127198
309.444	0.146923
310	0.0326118
310.556	0.066802
311.111	0.00403293
311.667	0.0127009
312.222	0.0840304
312.778	0.0894883
313.333	0.0185602
313.889	0.121076
314.444	0.403881
315	0.27978
315.556	0.0501498
316.111	0.0521714
316.667	0.150254
317.222	0.026794
317.778	0.00659423
318.333	0.0798763
318.889	0.147387
319.444	0.423906
320	0.150307
320.556	0.08391
321.111	0.00702204
321.667	0.475448
322.222	0.0473339
322.778	0.198545
323.333	0.0156332
323.889	0.0337144
324.444	0.102235
325	0.113525
325.556	0.200317
326.111	0.0149802
326.667	0.460197
327.222	0.13465
327.778	0.00265212
328.333	0.0535224
328.889	0.252407
329.444	0.100115
330	0.204512
330.556	0.193751
331.111	0.00202204
331.667	0.123291
332.222	0.0694176
332.778	0.138411
333.333	0.189495
333.889	0.272732
334.444	0.0940319
335	0.0446186
335.556	0.0282885
336.111	0.0801423
336.667	0.00436654
337.222	0.00528795
337.778	0.1425
338.333	0.1148
338.889	0.122219
339.444	0.237013
340	0.118009
340.556	0.108599
341.111	0.236975
341.667	0.015264
342.222	0.0311335
342.778	0.188216
343.333	0.0674186
343.889	0.0901542
344.444	0.196658
345	0.0374969
345.556	0.00631727
346.111	0.131972
346.667	0.290865
347.222	0.0562044
347.778	0.147338
348.333	0.0209076
348.889	0.149316
349.444	0.130097
350	0.116867
350.556	0.311088
351.111	0.0846019
351.667	0.244838
352.222	0.13439
352.778	0.0186004
353.333	0.217631
353.889	0.375943
354.444	0.152801
355	0.0576343
355.556	0.014423
356.111	0.0825533
356.667	0.111341
357.222	0.0858861
357.778	0.280259
358.333	0.165469
358.889	0.31441
359.444	0.0270576
360	0.00875733
360.556	0.24519
361.111	0.206522
361.667	0.0868062
362.222	0.118579
362.778	0.0708569
363.333	0.0767553
363.889	0.00534135
364.444	0.0779442
365	0.0836614
365.556	0.346909
366.111	0.204457
366.667	0.081852
367.222	0.00833538
367.778	0.0949715
368.333	0.014301
368.889	0.0723803
369.444	0.153067
370	0.0561873
370.556	0.118066
371.111	0.152132
371.667	0.246617
372.222	0.021825
372.778	0.210205
373.333	0.153402
373.889	0.0640981
374.444	0.0310004
375	0.0654648
375.556	0.0750815
376.111	0.0681949
376.667	0.225507
377.222	0.0348053
377.778	0.0256916
378.333	0.272195
378.889	0.121099
379.444	0.113952
380	0.142463
380.556	0.0680954
381.111	0.185711
381.667	0.124021
382.222	0.110202
382.778	0.111657
383.333	0.2477
383.889	0.135511
384.444	0.0180984
385	0.0468684
385.556	0.229389
386.111	0.135002
386.667	0.0945471
387.222	0.0568787
387.778	0.0142614
388.333	0.133625
388.889	0.065053
389.444	0.239451
390	0.0260776
390.556	0.180223
391.111	0.132597
391.667	0.0238676
392.222	0.0825928
392.778	0.308211
393.333	0.0540189
393.889	0.0318991
394.444	0.0978458
395	0.075692
395.556	0.0909387
396.111	0.050324
396.667	0.274701
397.222	0.0870412
397.778	0.241723
398.333	0.108003
398.889	0.0521725
399.444	0.117665
400	0.210647
400.556	0.111015
401.111	0.171288
401.667	0.0569736
402.222	0.00283013
402.778	0.074948
403.333	0.195848
403.889	0.16255
404.444	0.267677
405	0.0929626
405.556	0.135247
406.111	0.0316411
406.667	0.0848285
407.222	0.0106885
407.778	0.0158546
408.333	0.23565
408.889	0.0683415
409.444	0.024722
410	0.0718248
410.556	0.248726
411.111	0.0966878
411.667	0.191234
412.222	0.0327946
412.778	0.119958
413.333	0.00715262
413.889	0.0761831
414.444	0.0824567
415	0.0580549
415.556	0.245848
416.111	0.0395155
416.667	0.00589465
417.222	0.146162
417.778	0.250809
418.333	0.0351213
418.889	0.135674
419.444	0.0161572
420	0.102197
420.556	0.0210063
421.111	0.117528
421.667	0.136318
422.222	0.137214
422.778	0.217539
423.333	0.00791314
423.889	0.0430658
424.444	0.243938
425	0.0939609
425.556	0.0274839
426.111	0.00228491
426.667	0.0272685
427.222	0.102231
427.778	0.033605
428.333	0.243908
428.889	0.098622
429.444	0.174468
430	0.113415
430.556	0.0632351
431.111	0.0108961
431.667	0.198925
432.222	0.00492547
432.778	0.0894672
433.333	0.162318
433.889	0.00173941
434.444	0.0898485
435	0.062877
435.556	0.327242
436.111	0.00467335
436.667	0.172801
437.222	0.0638324
437.778	0.0793027
438.333	0.00698896
438.889	0.171035
439.444	0.0979891
440	0.0648288
440.556	0.191935
441.111	0.0504071
441.667	0.0380757
442.222	0.155261
442.778	0.274084
443.333	0.0845498
443.889	0.118942
444.444	0.0609492
445	0.129747
445.556	0.0231196
446.111	0.0148966
446.667	0.12917
447.222	0.222984
447.778	0.151569
448.333	0.112357
448.889	0.048098
449.444	0.187986
450	0.166907
450.556	0.157599
451.111	0.00849671
451.667	0.102217
452.222	0.0101329
452.778	0.0348477
453.333	0.170763
453.889	0.0200365
454.444	0.219271
455	0.121093
455.556	0.0960026
456.111	0.103487
456.667	0.256344
457.222	0.00213119
457.778	0.0637293
458.333	0.0912241
458.889	0.139151
459.444	0.0153432
460	0.0863507
460.556	0.212012
461.111	0.0855702
461.667	0.23382
462.222	0.0761084
462.778	0.140883
463.333	0.140689
463.889	0.182439
464.444	0.0879759
465	0.0284025
465.556	0.103497
466.111	0.0655571
466.667	0.00265178
467.222	0.189498
467.778	0.177504
468.333	0.159713
468.889	0.154122
469.444	0.0201128
470	0.0941717
470.556	0.158345
471.111	0.0295984
471.667	0.0644582
472.222	0.0917527
472.778	0.122114
473.333	0.0159021
473.889	0.00877847
474.444	0.262384
475	0.0715286
475.556	0.128941
476.111	0.0839015
476.667	0.0510609
477.222	0.0317214
477.778	0.0532838
478.333	0.0864579
478.889	0.016138
479.444	0.15566
480	0.104659
480.556	0.0261649
481.111	0.115961
481.667	0.236721
482.222	0.0336264
482.778	0.0463499
483.333	0.0446817
483.889	0.0596658
484.444	0.0150515
485	0.0504319
485.556	0.165391
486.111	0.153101
486.667	0.155968
487.222	0.113719
487.778	0.0789804
488.333	0.194512
488.889	0.192615
489.444	0.098347
490	0.0722229
490.556	0.0140401
491.111	0.0770714
491.667	0.0120754
492.222	0.163433
492.778	0.160352
493.333	0.240701
493.889	0.13963
494.444	0.0954019
495	0.0494148
495.556	0.179086
496.111	0.0715754
496.667	0.105136
497.222	0.142387
497.778	0.0199552
498.333	0.0261225
498.889	0.0677864
499.444	0.23276
500	0.0789009
500.556	0.218634
501.111	0.0875712
501.667	0.115349
502.222	0.032285
502.778	0.141712
503.333	0.017054
503.889	0.00203454
504.444	0.19188
505	0.0139713
505.556	2.37577e-05
506.111	0.152399
506.667	0.203116
507.222	0.055542
507.778	0.151869
508.333	0.0505897
508.889	0.116728
509.444	0.075856
510	0.0246195
510.556	0.0763295
511.111	0.10673
511.667	0.143925
512.222	0.0341304
512.778	0.0415588
513.333	0.244644
513.889	0.121287
514.444	0.0820305
515	0.0527563
515.556	0.0400133
516.111	0.0914245
516.667	0.0729145
517.222	0.173049
517.778	0.0294057
518.333	0.168256
518.889	0.100352
519.444	0.0654059
520	0.0131447
520.556	0.281258
521.111	0.00687171
521.667	0.0564633
522.222	0.077368
522.778	0.0546135
523.333	0.0322402
523.889	0.00617771
524.444	0.226835
525	0.0628183
525.556	0.213702
526.111	0.0946016
526.667	0.0971151
527.222	0.0394547
527.778	0.213289
528.333	0.0851065
528.889	0.0483302
529.444	0.0903735
530	0.0116268
530.556	0.0244904
531.111	0.101603
531.667	0.22782
532.222	0.107708
532.778	0.110737
533.333	0.102773
533.889	0.059797
534.444	0.0820335
535	0.0630845
535.556	0.0626076
536.111	0.144324
536.667	0.0517753
537.222	0.0513084
537.778	0.0476098
538.333	0.221082
538.889	0.12036
539.444	0.154645
540	0.0350229
540.556	0.135804
541.111	0.0100418
541.667	0.0811908
542.222	0.0687792
542.778	0.00663178
543.333	0.203702
543.889	0.0168378
544.444	0.0979757
545	0.110006
545.556	0.260472
546.111	0.0048148
546.667	0.102718
547.222	0.0146227
547.778	0.142606
548.333	0.0591621
548.889	0.00876843
549.444	0.160138
550	0.0878347
550.556	0.195099
551.111	0.00115787
551.667	0.10401
552.222	0.172281
552.778	0.198416
553.333	0.0506797
553.889	0.0137138
554.444	0.0583459
555	0.116438
555.556	0.0678917
556.111	0.140009
556.667	0.112642
557.222	0.131382
557.778	0.151483
558.333	0.0440184
558.889	0.0677244
559.444	0.203502
560	0.0383672
560.556	0.0409686
561.111	0.0447657
561.667	0.00322923
562.222	0.0426229
562.778	0.0135706
563.333	0.233067
563.889	0.0318607
564.444	0.1323
565	0.11344
565.556	0.0995866
566.111	0.00973963
566.667	0.155024
567.222	0.0790333
567.778	0.0539131
568.333	0.0824932
568.889	0.0151925
569.444	0.0404577
570	0.100479
570.556	0.251156
571.111	0.0733077
571.667	0.0574994
572.222	0.0721267
572.778	0.132893
573.333	0.0602286
573.889	0.0331963
574.444	0.145675
575	0.163494
575.556	0.0967592
576.111	0.0372343
576.667	0.0575992
577.222	0.184785
577.778	0.203204
578.333	0.131285
578.889	0.00362699
579.444	0.0878446
580	0.0878262
580.556	0.0451583
581.111	0.0879224
581.667	0.102433
582.222	0.222584
582.778	0.0624925
583.333	0.0940215
583.889	0.00803311
584.444	0.202752
585	0.0940211
585.556	0.0878997
586.111	0.0597466
586.667	0.0941894
587.222	0.0093016
587.778	0.0316863
588.333	0.161861
588.889	0.0197942
589.444	0.185997
590	0.079384
590.556	0.12057
591.111	0.0892743
591.667	0.140434
592.222	0.0022457
592.778	0.0049274
593.333	0.0561412
593.889	0.0570685
594.444	0.0661831
595	0.15301
595.556	0.14608
596.111	0.0783955
596.667	0.110484
597.222	0.0869786
597.778	0.116952
598.333	0.180229
598.889	0.0253582
599.444	0.0315314
600	0.126414
600.556	0.0499624
601.111	0.00375668
601.667	0.0804397
602.222	0.238088
602.778	0.0803893
603.333	0.117821
603.889	0.0496339
604.444	0.0995849
605	0.0636796
605.556	0.15415
606.111	0.101854
606.667	0.00963401
607.222	0.146134
607.778	0.0340785
608.333	0.0425471
608.889	0.00974133
609.444	0.2867
610	0.0065479
610.556	0.0683302
611.111	0.0147107
611.667	0.0892178
612.222	0.0290032
612.778	0.0480291
613.333	0.156506
613.889	0.0666374
614.444	0.136768
615	0.0669631
615.556	0.0527101
616.111	0.0841716
616.667	0.211921
617.222	0.0514431
617.778	0.0138396
618.333	0.0296376
618.889	0.0369084
619.444	0.0168882
620	0.0798268
620.556	0.136169
621.111	0.130316
621.667	0.0753097
622.222	0.122909
622.778	0.0329251
623.333	0.150925
623.889	0.0821487
624.444	0.0438782
625	0.0980379
625.556	0.0621566
626.111	0.0317203
626.667	0.0132478
627.222	0.203408
627.778	0.0667094
628.333	0.140873
628.889	0.014191
629.444	0.172569
630	0.0338797
630.556	0.152181
631.111	0.0409148
631.667	0.00844187
632.222	0.126928
632.778	0.0740185
633.333	0.0696385
633.889	0.0886847
634.444	0.237869
635	0.0257627
635.556	0.121241
636.111	0.0213868
636.667	0.176235
637.222	0.0653433
637.778	0.0642414
638.333	0.0931643
638.889	0.061297
639.444	0.131695
640	0.0260413
640.556	0.0887908
641.111	0.165172
641.667	0.155918
642.222	0.0574847
642.778	0.0667661
643.333	0.0362815
643.889	0.110624
644.444	0.0766251
645	0.0726291
645.556	0.0503529
646.111	0.107942
646.667	0.0977333
647.222	0.0574168
647.778	0.0364781
648.333	0.212324
648.889	0.047416
649.444	0.0133657
650	0.0140216
650.556	0.0651212
651.111	0.0222385
651.667	0.0277134
652.222	0.185391
652.778	0.0441045
653.333	0.0872696
653.889	0.0854468
654.444	0.11775
655	0.0489514
655.556	0.181585
656.111	0.0715294
656.667	0.0630744
657.222	0.0190552
657.778	0.0623768
658.333	0.055858
658.889	0.0650822
659.444	0.21609
660	0.116954
660.556	0.0616769
661.111	0.0801515
661.667	0.12732
662.222	0.101645
662.778	0.105865
663.333	0.111241
663.889	0.14147
664.444	0.0210093
665	0.00038416
665.556	0.0546794
666.111	0.144743
666.667	0.168054
667.222	0.142475
667.778	0.00955708
668.333	0.113388
668.889	0.0598675
669.444	0.102596
670	0.000516241
670.556	0.0517224
671.111	0.160625
671.667	0.016956
672.222	0.0618681
672.778	0.0295142
673.333	0.191653
673.889	0.0735473
674.444	0.0797618
675	0.00375968
675.556	0.128531
676.111	0.0414147
676.667	0.0204666
677.222	0.080738
677.778	0.0225343
678.333	0.128523
678.889	0.0322743
679.444	0.120957
680	0.131089
680.556	0.145352
681.111	0.0172709
681.667	0.0117791
682.222	0.017912
682.778	0.104528
683.333	0.0941475
683.889	0.106325
684.444	0.103854
685	0.103475
685.556	0.0696239
686.111	0.0649804
686.667	0.121529
687.222	0.214355
687.778	0.0463508
688.333	0.0386689
688.889	0.071157
689.444	0.0377868
690	0.0575938
690.556	0.0906252
691.111	0.212355
691.667	0.0494418
692.222	0.109247
692.778	0.0355782
693.333	0.0915883
693.889	0.0603527
694.444	0.19731
695	0.0543039
695.556	0.0048341
696.111	0.09215
696.667	0.0218338
697.222	0.00555648
697.778	0.00906627
698.333	0.229505
698.889	0.0169572
699.444	0.0630188
700	0.0577827
700.556	0.0998969
701.111	0.0137496
701.667	0.0922814
702.222	0.0977684
702.778	0.0787893
703.333	0.0506899
703.889	0.0329994
704.444	0.0427545
705	0.103266
705.556	0.16
706.111	0.0659441
706.667	0.0100356
707.222	0.100564
707.778	0.0623255
708.333	0.0606126
708.889	0.0471134
709.444	0.0760987
710	0.131401
710.556	0.000747947
711.111	0.112467
711.667	0.0249968
712.222	0.177783
712.778	0.056493
713.333	0.0615424
713.889	0.0691289
714.444	0.141192
715	0.0145561
715.556	0.044191
716.111	0.137486
716.667	0.0113953
717.222	0.151421
717.778	0.012423
718.333	0.168033
718.889	0.0369763
719.444	0.168982
720	0.0249861
720.556	0.0051202
721.111	0.0868733
721.667	0.11999
722.222	0.0746175
722.778	0.0397925
723.333	0.159714
723.889	0.0450439
724.444	0.111019
725	0.0141403
725.556	0.154177
726.111	0.104307
726.667	0.0796869
727.222	0.0355315
727.778	0.0487972
728.333	0.0558473
728.889	0.0474312
729.444	0.0771264
730	0.141243
730.556	0.0914084
731.111	0.0520485
731.667	0.0540912
732.222	0.0784919
732.778	0.0827593
733.333	0.124122
733.889	0.0467405
734.444	0.00883929
735	0.0742514
735.556	0.01833
736.111	0.047995
736.667	0.0231402
737.222	0.20796
737.778	0.00475588
738.333	0.000982656
738.889	0.0187776
739.444	0.117396
740	0.0145799
740.556	0.0798516
741.111	0.136807
741.667	0.0905152
742.222	0.0611536
742.778	0.0151282
743.333	0.107255
743.889	0.0644194
744.444	0.205486
745	0.07676
745.556	0.0629411
746.111	0.0179659
746.667	0.103589
747.222	0.0669478
747.778	0.011815
748.333	0.161279
748.889	0.126934
749.444	0.020636
750	0.049499
750.556	0.0965501
751.111	0.121727
751.667	0.125728
752.222	0.0850165
752.778	0.0942331
753.333	0.0472549
753.889	0.0347132
754.444	0.0464412
755	0.101218
755.556	0.112158
756.111	0.119878
756.667	0.00494536
757.222	0.112648
757.778	0.0200413
758.333	0.108128
758.889	0.0229426
759.444	0.0233115
760	0.0871057
760.556	0.0603006
761.111	0.0596453
761.667	0.0423788
762.222	0.136552
762.778	0.0140305
763.333	0.0586746
763.889	0.017472
764.444	0.157656
765	0.0737105
765.556	0.0332785
766.111	0.0547726
766.667	0.0547153
767.222	0.0474536
767.778	0.036439
768.333	0.124521
768.889	0.141331
769.444	0.112779
770	0.0469004
770.556	0.00848918
771.111	0.0493097
771.667	0.144981
772.222	0.127514
772.778	0.0660934
773.333	0.0630701
773.889	0.102351
774.444	0.00944258
775	0.0157741
775.556	0.115368
776.111	0.200379
776.667	0.0406141
777.222	0.0465343
777.778	0.0393669
778.333	0.0707098
778.889	0.0708066
779.444	0.110826
780	0.138896
780.556	0.00351828
781.111	0.0956322
781.667	0.0198899
782.222	0.0749496
782.778	0.0431955
783.333	0.18273
783.889	0.03302
784.444	0.0119797
785	0.0236358
785.556	0.055025
786.111	0.00813351
786.667	0.0210772
787.222	0.148026
787.778	0.0614934
788.333	0.0310391
788.889	0.0685926
789.444	0.0911122
790	0.0493595
790.556	0.0919576
791.111	0.0611069
791.667	0.0925541
792.222	0.0286838
792.778	0.00916658
793.333	0.0591487
793.889	0.0953273
794.444	0.096461
795	0.0938947
795.556	0.0402997
796.111	0.129975
796.667	0.0566704
797.222	0.107934
797.778	0.0204211
798.333	0.0329885
798.889	0.133685
799.444	0.0724358
800	0.079104
800.556	0.0327313
801.111	0.168012
801.667	0.0293414
802.222	0.0732199
802.778	0.0758683
803.333	0.160241
803.889	0.016888
804.444	0.0837739
805	0.0877721
805.556	0.0103925
806.111	0.118257
806.667	0.0616235
807.222	0.122943
807.778	0.0425074
808.333	0.156577
808.889	0.0152035
809.444	0.0128314
810	0.0452458
810.556	0.132581
811.111	0.0697507
811.667	0.010986
812.222	0.0849844
812.778	0.0447035
813.333	0.0638132
813.889	0.00013737
814.444	0.116067
815	0.122458
815.556	0.0620382
816.111	0.00764008
816.667	0.0320565
817.222	0.0153379
817.778	0.0527567
818.333	0.0774004
818.889	0.121798
819.444	0.0209202
820	0.038726
820.556	0.00681107
821.111	0.0832493
821.667	0.0482752
822.222	0.150114
822.778	0.0516459
823.333	0.0423544
823.889	0.0431769
824.444	0.0604174
825	0.0338648
825.556	0.0292856
826.111	0.191179
826.667	0.0587902
827.222	0.00248432
827.778	0.00265358
828.333	0.134284
828.889	0.0201061
829.444	0.112827
830	0.123521
830.556	0.0962102
831.111	0.0177664
831.667	0.0510324
832.222	0.0881396
832.778	0.0422695
833.333	0.168054
833.889	0.102629
834.444	0.0423331
835	0.0368743
835.556	0.112012
836.111	0.0605302
836.667	0.0281299
837.222	0.112805
837.778	0.11759
838.333	0.0174658
838.889	0.0236404
839.444	0.0678384
840	0.0957076
840.556	0.0862663
841.111	0.0756522
841.667	0.0616537
842.222	0.0885392
842.778	0.0263692
843.333	0.0441636
843.889	0.0540771
844.444	0.0342585
845	0.0887895
845.556	0.0304068
846.111	0.111582
846.667	0.01196
847.222	0.0932132
847.778	0.00380617
848.333	0.00123961
848.889	0.0432096
849.444	0.113924
850	0.0773942
850.556	0.0324018
851.111	0.0905919
851.667	0.0461953
852.222	0.0271709
852.778	0.00663509
853.333	0.162333
853.889	0.103688
854.444	0.0388793
855	0.0502464
855.556	0.0766921
856.111	0.00413564
856.667	0.0823696
857.222	0.135973
857.778	0.112756
858.333	0.0623729
858.889	0.0829798
859.444	0.0227304
860	0.0330755
860.556	0.139032
861.111	0.150191
861.667	0.034825
862.222	0.0293784
862.778	0.0945375
863.333	0.0242644
863.889	0.0173139
864.444	0.109076
865	0.159436
865.556	0.00863975
866.111	0.0404808
866.667	0.0317049
867.222	0.0692708
867.778	0.0520361
868.333	0.116112
868.889	0.0845485
869.444	0.0365962
870	0.0484196
870.556	0.0120671
871.111	0.0468229
871.667	0.0149971
872.222	0.140738
872.778	0.0444704
873.333	0.0424128
873.889	0.016894
874.444	0.0622652
875	0.035744
875.556	0.0176617
876.111	0.0914418
876.667	0.0934429
877.222	0.031174
877.778	0.0397651
878.333	0.078026
878.889	0.0818011
879.444	0.0643718
880	0.0624335
880.556	0.109251
881.111	0.0833559
881.667	0.019064
882.222	0.0724224
882.778	0.0832836
883.333	0.0516996
883.889	0.106886
884.444	0.0907136
885	0.101326
885.556	0.0428177
886.111	0.124258
886.667	0.0190153
887.222	0.0315827
887.778	0.118664
888.333	0.122177
888.889	0.0440227
889.444	0.0403472
890	0.130476
890.556	0.00290439
891.111	0.0682922
891.667	0.084754
892.222	0.137587
892.778	0.0212377
893.333	0.0804555
893.889	0.0578941
894.444	0.0132008
895	0.0693084
895.556	0.0980489
896.111	0.0888377
896.667	0.0426692
897.222	0.0920781
897.778	0.0260532
898.333	0.00810596
898.889	0.0187474
899.444	0.116964
900	0.0756833
900.556	0.0200242
901.111	0.03252
901.667	0.0443638
902.222	0.00154533
902.778	0.0135219
903.333	0.0881025
903.889	0.117884
904.444	0.00358934
905	0.00971839
905.556	0.0343788
906.111	0.0620353
906.667	0.0457323
907.222	0.0934597
907.778	0.112002
908.333	0.0420441
908.889	0.0400128
909.444	0.043313
910	0.0766508
910.556	0.0431975
911.111	0.143899
911.667	0.0893977
912.222	0.0416688
912.778	0.0339107
913.333	0.103918
913.889	0.0353496
914.444	0.0550997
915	0.147858
915.556	0.102588
916.111	0.00310966
916.667	0.0298991
917.222	0.114955
917.778	0.0210952
918.333	0.10673
918.889	0.117011
919.444	0.0916159
920	0.00684585
920.556	0.068618
921.111	0.0719913
921.667	0.0101114
922.222	0.109537
922.778	0.110402
923.333	0.0487152
923.889	0.0295418
924.444	0.0766971
925	0.0575581
925.556	0.0275431
926.111	0.0647197
926.667	0.0992271
927.222	0.0572174
927.778	0.0188144
928.333	0.0407015
928.889	0.0623547
929.444	0.0240601
930	0.0571064
930.556	0.069263
931.111	0.096931
931.667	0.0189227
932.222	0.0456601
932.778	0.03893
933.333	0.0224578
933.889	0.0581703
934.444	0.0804664
935	0.108892
935.556	0.037781
936.111	0.0719107
936.667	0.0461191
937.222	0.0293899
937.778	0.0449799
938.333	0.130305
938.889	0.105686
939.444	0.015763
940	0.064264
940.556	0.0845981
941.111	0.0060161
941.667	0.0605966
942.222	0.14345
942.778	0.112924
943.333	0.0265633
943.889	0.0626261
944.444	0.0788136
945	0.00689893
945.556	0.101937
946.111	0.131799
946.667	0.0844807
947.222	0.0302735
947.778	0.0791181
948.333	0.0503148
948.889	0.00479156
949.444	0.10464
950	0.132964
950.556	0.0370396
951.111	0.017604
951.667	0.0639179
952.222	0.0470208
952.778	0.0315118
953.333	0.084529
953.889	0.113768
954.444	0.0350621
955	0.0130978
955.556	0.0352813
956.111	0.046982
956.667	0.0186357
957.222	0.0847901
957.778	0.0796154
958.333	0.0605302
958.889	0.00608651
959.444	0.0444575
960	0.0384364
960.556	0.01038
961.111	0.0846723
961.667	0.0861744
962.222	0.0741507
962.778	0.0267201
963.333	0.0627321
963.889	0.0589319
964.444	0.00394951
965	0.0760848
965.556	0.115404
966.111	0.0883926
966.667	0.00698456
967.222	0.0700735
967.778	0.0837526
968.333	0.015369
968.889	0.0933952
969.444	0.121746
970	0.0959547
970.556	0.0293016
971.111	0.0845445
971.667	0.0690004
972.222	0.0246504
972.778	0.113873
973.333	0.123982
973.889	0.0693528
974.444	0.0422465
975	0.0952032
975.556	0.044366
976.111	0.0457432
976.667	0.106099
977.222	0.122956
977.778	0.0346545
978.333	0.0435768
978.889	0.0724626
979.444	0.0304684
980	0.0576515
980.556	0.0912019
981.111	0.101582
981.667	0.0303754
982.222	0.0357931
982.778	0.0513331
983.333	0.020227
983.889	0.0348484
984.444	0.0886557
985	0.0850188
985.556	0.040403
986.111	0.0131659
986.667	0.0502898
987.222	0.0211258
987.778	0.0128856
988.333	0.0848294
988.889	0.0946388
989.444	0.0548748
990	0.0020462
990.556	0.0559947
991.111	0.0489733
991.667	0.0124426
992.222	0.088883
992.778	0.111065
993.333	0.0698889
993.889	0.0176849
994.444	0.0695114
995	0.0649161
995.556	0.0200005
996.111	0.113422
996.667	0.117196
997.222	0.0699846
997.778	0.0412088
998.333	0.0889072
998.889	0.0557115
999.444	0.0421226
1000	0.124255
1000.56	0.124255
1001.11	0.0421226
1001.67	0.0557115
1002.22	0.0889072
1002.78	0.0412088
1003.33	0.0699846
1003.89	0.117196
1004.44	0.113422
1005	0.0200005
1005.56	0.0649161
1006.11	0.0695114
1006.67	0.0176849
1007.22	0.0698889
1007.78	0.111065
1008.33	0.088883
1008.89	0.0124426
1009.44	0.0489733
1010	0.0559947
1010.56	0.0020462
1011.11	0.0548748
1011.67	0.0946388
1012.22	0.0848294
1012.78	0.0128856
1013.33	0.0211258
1013.89	0.0502898
1014.44	0.0131659
1015	0.040403
1015.56	0.0850188
1016.11	0.0886557
1016.67	0.0348484
1017.22	0.020227
1017.78	0.0513331
1018.33	0.0357931
1018.89	0.0303754
1019.44	0.101582
1020	0.0912019
1020.56	0.0576515
1021.11	0.0304684
1021.67	0.0724626
1022.22	0.0435768
1022.78	0.0346545
1023.33	0.122956
1023.89	0.106099
1024.44	0.0457432
1025	0.044366
1025.56	0.0952032
1026.11	0.0422465
1026.67	0.0693528
1027.22	0.123982
1027.78	0.113873
1028.33	0.0246504
1028.89	0.0690004
1029.44	0.0845445
1030	0.0293016
1030.56	0.0959547
1031.11	0.121746
1031.67	0.0933952
1032.22	0.015369
1032.78	0.0837526
1033.33	0.0700735
1033.89	0.00698456
1034.44	0.0883926
1035	0.115404
1035.56	0.0760848
1036.11	0.00394951
1036.67	0.0589319
1037.22	0.0627321
1037.78	0.0267201
1038.33	0.0741507
1038.89	0.0861744
1039.44	0.0846723
1040	0.01038
1040.56	0.0384364
1041.11	0.0444575
1041.67	0.00608651
1042.22	0.0605302
1042.78	0.0796154
1043.33	0.0847901
1043.89	0.0186357
1044.44	0.046982
1045	0.0352813
1045.56	0.0130978
1046.11	0.0350621
1046.67	0.113768
1047.22	0.084529
1047.78	0.0315118
1048.33	0.0470208
1048.89	0.0639179
1049.44	0.017604
1050	0.0370396
1050.56	0.132964
1051.11	0.10464
1051.67	0.00479156
1052.22	0.0503148
1052.78	0.0791181
1053.33	0.0302735
1053.89	0.0844807
1054.44	0.131799
1055	0.101937
1055.56	0.00689893
1056.11	0.0788136
1056.67	0.0626261
1057.22	0.0265633
1057.78	0.112924
1058.33	0.14345
1058.89	0.0605966
1059.44	0.0060161
1060	0.0845981
1060.56	0.064264
1061.11	0.015763
1061.67	0.105686
1062.22	0.130305
1062.78	0.0449799
1063.33	0.0293899
1063.89	0.0461191
1064.44	0.0719107
1065	0.037781
1065.56	0.108892
1066.11	0.0804664
1066.67	0.0581703
1067.22	0.0224578
1067.78	0.03893
1068.33	0.0456601
1068.89	0.0189227
1069.44	0.096931
1070	0.069263
1070.56	0.0571064
1071.11	0.0240601
1071.67	0.0623547
1072.22	0.0407015
1072.78	0.0188144
1073.33	0.0572174
1073.89	0.0992271
1074.44	0.0647197
1075	0.0275431
1075.56	0.0575581
1076.11	0.0766971
1076.67	0.0295418
1077.22	0.0487152
1077.78	0.110402
1078.33	0.109537
1078.89	0.0101114
1079.44	0.0719913
1080	0.068618
1080.56	0.00684585
1081.11	0.0916159
1081.67	0.117011
1082.22	0.10673
1082.78	0.0210952
1083.33	0.114955
1083.89	0.0298991
1084.44	0.00310966
1085	0.102588
1085.56	0.147858
1086.11	0.0550997
1086.67	0.0353496
1087.22	0.103918
1087.78	0.0339107
1088.33	0.0416688
1088.89	0.0893977
1089.44	0.143899
1090	0.0431975
1090.56	0.0766508
1091.11	0.043313
1091.67	0.0400128
1092.22	0.0420441
1092.78	0.112002
1093.33	0.0934597
1093.89	0.0457323
1094.44	0.0620353
1095	0.0343788
1095.56	0.00971839
1096.11	0.00358934
1096.67	0.117884
1097.22	0.0881025
1097.78	0.0135219
1098.33	0.00154533
1098.89	0.0443638
1099.44	0.03252
1100	0.0200242
1100.56	0.0756833
1101.11	0.116964
1101.67	0.0187474
1102.22	0.00810596
1102.78	0.0260532
1103.33	0.0920781
1103.89	0.0426692
1104.44	0.0888377
1105	0.0980489
1105.56	0.0693084
1106.11	0.0132008
1106.67	0.0578941
1107.22	0.0804555
1107.78	0.0212377
1108.33	0.137587
1108.89	0.084754
1109.44	0.0682922
1110	0.00290439
1110.56	0.130476
1111.11	0.0403472
1111.67	0.0440227
1112.22	0.122177
1112.78	0.118664
1113.33	0.0315827
1113.89	0.0190153
1114.44	0.124258
1115	0.0428177
1115.56	0.101326
1116.11	0.0907136
1116.67	0.106886
1117.22	0.0516996
1117.78	0.0832836
1118.33	0.0724224
1118.89	0.019064
1119.44	0.0833559
1120	0.109251
1120.56	0.0624335
1121.11	0.0643718
1121.67	0.0818011
1122.22	0.078026
1122.78	0.0397651
1123.33	0.031174
1123.89	0.0934429
1124.44	0.0914418
1125	0.0176617
1125.56	0.035744
1126.11	0.0622652
1126.67	0.016894
1127.22	0.0424128
1127.78	0.0444704
1128.33	0.140738
1128.89	0.0149971
1129.44	0.0468229
1130	0.0120671
1130.56	0.0484196
1131.11	0.0365962
1131.67	0.0845485
1132.22	0.116112
1132.78	0.0520361
1133.33	0.0692708
1133.89	0.0317049
1134.44	0.0404808
1135	0.00863975
1135.56	0.159436
1136.11	0.109076
1136.67	0.0173139
1137.22	0.0242644
1137.78	0.0945375
1138.33	0.0293784
1138.89	0.034825
1139.44	0.150191
1140	0.139032
1140.56	0.0330755
1141.11	0.0227304
1141.67	0.0829798
1142.22	0.0623729
1142.78	0.112756
1143.33	0.135973
1143.89	0.0823696
1144.44	0.00413564
1145	0.0766921
1145.56	0.0502464
1146.11	0.0388793
1146.67	0.103688
1147.22	0.162333
1147.78	0.00663509
1148.33	0.0271709
1148.89	0.0461953
1149.44	0.0905919
1150	0.0324018
1150.56	0.0773942
1151.11	0.113924
1151.67	0.0432096
1152.22	0.00123961
1152.78	0.00380617
1153.33	0.0932132
1153.89	0.01196
1154.44	0.111582
1155	0.0304068
1155.56	0.0887895
1156.11	0.0342585
1156.67	0.0540771
1157.22	0.0441636
1157.78	0.0263692
1158.33	0.0885392
1158.89	0.0616537
1159.44	0.0756522
1160	0.0862663
1160.56	0.0957076
1161.11	0.0678384
1161.67	0.0236404
1162.22	0.0174658
1162.78	0.11759
1163.33	0.112805
1163.89	0.0281299
1164.44	0.0605302
1165	0.112012
1165.56	0.0368743
1166.11	0.0423331
1166.67	0.102629
1167.22	0.168054
1167.78	0.0422695
1168.33	0.0881396
1168.89	0.0510324
1169.44	0.0177664
1170	0.0962102
1170.56	0.123521
1171.11	0.112827
1171.67	0.0201061
1172.22	0.134284
1172.78	0.00265358
1173.33	0.00248432
1173.89	0.0587902
1174.44	0.191179
1175	0.0292856
1175.56	0.0338648
1176.11	0.0604174
1176.67	0.0431769
1177.22	0.0423544
1177.78	0.0516459
1178.33	0.150114
1178.89	0.0482752
1179.44	0.0832493
1180	0.00681107
1180.56	0.038726
1181.11	0.0209202
1181.67	0.121798
1182.22	0.0774004
1182.78	0.0527567
1183.33	0.0153379
1183.89	0.0320565
1184.44	0.00764008
1185	0.0620382
1185.56	0.122458
1186.11	0.116067
1186.67	0.00013737
1187.22	0.0638132
1187.78	0.0447035
1188.33	0.0849844
1188.89	0.010986
1189.44	0.0697507
1190	0.132581
1190.56	0.0452458
1191.11	0.0128314
1191.67	0.0152035
1192.22	0.156577
1192.78	0.0425074
1193.33	0.122943
1193.89	0.0616235
1194.44	0.118257
1195	0.0103925
1195.56	0.0877721
1196.11	0.0837739
1196.67	0.016888
1197.22	0.160241
1197.78	0.0758683
1198.33	0.0732199
1198.89	0.0293414
1199.44	0.168012
1200	0.0327313
1200.56	0.079104
1201.11	0.0724358
1201.67	0.133685
1202.22	0.0329885
1202.78	0.0204211
1203.33	0.107934
1203.89	0.0566704
1204.44	0.129975
1205	0.0402997
1205.56	0.0938947
1206.11	0.096461
1206.67	0.0953273
1207.22	0.0591487
1207.78	0.00916658
1208.33	0.0286838
1208.89	0.0925541
1209.44	0.0611069
1210	0.0919576
1210.56	0.0493595
1211.11	0.0911122
1211.67	0.0685926
1212.22	0.0310391
1212.78	0.0614934
1213.33	0.148026
1213.89	0.0210772
1214.44	0.00813351
1215	0.055025
1215.56	0.0236358
1216.11	0.0119797
1216.67	0.03302
1217.22	0.18273
1217.78	0.0431955
1218.33	0.0749496
1218.89	0.0198899
1219.44	0.0956322
1220	0.00351828
1220.56	0.138896
1221.11	0.110826
1221.67	0.0708066
1222.22	0.0707098
1222.78	0.0393669
1223.33	0.0465343
1223.89	0.0406141
1224.44	0.200379
1225	0.115368
1225.56	0.0157741
1226.11	0.00944258
1226.67	0.102351
1227.22	0.0630701
1227.78	0.0660934
1228.33	0.127514
1228.89	0.144981
1229.44	0.0493097
1230	0.00848918
1230.56	0.0469004
1231.11	0.112779
1231.67	0.141331
1232.22	0.124521
1232.78	0.036439
1233.33	0.0474536
1233.89	0.0547153
1234.44	0.0547726
1235	0.0332785
1235.56	0.0737105
1236.11	0.157656
1236.67	0.017472
1237.22	0.0586746
1237.78	0.0140305
1238.33	0.136552
1238.89	0.0423788
1239.44	0.0596453
1240	0.0603006
1240.56	0.0871057
1241.11	0.0233115
1241.67	0.0229426
1242.22	0.108128
1242.78	0.0200413
1243.33	0.112648
1243.89	0.00494536
1244.44	0.119878
1245	0.112158
1245.56	0.101218
1246.11	0.0464412
1246.67	0.0347132
1247.22	0.0472549
1247.78	0.0942331
1248.33	0.0850165
1248.89	0.125728
1249.44	0.121727
1250	0.0965501
1250.56	0.049499
1251.11	0.020636
1251.67	0.126934
1252.22	0.161279
1252.78	0.011815
1253.33	0.0669478
1253.89	0.103589
1254.44	0.0179659
1255	0.0629411
1255.56	0.07676
1256.11	0.205486
1256.67	0.0644194
1257.22	0.107255
1257.78	0.0151282
1258.33	0.0611536
1258.89	0.0905152
1259.44	0.136807
1260	0.0798516
1260.56	0.0145799
1261.11	0.117396
1261.67	0.0187776
1262.22	0.000982656
1262.78	0.00475588
1263.33	0.20796
1263.89	0.0231402
1264.44	0.047995
1265	0.01833
1265.56	0.0742514
1266.11	0.00883929
1266.67	0.0467405
1267.22	0.124122
1267.78	0.0827593
1268.33	0.0784919
1268.89	0.0540912
1269.44	0.0520485
1270	0.0914084
1270.56	0.141243
1271.11	0.0771264
1271.67	0.0474312
1272.22	0.0558473
1272.78	0.0487972
1273.33	0.0355315
1273.89	0.0796869
1274.44	0.104307
1275	0.154177
1275.56	0.0141403
1276.11	0.111019
1276.67	0.0450439
1277.22	0.159714
1277.78	0.0397925
1278.33	0.0746175
1278.89	0.11999
1279.44	0.0868733
1280	0.0051202
1280.56	0.0249861
1281.11	0.168982
1281.67	0.0369763
1282.22	0.168033
1282.78	0.012423
1283.33	0.151421
1283.89	0.0113953
1284.44	0.137486
1285	0.044191
1285.56	0.0145561
1286.11	0.141192
1286.67	0.0691289
1287.22	0.0615424
1287.78	0.056493
1288.33	0.177783
1288.89	0.0249968
1289.44	0.112467
1290	0.000747947
1290.56	0.131401
1291.11	0.0760987
1291.67	0.0471134
1292.22	0.0606126
1292.78	0.0623255
1293.33	0.100564
1293.89	0.0100356
1294.44	0.0659441
1295	0.16
1295.56	0.103266
1296.11	0.0427545
1296.67	0.0329994
1297.22	0.0506899
1297.78	0.0787893
1298.33	0.0977684
1298.89	0.0922814
1299.44	0.0137496
1300	0.0998969
1300.56	0.0577827
1301.11	0.0630188
1301.67	0.0169572
1302.22	0.229505
1302.78	0.00906627
1303.33	0.00555648
1303.89	0.0218338
1304.44	0.09215
1305	0.0048341
1305.56	0.0543039
1306.11	0.19731
1306.67	0.0603527
1307.22	0.0915883
1307.78	0.0355782
1308.33	0.109247
1308.89	0.0494418
1309.44	0.212355
1310	0.0906252
1310.56	0.0575938
1311.11	0.0377868
1311.67	0.071157
1312.22	0.0386689
1312.78	0.0463508
1313.33	0.214355
1313.89	0.121529
1314.44	0.0649804
1315	0.0696239
1315.56	0.103475
1316.11	0.103854
1316.67	0.106325
1317.22	0.0941475
1317.78	0.104528
1318.33	0.017912
1318.89	0.0117791
1319.44	0.0172709
1320	0.145352
1320.56	0.131089
1321.11	0.120957
1321.67	0.0322743
1322.22	0.128523
1322.78	0.0225343
1323.33	0.080738
1323.89	0.0204666
1324.44	0.0414147
1325	0.128531
1325.56	0.00375968
1326.11	0.0797618
1326.67	0.0735473
1327.22	0.191653
1327.78	0.0295142
1328.33	0.0618681
1328.89	0.016956
1329.44	0.160625
1330	0.0517224
1330.56	0.000516241
1331.11	0.102596
1331.67	0.0598675
1332.22	0.113388
1332.78	0.00955708
1333.33	0.142475
1333.89	0.168054
1334.44	0.144743
1335	0.0546794
1335.56	0.00038416
1336.11	0.0210093
1336.67	0.14147
1337.22	0.111241
1337.78	0.105865
1338.33	0.101645
1338.89	0.12732
1339.44	0.0801515
1340	0.0616769
1340.56	0.116954
1341.11	0.21609
1341.67	0.0650822
1342.22	0.055858
1342.78	0.0623768
1343.33	0.0190552
1343.89	0.0630744
1344.44	0.0715294
1345	0.181585
1345.56	0.0489514
1346.11	0.11775
1346.67	0.0854468
1347.22	0.0872696
1347.78	0.0441045
1348.33	0.185391
1348.89	0.0277134
1349.44	0.0222385
1350	0.0651212
1350.56	0.0140216
1351.11	0.0133657
1351.67	0.047416
1352.22	0.212324
1352.78	0.0364781
1353.33	0.0574168
1353.89	0.0977333
1354.44	0.107942
1355	0.0503529
1355.56	0.0726291
1356.11	0.0766251
1356.67	0.110624
1357.22	0.0362815
1357.78	0.0667661
1358.33	0.0574847
1358.89	0.155918
1359.44	0.165172
1360	0.0887908
1360.56	0.0260413
1361.11	0.131695
1361.67	0.061297
1362.22	0.0931643
1362.78	0.0642414
1363.33	0.0653433
1363.89	0.176235
1364.44	0.0213868
1365	0.121241
1365.56	0.0257627
1366.11	0.237869
1366.67	0.0886847
1367.22	0.0696385
1367.78	0.0740185
1368.33	0.126928
1368.89	0.00844187
1369.44	0.0409148
1370	0.152181
1370.56	0.0338797
1371.11	0.172569
1371.67	0.014191
1372.22	0.140873
1372.78	0.0667094
1373.33	0.203408
1373.89	0.0132478
1374.44	0.0317203
1375	0.0621566
1375.56	0.0980379
1376.11	0.0438782
1376.67	0.0821487
1377.22	0.150925
1377.78	0.0329251
1378.33	0.122909
1378.89	0.0753097
1379.44	0.130316
1380	0.136169
1380.56	0.0798268
1381.11	0.0168882
1381.67	0.0369084
1382.22	0.0296376
1382.78	0.0138396
1383.33	0.0514431
1383.89	0.211921
1384.44	0.0841716
1385	0.0527101
1385.56	0.0669631
1386.11	0.136768
1386.67	0.0666374
1387.22	0.156506
1387.78	0.0480291
1388.33	0.0290032
1388.89	0.0892178
1389.44	0.0147107
1390	0.0683302
1390.56	0.0065479
1391.11	0.2867
1391.67	0.00974133
1392.22	0.0425471
1392.78	0.0340785
1393.33	0.146134
1393.89	0.00963401
1394.44	0.101854
1395	0.15415
1395.56	0.0636796
1396.11	0.0995849
1396.67	0.0496339
1397.22	0.117821
1397.78	0.0803893
1398.33	0.238088
1398.89	0.0804397
1399.44	0.00375668
1400	0.0499624
1400.56	0.126414
1401.11	0.0315314
1401.67	0.0253582
1402.22	0.180229
1402.78	0.116952
1403.33	0.0869786
1403.89	0.110484
1404.44	0.0783955
1405	0.14608
1405.56	0.15301
1406.11	0.0661831
1406.67	0.0570685
1407.22	0.0561412
1407.78	0.0049274
1408.33	0.0022457
1408.89	0.140434
1409.44	0.0892743
1410	0.12057
1410.56	0.079384
1411.11	0.185997
1411.67	0.0197942
1412.22	0.161861
1412.78	0.0316863
1413.33	0.0093016
1413.89	0.0941894
1414.44	0.0597466
1415	0.0878997
1415.56	0.0940211
1416.11	0.202752
1416.67	0.00803311
1417.22	0.0940215
1417.78	0.0624925
1418.33	0.222584
1418.89	0.102433
1419.44	0.0879224
1420	0.0451583
1420.56	0.0878262
1421.11	0.0878446
1421.67	0.00362699
1422.22	0.131285
1422.78	0.203204
1423.33	0.184785
1423.89	0.0575992
1424.44	0.0372343
1425	0.0967592
1425.56	0.163494
1426.11	0.145675
1426.67	0.0331963
1427.22	0.0602286
1427.78	0.132893
1428.33	0.0721267
1428.89	0.0574994
1429.44	0.0733077
1430	0.251156
1430.56	0.100479
1431.11	0.0404577
1431.67	0.0151925
1432.22	0.0824932
1432.78	0.0539131
1433.33	0.0790333
1433.89	0.155024
1434.44	0.00973963
1435	0.0995866
1435.56	0.11344
1436.11	0.1323
1436.67	0.0318607
1437.22	0.233067
1437.78	0.0135706
1438.33	0.0426229
1438.89	0.00322923
1439.44	0.0447657
1440	0.0409686
1440.56	0.0383672
1441.11	0.203502
1441.67	0.0677244
1442.22	0.0440184
1442.78	0.151483
1443.33	0.131382
1443.89	0.112642
1444.44	0.140009
1445	0.0678917
1445.56	0.116438
1446.11	0.0583459
1446.67	0.0137138
1447.22	0.0506797
1447.78	0.198416
1448.33	0.172281
1448.89	0.10401
1449.44	0.00115787
1450	0.195099
1450.56	0.0878347
1451.11	0.160138
1451.67	0.00876843
1452.22	0.0591621
1452.78	0.142606
1453.33	0.0146227
1453.89	0.102718
1454.44	0.0048148
1455	0.260472
1455.56	0.110006
1456.11	0.0979757
1456.67	0.0168378
1457.22	0.203702
1457.78	0.00663178
1458.33	0.0687792
1458.89	0.0811908
1459.44	0.0100418
1460	0.135804
1460.56	0.0350229
1461.11	0.154645
1461.67	0.12036
1462.22	0.221082
1462.78	0.0476098
1463.33	0.0513084
1463.89	0.0517753
1464.44	0.144324
1465	0.0626076
1465.56	0.0630845
1466.11	0.0820335
1466.67	0.059797
1467.22	0.102773
1467.78	0.110737
1468.33	0.107708
1468.89	0.22782
1469.44	0.101603
1470	0.0244904
1470.56	0.0116268
1471.11	0.0903735
1471.67	0.0483302
1472.22	0.0851065
1472.78	0.213289
1473.33	0.0394547
1473.89	0.0971151
1474.44	0.0946016
1475	0.213702
1475.56	0.0628183
1476.11	0.226835
1476.67	0.00617771
1477.22	0.0322402
1477.78	0.0546135
1478.33	0.077368
1478.89	0.0564633
1479.44	0.00687171
1480	0.281258
1480.56	0.0131447
1481.11	0.0654059
1481.67	0.100352
1482.22	0.168256
1482.78	0.0294057
1483.33	0.173049
1483.89	0.0729145
1484.44	0.0914245
1485	0.0400133
1485.56	0.0527563
1486.11	0.0820305
1486.67	0.121287
1487.22	0.244644
1487.78	0.0415588
1488.33	0.0341304
1488.89	0.143925
1489.44	0.10673
1490	0.0763295
1490.56	0.0246195
1491.11	0.075856
1491.67	0.116728
1492.22	0.0505897
1492.78	0.151869
1493.33	0.055542
1493.89	0.203116
1494.44	0.152399
1495	2.37577e-05
1495.56	0.0139713
1496.11	0.19188
1496.67	0.00203454
1497.22	0.017054
1497.78	0.141712
1498.33	0.032285
1498.89	0.115349
1499.44	0.0875712
1500	0.218634
1500.56	0.0789009
1501.11	0.23276
1501.67	0.0677864
1502.22	0.0261225
1502.78	0.0199552
1503.33	0.142387
1503.89	0.105136
1504.44	0.0715754
1505	0.179086
1505.56	0.0494148
1506.11	0.0954019
1506.67	0.13963
1507.22	0.240701
1507.78	0.160352
1508.33	0.163433
1508.89	0.0120754
1509.44	0.0770714
1510	0.0140401
1510.56	0.0722229
1511.11	0.098347
1511.67	0.192615
1512.22	0.194512
1512.78	0.0789804
1513.33	0.113719
1513.89	0.155968
1514.44	0.153101
1515	0.165391
1515.56	0.0504319
1516.11	0.0150515
1516.67	0.0596658
1517.22	0.0446817
1517.78	0.0463499
1518.33	0.0336264
1518.89	0.236721
1519.44	0.115961
1520	0.0261649
1520.56	0.104659
1521.11	0.15566
1521.67	0.016138
1522.22	0.0864579
1522.78	0.0532838
1523.33	0.0317214
1523.89	0.0510609
1524.44	0.0839015
1525	0.128941
1525.56	0.0715286
1526.11	0.262384
1526.67	0.00877847
1527.22	0.0159021
1527.78	0.122114
1528.33	0.0917527
1528.89	0.0644582
1529.44	0.0295984
1530	0.158345
1530.56	0.0941717
1531.11	0.0201128
1531.67	0.154122
1532.22	0.159713
1532.78	0.177504
1533.33	0.189498
1533.89	0.00265178
1534.44	0.0655571
1535	0.103497
1535.56	0.0284025
1536.11	0.0879759
1536.67	0.182439
1537.22	0.140689
1537.78	0.140883
1538.33	0.0761084
1538.89	0.23382
1539.44	0.0855702
1540	0.212012
1540.56	0.0863507
1541.11	0.0153432
1541.67	0.139151
1542.22	0.0912241
1542.78	0.0637293
1543.33	0.00213119
1543.89	0.256344
1544.44	0.103487
1545	0.0960026
1545.56	0.121093
1546.11	0.219271
1546.67	0.0200365
1547.22	0.170763
1547.78	0.0348477
1548.33	0.0101329
1548.89	0.102217
1549.44	0.00849671
1550	0.157599
1550.56	0.166907
1551.11	0.187986
1551.67	0.048098
1552.22	0.112357
1552.78	0.151569
1553.33	0.222984
1553.89	0.12917
1554.44	0.0148966
1555	0.0231196
1555.56	0.129747
1556.11	0.0609492
1556.67	0.118942
1557.22	0.0845498
1557.78	0.274084
1558.33	0.155261
1558.89	0.0380757
1559.44	0.0504071
1560	0.191935
1560.56	0.0648288
1561.11	0.0979891
1561.67	0.171035
1562.22	0.00698896
1562.78	0.0793027
1563.33	0.0638324
1563.89	0.172801
1564.44	0.00467335
1565	0.327242
1565.56	0.062877
1566.11	0.0898485
1566.67	0.00173941
1567.22	0.162318
1567.78	0.0894672
1568.33	0.00492547
1568.89	0.198925
1569.44	0.0108961
1570	0.0632351
1570.56	0.113415
1571.11	0.174468
1571.67	0.098622
1572.22	0.243908
1572.78	0.033605
1573.33	0.102231
1573.89	0.0272685
1574.44	0.00228491
1575	0.0274839
1575.56	0.0939609
1576.11	0.243938
1576.67	0.0430658
1577.22	0.00791314
1577.78	0.217539
1578.33	0.137214
1578.89	0.136318
1579.44	0.117528
1580	0.0210063
1580.56	0.102197
1581.11	0.0161572
1581.67	0.135674
1582.22	0.0351213
1582.78	0.250809
1583.33	0.146162
1583.89	0.00589465
1584.44	0.0395155
1585	0.245848
1585.56	0.0580549
1586.11	0.0824567
1586.67	0.0761831
1587.22	0.00715262
1587.78	0.119958
1588.33	0.0327946
1588.89	0.191234
1589.44	0.0966878
1590	0.248726
1590.56	0.0718248
1591.11	0.024722
1591.67	0.0683415
1592.22	0.23565
1592.78	0.0158546
1593.33	0.0106885
1593.89	0.0848285
1594.44	0.0316411
1595	0.135247
1595.56	0.0929626
1596.11	0.267677
1596.67	0.16255
1597.22	0.195848
1597.78	0.074948
1598.33	0.00283013
1598.89	0.0569736
1599.44	0.171288
1600	0.111015
1600.56	0.210647
1601.11	0.117665
1601.67	0.0521725
1602.22	0.108003
1602.78	0.241723
1603.33	0.0870412
1603.89	0.274701
1604.44	0.050324
1605	0.0909387
1605.56	0.075692
1606.11	0.0978458
1606.67	0.0318991
1607.22	0.0540189
1607.78	0.308211
1608.33	0.0825928
1608.89	0.0238676
1609.44	0.132597
1610	0.180223
1610.56	0.0260776
1611.11	0.239451
1611.67	0.065053
1612.22	0.133625
1612.78	0.0142614
1613.33	0.0568787
1613.89	0.0945471
1614.44	0.135002
1615	0.229389
1615.56	0.0468684
1616.11	0.0180984
1616.67	0.135511
1617.22	0.2477
1617.78	0.111657
1618.33	0.110202
1618.89	0.124021
1619.44	0.185711
1620	0.0680954
1620.56	0.142463
1621.11	0.113952
1621.67	0.121099
1622.22	0.272195
1622.78	0.0256916
1623.33	0.0348053
1623.89	0.225507
1624.44	0.0681949
1625	0.0750815
1625.56	0.0654648
1626.11	0.0310004
1626.67	0.0640981
1627.22	0.153402
1627.78	0.210205
1628.33	0.021825
1628.89	0.246617
1629.44	0.152132
1630	0.118066
1630.56	0.0561873
1631.11	0.153067
1631.67	0.0723803
1632.22	0.014301
1632.78	0.0949715
1633.33	0.00833538
1633.89	0.081852
1634.44	0.204457
1635	0.346909
1635.56	0.0836614
1636.11	0.0779442
1636.67	0.00534135
1637.22	0.0767553
1637.78	0.0708569
1638.33	0.118579
1638.89	0.0868062
1639.44	0.206522
1640	0.24519
1640.56	0.00875733
1641.11	0.0270576
1641.67	0.31441
1642.22	0.165469
1642.78	0.280259
1643.33	0.0858861
1643.89	0.111341
1644.44	0.0825533
1645	0.014423
1645.56	0.0576343
1646.11	0.152801
1646.67	0.375943
1647.22	0.217631
1647.78	0.0186004
1648.33	0.13439
1648.89	0.244838
1649.44	0.0846019
1650	0.311088
1650.56	0.116867
1651.11	0.130097
1651.67	0.149316
1652.22	0.0209076
1652.78	0.147338
1653.33	0.0562044
1653.89	0.290865
1654.44	0.131972
1655	0.00631727
1655.56	0.0374969
1656.11	0.196658
1656.67	0.0901542
1657.22	0.0674186
1657.78	0.188216
1658.33	0.0311335
1658.89	0.015264
1659.44	0.236975
1660	0.108599
1660.56	0.118009
1661.11	0.237013
1661.67	0.122219
1662.22	0.1148
1662.78	0.1425
1663.33	0.00528795
1663.89	0.00436654
1664.44	0.0801423
1665	0.0282885
1665.56	0.0446186
1666.11	0.0940319
1666.67	0.272732
1667.22	0.189495
1667.78	0.138411
1668.33	0.0694176
1668.89	0.123291
1669.44	0.00202204
1670	0.193751
1670.56	0.204512
1671.11	0.100115
1671.67	0.252407
1672.22	0.0535224
1672.78	0.00265212
1673.33	0.13465
1673.89	0.460197
1674.44	0.0149802
1675	0.200317
1675.56	0.113525
1676.11	0.102235
1676.67	0.0337144
1677.22	0.0156332
1677.78	0.198545
1678.33	0.0473339
1678.89	0.475448
1679.44	0.00702204
1680	0.08391
1680.56	0.150307
1681.11	0.423906
1681.67	0.147387
1682.22	0.0798763
1682.78	0.00659423
1683.33	0.026794
1683.89	0.150254
1684.44	0.0521714
1685	0.0501498
1685.56	0.27978
1686.11	0.403881
1686.67	0.121076
1687.22	0.0185602
1687.78	0.0894883
1688.33	0.0840304
1688.89	0.0127009
1689.44	0.00403293
1690	0.066802
1690.56	0.0326118
1691.11	0.146923
1691.67	0.127198
1692.22	0.0662972
1692.78	0.224226
1693.33	0.14117
1693.89	0.151017
1694.44	0.106021
1695	0.0902212
1695.56	0.135407
1696.11	0.0557036
1696.67	0.0748138
1697.22	0.0235748
1697.78	0.0609365
1698.33	0.159906
1698.89	0.33673
1699.44	0.140033
1700	0.246699
1700.56	0.112693
1701.11	0.040318
1701.67	0.141287
1702.22	0.10241
1702.78	0.0311677
1703.33	0.0810228
1703.89	0.246178
1704.44	0.0612939
1705	0.111277
1705.56	0.3344
1706.11	0.232392
1706.67	0.159843
1707.22	0.0552569
1707.78	0.0904367
1708.33	0.133074
1708.89	0.154152
1709.44	0.01665
1710	0.150747
1710.56	0.239632
1711.11	0.0912743
1711.67	0.0093725
1712.22	0.0613421
1712.78	0.30298
1713.33	0.0265632
1713.89	0.00783098
1714.44	0.124139
1715	0.0578893
1715.56	0.182425
1716.11	0.0371125
1716.67	0.378465
1717.22	0.0965503
1717.78	0.230638
1718.33	0.166798
1718.89	0.00467352
1719.44	0.159118
1720	0.154083
1720.56	0.3153
1721.11	0.077487
1721.67	0.0605766
1722.22	0.0545506
1722.78	0.152645
1723.33	0.142863
1723.89	0.0360412
1724.44	0.0668427
1725	0.266317
1725.56	0.0223931
1726.11	0.0183531
1726.67	0.0443339
1727.22	0.201818
1727.78	0.091772
1728.33	0.221096
1728.89	0.068523
1729.44	0.0449775
1730	0.132037
1730.56	0.269601
1731.11	0.00638713
1731.67	0.0337574
1732.22	0.153941
1732.78	0.2564
1733.33	0.176332
1733.89	0.250599
1734.44	0.0686895
1735	0.303462
1735.56	0.349338
1736.11	0.236565
1736.67	0.0230247
1737.22	0.0918343
1737.78	0.222152
1738.33	0.131489
1738.89	0.21569
1739.44	0.0222467
1740	0.0782254
1740.56	0.0614605
1741.11	0.236485
1741.67	0.115294
1742.22	0.0585639
1742.78	0.407971
1743.33	0.115574
1743.89	0.0474844
1744.44	0.00505699
1745	0.563702
1745.56	0.269116
1746.11	0.0161684
1746.67	0.147877
1747.22	0.144188
1747.78	0.0596445
1748.33	0.0116171
1748.89	0.423442
1749.44	0.000611732
1750	0.465543
1750.56	0.191979
1751.11	0.0710519
1751.67	0.207484
1752.22	0.2695
1752.78	0.0473543
1753.33	0.318352
1753.89	0.286277
1754.44	0.119805
1755	0.0190301
1755.56	0.212403
1756.11	0.0345513
1756.67	0.186826
1757.22	0.296071
1757.78	0.070706
1758.33	0.0230521
1758.89	0.280947
1759.44	0.181498
1760	0.107424
1760.56	0.230667
1761.11	0.208994
1761.67	0.117764
1762.22	0.0957641
1762.78	0.332869
1763.33	0.0255623
1763.89	0.0917761
1764.44	0.0460751
1765	0.458774
1765.56	0.110453
1766.11	0.365379
1766.67	0.286768
1767.22	0.139718
1767.78	0.00190726
1768.33	0.0528918
1768.89	0.0550195
1769.44	0.351906
1770	0.475589
1770.56	0.1687
1771.11	0.0208669
1771.67	0.0412367
1772.22	0.0766298
1772.78	0.13974
1773.33	0.0794221
1773.89	0.453183
1774.44	0.311147
1775	0.15587
1775.56	0.123675
1776.11	0.346988
1776.67	0.299425
1777.22	0.276785
1777.78	0.248237
1778.33	0.202932
1778.89	0.254051
1779.44	0.226444
1780	0.183556
1780.56	0.104572
1781.11	0.0770195
1781.67	0.546635
1782.22	0.387633
1782.78	0.065201
1783.33	0.185237
1783.89	0.335804
1784.44	0.0916768
1785	0.32949
1785.56	0.145436
1786.11	0.222574
1786.67	0.00194731
1787.22	0.0825963
1787.78	0.069131
1788.33	0.0631098
1788.89	0.294418
1789.44	0.327799
1790	0.849922
1790.56	0.107255
1791.11	0.574902
1791.67	0.0757465
1792.22	0.145029
1792.78	0.019523
1793.33	0.40048
1793.89	0.19003
1794.44	0.420663
1795	0.187101
1795.56	0.120961
1796.11	0.107479
1796.67	0.0415624
1797.22	0.16042
1797.78	0.454674
1798.33	0.0283226
1798.89	0.423564
1799.44	0.4713
1800	0.0775704
1800.56	0.258413
1801.11	0.362411
1801.67	0.204339
1802.22	0.231219
1802.78	0.341886
1803.33	0.205298
1803.89	0.00426174
1804.44	0.0744356
1805	0.329738
1805.56	0.9271
1806.11	0.496287
1806.67	0.375256
1807.22	0.039382
1807.78	0.172158
1808.33	0.287976
1808.89	0.152939
1809.44	0.326016
1810	0.0929804
1810.56	0.0177802
1811.11	0.586802
1811.67	0.250181
1812.22	0.636691
1812.78	0.182083
1813.33	0.0059633
1813.89	0.837662
1814.44	0.431235
1815	0.302593
1815.56	0.211694
1816.11	0.823831
1816.67	0.200857
1817.22	0.461892
1817.78	0.0103377
1818.33	0.155657
1818.89	0.0499935
1819.44	0.184615
1820	0.800667
1820.56	0.468685
1821.11	0.422094
1821.67	0.552177
1822.22	0.27593
1822.78	0.454133
1823.33	0.318856
1823.89	0.064927
1824.44	0.390604
1825	0.246085
1825.56	0.939427
1826.11	0.623092
1826.67	0.686913
1827.22	0.256597
1827.78	0.401163
1828.33	0.121247
1828.89	0.107122
1829.44	0.426667
1830	0.169157
1830.56	0.357261
1831.11	0.0441227
1831.67	0.0395764
1832.22	0.0424276
1832.78	0.140421
1833.33	0.246798
1833.89	0.0254397
1834.44	0.0457532
1835	0.524589
1835.56	0.255435
1836.11	0.926109
1836.67	0.972936
1837.22	0.537136
1837.78	0.367595
1838.33	0.20962
1838.89	0.0139827
1839.44	0.0632626
1840	0.627148
1840.56	0.354697
1841.11	0.0136938
1841.67	0.0363284
1842.22	0.215812
1842.78	0.29873
1843.33	0.468621
1843.89	0.817255
1844.44	0.200793
1845	0.117849
1845.56	0.746534
1846.11	0.172556
1846.67	0.310903
1847.22	0.0875314
1847.78	0.148317
1848.33	0.592304
1848.89	0.210746
1849.44	0.00136704
1850	0.727879
1850.56	0.715931
1851.11	0.147321
1851.67	0.761348
1852.22	0.347521
1852.78	0.32775
1853.33	0.303469
1853.89	1.20649
1854.44	0.288992
1855	0.130972
1855.56	0.282026
1856.11	0.577849
1856.67	0.486567
1857.22	1.03169
1857.78	0.920674
1858.33	1.22718
1858.89	0.61105
1859.44	0.482201
1860	1.13265
1860.56	0.106891
1861.11	0.925216
1861.67	0.258088
1862.22	0.306234
1862.78	0.274531
1863.33	0.0756018
1863.89	0.365147
1864.44	1.03279
1865	0.773012
1865.56	1.16875
1866.11	0.147846
1866.67	1.15745
1867.22	1.63511
1867.78	0.126735
1868.33	0.396354
1868.89	1.33741
1869.44	0.844145
1870	0.11099
1870.56	0.909931
1871.11	0.133201
1871.67	0.486587
1872.22	0.364639
1872.78	0.417301
1873.33	0.340287
1873.89	0.0106572
1874.44	0.925567
1875	1.30465
1875.56	0.365523
1876.11	0.768436
1876.67	0.404883
1877.22	0.222492
1877.78	0.21185
1878.33	1.26419
1878.89	0.228444
1879.44	0.772605
1880	0.943574
1880.56	0.352634
1881.11	0.014444
1881.67	0.788831
1882.22	0.960275
1882.78	0.0191327
1883.33	0.0446407
1883.89	1.89221
1884.44	0.456516
1885	0.496198
1885.56	0.0919313
1886.11	0.657767
1886.67	1.87236
1887.22	0.81804
1887.78	1.05609
1888.33	0.622631
1888.89	0.977399
1889.44	1.54209
1890	1.4241
1890.56	0.18641
1891.11	1.82283
1891.67	0.022154
1892.22	0.120478
1892.78	0.249283
1893.33	0.487335
1893.89	1.55116
1894.44	0.526556
1895	0.665577
1895.56	1.05225
1896.11	1.48304
1896.67	0.175262
1897.22	1.26177
1897.78	1.99739
1898.33	1.38079
1898.89	0.269941
1899.44	0.240786
1900	0.959896
1900.56	1.16953
1901.11	1.80641
1901.67	0.125484
1902.22	0.170116
1902.78	1.05455
1903.33	2.21072
1903.89	0.727632
1904.44	3.50156
1905	0.328312
1905.56	0.182606
1906.11	0.131869
1906.67	0.587033
1907.22	1.50239
1907.78	1.2213
1908.33	2.0052
1908.89	0.939126
1909.44	0.38379
1910	2.36848
1910.56	0.293787
1911.11	0.00183622
1911.67	1.33826
1912.22	0.116663
1912.78	2.85979
1913.33	0.786713
1913.89	1.99253
1914.44	2.45327
1915	0.661674
1915.56	0.280537
1916.11	1.16625
1916.67	0.298512
1917.22	1.8139
1917.78	1.4708
1918.33	1.96378
1918.89	1.23644
1919.44	1.17256
1920	0.607093
1920.56	2.17037
1921.11	1.15407
1921.67	0.329187
1922.22	0.192337
1922.78	0.980459
1923.33	5.34008
1923.89	4.63848
1924.44	0.29464
1925	4.42913
1925.56	7.57003
1926.11	0.0982679
1926.67	0.165094
1927.22	4.81524
1927.78	8.67231
1928.33	2.71221
1928.89	11.4708
1929.44	29.5318
1930	18.502
1930.56	23.2895
1931.11	3.76581
1931.67	6.57143
1932.22	6.58557
1932.78	6.51594
1933.33	1.58919
1933.89	1.35109
1934.44	0.847783
1935	1.77248
1935.56	0.668273
1936.11	1.85717
1936.67	0.947637
1937.22	2.77684
1937.78	0.630933
1938.33	2.38925
1938.89	4.42786
1939.44	0.171176
1940	1.58482
1940.56	0.351531
1941.11	1.29436
1941.67	2.83393
1942.22	1.73681
1942.78	0.324694
1943.33	3.45114
1943.89	1.75053
1944.44	0.804531
1945	1.88589
1945.56	3.89314
1946.11	1.42366
1946.67	1.02216
1947.22	2.05252
1947.78	3.23173
1948.33	0.561519
1948.89	0.365045
1949.44	1.42413
1950	0.671487
1950.56	0.682055
1951.11	1.22865
1951.67	2.59746
1952.22	2.15819
1952.78	1.75718
1953.33	4.42301
1953.89	2.03318
1954.44	1.23579
1955	1.59627
1955.56	0.318255
1956.11	0.274422
1956.67	1.46727
1957.22	0.273234
1957.78	0.459013
1958.33	1.47222
1958.89	0.413867
1959.44	0.198757
1960	1.80842
1960.56	0.245571
1961.11	1.41026
1961.67	3.282
1962.22	1.54602
1962.78	1.19169
1963.33	0.972501
1963.89	0.37263
1964.44	0.680459
1965	0.595626
1965.56	0.446314
1966.11	1.25749
1966.67	0.311872
1967.22	3.60855
1967.78	0.364949
1968.33	2.49775
1968.89	1.69827
1969.44	0.408087
1970	1.35728
1970.56	0.3349
1971.11	1.34484
1971.67	1.68631
1972.22	0.999327
1972.78	1.36326
1973.33	0.477926
1973.89	0.0448397
1974.44	1.02152
1975	1.39297
1975.56	1.10204
1976.11	0.632888
1976.67	1.03451
1977.22	0.996683
1977.78	1.57351
1978.33	0.0860875
1978.89	2.50598
1979.44	1.50542
1980	0.514096
1980.56	0.351474
1981.11	1.76838
1981.67	0.818982
1982.22	0.670183
1982.78	0.813518
1983.33	2.11219
1983.89	1.484
1984.44	0.9122
1985	1.82784
1985.56	1.79165
1986.11	0.328061
1986.67	0.863279
1987.22	1.16068
1987.78	0.423515
1988.33	1.77001
1988.89	2.45224
1989.44	4.06957
1990	2.29578
1990.56	2.19917
1991.11	0.258028
1991.67	1.25993
1992.22	0.746072
1992.78	2.79783
1993.33	1.31113
1993.89	0.409705
1994.44	2.36151
1995	0.752138
1995.56	1.55166
1996.11	0.795901
1996.67	0.553637
1997.22	1.16632
1997.78	0.687353
1998.33	2.88412
1998.89	0.165919
1999.44	2.0021
2000	0.192989
