t	etaU
0	2.84196e-15
0.555556	0.0165384
1.11111	2.30468
1.66667	2.21232
2.22222	2.05275
2.77778	0.662193
3.33333	0.642568
3.88889	0.0238443
4.44444	0.907764
5	1.17734
5.55556	1.21225
6.11111	0.223126
6.66667	0.408527
7.22222	0.0594911
7.77778	0.363677
8.33333	0.0283876
8.88889	1.10849
9.44444	0.845631
10	0.206129
10.5556	0.895005
11.1111	0.95143
11.6667	1.09164
12.2222	0.767919
12.7778	0.400118
13.3333	1.19786
13.8889	0.694211
14.4444	0.986738
15	0.206302
15.5556	0.563409
16.1111	1.28071
16.6667	0.195725
17.2222	0.23688
17.7778	0.751036
18.3333	0.207221
18.8889	0.829733
19.4444	0.976481
20	0.477318
20.5556	0.693151
21.1111	0.83615
21.6667	2.48141
22.2222	0.567525
22.7778	1.1495
23.3333	0.960321
23.8889	0.606019
24.4444	1.08102
25	0.618183
25.5556	0.206447
26.1111	1.25924
26.6667	0.598357
27.2222	0.796672
27.7778	0.635479
28.3333	0.902799
28.8889	0.960643
29.4444	0.920411
30	1.16239
30.5556	1.3762
31.1111	0.830856
31.6667	0.149222
32.2222	0.149004
32.7778	1.69996
33.3333	0.756658
33.8889	0.525178
34.4444	0.55986
35	0.748785
35.5556	0.568229
36.1111	0.0310827
36.6667	1.59728
37.2222	0.148781
37.7778	0.616012
38.3333	0.737239
38.8889	0.493611
39.4444	0.541556
40	1.89141
40.5556	0.51163
41.1111	0.399807
41.6667	0.0751242
42.2222	0.102299
42.7778	1.804
43.3333	0.121778
43.8889	0.889291
44.4444	2.02885
45	0.711014
45.5556	0.241702
46.1111	1.04754
46.6667	0.0243651
47.2222	0.522673
47.7778	0.580813
48.3333	0.110911
48.8889	0.761225
49.4444	0.357966
50	0.102159
50.5556	1.01325
51.1111	0.78783
51.6667	0.994692
52.2222	0.837124
52.7778	0.369448
53.3333	0.28439
53.8889	1.23035
54.4444	0.526389
55	1.99703
55.5556	0.24299
56.1111	1.17843
56.6667	2.00159
57.2222	0.761381
57.7778	0.414857
58.3333	0.236343
58.8889	0.224327
59.4444	1.24793
60	1.00309
60.5556	0.862324
61.1111	0.230416
61.6667	0.138895
62.2222	0.024951
62.7778	1.4265
63.3333	0.178721
63.8889	0.200857
64.4444	1.32567
65	0.254197
65.5556	0.00119037
66.1111	0.412672
66.6667	1.0014
67.2222	0.500646
67.7778	0.440588
68.3333	0.526628
68.8889	0.31716
69.4444	1.23285
70	0.726051
70.5556	1.77325
71.1111	0.122844
71.6667	0.187827
72.2222	1.04585
72.7778	0.406496
73.3333	0.472028
73.8889	0.410511
74.4444	0.853071
75	0.509999
75.5556	0.956835
76.1111	0.268569
76.6667	0.0364666
77.2222	0.813213
77.7778	0.797957
78.3333	0.115662
78.8889	1.55663
79.4444	2.09795
80	0.299247
80.5556	1.4644
81.1111	0.313423
81.6667	0.0959981
82.2222	0.796184
82.7778	0.46259
83.3333	0.575122
83.8889	0.408139
84.4444	1.34662
85	0.274988
85.5556	1.03451
86.1111	0.22505
86.6667	0.473107
87.2222	0.00711905
87.7778	0.599157
88.3333	0.896904
88.8889	0.246298
89.4444	0.384884
90	0.262423
90.5556	0.276253
91.1111	0.519229
91.6667	1.02819
92.2222	0.541653
92.7778	0.130046
93.3333	0.955603
93.8889	0.74341
94.4444	1.14489
95	1.01193
95.5556	1.40166
96.1111	0.0475698
96.6667	0.61061
97.2222	0.164454
97.7778	0.129094
98.3333	0.174885
98.8889	0.327738
99.4444	1.41364
100	0.207541
100.556	0.628278
101.111	0.95827
101.667	1.24725
102.222	0.0891186
102.778	0.593299
103.333	0.245657
103.889	0.120037
104.444	1.22273
105	0.925468
105.556	0.621728
106.111	0.15789
106.667	0.0900943
107.222	0.609851
107.778	1.56594
108.333	0.166253
108.889	0.47736
109.444	0.339661
110	0.131334
110.556	0.302749
111.111	1.31151
111.667	0.646011
112.222	0.997536
112.778	0.228628
113.333	0.610228
113.889	0.828194
114.444	0.240463
115	1.75834
115.556	0.100564
116.111	0.83545
116.667	0.394787
117.222	0.248337
117.778	1.38606
118.333	0.496988
118.889	1.2809
119.444	0.377603
120	0.723436
120.556	0.532896
121.111	0.551805
121.667	0.418404
122.222	0.220616
122.778	0.926346
123.333	0.0951331
123.889	0.00671956
124.444	0.281986
125	0.0802502
125.556	0.306909
126.111	0.958768
126.667	0.314256
127.222	0.386104
127.778	0.168161
128.333	0.46952
128.889	0.152307
129.444	0.409145
130	0.229656
130.556	1.19459
131.111	0.141407
131.667	2.55639
132.222	1.36146
132.778	0.220802
133.333	0.457195
133.889	0.240468
134.444	0.39525
135	0.12337
135.556	0.346695
136.111	0.793034
136.667	0.671467
137.222	0.781885
137.778	0.0850668
138.333	0.878215
138.889	0.627436
139.444	0.424935
140	0.560397
140.556	0.966765
141.111	1.1719
141.667	0.199244
142.222	1.70905
142.778	0.36645
143.333	0.806606
143.889	1.34518
144.444	0.436117
145	0.0159258
145.556	0.23337
146.111	1.20505
146.667	0.237898
147.222	0.466846
147.778	0.171223
148.333	0.112097
148.889	1.06907
149.444	0.363261
150	0.177597
150.556	0.0791476
151.111	0.634939
151.667	1.89513
152.222	0.0774845
152.778	0.689391
153.333	0.618652
153.889	0.0620219
154.444	0.745529
155	0.437174
155.556	0.903055
156.111	0.309329
156.667	0.945107
157.222	0.205483
157.778	1.19151
158.333	0.379355
158.889	1.17634
159.444	0.790944
160	0.675344
160.556	0.521071
161.111	0.813368
161.667	0.375212
162.222	1.53274
162.778	0.494715
163.333	0.507104
163.889	0.702254
164.444	0.395303
165	0.461173
165.556	0.0795177
166.111	0.386657
166.667	0.192884
167.222	0.0248431
167.778	1.3191
168.333	0.158462
168.889	0.0204951
169.444	0.183913
170	0.616592
170.556	0.0267997
171.111	1.02581
171.667	0.473164
172.222	0.749085
172.778	0.722839
173.333	0.296232
173.889	1.03973
174.444	0.282744
175	1.05144
175.556	0.0104089
176.111	0.421543
176.667	1.12064
177.222	0.124504
177.778	1.00033
178.333	0.15341
178.889	0.549382
179.444	0.157432
180	0.486647
180.556	0.185013
181.111	1.20359
181.667	0.793458
182.222	1.60812
182.778	0.928785
183.333	0.0652436
183.889	0.103602
184.444	0.924206
185	0.665464
185.556	0.17019
186.111	0.129955
186.667	0.163508
187.222	0.575235
187.778	0.386903
188.333	0.224487
188.889	0.0163369
189.444	0.380692
190	1.22323
190.556	0.549467
191.111	0.0811947
191.667	0.0979814
192.222	0.572784
192.778	0.760156
193.333	0.274716
193.889	0.855461
194.444	1.03812
195	0.440743
195.556	0.669342
196.111	0.238101
196.667	0.318911
197.222	0.613975
197.778	0.0909012
198.333	0.763189
198.889	0.461627
199.444	1.07146
200	0.877558
200.556	0.335828
201.111	0.276599
201.667	0.552295
202.222	0.072978
202.778	0.0871585
203.333	0.348873
203.889	0.327718
204.444	0.711597
205	0.121422
205.556	0.689744
206.111	0.830835
206.667	0.356568
207.222	0.0299159
207.778	0.425866
208.333	0.115629
208.889	0.101207
209.444	0.673568
210	0.40965
210.556	0.880828
211.111	0.742101
211.667	1.17648
212.222	0.150331
212.778	0.532831
213.333	0.294962
213.889	0.440042
214.444	0.262858
215	0.061973
215.556	0.483824
216.111	0.566446
216.667	0.0130003
217.222	0.712232
217.778	0.0435661
218.333	0.281766
218.889	1.14986
219.444	0.573372
220	0.549642
220.556	0.236429
221.111	0.076857
221.667	0.226925
222.222	0.247638
222.778	0.314427
223.333	0.246281
223.889	0.679366
224.444	0.0106695
225	0.271987
225.556	0.0525384
226.111	0.112414
226.667	0.463362
227.222	0.00882316
227.778	0.205972
228.333	0.200943
228.889	0.48778
229.444	0.0700759
230	0.279188
230.556	0.341994
231.111	0.522678
231.667	0.31447
232.222	0.0147196
232.778	0.36005
233.333	0.144877
233.889	0.0924985
234.444	0.0181199
235	0.354347
235.556	0.456801
236.111	0.206612
236.667	0.107116
237.222	0.102776
237.778	0.0678902
238.333	0.367202
238.889	0.0420579
239.444	0.149179
240	0.182008
240.556	0.219205
241.111	0.361151
241.667	0.415351
242.222	0.026797
242.778	0.513218
243.333	0.238726
243.889	0.126715
244.444	0.0970753
245	0.6402
245.556	0.171525
246.111	0.282573
246.667	0.291033
247.222	0.509383
247.778	0.188739
248.333	0.263334
248.889	0.177232
249.444	0.439235
250	0.428652
250.556	0.305453
251.111	0.308877
251.667	0.0325008
252.222	0.600595
252.778	0.17339
253.333	0.0832895
253.889	0.182303
254.444	0.123784
255	0.773948
255.556	0.315619
256.111	0.0111932
256.667	0.416729
257.222	0.0688844
257.778	0.170593
258.333	0.236988
258.889	0.025614
259.444	0.0647646
260	0.00342488
260.556	0.328512
261.111	0.00456288
261.667	0.116586
262.222	0.209171
262.778	0.0224159
263.333	0.19502
263.889	0.00655949
264.444	0.0678318
265	0.306525
265.556	0.074502
266.111	0.627929
266.667	0.119992
267.222	0.314623
267.778	0.144734
268.333	0.105113
268.889	0.182725
269.444	0.232395
270	0.0657645
270.556	0.0292984
271.111	0.259602
271.667	0.103917
272.222	0.196719
272.778	0.129627
273.333	0.269812
273.889	0.392811
274.444	0.0981982
275	0.0618683
275.556	0.0375459
276.111	0.131028
276.667	0.289832
277.222	0.535741
277.778	0.0611667
278.333	0.0981082
278.889	0.0964972
279.444	0.154814
280	0.207171
280.556	0.302982
281.111	0.0379645
281.667	0.149045
282.222	0.0866541
282.778	0.180122
283.333	0.0860533
283.889	0.266585
284.444	0.00372798
285	0.36298
285.556	0.324632
286.111	0.123586
286.667	0.0956191
287.222	0.159355
287.778	0.0191478
288.333	0.150624
288.889	0.281494
289.444	0.0790426
290	0.331327
290.556	0.0712024
291.111	0.218405
291.667	0.0961268
292.222	0.11896
292.778	0.0526246
293.333	0.22721
293.889	0.363226
294.444	0.122592
295	0.0639779
295.556	0.150316
296.111	0.0221733
296.667	0.252648
297.222	0.0773866
297.778	0.0680851
298.333	0.0291267
298.889	0.141428
299.444	0.110081
300	0.0635861
300.556	0.0191813
301.111	0.284793
301.667	0.242593
302.222	0.046005
302.778	0.204803
303.333	0.243599
303.889	0.0436042
304.444	0.179691
305	0.234249
305.556	0.0715687
306.111	0.0408555
306.667	0.0459213
307.222	0.0612763
307.778	0.181249
308.333	0.0745015
308.889	0.0114966
309.444	0.0593392
310	0.099059
310.556	0.0373653
311.111	0.105763
311.667	0.0142775
312.222	0.17067
312.778	0.184143
313.333	0.0805473
313.889	0.138107
314.444	0.206944
315	0.109783
315.556	0.0021883
316.111	0.0527758
316.667	0.085707
317.222	0.0575498
317.778	0.207305
318.333	0.162506
318.889	0.162036
319.444	0.0231702
320	0.130145
320.556	0.208417
321.111	0.0015101
321.667	0.000527272
322.222	0.186825
322.778	0.0929913
323.333	0.00255991
323.889	0.0936998
324.444	0.18951
325	0.0537181
325.556	0.0452669
326.111	0.194206
326.667	0.194904
327.222	0.0353117
327.778	0.0652526
328.333	0.136344
328.889	0.0148686
329.444	0.283699
330	0.170013
330.556	0.125371
331.111	0.044447
331.667	0.0187404
332.222	0.174735
332.778	0.0182175
333.333	0.168432
333.889	0.114976
334.444	0.140901
335	0.0926348
335.556	0.150681
336.111	0.14464
336.667	0.136107
337.222	0.0266383
337.778	0.113257
338.333	0.0114572
338.889	0.063384
339.444	0.1347
340	0.0460688
340.556	0.0691992
341.111	0.0808664
341.667	0.152745
342.222	0.1686
342.778	0.0297491
343.333	0.0399644
343.889	0.0857546
344.444	0.0426777
345	0.0710572
345.556	0.126712
346.111	0.067369
346.667	0.188328
347.222	0.0435861
347.778	0.153741
348.333	0.0721806
348.889	0.149994
349.444	0.00243016
350	0.101223
350.556	0.0522077
351.111	0.0219894
351.667	0.205206
352.222	0.122478
352.778	0.0260334
353.333	0.0191531
353.889	0.0524468
354.444	0.111254
355	0.0535318
355.556	0.131129
356.111	0.00118593
356.667	0.00191845
357.222	0.172978
357.778	0.19506
358.333	0.122227
358.889	0.040366
359.444	0.00457165
360	0.00373602
360.556	0.111931
361.111	0.0537956
361.667	0.0365462
362.222	0.0288106
362.778	0.0931797
363.333	0.174427
363.889	0.0927821
364.444	0.0678397
365	0.177954
365.556	0.104641
366.111	0.067996
366.667	0.0208807
367.222	0.0495049
367.778	0.084348
368.333	0.0905103
368.889	0.128281
369.444	0.0677003
370	0.0791846
370.556	0.0486667
371.111	0.0643978
371.667	0.0803775
372.222	0.0476612
372.778	0.106568
373.333	0.0943845
373.889	0.168575
374.444	0.00908169
375	0.0217961
375.556	0.0413846
376.111	0.0131287
376.667	0.00648201
377.222	0.102765
377.778	0.0732343
378.333	0.0954981
378.889	0.0567605
379.444	0.032549
380	0.0828582
380.556	0.0330312
381.111	0.131814
381.667	0.16407
382.222	0.141007
382.778	0.0496134
383.333	0.0328069
383.889	0.0553576
384.444	0.0133266
385	0.0484766
385.556	0.082868
386.111	0.128337
386.667	0.0363375
387.222	0.0134827
387.778	0.0611101
388.333	0.0152821
388.889	0.0533565
389.444	0.0347487
390	0.00304031
390.556	0.0468087
391.111	0.0294023
391.667	0.024035
392.222	0.0195916
392.778	0.115195
393.333	0.0819735
393.889	0.0442796
394.444	0.013725
395	0.0439949
395.556	0.018062
396.111	0.0586746
396.667	0.0740247
397.222	0.000564831
397.778	0.19996
398.333	0.0565069
398.889	0.0093466
399.444	0.00564941
400	0.0486207
400.556	0.0508554
401.111	0.00826295
401.667	0.0981825
402.222	0.00534667
402.778	0.0817484
403.333	0.0479856
403.889	0.00592862
404.444	0.00921021
405	0.0422528
405.556	0.0859206
406.111	0.0604764
406.667	0.000479692
407.222	0.0349029
407.778	0.106838
408.333	0.0775126
408.889	0.0716456
409.444	0.0393256
410	0.089503
410.556	0.0438743
411.111	0.0552389
411.667	0.00856497
412.222	0.0361105
412.778	0.060777
413.333	0.0908849
413.889	0.0410196
414.444	0.0582317
415	0.0142216
415.556	0.107472
416.111	0.0225223
416.667	0.00394148
417.222	0.1234
417.778	0.0429653
418.333	0.0332739
418.889	0.0497932
419.444	0.0304721
420	0.0266191
420.556	0.00198572
421.111	0.0386993
421.667	0.103706
422.222	0.105301
422.778	0.0523228
423.333	0.0107392
423.889	0.0388444
424.444	0.0223116
425	0.0644077
425.556	0.0686154
426.111	0.0184927
426.667	0.0269591
427.222	0.0776923
427.778	0.0103637
428.333	0.009025
428.889	0.011482
429.444	0.0073722
430	0.0500844
430.556	0.0110619
431.111	0.0925387
431.667	0.00482488
432.222	0.0412018
432.778	0.0259186
433.333	0.0570968
433.889	0.00546632
434.444	0.0237809
435	0.0615531
435.556	0.0282502
436.111	0.0129298
436.667	0.0631649
437.222	0.0761957
437.778	0.0471206
438.333	0.068348
438.889	0.0186312
439.444	0.000677334
440	0.0547968
440.556	0.0356532
441.111	0.0564895
441.667	0.0206251
442.222	0.123787
442.778	0.00152527
443.333	0.00349574
443.889	0.042673
444.444	0.0643112
445	0.0832513
445.556	0.0179099
446.111	0.0427362
446.667	0.06296
447.222	0.0351944
447.778	0.0654714
448.333	0.0349445
448.889	0.0168435
449.444	0.133609
450	0.0376177
450.556	0.0366832
451.111	0.0103476
451.667	0.00378649
452.222	0.00102441
452.778	0.00555613
453.333	0.00704693
453.889	0.0571622
454.444	0.0396698
455	0.0865626
455.556	0.0280634
456.111	0.00606185
456.667	0.0635701
457.222	0.0433585
457.778	0.0309968
458.333	0.0111296
458.889	0.0573273
459.444	0.0774553
460	0.0330122
460.556	0.0337147
461.111	0.0431694
461.667	0.0167778
462.222	0.0702403
462.778	0.0286908
463.333	0.0582678
463.889	0.0428487
464.444	0.0256489
465	0.00103815
465.556	0.00419055
466.111	0.0523316
466.667	0.0526466
467.222	0.0380821
467.778	0.0300317
468.333	0.0372704
468.889	0.000902376
469.444	0.0935279
470	0.0242863
470.556	0.0676849
471.111	0.0107514
471.667	0.00252264
472.222	0.0109299
472.778	0.00789783
473.333	0.0528936
473.889	0.0355356
474.444	0.141578
475	0.0156369
475.556	0.00457201
476.111	0.00833416
476.667	0.017387
477.222	0.0214432
477.778	0.0142865
478.333	0.0154222
478.889	0.0432863
479.444	0.0984626
480	0.014744
480.556	0.000494605
481.111	0.0433172
481.667	0.0836648
482.222	0.0237515
482.778	0.0886089
483.333	0.0461558
483.889	0.0283073
484.444	0.0111879
485	0.0522642
485.556	0.0572627
486.111	0.018409
486.667	0.0800642
487.222	0.0928551
487.778	0.0253378
488.333	0.000697724
488.889	0.0493457
489.444	0.0023554
490	0.0370926
490.556	0.0377862
491.111	0.0210745
491.667	0.00842242
492.222	0.0284656
492.778	0.0192638
493.333	0.00351525
493.889	0.0908406
494.444	0.0467181
495	0.039488
495.556	0.0251844
496.111	0.0210106
496.667	0.0113296
497.222	0.0247206
497.778	0.0179432
498.333	0.0715145
498.889	0.0782875
499.444	0.0559842
500	0.0162056
500.556	0.0330387
501.111	0.00782253
501.667	0.0020988
502.222	0.0508592
502.778	0.0745136
503.333	0.0451578
503.889	0.0322601
504.444	0.0333453
505	0.0142464
505.556	0.0106966
506.111	0.0579245
506.667	0.0778002
507.222	0.0491492
507.778	0.0259262
508.333	0.0059726
508.889	0.0332482
509.444	0.0452593
510	0.0162867
510.556	0.0719452
511.111	0.0103029
511.667	0.0295566
512.222	0.0173782
512.778	0.0284945
513.333	0.0396865
513.889	0.03715
514.444	0.0683065
515	0.0318709
515.556	0.00827453
516.111	0.0291713
516.667	0.0130986
517.222	0.0350458
517.778	0.0634332
518.333	0.0185622
518.889	0.0502496
519.444	0.0185566
520	0.0433104
520.556	0.0321108
521.111	0.0207916
521.667	0.0389343
522.222	0.0340203
522.778	0.0387611
523.333	0.0297475
523.889	0.0284984
524.444	0.03131
525	0.00912863
525.556	0.0176586
526.111	0.0471269
526.667	0.0441577
527.222	0.0891884
527.778	0.0201858
528.333	0.00392566
528.889	0.00304549
529.444	0.00642139
530	0.0484931
530.556	0.0359839
531.111	0.0679852
531.667	0.0364609
532.222	0.0371631
532.778	0.0327803
533.333	0.0232736
533.889	0.0110812
534.444	0.0334084
535	0.0138302
535.556	0.0503907
536.111	0.0418949
536.667	0.019634
537.222	0.0104347
537.778	0.0187927
538.333	0.0851487
538.889	0.0266902
539.444	0.036658
540	0.0303447
540.556	0.0167096
541.111	0.0188766
541.667	0.0094051
542.222	0.0530938
542.778	0.0291397
543.333	0.0455018
543.889	0.0453758
544.444	0.00957379
545	0.0393479
545.556	0.0268615
546.111	0.0133992
546.667	0.0559979
547.222	0.0161608
547.778	0.033218
548.333	0.00765232
548.889	0.0132018
549.444	0.0061504
550	0.00355499
550.556	0.0110427
551.111	0.0964176
551.667	0.0316086
552.222	0.0507007
552.778	0.0039271
553.333	0.0187306
553.889	0.0028238
554.444	0.0231182
555	0.01786
555.556	0.00482183
556.111	0.0737448
556.667	0.0410232
557.222	0.0197464
557.778	0.0499121
558.333	0.0592044
558.889	0.00697469
559.444	0.0658557
560	0.010813
560.556	0.00861312
561.111	0.00824914
561.667	0.0356073
562.222	0.00975324
562.778	0.014439
563.333	0.0645385
563.889	0.0442331
564.444	0.0669409
565	0.0127446
565.556	0.015038
566.111	0.013645
566.667	0.0632621
567.222	0.00365423
567.778	0.0212867
568.333	0.0454476
568.889	0.0267184
569.444	0.00238837
570	0.0138707
570.556	0.0662848
571.111	0.011813
571.667	0.0629755
572.222	0.00633223
572.778	0.0199335
573.333	0.0126534
573.889	0.000386574
574.444	0.000566821
575	0.0227949
575.556	0.0588259
576.111	0.035619
576.667	0.019302
577.222	0.0536163
577.778	0.0385476
578.333	0.000224138
578.889	0.0273342
579.444	0.0171327
580	0.0419569
580.556	0.00181902
581.111	0.0284341
581.667	0.00715224
582.222	0.0185841
582.778	0.0371309
583.333	0.062838
583.889	0.0308087
584.444	0.0365676
585	0.0241176
585.556	0.0010425
586.111	0.00113087
586.667	0.0102328
587.222	0.00863499
587.778	0.00472035
588.333	0.0792701
588.889	0.0231957
589.444	0.0315246
590	0.0193936
590.556	0.031306
591.111	0.00526943
591.667	0.0636116
592.222	0.0191496
592.778	0.0102112
593.333	0.0317405
593.889	0.0207112
594.444	0.00884127
595	0.0228133
595.556	0.0750934
596.111	0.0204538
596.667	0.0533343
597.222	0.011341
597.778	0.00977172
598.333	0.0057727
598.889	0.0391934
599.444	0.0451138
600	0.0126217
600.556	0.031051
601.111	0.0226122
601.667	0.0335573
602.222	0.0218382
602.778	0.0492016
603.333	0.0124304
603.889	0.0512105
604.444	0.00741037
605	0.0153213
605.556	0.0026883
606.111	0.0193578
606.667	0.00269039
607.222	0.0125038
607.778	0.0367225
608.333	0.029719
608.889	0.0422362
609.444	0.0336504
610	0.0127537
610.556	0.00595737
611.111	0.0340492
611.667	0.0180696
612.222	0.0630626
612.778	0.0352247
613.333	0.0419495
613.889	0.0195017
614.444	0.0349983
615	0.048019
615.556	0.0523004
616.111	0.0680556
616.667	0.045136
617.222	0.0239734
617.778	0.022277
618.333	0.00805304
618.889	0.012663
619.444	0.0487446
620	0.0420862
620.556	0.0613214
621.111	0.0267894
621.667	0.0248907
622.222	0.00054569
622.778	0.0279258
623.333	0.046995
623.889	0.0275605
624.444	0.0312571
625	0.00695289
625.556	0.0363677
626.111	0.00732677
626.667	0.00661848
627.222	0.034265
627.778	0.0538463
628.333	0.0408551
628.889	0.0423145
629.444	0.00525225
630	0.00169081
630.556	0.0077047
631.111	0.0111265
631.667	0.0158103
632.222	0.00715663
632.778	0.0428065
633.333	0.00512947
633.889	0.0378876
634.444	0.0246944
635	0.0127257
635.556	0.00891565
636.111	0.0625618
636.667	0.0024218
637.222	0.0285183
637.778	0.0174985
638.333	0.0138575
638.889	0.00452945
639.444	0.00631044
640	0.0537286
640.556	0.0173277
641.111	0.0726523
641.667	0.0200237
642.222	0.0034326
642.778	0.0113657
643.333	0.0466228
643.889	0.0176743
644.444	0.0410547
645	0.0332389
645.556	0.0177003
646.111	0.0351973
646.667	0.00690491
647.222	0.0370503
647.778	0.0147592
648.333	0.0629009
648.889	0.0120026
649.444	0.0397238
650	0.0228627
650.556	0.0228896
651.111	0.000629652
651.667	0.0114577
652.222	0.051648
652.778	0.0313851
653.333	0.0558057
653.889	0.025568
654.444	0.00748729
655	0.00260268
655.556	0.0383477
656.111	0.00721339
656.667	0.0506353
657.222	0.00762745
657.778	0.0205529
658.333	0.00726161
658.889	0.0073024
659.444	0.0388131
660	0.0297922
660.556	0.0507951
661.111	0.0330738
661.667	0.0115444
662.222	0.0143899
662.778	0.00313477
663.333	0.0143421
663.889	0.0181535
664.444	0.0239437
665	0.0594188
665.556	0.0168146
666.111	0.0434015
666.667	0.000330661
667.222	0.011374
667.778	0.0204287
668.333	0.0336816
668.889	0.024378
669.444	0.017272
670	0.0329133
670.556	0.0147655
671.111	0.00821199
671.667	0.0052938
672.222	0.0441527
672.778	0.0137407
673.333	0.0699827
673.889	0.0148375
674.444	0.0135158
675	0.0150572
675.556	0.026216
676.111	0.0148322
676.667	0.0233012
677.222	0.0590374
677.778	0.00196479
678.333	0.0348461
678.889	0.012191
679.444	0.0285149
680	0.00959496
680.556	0.0623923
681.111	0.0132149
681.667	0.0215956
682.222	0.0154094
682.778	0.00420927
683.333	0.00392751
683.889	0.00568984
684.444	0.0478299
685	0.00447524
685.556	0.0523201
686.111	0.0187085
686.667	0.00418871
687.222	0.00126117
687.778	0.0414486
688.333	0.00957818
688.889	0.0269463
689.444	0.0301283
690	0.0294829
690.556	0.0196983
691.111	0.0225902
691.667	0.0152098
692.222	0.00622478
692.778	0.0461076
693.333	0.0210552
693.889	0.0282996
694.444	0.00567036
695	0.000785169
695.556	0.000828898
696.111	0.0135295
696.667	0.011422
697.222	0.0334998
697.778	0.0328147
698.333	0.0415328
698.889	0.00347102
699.444	0.0101734
700	0.0199425
700.556	0.0329436
701.111	0.042855
701.667	0.00692417
702.222	0.036711
702.778	0.0200678
703.333	0.019583
703.889	0.00859183
704.444	0.0387762
705	0.0417996
705.556	0.0600955
706.111	0.0307015
706.667	0.00844513
707.222	0.00802303
707.778	0.0298656
708.333	0.02962
708.889	0.00237856
709.444	0.0447884
710	0.00934341
710.556	0.0416122
711.111	0.00382468
711.667	0.0156146
712.222	0.0244636
712.778	0.0370167
713.333	0.0256253
713.889	0.0149188
714.444	0.0203308
715	0.01087
715.556	0.00464002
716.111	0.010472
716.667	0.0317218
717.222	0.00595875
717.778	0.0410032
718.333	0.00162608
718.889	0.0229253
719.444	0.0159108
720	0.0123761
720.556	0.00328328
721.111	0.023676
721.667	0.025226
722.222	0.00676774
722.778	0.0299107
723.333	0.0209187
723.889	0.00136495
724.444	0.00389771
725	0.0478864
725.556	0.0165502
726.111	0.0387994
726.667	0.00111775
727.222	0.0194324
727.778	0.0249398
728.333	0.0119281
728.889	0.0186264
729.444	0.0280643
730	0.0500612
730.556	0.027164
731.111	0.033271
731.667	0.00897269
732.222	0.0349047
732.778	0.016383
733.333	0.0400808
733.889	0.00538589
734.444	0.0380805
735	0.0377189
735.556	0.00774138
736.111	0.0112185
736.667	0.0157871
737.222	0.0465344
737.778	0.0350752
738.333	0.0344955
738.889	0.00103771
739.444	0.00107834
740	0.00769378
740.556	0.0176592
741.111	0.0143858
741.667	0.0350578
742.222	0.0364895
742.778	0.0350815
743.333	0.00159557
743.889	0.00915997
744.444	0.0209103
745	0.0244051
745.556	0.0280516
746.111	0.0151976
746.667	0.0190116
747.222	0.00355903
747.778	0.0199474
748.333	0.00548469
748.889	0.020942
749.444	0.0147973
750	0.0476869
750.556	0.000455984
751.111	0.030307
751.667	0.010489
752.222	0.01458
752.778	0.00127925
753.333	0.0185807
753.889	0.0259564
754.444	0.0110155
755	0.0522459
755.556	0.00342042
756.111	0.00383634
756.667	0.000938277
757.222	0.0453678
757.778	0.00122776
758.333	0.0445993
758.889	0.0300381
759.444	0.00101065
760	0.0245578
760.556	0.0107289
761.111	0.0199237
761.667	0.0132446
762.222	0.0644892
762.778	0.00357365
763.333	0.0213838
763.889	0.00372438
764.444	0.0260345
765	0.000266806
765.556	0.040224
766.111	0.0264077
766.667	0.0131249
767.222	0.0303931
767.778	0.00864514
768.333	7.96713e-05
768.889	0.00616516
769.444	0.0465677
770	0.00814189
770.556	0.0311237
771.111	0.001618
771.667	0.00689595
772.222	0.00898811
772.778	0.00979937
773.333	0.0175671
773.889	0.0159446
774.444	0.0349282
775	0.0324339
775.556	0.0193483
776.111	0.0103005
776.667	0.0144478
777.222	0.0152703
777.778	0.0280177
778.333	0.0122241
778.889	0.0345819
779.444	0.0180137
780	0.0191365
780.556	0.00235949
781.111	0.00750422
781.667	0.0175953
782.222	0.0427161
782.778	0.0319418
783.333	0.0217707
783.889	0.0159197
784.444	0.0150633
785	0.00301985
785.556	0.0190814
786.111	0.0445295
786.667	0.0146875
787.222	0.0466864
787.778	0.0143616
788.333	0.00746622
788.889	0.00539803
789.444	0.0405093
790	0.0261007
790.556	0.0267787
791.111	0.0312264
791.667	0.00563017
792.222	0.0236515
792.778	0.0156971
793.333	0.0261502
793.889	0.00882909
794.444	0.045457
795	0.0106246
795.556	0.0275992
796.111	0.0121636
796.667	0.0182418
797.222	0.0105771
797.778	0.0155899
798.333	0.0249301
798.889	0.0051476
799.444	0.0333332
800	0.000650547
800.556	0.00201977
801.111	0.00573871
801.667	0.0348863
802.222	0.00173362
802.778	0.0353354
803.333	0.0110443
803.889	0.00729662
804.444	0.00967855
805	0.00164021
805.556	0.00394504
806.111	0.0145789
806.667	0.0420448
807.222	0.0170714
807.778	0.0288857
808.333	0.0088894
808.889	0.00212944
809.444	0.0175646
810	0.0328191
810.556	0.00190158
811.111	0.032863
811.667	0.0271489
812.222	0.0181781
812.778	0.018659
813.333	0.0122345
813.889	0.0283948
814.444	0.0286254
815	0.0396268
815.556	0.0141942
816.111	0.0262123
816.667	0.0247084
817.222	0.0159291
817.778	0.00229385
818.333	0.030548
818.889	0.0284067
819.444	0.0356328
820	0.0363582
820.556	0.000791071
821.111	0.00868702
821.667	0.0238234
822.222	0.0308408
822.778	0.0110142
823.333	0.0298446
823.889	0.0222926
824.444	0.0129613
825	0.00563023
825.556	0.0120031
826.111	0.0200437
826.667	0.0330853
827.222	0.0285221
827.778	0.016609
828.333	0.00354853
828.889	0.00810073
829.444	0.000664679
830	0.0176158
830.556	0.024901
831.111	0.00714065
831.667	0.0326279
832.222	0.000187491
832.778	0.016541
833.333	0.00477117
833.889	0.0197729
834.444	0.00570398
835	0.0273883
835.556	0.0102116
836.111	0.011052
836.667	0.0229585
837.222	0.0101731
837.778	0.003898
838.333	0.00945235
838.889	0.0349877
839.444	0.0117601
840	0.0430664
840.556	0.0121672
841.111	0.00380999
841.667	0.0116089
842.222	0.0256891
842.778	0.00853905
843.333	0.0259039
843.889	0.0435999
844.444	0.00318237
845	0.0165007
845.556	0.0116589
846.111	0.0303904
846.667	0.0151186
847.222	0.049351
847.778	0.0100832
848.333	0.015536
848.889	0.0209186
849.444	0.00815139
850	0.00250496
850.556	0.0252792
851.111	0.0398008
851.667	0.0107322
852.222	0.0247654
852.778	0.000934926
853.333	0.00470197
853.889	0.0165738
854.444	0.0318749
855	0.00223372
855.556	0.0208095
856.111	0.0199967
856.667	0.0138899
857.222	0.0127486
857.778	0.00433398
858.333	0.0180125
858.889	0.017676
859.444	0.0212527
860	0.0191831
860.556	0.0138528
861.111	0.00779396
861.667	0.00169236
862.222	0.00840971
862.778	0.0128045
863.333	0.00259101
863.889	0.0382148
864.444	0.0177406
865	0.018884
865.556	0.00373866
866.111	0.0126669
866.667	0.00574772
867.222	0.0335205
867.778	0.0257491
868.333	0.00312405
868.889	0.0293707
869.444	0.0120324
870	0.000799454
870.556	0.00601268
871.111	0.0462637
871.667	0.0125365
872.222	0.0343383
872.778	0.019856
873.333	0.00619653
873.889	0.0163904
874.444	0.0326311
875	0.0219818
875.556	0.00538552
876.111	0.0371095
876.667	0.00552818
877.222	0.0177418
877.778	0.0145007
878.333	0.0303367
878.889	0.00235817
879.444	0.0305479
880	0.0192624
880.556	0.0076279
881.111	0.0276467
881.667	0.0142439
882.222	0.00554268
882.778	0.00788188
883.333	0.0275586
883.889	0.00639413
884.444	0.030156
885	0.00358775
885.556	0.00306079
886.111	0.00458598
886.667	0.0155276
887.222	0.000918896
887.778	0.0211477
888.333	0.0228207
888.889	0.0105112
889.444	0.0145542
890	0.00382741
890.556	0.00459835
891.111	0.0214197
891.667	0.0296978
892.222	0.0107964
892.778	0.0226351
893.333	0.0105269
893.889	0.00994208
894.444	0.0203779
895	0.0212673
895.556	0.0137168
896.111	0.0302736
896.667	0.0274297
897.222	0.0145042
897.778	0.0201721
898.333	0.0258839
898.889	0.0142739
899.444	0.022022
900	0.0282579
900.556	0.00710286
901.111	0.0330213
901.667	0.0303852
902.222	0.00651144
902.778	0.000615674
903.333	0.0316187
903.889	0.0223886
904.444	0.0236798
905	0.0284556
905.556	0.0175129
906.111	0.00278715
906.667	0.0204076
907.222	0.0203061
907.778	0.000804989
908.333	0.0362536
908.889	0.0207499
909.444	0.00815614
910	0.00739336
910.556	0.0167221
911.111	0.00626359
911.667	0.0251786
912.222	0.0221517
912.778	0.000209148
913.333	0.0179321
913.889	0.00901278
914.444	0.00337407
915	0.00751603
915.556	0.0258524
916.111	0.00491213
916.667	0.025061
917.222	0.00724185
917.778	0.0116002
918.333	0.0162356
918.889	0.0172424
919.444	0.000916548
920	0.0169123
920.556	0.0208343
921.111	0.0110846
921.667	0.0321234
922.222	0.00931962
922.778	0.00364718
923.333	0.0160461
923.889	0.0263109
924.444	0.00371997
925	0.0269692
925.556	0.0276007
926.111	0.00199796
926.667	0.0203808
927.222	0.0177401
927.778	0.0132622
928.333	0.027516
928.889	0.0411187
929.444	0.00757299
930	0.013401
930.556	0.0234208
931.111	0.0190877
931.667	0.0135279
932.222	0.0343706
932.778	0.0273044
933.333	0.0130852
933.889	0.0255243
934.444	0.00918066
935	0.000701229
935.556	0.0273396
936.111	0.0292713
936.667	0.00587862
937.222	0.0229563
937.778	0.015623
938.333	0.00424727
938.889	0.0207391
939.444	0.0196746
940	0.0125641
940.556	0.0172529
941.111	0.0173323
941.667	0.0116951
942.222	0.0138502
942.778	0.0134866
943.333	0.0053015
943.889	0.0131844
944.444	0.0131911
945	0.00244427
945.556	0.0229439
946.111	0.0145626
946.667	0.00564001
947.222	0.00703428
947.778	0.0136989
948.333	0.00104703
948.889	0.0270421
949.444	0.0190223
950	0.00115759
950.556	0.0197368
951.111	0.0171793
951.667	0.0038188
952.222	0.0209139
952.778	0.0348831
953.333	0.00686419
953.889	0.0275247
954.444	0.0179908
955	0.00599198
955.556	0.018999
956.111	0.0368604
956.667	0.0139805
957.222	0.0170314
957.778	0.0312982
958.333	0.00899516
958.889	0.0190299
959.444	0.0267437
960	0.0275317
960.556	0.00710851
961.111	0.0312929
961.667	0.0146274
962.222	0.0103007
962.778	0.0271669
963.333	0.0240326
963.889	0.000415178
964.444	0.0164255
965	0.0234885
965.556	0.00370532
966.111	0.0256553
966.667	0.0141194
967.222	0.0082905
967.778	0.0120357
968.333	0.0199756
968.889	0.000581066
969.444	0.0184143
970	0.0209672
970.556	2.19461e-05
971.111	0.0114972
971.667	0.0099741
972.222	0.00195488
972.778	0.017915
973.333	0.0198192
973.889	0.00219876
974.444	0.0136032
975	0.0110457
975.556	0.00349408
976.111	0.0203572
976.667	0.0198913
977.222	0.00642431
977.778	0.02193
978.333	0.0194256
978.889	0.00901148
979.444	0.0200286
980	0.0247394
980.556	0.00753463
981.111	0.0226803
981.667	0.0236226
982.222	0.00255406
982.778	0.0264868
983.333	0.0314293
983.889	0.00503557
984.444	0.0108236
985	0.0310377
985.556	0.0145684
986.111	0.0228988
986.667	0.0312745
987.222	0.0185857
987.778	0.00744149
988.333	0.0260296
988.889	0.0144303
989.444	0.00660901
990	0.0334079
990.556	0.0237098
991.111	0.00509832
991.667	0.0167696
992.222	0.0205763
992.778	0.0012646
993.333	0.0249796
993.889	0.0231024
994.444	0.00461959
995	0.015418
995.556	0.0159878
996.111	0.00223929
996.667	0.0136965
997.222	0.02374
997.778	0.00574362
998.333	0.0165101
998.889	0.0102672
999.444	0.000162732
1000	0.0182592
1000.56	0.0182592
1001.11	0.000162732
1001.67	0.0102672
1002.22	0.0165101
1002.78	0.00574362
1003.33	0.02374
1003.89	0.0136965
1004.44	0.00223929
1005	0.0159878
1005.56	0.015418
1006.11	0.00461959
1006.67	0.0231024
1007.22	0.0249796
1007.78	0.0012646
1008.33	0.0205763
1008.89	0.0167696
1009.44	0.00509832
1010	0.0237098
1010.56	0.0334079
1011.11	0.00660901
1011.67	0.0144303
1012.22	0.0260296
1012.78	0.00744149
1013.33	0.0185857
1013.89	0.0312745
1014.44	0.0228988
1015	0.0145684
1015.56	0.0310377
1016.11	0.0108236
1016.67	0.00503557
1017.22	0.0314293
1017.78	0.0264868
1018.33	0.00255406
1018.89	0.0236226
1019.44	0.0226803
1020	0.00753463
1020.56	0.0247394
1021.11	0.0200286
1021.67	0.00901148
1022.22	0.0194256
1022.78	0.02193
1023.33	0.00642431
1023.89	0.0198913
1024.44	0.0203572
1025	0.00349408
1025.56	0.0110457
1026.11	0.0136032
1026.67	0.00219876
1027.22	0.0198192
1027.78	0.017915
1028.33	0.00195488
1028.89	0.0099741
1029.44	0.0114972
1030	2.19461e-05
1030.56	0.0209672
1031.11	0.0184143
1031.67	0.000581066
1032.22	0.0199756
1032.78	0.0120357
1033.33	0.0082905
1033.89	0.0141194
1034.44	0.0256553
1035	0.00370532
1035.56	0.0234885
1036.11	0.0164255
1036.67	0.000415178
1037.22	0.0240326
1037.78	0.0271669
1038.33	0.0103007
1038.89	0.0146274
1039.44	0.0312929
1040	0.00710851
1040.56	0.0275317
1041.11	0.0267437
1041.67	0.0190299
1042.22	0.00899516
1042.78	0.0312982
1043.33	0.0170314
1043.89	0.0139805
1044.44	0.0368604
1045	0.018999
1045.56	0.00599198
1046.11	0.0179908
1046.67	0.0275247
1047.22	0.00686419
1047.78	0.0348831
1048.33	0.0209139
1048.89	0.0038188
1049.44	0.0171793
1050	0.0197368
1050.56	0.00115759
1051.11	0.0190223
1051.67	0.0270421
1052.22	0.00104703
1052.78	0.0136989
1053.33	0.00703428
1053.89	0.00564001
1054.44	0.0145626
1055	0.0229439
1055.56	0.00244427
1056.11	0.0131911
1056.67	0.0131844
1057.22	0.0053015
1057.78	0.0134866
1058.33	0.0138502
1058.89	0.0116951
1059.44	0.0173323
1060	0.0172529
1060.56	0.0125641
1061.11	0.0196746
1061.67	0.0207391
1062.22	0.00424727
1062.78	0.015623
1063.33	0.0229563
1063.89	0.00587862
1064.44	0.0292713
1065	0.0273396
1065.56	0.000701229
1066.11	0.00918066
1066.67	0.0255243
1067.22	0.0130852
1067.78	0.0273044
1068.33	0.0343706
1068.89	0.0135279
1069.44	0.0190877
1070	0.0234208
1070.56	0.013401
1071.11	0.00757299
1071.67	0.0411187
1072.22	0.027516
1072.78	0.0132622
1073.33	0.0177401
1073.89	0.0203808
1074.44	0.00199796
1075	0.0276007
1075.56	0.0269692
1076.11	0.00371997
1076.67	0.0263109
1077.22	0.0160461
1077.78	0.00364718
1078.33	0.00931962
1078.89	0.0321234
1079.44	0.0110846
1080	0.0208343
1080.56	0.0169123
1081.11	0.000916548
1081.67	0.0172424
1082.22	0.0162356
1082.78	0.0116002
1083.33	0.00724185
1083.89	0.025061
1084.44	0.00491213
1085	0.0258524
1085.56	0.00751603
1086.11	0.00337407
1086.67	0.00901278
1087.22	0.0179321
1087.78	0.000209148
1088.33	0.0221517
1088.89	0.0251786
1089.44	0.00626359
1090	0.0167221
1090.56	0.00739336
1091.11	0.00815614
1091.67	0.0207499
1092.22	0.0362536
1092.78	0.000804989
1093.33	0.0203061
1093.89	0.0204076
1094.44	0.00278715
1095	0.0175129
1095.56	0.0284556
1096.11	0.0236798
1096.67	0.0223886
1097.22	0.0316187
1097.78	0.000615674
1098.33	0.00651144
1098.89	0.0303852
1099.44	0.0330213
1100	0.00710286
1100.56	0.0282579
1101.11	0.022022
1101.67	0.0142739
1102.22	0.0258839
1102.78	0.0201721
1103.33	0.0145042
1103.89	0.0274297
1104.44	0.0302736
1105	0.0137168
1105.56	0.0212673
1106.11	0.0203779
1106.67	0.00994208
1107.22	0.0105269
1107.78	0.0226351
1108.33	0.0107964
1108.89	0.0296978
1109.44	0.0214197
1110	0.00459835
1110.56	0.00382741
1111.11	0.0145542
1111.67	0.0105112
1112.22	0.0228207
1112.78	0.0211477
1113.33	0.000918896
1113.89	0.0155276
1114.44	0.00458598
1115	0.00306079
1115.56	0.00358775
1116.11	0.030156
1116.67	0.00639413
1117.22	0.0275586
1117.78	0.00788188
1118.33	0.00554268
1118.89	0.0142439
1119.44	0.0276467
1120	0.0076279
1120.56	0.0192624
1121.11	0.0305479
1121.67	0.00235817
1122.22	0.0303367
1122.78	0.0145007
1123.33	0.0177418
1123.89	0.00552818
1124.44	0.0371095
1125	0.00538552
1125.56	0.0219818
1126.11	0.0326311
1126.67	0.0163904
1127.22	0.00619653
1127.78	0.019856
1128.33	0.0343383
1128.89	0.0125365
1129.44	0.0462637
1130	0.00601268
1130.56	0.000799454
1131.11	0.0120324
1131.67	0.0293707
1132.22	0.00312405
1132.78	0.0257491
1133.33	0.0335205
1133.89	0.00574772
1134.44	0.0126669
1135	0.00373866
1135.56	0.018884
1136.11	0.0177406
1136.67	0.0382148
1137.22	0.00259101
1137.78	0.0128045
1138.33	0.00840971
1138.89	0.00169236
1139.44	0.00779396
1140	0.0138528
1140.56	0.0191831
1141.11	0.0212527
1141.67	0.017676
1142.22	0.0180125
1142.78	0.00433398
1143.33	0.0127486
1143.89	0.0138899
1144.44	0.0199967
1145	0.0208095
1145.56	0.00223372
1146.11	0.0318749
1146.67	0.0165738
1147.22	0.00470197
1147.78	0.000934926
1148.33	0.0247654
1148.89	0.0107322
1149.44	0.0398008
1150	0.0252792
1150.56	0.00250496
1151.11	0.00815139
1151.67	0.0209186
1152.22	0.015536
1152.78	0.0100832
1153.33	0.049351
1153.89	0.0151186
1154.44	0.0303904
1155	0.0116589
1155.56	0.0165007
1156.11	0.00318237
1156.67	0.0435999
1157.22	0.0259039
1157.78	0.00853905
1158.33	0.0256891
1158.89	0.0116089
1159.44	0.00380999
1160	0.0121672
1160.56	0.0430664
1161.11	0.0117601
1161.67	0.0349877
1162.22	0.00945235
1162.78	0.003898
1163.33	0.0101731
1163.89	0.0229585
1164.44	0.011052
1165	0.0102116
1165.56	0.0273883
1166.11	0.00570398
1166.67	0.0197729
1167.22	0.00477117
1167.78	0.016541
1168.33	0.000187491
1168.89	0.0326279
1169.44	0.00714065
1170	0.024901
1170.56	0.0176158
1171.11	0.000664679
1171.67	0.00810073
1172.22	0.00354853
1172.78	0.016609
1173.33	0.0285221
1173.89	0.0330853
1174.44	0.0200437
1175	0.0120031
1175.56	0.00563023
1176.11	0.0129613
1176.67	0.0222926
1177.22	0.0298446
1177.78	0.0110142
1178.33	0.0308408
1178.89	0.0238234
1179.44	0.00868702
1180	0.000791071
1180.56	0.0363582
1181.11	0.0356328
1181.67	0.0284067
1182.22	0.030548
1182.78	0.00229385
1183.33	0.0159291
1183.89	0.0247084
1184.44	0.0262123
1185	0.0141942
1185.56	0.0396268
1186.11	0.0286254
1186.67	0.0283948
1187.22	0.0122345
1187.78	0.018659
1188.33	0.0181781
1188.89	0.0271489
1189.44	0.032863
1190	0.00190158
1190.56	0.0328191
1191.11	0.0175646
1191.67	0.00212944
1192.22	0.0088894
1192.78	0.0288857
1193.33	0.0170714
1193.89	0.0420448
1194.44	0.0145789
1195	0.00394504
1195.56	0.00164021
1196.11	0.00967855
1196.67	0.00729662
1197.22	0.0110443
1197.78	0.0353354
1198.33	0.00173362
1198.89	0.0348863
1199.44	0.00573871
1200	0.00201977
1200.56	0.000650547
1201.11	0.0333332
1201.67	0.0051476
1202.22	0.0249301
1202.78	0.0155899
1203.33	0.0105771
1203.89	0.0182418
1204.44	0.0121636
1205	0.0275992
1205.56	0.0106246
1206.11	0.045457
1206.67	0.00882909
1207.22	0.0261502
1207.78	0.0156971
1208.33	0.0236515
1208.89	0.00563017
1209.44	0.0312264
1210	0.0267787
1210.56	0.0261007
1211.11	0.0405093
1211.67	0.00539803
1212.22	0.00746622
1212.78	0.0143616
1213.33	0.0466864
1213.89	0.0146875
1214.44	0.0445295
1215	0.0190814
1215.56	0.00301985
1216.11	0.0150633
1216.67	0.0159197
1217.22	0.0217707
1217.78	0.0319418
1218.33	0.0427161
1218.89	0.0175953
1219.44	0.00750422
1220	0.00235949
1220.56	0.0191365
1221.11	0.0180137
1221.67	0.0345819
1222.22	0.0122241
1222.78	0.0280177
1223.33	0.0152703
1223.89	0.0144478
1224.44	0.0103005
1225	0.0193483
1225.56	0.0324339
1226.11	0.0349282
1226.67	0.0159446
1227.22	0.0175671
1227.78	0.00979937
1228.33	0.00898811
1228.89	0.00689595
1229.44	0.001618
1230	0.0311237
1230.56	0.00814189
1231.11	0.0465677
1231.67	0.00616516
1232.22	7.96713e-05
1232.78	0.00864514
1233.33	0.0303931
1233.89	0.0131249
1234.44	0.0264077
1235	0.040224
1235.56	0.000266806
1236.11	0.0260345
1236.67	0.00372438
1237.22	0.0213838
1237.78	0.00357365
1238.33	0.0644892
1238.89	0.0132446
1239.44	0.0199237
1240	0.0107289
1240.56	0.0245578
1241.11	0.00101065
1241.67	0.0300381
1242.22	0.0445993
1242.78	0.00122776
1243.33	0.0453678
1243.89	0.000938277
1244.44	0.00383634
1245	0.00342042
1245.56	0.0522459
1246.11	0.0110155
1246.67	0.0259564
1247.22	0.0185807
1247.78	0.00127925
1248.33	0.01458
1248.89	0.010489
1249.44	0.030307
1250	0.000455984
1250.56	0.0476869
1251.11	0.0147973
1251.67	0.020942
1252.22	0.00548469
1252.78	0.0199474
1253.33	0.00355903
1253.89	0.0190116
1254.44	0.0151976
1255	0.0280516
1255.56	0.0244051
1256.11	0.0209103
1256.67	0.00915997
1257.22	0.00159557
1257.78	0.0350815
1258.33	0.0364895
1258.89	0.0350578
1259.44	0.0143858
1260	0.0176592
1260.56	0.00769378
1261.11	0.00107834
1261.67	0.00103771
1262.22	0.0344955
1262.78	0.0350752
1263.33	0.0465344
1263.89	0.0157871
1264.44	0.0112185
1265	0.00774138
1265.56	0.0377189
1266.11	0.0380805
1266.67	0.00538589
1267.22	0.0400808
1267.78	0.016383
1268.33	0.0349047
1268.89	0.00897269
1269.44	0.033271
1270	0.027164
1270.56	0.0500612
1271.11	0.0280643
1271.67	0.0186264
1272.22	0.0119281
1272.78	0.0249398
1273.33	0.0194324
1273.89	0.00111775
1274.44	0.0387994
1275	0.0165502
1275.56	0.0478864
1276.11	0.00389771
1276.67	0.00136495
1277.22	0.0209187
1277.78	0.0299107
1278.33	0.00676774
1278.89	0.025226
1279.44	0.023676
1280	0.00328328
1280.56	0.0123761
1281.11	0.0159108
1281.67	0.0229253
1282.22	0.00162608
1282.78	0.0410032
1283.33	0.00595875
1283.89	0.0317218
1284.44	0.010472
1285	0.00464002
1285.56	0.01087
1286.11	0.0203308
1286.67	0.0149188
1287.22	0.0256253
1287.78	0.0370167
1288.33	0.0244636
1288.89	0.0156146
1289.44	0.00382468
1290	0.0416122
1290.56	0.00934341
1291.11	0.0447884
1291.67	0.00237856
1292.22	0.02962
1292.78	0.0298656
1293.33	0.00802303
1293.89	0.00844513
1294.44	0.0307015
1295	0.0600955
1295.56	0.0417996
1296.11	0.0387762
1296.67	0.00859183
1297.22	0.019583
1297.78	0.0200678
1298.33	0.036711
1298.89	0.00692417
1299.44	0.042855
1300	0.0329436
1300.56	0.0199425
1301.11	0.0101734
1301.67	0.00347102
1302.22	0.0415328
1302.78	0.0328147
1303.33	0.0334998
1303.89	0.011422
1304.44	0.0135295
1305	0.000828898
1305.56	0.000785169
1306.11	0.00567036
1306.67	0.0282996
1307.22	0.0210552
1307.78	0.0461076
1308.33	0.00622478
1308.89	0.0152098
1309.44	0.0225902
1310	0.0196983
1310.56	0.0294829
1311.11	0.0301283
1311.67	0.0269463
1312.22	0.00957818
1312.78	0.0414486
1313.33	0.00126117
1313.89	0.00418871
1314.44	0.0187085
1315	0.0523201
1315.56	0.00447524
1316.11	0.0478299
1316.67	0.00568984
1317.22	0.00392751
1317.78	0.00420927
1318.33	0.0154094
1318.89	0.0215956
1319.44	0.0132149
1320	0.0623923
1320.56	0.00959496
1321.11	0.0285149
1321.67	0.012191
1322.22	0.0348461
1322.78	0.00196479
1323.33	0.0590374
1323.89	0.0233012
1324.44	0.0148322
1325	0.026216
1325.56	0.0150572
1326.11	0.0135158
1326.67	0.0148375
1327.22	0.0699827
1327.78	0.0137407
1328.33	0.0441527
1328.89	0.0052938
1329.44	0.00821199
1330	0.0147655
1330.56	0.0329133
1331.11	0.017272
1331.67	0.024378
1332.22	0.0336816
1332.78	0.0204287
1333.33	0.011374
1333.89	0.000330661
1334.44	0.0434015
1335	0.0168146
1335.56	0.0594188
1336.11	0.0239437
1336.67	0.0181535
1337.22	0.0143421
1337.78	0.00313477
1338.33	0.0143899
1338.89	0.0115444
1339.44	0.0330738
1340	0.0507951
1340.56	0.0297922
1341.11	0.0388131
1341.67	0.0073024
1342.22	0.00726161
1342.78	0.0205529
1343.33	0.00762745
1343.89	0.0506353
1344.44	0.00721339
1345	0.0383477
1345.56	0.00260268
1346.11	0.00748729
1346.67	0.025568
1347.22	0.0558057
1347.78	0.0313851
1348.33	0.051648
1348.89	0.0114577
1349.44	0.000629652
1350	0.0228896
1350.56	0.0228627
1351.11	0.0397238
1351.67	0.0120026
1352.22	0.0629009
1352.78	0.0147592
1353.33	0.0370503
1353.89	0.00690491
1354.44	0.0351973
1355	0.0177003
1355.56	0.0332389
1356.11	0.0410547
1356.67	0.0176743
1357.22	0.0466228
1357.78	0.0113657
1358.33	0.0034326
1358.89	0.0200237
1359.44	0.0726523
1360	0.0173277
1360.56	0.0537286
1361.11	0.00631044
1361.67	0.00452945
1362.22	0.0138575
1362.78	0.0174985
1363.33	0.0285183
1363.89	0.0024218
1364.44	0.0625618
1365	0.00891565
1365.56	0.0127257
1366.11	0.0246944
1366.67	0.0378876
1367.22	0.00512947
1367.78	0.0428065
1368.33	0.00715663
1368.89	0.0158103
1369.44	0.0111265
1370	0.0077047
1370.56	0.00169081
1371.11	0.00525225
1371.67	0.0423145
1372.22	0.0408551
1372.78	0.0538463
1373.33	0.034265
1373.89	0.00661848
1374.44	0.00732677
1375	0.0363677
1375.56	0.00695289
1376.11	0.0312571
1376.67	0.0275605
1377.22	0.046995
1377.78	0.0279258
1378.33	0.00054569
1378.89	0.0248907
1379.44	0.0267894
1380	0.0613214
1380.56	0.0420862
1381.11	0.0487446
1381.67	0.012663
1382.22	0.00805304
1382.78	0.022277
1383.33	0.0239734
1383.89	0.045136
1384.44	0.0680556
1385	0.0523004
1385.56	0.048019
1386.11	0.0349983
1386.67	0.0195017
1387.22	0.0419495
1387.78	0.0352247
1388.33	0.0630626
1388.89	0.0180696
1389.44	0.0340492
1390	0.00595737
1390.56	0.0127537
1391.11	0.0336504
1391.67	0.0422362
1392.22	0.029719
1392.78	0.0367225
1393.33	0.0125038
1393.89	0.00269039
1394.44	0.0193578
1395	0.0026883
1395.56	0.0153213
1396.11	0.00741037
1396.67	0.0512105
1397.22	0.0124304
1397.78	0.0492016
1398.33	0.0218382
1398.89	0.0335573
1399.44	0.0226122
1400	0.031051
1400.56	0.0126217
1401.11	0.0451138
1401.67	0.0391934
1402.22	0.0057727
1402.78	0.00977172
1403.33	0.011341
1403.89	0.0533343
1404.44	0.0204538
1405	0.0750934
1405.56	0.0228133
1406.11	0.00884127
1406.67	0.0207112
1407.22	0.0317405
1407.78	0.0102112
1408.33	0.0191496
1408.89	0.0636116
1409.44	0.00526943
1410	0.031306
1410.56	0.0193936
1411.11	0.0315246
1411.67	0.0231957
1412.22	0.0792701
1412.78	0.00472035
1413.33	0.00863499
1413.89	0.0102328
1414.44	0.00113087
1415	0.0010425
1415.56	0.0241176
1416.11	0.0365676
1416.67	0.0308087
1417.22	0.062838
1417.78	0.0371309
1418.33	0.0185841
1418.89	0.00715224
1419.44	0.0284341
1420	0.00181902
1420.56	0.0419569
1421.11	0.0171327
1421.67	0.0273342
1422.22	0.000224138
1422.78	0.0385476
1423.33	0.0536163
1423.89	0.019302
1424.44	0.035619
1425	0.0588259
1425.56	0.0227949
1426.11	0.000566821
1426.67	0.000386574
1427.22	0.0126534
1427.78	0.0199335
1428.33	0.00633223
1428.89	0.0629755
1429.44	0.011813
1430	0.0662848
1430.56	0.0138707
1431.11	0.00238837
1431.67	0.0267184
1432.22	0.0454476
1432.78	0.0212867
1433.33	0.00365423
1433.89	0.0632621
1434.44	0.013645
1435	0.015038
1435.56	0.0127446
1436.11	0.0669409
1436.67	0.0442331
1437.22	0.0645385
1437.78	0.014439
1438.33	0.00975324
1438.89	0.0356073
1439.44	0.00824914
1440	0.00861312
1440.56	0.010813
1441.11	0.0658557
1441.67	0.00697469
1442.22	0.0592044
1442.78	0.0499121
1443.33	0.0197464
1443.89	0.0410232
1444.44	0.0737448
1445	0.00482183
1445.56	0.01786
1446.11	0.0231182
1446.67	0.0028238
1447.22	0.0187306
1447.78	0.0039271
1448.33	0.0507007
1448.89	0.0316086
1449.44	0.0964176
1450	0.0110427
1450.56	0.00355499
1451.11	0.0061504
1451.67	0.0132018
1452.22	0.00765232
1452.78	0.033218
1453.33	0.0161608
1453.89	0.0559979
1454.44	0.0133992
1455	0.0268615
1455.56	0.0393479
1456.11	0.00957379
1456.67	0.0453758
1457.22	0.0455018
1457.78	0.0291397
1458.33	0.0530938
1458.89	0.0094051
1459.44	0.0188766
1460	0.0167096
1460.56	0.0303447
1461.11	0.036658
1461.67	0.0266902
1462.22	0.0851487
1462.78	0.0187927
1463.33	0.0104347
1463.89	0.019634
1464.44	0.0418949
1465	0.0503907
1465.56	0.0138302
1466.11	0.0334084
1466.67	0.0110812
1467.22	0.0232736
1467.78	0.0327803
1468.33	0.0371631
1468.89	0.0364609
1469.44	0.0679852
1470	0.0359839
1470.56	0.0484931
1471.11	0.00642139
1471.67	0.00304549
1472.22	0.00392566
1472.78	0.0201858
1473.33	0.0891884
1473.89	0.0441577
1474.44	0.0471269
1475	0.0176586
1475.56	0.00912863
1476.11	0.03131
1476.67	0.0284984
1477.22	0.0297475
1477.78	0.0387611
1478.33	0.0340203
1478.89	0.0389343
1479.44	0.0207916
1480	0.0321108
1480.56	0.0433104
1481.11	0.0185566
1481.67	0.0502496
1482.22	0.0185622
1482.78	0.0634332
1483.33	0.0350458
1483.89	0.0130986
1484.44	0.0291713
1485	0.00827453
1485.56	0.0318709
1486.11	0.0683065
1486.67	0.03715
1487.22	0.0396865
1487.78	0.0284945
1488.33	0.0173782
1488.89	0.0295566
1489.44	0.0103029
1490	0.0719452
1490.56	0.0162867
1491.11	0.0452593
1491.67	0.0332482
1492.22	0.0059726
1492.78	0.0259262
1493.33	0.0491492
1493.89	0.0778002
1494.44	0.0579245
1495	0.0106966
1495.56	0.0142464
1496.11	0.0333453
1496.67	0.0322601
1497.22	0.0451578
1497.78	0.0745136
1498.33	0.0508592
1498.89	0.0020988
1499.44	0.00782253
1500	0.0330387
1500.56	0.0162056
1501.11	0.0559842
1501.67	0.0782875
1502.22	0.0715145
1502.78	0.0179432
1503.33	0.0247206
1503.89	0.0113296
1504.44	0.0210106
1505	0.0251844
1505.56	0.039488
1506.11	0.0467181
1506.67	0.0908406
1507.22	0.00351525
1507.78	0.0192638
1508.33	0.0284656
1508.89	0.00842242
1509.44	0.0210745
1510	0.0377862
1510.56	0.0370926
1511.11	0.0023554
1511.67	0.0493457
1512.22	0.000697724
1512.78	0.0253378
1513.33	0.0928551
1513.89	0.0800642
1514.44	0.018409
1515	0.0572627
1515.56	0.0522642
1516.11	0.0111879
1516.67	0.0283073
1517.22	0.0461558
1517.78	0.0886089
1518.33	0.0237515
1518.89	0.0836648
1519.44	0.0433172
1520	0.000494605
1520.56	0.014744
1521.11	0.0984626
1521.67	0.0432863
1522.22	0.0154222
1522.78	0.0142865
1523.33	0.0214432
1523.89	0.017387
1524.44	0.00833416
1525	0.00457201
1525.56	0.0156369
1526.11	0.141578
1526.67	0.0355356
1527.22	0.0528936
1527.78	0.00789783
1528.33	0.0109299
1528.89	0.00252264
1529.44	0.0107514
1530	0.0676849
1530.56	0.0242863
1531.11	0.0935279
1531.67	0.000902376
1532.22	0.0372704
1532.78	0.0300317
1533.33	0.0380821
1533.89	0.0526466
1534.44	0.0523316
1535	0.00419055
1535.56	0.00103815
1536.11	0.0256489
1536.67	0.0428487
1537.22	0.0582678
1537.78	0.0286908
1538.33	0.0702403
1538.89	0.0167778
1539.44	0.0431694
1540	0.0337147
1540.56	0.0330122
1541.11	0.0774553
1541.67	0.0573273
1542.22	0.0111296
1542.78	0.0309968
1543.33	0.0433585
1543.89	0.0635701
1544.44	0.00606185
1545	0.0280634
1545.56	0.0865626
1546.11	0.0396698
1546.67	0.0571622
1547.22	0.00704693
1547.78	0.00555613
1548.33	0.00102441
1548.89	0.00378649
1549.44	0.0103476
1550	0.0366832
1550.56	0.0376177
1551.11	0.133609
1551.67	0.0168435
1552.22	0.0349445
1552.78	0.0654714
1553.33	0.0351944
1553.89	0.06296
1554.44	0.0427362
1555	0.0179099
1555.56	0.0832513
1556.11	0.0643112
1556.67	0.042673
1557.22	0.00349574
1557.78	0.00152527
1558.33	0.123787
1558.89	0.0206251
1559.44	0.0564895
1560	0.0356532
1560.56	0.0547968
1561.11	0.000677334
1561.67	0.0186312
1562.22	0.068348
1562.78	0.0471206
1563.33	0.0761957
1563.89	0.0631649
1564.44	0.0129298
1565	0.0282502
1565.56	0.0615531
1566.11	0.0237809
1566.67	0.00546632
1567.22	0.0570968
1567.78	0.0259186
1568.33	0.0412018
1568.89	0.00482488
1569.44	0.0925387
1570	0.0110619
1570.56	0.0500844
1571.11	0.0073722
1571.67	0.011482
1572.22	0.009025
1572.78	0.0103637
1573.33	0.0776923
1573.89	0.0269591
1574.44	0.0184927
1575	0.0686154
1575.56	0.0644077
1576.11	0.0223116
1576.67	0.0388444
1577.22	0.0107392
1577.78	0.0523228
1578.33	0.105301
1578.89	0.103706
1579.44	0.0386993
1580	0.00198572
1580.56	0.0266191
1581.11	0.0304721
1581.67	0.0497932
1582.22	0.0332739
1582.78	0.0429653
1583.33	0.1234
1583.89	0.00394148
1584.44	0.0225223
1585	0.107472
1585.56	0.0142216
1586.11	0.0582317
1586.67	0.0410196
1587.22	0.0908849
1587.78	0.060777
1588.33	0.0361105
1588.89	0.00856497
1589.44	0.0552389
1590	0.0438743
1590.56	0.089503
1591.11	0.0393256
1591.67	0.0716456
1592.22	0.0775126
1592.78	0.106838
1593.33	0.0349029
1593.89	0.000479692
1594.44	0.0604764
1595	0.0859206
1595.56	0.0422528
1596.11	0.00921021
1596.67	0.00592862
1597.22	0.0479856
1597.78	0.0817484
1598.33	0.00534667
1598.89	0.0981825
1599.44	0.00826295
1600	0.0508554
1600.56	0.0486207
1601.11	0.00564941
1601.67	0.0093466
1602.22	0.0565069
1602.78	0.19996
1603.33	0.000564831
1603.89	0.0740247
1604.44	0.0586746
1605	0.018062
1605.56	0.0439949
1606.11	0.013725
1606.67	0.0442796
1607.22	0.0819735
1607.78	0.115195
1608.33	0.0195916
1608.89	0.024035
1609.44	0.0294023
1610	0.0468087
1610.56	0.00304031
1611.11	0.0347487
1611.67	0.0533565
1612.22	0.0152821
1612.78	0.0611101
1613.33	0.0134827
1613.89	0.0363375
1614.44	0.128337
1615	0.082868
1615.56	0.0484766
1616.11	0.0133266
1616.67	0.0553576
1617.22	0.0328069
1617.78	0.0496134
1618.33	0.141007
1618.89	0.16407
1619.44	0.131814
1620	0.0330312
1620.56	0.0828582
1621.11	0.032549
1621.67	0.0567605
1622.22	0.0954981
1622.78	0.0732343
1623.33	0.102765
1623.89	0.00648201
1624.44	0.0131287
1625	0.0413846
1625.56	0.0217961
1626.11	0.00908169
1626.67	0.168575
1627.22	0.0943845
1627.78	0.106568
1628.33	0.0476612
1628.89	0.0803775
1629.44	0.0643978
1630	0.0486667
1630.56	0.0791846
1631.11	0.0677003
1631.67	0.128281
1632.22	0.0905103
1632.78	0.084348
1633.33	0.0495049
1633.89	0.0208807
1634.44	0.067996
1635	0.104641
1635.56	0.177954
1636.11	0.0678397
1636.67	0.0927821
1637.22	0.174427
1637.78	0.0931797
1638.33	0.0288106
1638.89	0.0365462
1639.44	0.0537956
1640	0.111931
1640.56	0.00373602
1641.11	0.00457165
1641.67	0.040366
1642.22	0.122227
1642.78	0.19506
1643.33	0.172978
1643.89	0.00191845
1644.44	0.00118593
1645	0.131129
1645.56	0.0535318
1646.11	0.111254
1646.67	0.0524468
1647.22	0.0191531
1647.78	0.0260334
1648.33	0.122478
1648.89	0.205206
1649.44	0.0219894
1650	0.0522077
1650.56	0.101223
1651.11	0.00243016
1651.67	0.149994
1652.22	0.0721806
1652.78	0.153741
1653.33	0.0435861
1653.89	0.188328
1654.44	0.067369
1655	0.126712
1655.56	0.0710572
1656.11	0.0426777
1656.67	0.0857546
1657.22	0.0399644
1657.78	0.0297491
1658.33	0.1686
1658.89	0.152745
1659.44	0.0808664
1660	0.0691992
1660.56	0.0460688
1661.11	0.1347
1661.67	0.063384
1662.22	0.0114572
1662.78	0.113257
1663.33	0.0266383
1663.89	0.136107
1664.44	0.14464
1665	0.150681
1665.56	0.0926348
1666.11	0.140901
1666.67	0.114976
1667.22	0.168432
1667.78	0.0182175
1668.33	0.174735
1668.89	0.0187404
1669.44	0.044447
1670	0.125371
1670.56	0.170013
1671.11	0.283699
1671.67	0.0148686
1672.22	0.136344
1672.78	0.0652526
1673.33	0.0353117
1673.89	0.194904
1674.44	0.194206
1675	0.0452669
1675.56	0.0537181
1676.11	0.18951
1676.67	0.0936998
1677.22	0.00255991
1677.78	0.0929913
1678.33	0.186825
1678.89	0.000527272
1679.44	0.0015101
1680	0.208417
1680.56	0.130145
1681.11	0.0231702
1681.67	0.162036
1682.22	0.162506
1682.78	0.207305
1683.33	0.0575498
1683.89	0.085707
1684.44	0.0527758
1685	0.0021883
1685.56	0.109783
1686.11	0.206944
1686.67	0.138107
1687.22	0.0805473
1687.78	0.184143
1688.33	0.17067
1688.89	0.0142775
1689.44	0.105763
1690	0.0373653
1690.56	0.099059
1691.11	0.0593392
1691.67	0.0114966
1692.22	0.0745015
1692.78	0.181249
1693.33	0.0612763
1693.89	0.0459213
1694.44	0.0408555
1695	0.0715687
1695.56	0.234249
1696.11	0.179691
1696.67	0.0436042
1697.22	0.243599
1697.78	0.204803
1698.33	0.046005
1698.89	0.242593
1699.44	0.284793
1700	0.0191813
1700.56	0.0635861
1701.11	0.110081
1701.67	0.141428
1702.22	0.0291267
1702.78	0.0680851
1703.33	0.0773866
1703.89	0.252648
1704.44	0.0221733
1705	0.150316
1705.56	0.0639779
1706.11	0.122592
1706.67	0.363226
1707.22	0.22721
1707.78	0.0526246
1708.33	0.11896
1708.89	0.0961268
1709.44	0.218405
1710	0.0712024
1710.56	0.331327
1711.11	0.0790426
1711.67	0.281494
1712.22	0.150624
1712.78	0.0191478
1713.33	0.159355
1713.89	0.0956191
1714.44	0.123586
1715	0.324632
1715.56	0.36298
1716.11	0.00372798
1716.67	0.266585
1717.22	0.0860533
1717.78	0.180122
1718.33	0.0866541
1718.89	0.149045
1719.44	0.0379645
1720	0.302982
1720.56	0.207171
1721.11	0.154814
1721.67	0.0964972
1722.22	0.0981082
1722.78	0.0611667
1723.33	0.535741
1723.89	0.289832
1724.44	0.131028
1725	0.0375459
1725.56	0.0618683
1726.11	0.0981982
1726.67	0.392811
1727.22	0.269812
1727.78	0.129627
1728.33	0.196719
1728.89	0.103917
1729.44	0.259602
1730	0.0292984
1730.56	0.0657645
1731.11	0.232395
1731.67	0.182725
1732.22	0.105113
1732.78	0.144734
1733.33	0.314623
1733.89	0.119992
1734.44	0.627929
1735	0.074502
1735.56	0.306525
1736.11	0.0678318
1736.67	0.00655949
1737.22	0.19502
1737.78	0.0224159
1738.33	0.209171
1738.89	0.116586
1739.44	0.00456288
1740	0.328512
1740.56	0.00342488
1741.11	0.0647646
1741.67	0.025614
1742.22	0.236988
1742.78	0.170593
1743.33	0.0688844
1743.89	0.416729
1744.44	0.0111932
1745	0.315619
1745.56	0.773948
1746.11	0.123784
1746.67	0.182303
1747.22	0.0832895
1747.78	0.17339
1748.33	0.600595
1748.89	0.0325008
1749.44	0.308877
1750	0.305453
1750.56	0.428652
1751.11	0.439235
1751.67	0.177232
1752.22	0.263334
1752.78	0.188739
1753.33	0.509383
1753.89	0.291033
1754.44	0.282573
1755	0.171525
1755.56	0.6402
1756.11	0.0970753
1756.67	0.126715
1757.22	0.238726
1757.78	0.513218
1758.33	0.026797
1758.89	0.415351
1759.44	0.361151
1760	0.219205
1760.56	0.182008
1761.11	0.149179
1761.67	0.0420579
1762.22	0.367202
1762.78	0.0678902
1763.33	0.102776
1763.89	0.107116
1764.44	0.206612
1765	0.456801
1765.56	0.354347
1766.11	0.0181199
1766.67	0.0924985
1767.22	0.144877
1767.78	0.36005
1768.33	0.0147196
1768.89	0.31447
1769.44	0.522678
1770	0.341994
1770.56	0.279188
1771.11	0.0700759
1771.67	0.48778
1772.22	0.200943
1772.78	0.205972
1773.33	0.00882316
1773.89	0.463362
1774.44	0.112414
1775	0.0525384
1775.56	0.271987
1776.11	0.0106695
1776.67	0.679366
1777.22	0.246281
1777.78	0.314427
1778.33	0.247638
1778.89	0.226925
1779.44	0.076857
1780	0.236429
1780.56	0.549642
1781.11	0.573372
1781.67	1.14986
1782.22	0.281766
1782.78	0.0435661
1783.33	0.712232
1783.89	0.0130003
1784.44	0.566446
1785	0.483824
1785.56	0.061973
1786.11	0.262858
1786.67	0.440042
1787.22	0.294962
1787.78	0.532831
1788.33	0.150331
1788.89	1.17648
1789.44	0.742101
1790	0.880828
1790.56	0.40965
1791.11	0.673568
1791.67	0.101207
1792.22	0.115629
1792.78	0.425866
1793.33	0.0299159
1793.89	0.356568
1794.44	0.830835
1795	0.689744
1795.56	0.121422
1796.11	0.711597
1796.67	0.327718
1797.22	0.348873
1797.78	0.0871585
1798.33	0.072978
1798.89	0.552295
1799.44	0.276599
1800	0.335828
1800.56	0.877558
1801.11	1.07146
1801.67	0.461627
1802.22	0.763189
1802.78	0.0909012
1803.33	0.613975
1803.89	0.318911
1804.44	0.238101
1805	0.669342
1805.56	0.440743
1806.11	1.03812
1806.67	0.855461
1807.22	0.274716
1807.78	0.760156
1808.33	0.572784
1808.89	0.0979814
1809.44	0.0811947
1810	0.549467
1810.56	1.22323
1811.11	0.380692
1811.67	0.0163369
1812.22	0.224487
1812.78	0.386903
1813.33	0.575235
1813.89	0.163508
1814.44	0.129955
1815	0.17019
1815.56	0.665464
1816.11	0.924206
1816.67	0.103602
1817.22	0.0652436
1817.78	0.928785
1818.33	1.60812
1818.89	0.793458
1819.44	1.20359
1820	0.185013
1820.56	0.486647
1821.11	0.157432
1821.67	0.549382
1822.22	0.15341
1822.78	1.00033
1823.33	0.124504
1823.89	1.12064
1824.44	0.421543
1825	0.0104089
1825.56	1.05144
1826.11	0.282744
1826.67	1.03973
1827.22	0.296232
1827.78	0.722839
1828.33	0.749085
1828.89	0.473164
1829.44	1.02581
1830	0.0267997
1830.56	0.616592
1831.11	0.183913
1831.67	0.0204951
1832.22	0.158462
1832.78	1.3191
1833.33	0.0248431
1833.89	0.192884
1834.44	0.386657
1835	0.0795177
1835.56	0.461173
1836.11	0.395303
1836.67	0.702254
1837.22	0.507104
1837.78	0.494715
1838.33	1.53274
1838.89	0.375212
1839.44	0.813368
1840	0.521071
1840.56	0.675344
1841.11	0.790944
1841.67	1.17634
1842.22	0.379355
1842.78	1.19151
1843.33	0.205483
1843.89	0.945107
1844.44	0.309329
1845	0.903055
1845.56	0.437174
1846.11	0.745529
1846.67	0.0620219
1847.22	0.618652
1847.78	0.689391
1848.33	0.0774845
1848.89	1.89513
1849.44	0.634939
1850	0.0791476
1850.56	0.177597
1851.11	0.363261
1851.67	1.06907
1852.22	0.112097
1852.78	0.171223
1853.33	0.466846
1853.89	0.237898
1854.44	1.20505
1855	0.23337
1855.56	0.0159258
1856.11	0.436117
1856.67	1.34518
1857.22	0.806606
1857.78	0.36645
1858.33	1.70905
1858.89	0.199244
1859.44	1.1719
1860	0.966765
1860.56	0.560397
1861.11	0.424935
1861.67	0.627436
1862.22	0.878215
1862.78	0.0850668
1863.33	0.781885
1863.89	0.671467
1864.44	0.793034
1865	0.346695
1865.56	0.12337
1866.11	0.39525
1866.67	0.240468
1867.22	0.457195
1867.78	0.220802
1868.33	1.36146
1868.89	2.55639
1869.44	0.141407
1870	1.19459
1870.56	0.229656
1871.11	0.409145
1871.67	0.152307
1872.22	0.46952
1872.78	0.168161
1873.33	0.386104
1873.89	0.314256
1874.44	0.958768
1875	0.306909
1875.56	0.0802502
1876.11	0.281986
1876.67	0.00671956
1877.22	0.0951331
1877.78	0.926346
1878.33	0.220616
1878.89	0.418404
1879.44	0.551805
1880	0.532896
1880.56	0.723436
1881.11	0.377603
1881.67	1.2809
1882.22	0.496988
1882.78	1.38606
1883.33	0.248337
1883.89	0.394787
1884.44	0.83545
1885	0.100564
1885.56	1.75834
1886.11	0.240463
1886.67	0.828194
1887.22	0.610228
1887.78	0.228628
1888.33	0.997536
1888.89	0.646011
1889.44	1.31151
1890	0.302749
1890.56	0.131334
1891.11	0.339661
1891.67	0.47736
1892.22	0.166253
1892.78	1.56594
1893.33	0.609851
1893.89	0.0900943
1894.44	0.15789
1895	0.621728
1895.56	0.925468
1896.11	1.22273
1896.67	0.120037
1897.22	0.245657
1897.78	0.593299
1898.33	0.0891186
1898.89	1.24725
1899.44	0.95827
1900	0.628278
1900.56	0.207541
1901.11	1.41364
1901.67	0.327738
1902.22	0.174885
1902.78	0.129094
1903.33	0.164454
1903.89	0.61061
1904.44	0.0475698
1905	1.40166
1905.56	1.01193
1906.11	1.14489
1906.67	0.74341
1907.22	0.955603
1907.78	0.130046
1908.33	0.541653
1908.89	1.02819
1909.44	0.519229
1910	0.276253
1910.56	0.262423
1911.11	0.384884
1911.67	0.246298
1912.22	0.896904
1912.78	0.599157
1913.33	0.00711905
1913.89	0.473107
1914.44	0.22505
1915	1.03451
1915.56	0.274988
1916.11	1.34662
1916.67	0.408139
1917.22	0.575122
1917.78	0.46259
1918.33	0.796184
1918.89	0.0959981
1919.44	0.313423
1920	1.4644
1920.56	0.299247
1921.11	2.09795
1921.67	1.55663
1922.22	0.115662
1922.78	0.797957
1923.33	0.813213
1923.89	0.0364666
1924.44	0.268569
1925	0.956835
1925.56	0.509999
1926.11	0.853071
1926.67	0.410511
1927.22	0.472028
1927.78	0.406496
1928.33	1.04585
1928.89	0.187827
1929.44	0.122844
1930	1.77325
1930.56	0.726051
1931.11	1.23285
1931.67	0.31716
1932.22	0.526628
1932.78	0.440588
1933.33	0.500646
1933.89	1.0014
1934.44	0.412672
1935	0.00119037
1935.56	0.254197
1936.11	1.32567
1936.67	0.200857
1937.22	0.178721
1937.78	1.4265
1938.33	0.024951
1938.89	0.138895
1939.44	0.230416
1940	0.862324
1940.56	1.00309
1941.11	1.24793
1941.67	0.224327
1942.22	0.236343
1942.78	0.414857
1943.33	0.761381
1943.89	2.00159
1944.44	1.17843
1945	0.24299
1945.56	1.99703
1946.11	0.526389
1946.67	1.23035
1947.22	0.28439
1947.78	0.369448
1948.33	0.837124
1948.89	0.994692
1949.44	0.78783
1950	1.01325
1950.56	0.102159
1951.11	0.357966
1951.67	0.761225
1952.22	0.110911
1952.78	0.580813
1953.33	0.522673
1953.89	0.0243651
1954.44	1.04754
1955	0.241702
1955.56	0.711014
1956.11	2.02885
1956.67	0.889291
1957.22	0.121778
1957.78	1.804
1958.33	0.102299
1958.89	0.0751242
1959.44	0.399807
1960	0.51163
1960.56	1.89141
1961.11	0.541556
1961.67	0.493611
1962.22	0.737239
1962.78	0.616012
1963.33	0.148781
1963.89	1.59728
1964.44	0.0310827
1965	0.568229
1965.56	0.748785
1966.11	0.55986
1966.67	0.525178
1967.22	0.756658
1967.78	1.69996
1968.33	0.149004
1968.89	0.149222
1969.44	0.830856
1970	1.3762
1970.56	1.16239
1971.11	0.920411
1971.67	0.960643
1972.22	0.902799
1972.78	0.635479
1973.33	0.796672
1973.89	0.598357
1974.44	1.25924
1975	0.206447
1975.56	0.618183
1976.11	1.08102
1976.67	0.606019
1977.22	0.960321
1977.78	1.1495
1978.33	0.567525
1978.89	2.48141
1979.44	0.83615
1980	0.693151
1980.56	0.477318
1981.11	0.976481
1981.67	0.829733
1982.22	0.207221
1982.78	0.751036
1983.33	0.23688
1983.89	0.195725
1984.44	1.28071
1985	0.563409
1985.56	0.206302
1986.11	0.986738
1986.67	0.694211
1987.22	1.19786
1987.78	0.400118
1988.33	0.767919
1988.89	1.09164
1989.44	0.95143
1990	0.895005
1990.56	0.206129
1991.11	0.845631
1991.67	1.10849
1992.22	0.0283876
1992.78	0.363677
1993.33	0.0594911
1993.89	0.408527
1994.44	0.223126
1995	1.21225
1995.56	1.17734
1996.11	0.907764
1996.67	0.0238443
1997.22	0.642568
1997.78	0.662193
1998.33	2.05275
1998.89	2.21232
1999.44	2.30468
2000	0.0165384
