t	etaU
0	1.11326e-14
0.555556	0.123768
1.11111	1.99237
1.66667	1.22524
2.22222	1.42614
2.77778	1.45732
3.33333	0.931874
3.88889	1.61749
4.44444	0.193276
5	1.03252
5.55556	0.429622
6.11111	0.608992
6.66667	0.691166
7.22222	0.817666
7.77778	0.231538
8.33333	0.480392
8.88889	0.601811
9.44444	0.00575821
10	1.31915
10.5556	1.18065
11.1111	0.39669
11.6667	1.65606
12.2222	0.385369
12.7778	0.258316
13.3333	1.03931
13.8889	1.19858
14.4444	0.596102
15	1.4762
15.5556	0.583256
16.1111	0.760608
16.6667	0.903743
17.2222	0.0477443
17.7778	0.853898
18.3333	2.84
18.8889	0.103859
19.4444	0.497259
20	0.529085
20.5556	0.783138
21.1111	1.20936
21.6667	0.0419627
22.2222	2.09789
22.7778	1.44816
23.3333	0.0920455
23.8889	0.584281
24.4444	2.72594
25	0.699066
25.5556	0.512055
26.1111	1.24052
26.6667	0.844269
27.2222	0.200012
27.7778	0.460079
28.3333	0.339595
28.8889	0.0304561
29.4444	1.23353
30	0.623397
30.5556	1.77076
31.1111	0.781852
31.6667	0.559824
32.2222	0.248933
32.7778	0.813681
33.3333	0.551958
33.8889	1.32804
34.4444	0.816217
35	0.654798
35.5556	0.0709661
36.1111	1.15019
36.6667	1.1413
37.2222	0.973966
37.7778	2.0162
38.3333	1.14244
38.8889	1.07917
39.4444	0.703835
40	0.769246
40.5556	1.36359
41.1111	0.755748
41.6667	0.719051
42.2222	0.9404
42.7778	0.618797
43.3333	0.122873
43.8889	1.38193
44.4444	0.58071
45	1.10828
45.5556	0.0739884
46.1111	0.177089
46.6667	1.04437
47.2222	0.33689
47.7778	1.22369
48.3333	0.633186
48.8889	1.62058
49.4444	0.164929
50	0.7398
50.5556	0.206972
51.1111	0.786409
51.6667	1.25597
52.2222	0.417023
52.7778	1.06019
53.3333	1.03473
53.8889	2.20017
54.4444	1.41892
55	0.104696
55.5556	0.580415
56.1111	0.127604
56.6667	0.680871
57.2222	0.308285
57.7778	1.18138
58.3333	0.675801
58.8889	0.879459
59.4444	0.566943
60	0.0979346
60.5556	0.0434601
61.1111	0.125659
61.6667	0.529267
62.2222	0.153587
62.7778	0.120011
63.3333	0.201418
63.8889	0.28378
64.4444	1.6751
65	1.42124
65.5556	0.556534
66.1111	0.779778
66.6667	0.408284
67.2222	0.941676
67.7778	0.536422
68.3333	0.36551
68.8889	1.51892
69.4444	1.05773
70	0.895336
70.5556	0.368163
71.1111	1.59838
71.6667	0.442228
72.2222	1.33946
72.7778	0.214127
73.3333	0.628499
73.8889	0.0798706
74.4444	0.35568
75	0.0687626
75.5556	0.679099
76.1111	0.338303
76.6667	0.939151
77.2222	0.146193
77.7778	1.10743
78.3333	0.401682
78.8889	0.630827
79.4444	0.305768
80	0.507238
80.5556	1.23588
81.1111	0.532805
81.6667	0.149095
82.2222	0.0629258
82.7778	0.470079
83.3333	0.330477
83.8889	0.730032
84.4444	1.0468
85	1.18898
85.5556	1.93975
86.1111	0.16726
86.6667	0.029647
87.2222	1.91486
87.7778	0.335659
88.3333	0.412593
88.8889	0.995378
89.4444	0.259939
90	0.893613
90.5556	0.737383
91.1111	2.07336
91.6667	0.673022
92.2222	0.336906
92.7778	1.24135
93.3333	0.692295
93.8889	0.545344
94.4444	0.104532
95	0.508761
95.5556	0.358081
96.1111	1.07372
96.6667	0.502826
97.2222	0.153552
97.7778	0.934931
98.3333	0.67263
98.8889	0.314855
99.4444	1.72836
100	0.636369
100.556	0.0523429
101.111	0.461915
101.667	0.941978
102.222	0.703059
102.778	0.305054
103.333	0.0921658
103.889	0.340647
104.444	0.365942
105	0.606369
105.556	0.169596
106.111	0.378807
106.667	0.116172
107.222	0.112655
107.778	0.78549
108.333	0.212132
108.889	0.557108
109.444	0.238621
110	0.870902
110.556	0.8049
111.111	1.32554
111.667	0.263273
112.222	1.13312
112.778	1.63822
113.333	0.398604
113.889	0.303494
114.444	0.536492
115	0.236027
115.556	0.0879679
116.111	0.319587
116.667	0.44496
117.222	0.424478
117.778	0.550822
118.333	0.116371
118.889	0.409309
119.444	0.0679804
120	0.188087
120.556	0.400145
121.111	0.128448
121.667	0.496458
122.222	0.194981
122.778	1.16836
123.333	0.0700704
123.889	0.800229
124.444	1.00037
125	1.07746
125.556	0.806252
126.111	0.448731
126.667	0.246676
127.222	0.512955
127.778	0.643718
128.333	0.0323939
128.889	0.53686
129.444	0.304175
130	1.29171
130.556	1.22343
131.111	0.726965
131.667	0.384121
132.222	0.106834
132.778	0.312276
133.333	0.122616
133.889	0.861679
134.444	1.36995
135	0.119672
135.556	0.0752668
136.111	0.00398708
136.667	0.430393
137.222	2.06921
137.778	0.392287
138.333	0.15833
138.889	0.0493909
139.444	0.346114
140	0.432576
140.556	0.600338
141.111	0.972549
141.667	0.182521
142.222	0.775247
142.778	0.37477
143.333	0.596153
143.889	0.987959
144.444	0.542246
145	0.907977
145.556	0.142334
146.111	0.971275
146.667	0.626337
147.222	1.10469
147.778	0.267114
148.333	1.00122
148.889	1.20187
149.444	0.582113
150	0.640209
150.556	0.370515
151.111	0.504351
151.667	0.48578
152.222	0.671267
152.778	0.524191
153.333	0.413848
153.889	0.483746
154.444	0.246954
155	0.191475
155.556	0.0548591
156.111	0.23093
156.667	0.247148
157.222	0.415152
157.778	0.465912
158.333	0.753146
158.889	0.145932
159.444	0.7774
160	0.436038
160.556	0.314122
161.111	0.351486
161.667	1.12812
162.222	0.767129
162.778	0.478525
163.333	0.545686
163.889	0.111779
164.444	0.60319
165	0.365515
165.556	0.255023
166.111	0.537529
166.667	0.667212
167.222	0.532697
167.778	0.505036
168.333	0.16427
168.889	0.598953
169.444	0.612757
170	0.006872
170.556	0.795689
171.111	1.115
171.667	0.265149
172.222	0.184737
172.778	0.391233
173.333	0.845353
173.889	1.07516
174.444	0.0956308
175	0.788529
175.556	0.718394
176.111	0.856567
176.667	0.808357
177.222	0.0258577
177.778	0.821486
178.333	0.705253
178.889	0.579925
179.444	0.761709
180	0.119616
180.556	0.301867
181.111	0.368724
181.667	0.000854923
182.222	0.093826
182.778	0.0350296
183.333	0.24297
183.889	0.0869937
184.444	0.505104
185	0.423167
185.556	0.111614
186.111	0.348859
186.667	0.652805
187.222	1.14227
187.778	0.481675
188.333	0.920899
188.889	0.718197
189.444	0.078227
190	0.132958
190.556	0.0767591
191.111	0.301882
191.667	0.989133
192.222	0.169983
192.778	0.25538
193.333	0.230574
193.889	0.794085
194.444	0.557978
195	0.691129
195.556	0.911759
196.111	0.719784
196.667	0.38613
197.222	0.730334
197.778	0.0883553
198.333	0.157374
198.889	0.00358925
199.444	0.346239
200	0.935137
200.556	0.385505
201.111	0.601799
201.667	1.14008
202.222	0.702104
202.778	0.540083
203.333	0.402528
203.889	0.181857
204.444	0.759722
205	0.859659
205.556	0.156144
206.111	0.547402
206.667	0.295685
207.222	0.0088439
207.778	0.29499
208.333	0.406839
208.889	0.481792
209.444	0.394393
210	0.151442
210.556	1.16803
211.111	0.286909
211.667	0.568385
212.222	0.333601
212.778	0.106259
213.333	0.357875
213.889	0.118252
214.444	0.0617966
215	0.790653
215.556	1.15951
216.111	0.0122994
216.667	0.435082
217.222	0.202768
217.778	0.840169
218.333	0.577101
218.889	0.449812
219.444	0.138557
220	0.331064
220.556	0.026782
221.111	0.230851
221.667	0.282369
222.222	0.353433
222.778	0.382965
223.333	0.230778
223.889	0.223006
224.444	0.109575
225	0.923192
225.556	0.429809
226.111	0.144543
226.667	0.109119
227.222	0.0175021
227.778	0.171093
228.333	0.464621
228.889	0.173611
229.444	0.44595
230	0.792551
230.556	0.20225
231.111	0.937833
231.667	0.0549916
232.222	0.255744
232.778	0.688703
233.333	0.0212382
233.889	0.68053
234.444	0.53423
235	0.369473
235.556	0.00966744
236.111	0.374836
236.667	0.339985
237.222	0.0199896
237.778	0.0949824
238.333	0.0738847
238.889	0.0536776
239.444	0.219219
240	0.131687
240.556	0.254166
241.111	0.498005
241.667	0.357863
242.222	0.0416994
242.778	0.252966
243.333	0.220469
243.889	0.46632
244.444	0.0337721
245	0.575801
245.556	0.271613
246.111	0.162891
246.667	0.481007
247.222	0.322451
247.778	0.238935
248.333	0.172494
248.889	0.97433
249.444	0.797638
250	0.0834806
250.556	0.0744566
251.111	0.317667
251.667	0.272092
252.222	0.482678
252.778	0.253317
253.333	0.0106553
253.889	0.044969
254.444	0.0648392
255	0.212113
255.556	0.0770104
256.111	0.156674
256.667	0.182135
257.222	0.142382
257.778	0.0622481
258.333	0.247076
258.889	0.029169
259.444	0.0435777
260	0.068855
260.556	0.368941
261.111	0.31014
261.667	0.0463252
262.222	0.21369
262.778	0.113999
263.333	0.299535
263.889	0.364251
264.444	0.570169
265	0.115016
265.556	0.462296
266.111	0.373041
266.667	0.211406
267.222	0.13784
267.778	0.206853
268.333	0.270223
268.889	0.0298702
269.444	0.15999
270	0.249388
270.556	0.264605
271.111	0.338285
271.667	0.31103
272.222	0.385328
272.778	0.139198
273.333	0.22263
273.889	0.524801
274.444	0.0985812
275	0.0573575
275.556	0.0465949
276.111	0.194569
276.667	0.301993
277.222	0.0618708
277.778	0.0733333
278.333	0.32133
278.889	0.204731
279.444	0.514744
280	0.314117
280.556	0.121232
281.111	0.117089
281.667	0.510721
282.222	0.0847919
282.778	0.0145987
283.333	0.0638996
283.889	0.535319
284.444	0.0718846
285	0.0281428
285.556	0.359263
286.111	0.0760576
286.667	0.103045
287.222	0.0191568
287.778	0.225588
288.333	0.0600793
288.889	0.16715
289.444	0.0501536
290	0.0476987
290.556	0.20718
291.111	0.14033
291.667	0.0284821
292.222	0.222321
292.778	0.0780409
293.333	0.167592
293.889	0.179415
294.444	0.0418222
295	0.135251
295.556	0.308411
296.111	0.0511345
296.667	0.0252046
297.222	0.13667
297.778	0.0882316
298.333	0.134668
298.889	0.104287
299.444	0.103155
300	0.0414073
300.556	0.123891
301.111	0.196264
301.667	0.0589828
302.222	0.159032
302.778	0.117673
303.333	0.106855
303.889	0.235126
304.444	0.00702261
305	0.186107
305.556	0.09941
306.111	0.0878897
306.667	0.191368
307.222	0.0514032
307.778	0.0640439
308.333	0.251606
308.889	0.0130997
309.444	0.354607
310	0.0293643
310.556	0.0026338
311.111	0.160367
311.667	0.168824
312.222	0.33749
312.778	0.00867621
313.333	0.0238027
313.889	0.115253
314.444	0.00585614
315	0.0493732
315.556	0.121118
316.111	0.0546488
316.667	0.161272
317.222	0.0267711
317.778	0.180974
318.333	0.171358
318.889	0.0421373
319.444	0.224744
320	0.0646841
320.556	0.00195605
321.111	0.0911728
321.667	0.222362
322.222	0.0236198
322.778	0.218029
323.333	0.246624
323.889	0.19519
324.444	0.00194827
325	0.221835
325.556	0.164707
326.111	0.00589193
326.667	0.0318469
327.222	0.184753
327.778	0.217257
328.333	0.222118
328.889	0.00740293
329.444	0.065471
330	0.03805
330.556	0.0226548
331.111	0.0153623
331.667	0.0747786
332.222	0.10194
332.778	0.0743364
333.333	0.0719547
333.889	0.100705
334.444	0.0285282
335	0.261318
335.556	0.078248
336.111	0.065928
336.667	0.19132
337.222	0.0671054
337.778	0.01666
338.333	0.0707845
338.889	0.148855
339.444	0.0796564
340	0.0123616
340.556	0.0778979
341.111	0.122674
341.667	0.163485
342.222	0.078758
342.778	0.0875589
343.333	0.110356
343.889	0.082414
344.444	0.0977506
345	0.0196784
345.556	0.135109
346.111	0.076222
346.667	0.128118
347.222	0.137821
347.778	0.0196223
348.333	0.229719
348.889	0.0788155
349.444	0.0744114
350	0.141421
350.556	0.0173105
351.111	0.0342739
351.667	0.00825153
352.222	0.203481
352.778	0.0736783
353.333	0.019858
353.889	0.188207
354.444	0.0422238
355	0.0952415
355.556	0.0937236
356.111	0.116201
356.667	0.00539994
357.222	0.0756288
357.778	0.13201
358.333	0.132389
358.889	0.0709708
359.444	0.0415801
360	0.0218215
360.556	0.0481105
361.111	0.0573072
361.667	0.181632
362.222	0.113359
362.778	0.0285927
363.333	0.0104127
363.889	0.0789658
364.444	0.0240824
365	0.208613
365.556	0.0482889
366.111	0.00240642
366.667	0.0556336
367.222	0.103425
367.778	0.0841133
368.333	0.0396063
368.889	0.126515
369.444	0.010495
370	0.0413188
370.556	0.0875079
371.111	0.0311605
371.667	0.024142
372.222	0.0387298
372.778	0.0325147
373.333	0.131809
373.889	0.0741835
374.444	0.105066
375	0.0278641
375.556	0.0725694
376.111	0.0853107
376.667	0.10632
377.222	0.0188666
377.778	0.0613882
378.333	0.0573723
378.889	0.155439
379.444	0.0645083
380	0.10329
380.556	0.0090164
381.111	0.0472212
381.667	0.0905
382.222	0.087037
382.778	0.0577201
383.333	0.0538694
383.889	0.0332474
384.444	0.0222504
385	0.10632
385.556	0.0804737
386.111	0.00530497
386.667	0.00900555
387.222	0.00944275
387.778	0.0235732
388.333	0.143902
388.889	0.0940692
389.444	0.0306463
390	0.0804418
390.556	0.0532525
391.111	0.0113243
391.667	0.0311465
392.222	0.059187
392.778	0.115518
393.333	0.0113219
393.889	0.00508476
394.444	0.0309212
395	0.144804
395.556	0.0269693
396.111	0.0365245
396.667	0.0155926
397.222	0.0430939
397.778	0.0271633
398.333	0.0381643
398.889	0.0980374
399.444	0.0299515
400	0.0732225
400.556	0.0322359
401.111	0.0986169
401.667	0.0559356
402.222	0.0212417
402.778	0.114811
403.333	0.0056418
403.889	0.0844834
404.444	0.113696
405	0.0441953
405.556	0.0091457
406.111	0.0340504
406.667	0.135649
407.222	0.088167
407.778	0.0301535
408.333	0.00103132
408.889	0.0322596
409.444	0.0586294
410	0.0843785
410.556	0.0382717
411.111	0.037257
411.667	0.0721614
412.222	0.0302256
412.778	0.0243056
413.333	0.0343612
413.889	0.0866084
414.444	0.0810473
415	0.00370296
415.556	0.0704096
416.111	0.0389934
416.667	0.0202653
417.222	0.0687744
417.778	0.0284094
418.333	0.0260615
418.889	0.0363225
419.444	0.0336924
420	0.00400233
420.556	0.0451657
421.111	0.0296898
421.667	0.0429879
422.222	0.0175343
422.778	0.032597
423.333	0.0125205
423.889	0.0770504
424.444	0.0269874
425	0.0428369
425.556	0.044422
426.111	0.024642
426.667	0.0514633
427.222	0.0485291
427.778	0.00441821
428.333	0.00913878
428.889	0.00352065
429.444	0.0730057
430	0.0718266
430.556	0.0264679
431.111	0.0222829
431.667	0.0861921
432.222	0.0595882
432.778	0.0919487
433.333	0.0313578
433.889	0.00229275
434.444	0.0259908
435	0.00852391
435.556	0.00334801
436.111	0.00928688
436.667	0.0249744
437.222	0.0641004
437.778	0.0463709
438.333	0.0860997
438.889	0.0348753
439.444	0.0190626
440	0.0692277
440.556	0.0658802
441.111	0.0667875
441.667	0.0231132
442.222	0.0201917
442.778	0.00695733
443.333	0.04682
443.889	0.0103201
444.444	0.077594
445	0.0356068
445.556	0.0536182
446.111	0.0196578
446.667	0.0353009
447.222	0.0208061
447.778	0.0751959
448.333	0.0680851
448.889	0.0391447
449.444	0.0806989
450	0.0150904
450.556	0.041583
451.111	0.0323022
451.667	0.0112905
452.222	0.0821929
452.778	0.0323418
453.333	0.0422955
453.889	0.0650939
454.444	0.0199276
455	0.0322566
455.556	0.00137405
456.111	0.0041925
456.667	0.048429
457.222	0.0117221
457.778	0.0138497
458.333	0.0344712
458.889	0.0286125
459.444	0.0444189
460	0.00765247
460.556	0.0105877
461.111	0.0238245
461.667	0.0478933
462.222	0.0451453
462.778	0.00935673
463.333	0.062547
463.889	0.0611643
464.444	0.0559698
465	0.0101186
465.556	0.0538726
466.111	0.00205417
466.667	0.0235143
467.222	0.0593951
467.778	0.0456981
468.333	0.0285167
468.889	0.0385113
469.444	0.00975122
470	0.0697689
470.556	0.00709564
471.111	0.0127001
471.667	0.0166122
472.222	0.0133664
472.778	0.072288
473.333	0.0420808
473.889	0.0116028
474.444	0.0621198
475	0.0073679
475.556	0.0137811
476.111	0.000793745
476.667	0.0222844
477.222	0.0670279
477.778	0.0123095
478.333	0.0356692
478.889	0.0487916
479.444	0.068181
480	0.0235297
480.556	0.0330361
481.111	0.0257012
481.667	0.0476943
482.222	0.0295269
482.778	0.0318298
483.333	0.0213695
483.889	0.0560889
484.444	0.00778979
485	0.0019827
485.556	0.0112287
486.111	0.0164733
486.667	0.0199185
487.222	0.0596413
487.778	0.0202054
488.333	0.017357
488.889	0.0250351
489.444	0.0141003
490	0.0470004
490.556	0.0351836
491.111	0.0292294
491.667	0.00363866
492.222	0.0283119
492.778	0.0383674
493.333	0.00167257
493.889	0.00279224
494.444	0.0482641
495	0.043713
495.556	0.00968175
496.111	0.0419389
496.667	0.0437311
497.222	0.00582503
497.778	0.0302874
498.333	0.0114832
498.889	0.00346688
499.444	0.0139986
500	0.0417637
500.556	0.0140466
501.111	0.0331018
501.667	0.0164229
502.222	0.028051
502.778	0.0299217
503.333	0.0314259
503.889	0.00760126
504.444	0.0424057
505	0.0340287
505.556	0.0536385
506.111	0.0276252
506.667	0.00334316
507.222	0.020303
507.778	0.0463537
508.333	0.0449565
508.889	0.0336265
509.444	0.0154046
510	0.0292851
510.556	0.0455468
511.111	0.0130963
511.667	0.01383
512.222	0.00173638
512.778	0.0143923
513.333	0.033459
513.889	0.0467085
514.444	0.0264565
515	0.0173569
515.556	0.0221383
516.111	0.0021957
516.667	0.0118441
517.222	0.0643169
517.778	0.0123317
518.333	0.00739532
518.889	0.0276357
519.444	0.00910491
520	0.0134658
520.556	0.00363615
521.111	0.0535314
521.667	0.0207167
522.222	0.00159766
522.778	0.0201844
523.333	0.0220571
523.889	0.00274813
524.444	0.04416
525	0.0272595
525.556	0.0299793
526.111	0.024469
526.667	0.00246443
527.222	0.0185292
527.778	0.00870448
528.333	0.0232072
528.889	0.0216229
529.444	0.00419581
530	0.00167707
530.556	0.016881
531.111	0.0299593
531.667	0.021454
532.222	0.0299377
532.778	0.00347128
533.333	0.000762793
533.889	0.0440235
534.444	0.00304046
535	0.017271
535.556	0.0275991
536.111	0.00485474
536.667	0.0170715
537.222	0.00182028
537.778	0.0254164
538.333	0.0303765
538.889	0.0341421
539.444	0.0494319
540	0.00541166
540.556	0.0255923
541.111	0.0108043
541.667	0.0167213
542.222	0.00664392
542.778	0.00942221
543.333	0.0668137
543.889	0.013846
544.444	0.015334
545	0.0179896
545.556	0.051011
546.111	0.00870873
546.667	0.0233484
547.222	0.00118536
547.778	0.0243998
548.333	0.00188602
548.889	0.0132429
549.444	0.0116938
550	0.0111973
550.556	0.0414972
551.111	0.0307867
551.667	0.0073702
552.222	0.00838767
552.778	0.000784191
553.333	0.0237345
553.889	0.0283712
554.444	0.00100164
555	0.0106374
555.556	0.00415924
556.111	0.0330744
556.667	0.00286184
557.222	0.0214826
557.778	0.0178842
558.333	0.00552815
558.889	0.00113452
559.444	0.0241262
560	0.00826561
560.556	0.0209591
561.111	0.00116134
561.667	0.0284074
562.222	0.00741902
562.778	0.00420075
563.333	0.0450276
563.889	0.0279866
564.444	0.00355669
565	0.00499169
565.556	0.00249131
566.111	0.00871839
566.667	0.021484
567.222	0.0262846
567.778	0.0302592
568.333	0.00313764
568.889	0.0319272
569.444	0.00334878
570	0.017758
570.556	0.0344804
571.111	0.0203091
571.667	0.00411125
572.222	0.0138751
572.778	0.0031511
573.333	0.00729405
573.889	0.0130176
574.444	0.0193964
575	0.0222241
575.556	0.00863611
576.111	0.0085821
576.667	0.0127159
577.222	0.0064691
577.778	0.024943
578.333	0.0087695
578.889	0.00601749
579.444	0.0157616
580	0.0202589
580.556	0.0185712
581.111	0.0131944
581.667	0.0030438
582.222	0.00336509
582.778	0.0152642
583.333	0.0316385
583.889	0.018381
584.444	0.00460157
585	0.0328501
585.556	0.0232256
586.111	0.0114304
586.667	0.00529813
587.222	0.00676335
587.778	0.0391375
588.333	0.00267561
588.889	0.0219066
589.444	0.0144862
590	0.0334822
590.556	0.0159493
591.111	0.0276094
591.667	0.00206916
592.222	0.022617
592.778	0.000189826
593.333	0.0148423
593.889	0.00356294
594.444	0.00808152
595	0.0153722
595.556	0.00741709
596.111	0.0250268
596.667	0.0126378
597.222	0.00798083
597.778	0.0322762
598.333	0.00588067
598.889	0.00673066
599.444	0.00582837
600	0.0129853
600.556	0.0176355
601.111	0.0288458
601.667	0.00512879
602.222	0.0133436
602.778	0.00712899
603.333	0.0306676
603.889	0.00512582
604.444	0.0106118
605	0.012232
605.556	0.0186331
606.111	0.0290283
606.667	0.0216428
607.222	0.00121672
607.778	0.022384
608.333	0.00772639
608.889	0.00261774
609.444	0.0308635
610	0.0222393
610.556	0.00353268
611.111	0.0282689
611.667	0.000723419
612.222	0.00597877
612.778	0.0168532
613.333	0.022221
613.889	0.0215734
614.444	0.0130535
615	0.0509634
615.556	0.00864513
616.111	0.00989026
616.667	0.0308681
617.222	0.0116844
617.778	0.00610383
618.333	0.0122776
618.889	0.00956789
619.444	0.0114752
620	0.00725024
620.556	0.0239118
621.111	0.00036993
621.667	0.0150621
622.222	0.0059527
622.778	0.0149689
623.333	0.00666501
623.889	0.0175325
624.444	0.00160815
625	0.0120189
625.556	0.0171073
626.111	0.0115123
626.667	9.49788e-05
627.222	0.0205076
627.778	0.0345925
628.333	0.00316693
628.889	0.0142433
629.444	0.0189908
630	0.0165953
630.556	0.00604575
631.111	0.0123405
631.667	0.000817641
632.222	0.0014781
632.778	0.0157077
633.333	0.00633158
633.889	0.020329
634.444	0.0139995
635	0.0128429
635.556	0.0045799
636.111	0.00791264
636.667	0.00528734
637.222	0.0255751
637.778	0.0127307
638.333	0.0138356
638.889	0.0121371
639.444	0.0252596
640	0.00382629
640.556	0.014419
641.111	0.028671
641.667	0.0219711
642.222	0.000687307
642.778	0.00170844
643.333	0.0126942
643.889	0.00123761
644.444	0.00400736
645	0.00606597
645.556	0.00232522
646.111	0.00789257
646.667	0.0319286
647.222	0.00411275
647.778	0.0213279
648.333	0.0225172
648.889	0.00794689
649.444	0.0212388
650	0.00107171
650.556	0.00888562
651.111	0.01866
651.667	0.015156
652.222	0.0253857
652.778	0.0115273
653.333	0.0107085
653.889	0.0340687
654.444	0.0107923
655	0.0182413
655.556	0.0147207
656.111	0.00332679
656.667	0.00942436
657.222	0.016786
657.778	0.0103301
658.333	0.00103431
658.889	0.0026459
659.444	0.0253544
660	0.00690791
660.556	0.00671106
661.111	0.0348758
661.667	0.00452824
662.222	0.00630155
662.778	0.00825932
663.333	0.000531467
663.889	0.00710445
664.444	0.00864373
665	0.019586
665.556	0.0139
666.111	0.0125546
666.667	0.0190107
667.222	0.00263569
667.778	0.00213111
668.333	0.0111235
668.889	0.0229136
669.444	0.000930471
670	0.0075286
670.556	0.00365998
671.111	0.016959
671.667	0.00803876
672.222	0.0192415
672.778	0.0143871
673.333	0.0198308
673.889	0.0152808
674.444	0.0177087
675	0.00208078
675.556	0.0128678
676.111	0.00517903
676.667	0.00533493
677.222	8.27679e-05
677.778	0.0110914
678.333	0.0166279
678.889	0.00838469
679.444	0.0249921
680	0.0121309
680.556	0.0116518
681.111	0.017175
681.667	0.0112261
682.222	0.00668282
682.778	0.00778546
683.333	0.00308827
683.889	0.0166864
684.444	0.0108291
685	0.00725983
685.556	0.0306832
686.111	0.00120587
686.667	0.00711267
687.222	0.00608446
687.778	0.0122816
688.333	0.0186846
688.889	0.017542
689.444	0.0320895
690	0.0038244
690.556	0.00332319
691.111	0.019218
691.667	0.00777635
692.222	0.00190165
692.778	0.0289276
693.333	0.00499134
693.889	0.000958012
694.444	0.00251949
695	0.0053446
695.556	0.00614088
696.111	0.00816602
696.667	0.0101547
697.222	0.0013897
697.778	0.0155815
698.333	0.0147037
698.889	0.00517495
699.444	0.0143704
700	0.0151629
700.556	0.00600224
701.111	0.00730597
701.667	0.000585835
702.222	0.0117253
702.778	0.0158047
703.333	0.00823035
703.889	0.020452
704.444	0.00166036
705	0.0144549
705.556	0.0277057
706.111	0.000850049
706.667	0.00527509
707.222	0.0152132
707.778	0.00153234
708.333	0.00875611
708.889	0.0039996
709.444	0.0152997
710	0.00372904
710.556	0.0128243
711.111	0.0086293
711.667	0.00281232
712.222	0.0105333
712.778	0.0215312
713.333	0.0140235
713.889	0.0143056
714.444	0.0061203
715	0.00867765
715.556	0.0102138
716.111	0.00147391
716.667	0.0243403
717.222	0.0133573
717.778	0.00566069
718.333	0.0233697
718.889	0.00852724
719.444	0.00906323
720	0.0159805
720.556	0.00881665
721.111	0.00144481
721.667	0.00589053
722.222	0.00953191
722.778	0.0165524
723.333	0.00152071
723.889	0.0196708
724.444	0.00750508
725	0.00672171
725.556	0.0129978
726.111	0.0122788
726.667	0.0101217
727.222	0.0110349
727.778	0.0131002
728.333	0.012702
728.889	0.00276737
729.444	0.000668854
730	0.0170007
730.556	0.00341474
731.111	0.0152684
731.667	0.014483
732.222	0.00418319
732.778	0.00813173
733.333	0.0117632
733.889	0.00497163
734.444	0.000234148
735	0.000517473
735.556	0.0153515
736.111	0.00435495
736.667	0.000922212
737.222	0.0246185
737.778	0.00735064
738.333	0.0120461
738.889	0.0122841
739.444	0.00459429
740	0.0220888
740.556	0.00333571
741.111	0.00814093
741.667	0.000681926
742.222	0.00178926
742.778	0.0307359
743.333	0.00260245
743.889	0.00341287
744.444	0.0129125
745	0.00104238
745.556	0.00870246
746.111	0.0133656
746.667	0.0100705
747.222	0.0082599
747.778	0.00282995
748.333	0.0198904
748.889	0.00265397
749.444	0.00231786
750	0.0265107
750.556	0.001735
751.111	0.00157515
751.667	0.0185612
752.222	0.00314928
752.778	0.00937602
753.333	0.00392703
753.889	0.012546
754.444	0.00453244
755	0.00220672
755.556	0.0227302
756.111	2.00672e-05
756.667	0.00614055
757.222	0.0180881
757.778	0.00987814
758.333	0.00115236
758.889	0.0057621
759.444	0.00726197
760	0.00931516
760.556	0.00290279
761.111	0.0066143
761.667	0.00922098
762.222	0.00776046
762.778	0.0165665
763.333	0.00940884
763.889	0.00033799
764.444	0.0155766
765	0.0106274
765.556	0.00488313
766.111	0.00732024
766.667	0.0106245
767.222	0.0166035
767.778	0.00885578
768.333	0.00961223
768.889	0.00796721
769.444	0.0010767
770	0.0194363
770.556	0.00640716
771.111	0.00293842
771.667	0.00434672
772.222	0.00393364
772.778	0.0100873
773.333	0.00112591
773.889	0.0130836
774.444	0.015307
775	0.00821051
775.556	0.00945689
776.111	0.0087233
776.667	0.00340989
777.222	0.0223189
777.778	0.0154397
778.333	0.00420691
778.889	0.00308888
779.444	0.00684501
780	0.0197141
780.556	0.00430493
781.111	0.0057808
781.667	0.0146569
782.222	0.00296146
782.778	0.00395458
783.333	0.0152204
783.889	0.00626749
784.444	0.0128026
785	0.00576103
785.556	0.00303976
786.111	0.00547833
786.667	0.00112882
787.222	0.0242155
787.778	0.00209934
788.333	0.00399791
788.889	0.0193296
789.444	0.00559206
790	0.00804096
790.556	0.0155019
791.111	0.000352145
791.667	0.00467556
792.222	0.00265527
792.778	0.00885383
793.333	0.00688211
793.889	0.00147902
794.444	0.0186662
795	0.00207324
795.556	0.00301569
796.111	0.0127877
796.667	0.00660109
797.222	0.0073679
797.778	0.0115251
798.333	0.00164896
798.889	0.00625288
799.444	0.00943813
800	0.019186
800.556	0.0035767
801.111	0.00417791
801.667	0.0166768
802.222	0.000658011
802.778	0.00144082
803.333	0.0118699
803.889	0.010001
804.444	0.0100906
805	0.00246501
805.556	0.0105014
806.111	0.00585715
806.667	0.00804246
807.222	0.0158926
807.778	0.0114025
808.333	0.00732279
808.889	0.0118082
809.444	0.0038906
810	0.00397435
810.556	0.009201
811.111	0.0096625
811.667	0.0146847
812.222	0.00321396
812.778	0.012661
813.333	0.00494303
813.889	0.00803191
814.444	0.0161553
815	0.00824546
815.556	0.00457852
816.111	0.00926728
816.667	0.00829296
817.222	0.00348348
817.778	0.00875865
818.333	0.0111068
818.889	0.0151724
819.444	0.00564881
820	0.00591166
820.556	0.0149067
821.111	1.95413e-06
821.667	0.0132759
822.222	0.00405402
822.778	0.000312325
823.333	0.00884776
823.889	0.00355065
824.444	0.0141907
825	0.00449072
825.556	0.00494497
826.111	0.0146909
826.667	0.0116121
827.222	0.00882236
827.778	0.0153562
828.333	0.00949949
828.889	0.0128532
829.444	0.00488864
830	4.25151e-05
830.556	0.00610715
831.111	0.00327863
831.667	0.0210227
832.222	0.00476142
832.778	0.0030087
833.333	0.0121363
833.889	0.00778843
834.444	0.0064184
835	0.015395
835.556	0.00730095
836.111	0.0117257
836.667	0.00197636
837.222	0.00456849
837.778	0.0042076
838.333	0.00438104
838.889	0.0190469
839.444	0.000314436
840	0.002827
840.556	0.0117768
841.111	0.00181285
841.667	0.00431728
842.222	0.0106511
842.778	0.01017
843.333	0.00591902
843.889	0.00250708
844.444	0.0080994
845	0.00461552
845.556	0.00335733
846.111	0.019862
846.667	0.00120704
847.222	0.000716754
847.778	0.0124551
848.333	0.00627652
848.889	0.00561111
849.444	0.0112791
850	0.00765357
850.556	0.0113841
851.111	0.000992954
851.667	0.0136714
852.222	0.00808503
852.778	0.00652781
853.333	0.0117429
853.889	0.00255005
854.444	0.00403493
855	0.0112202
855.556	0.0129765
856.111	0.016338
856.667	0.00141702
857.222	0.00191806
857.778	0.00673278
858.333	0.00294552
858.889	0.0159356
859.444	0.0129145
860	0.00442835
860.556	0.00946661
861.111	0.000432734
861.667	0.00569186
862.222	0.00703561
862.778	0.00974067
863.333	0.0158356
863.889	0.00629965
864.444	0.00891653
865	0.0107369
865.556	0.00179498
866.111	0.0189942
866.667	0.0130227
867.222	0.000818775
867.778	0.00723458
868.333	0.000893541
868.889	0.0110946
869.444	0.0049478
870	0.0106322
870.556	0.0150061
871.111	0.00562684
871.667	0.0063968
872.222	0.00901704
872.778	0.00216622
873.333	0.0103662
873.889	0.00700231
874.444	0.00534522
875	0.00815814
875.556	0.0038492
876.111	0.0161069
876.667	0.00141482
877.222	0.00552154
877.778	0.0136738
878.333	0.00163046
878.889	0.00687336
879.444	0.0179864
880	0.00632294
880.556	0.00672276
881.111	0.0028138
881.667	0.0042562
882.222	0.0041383
882.778	0.00698203
883.333	0.0152807
883.889	0.00272748
884.444	0.00194167
885	0.0110641
885.556	0.000972471
886.111	0.00910484
886.667	0.0111042
887.222	0.000695804
887.778	0.00501163
888.333	0.00215344
888.889	0.0112655
889.444	0.0099558
890	0.00718843
890.556	0.0117573
891.111	0.00252458
891.667	0.000173821
892.222	0.0102159
892.778	0.00564999
893.333	0.0114014
893.889	0.00702297
894.444	0.00872488
895	0.00881324
895.556	0.00319977
896.111	0.0133726
896.667	0.00811111
897.222	0.00548103
897.778	0.0114842
898.333	0.00375361
898.889	0.00157064
899.444	0.0104501
900	0.00958666
900.556	0.0102349
901.111	0.00052085
901.667	0.0103308
902.222	0.00814028
902.778	0.000985137
903.333	0.0122217
903.889	0.00684871
904.444	0.00223168
905	0.0117935
905.556	0.000968364
906.111	0.0101807
906.667	0.0100376
907.222	0.00563622
907.778	0.00733689
908.333	0.000332805
908.889	0.00809615
909.444	0.0125649
910	0.00472705
910.556	0.0128369
911.111	0.00523076
911.667	0.000796666
912.222	0.00643822
912.778	0.00543127
913.333	0.0124409
913.889	0.00560968
914.444	0.00555873
915	0.00857923
915.556	0.00582899
916.111	0.00779659
916.667	0.0135838
917.222	0.00502416
917.778	0.00741712
918.333	0.00707611
918.889	0.00174513
919.444	0.0116784
920	0.00747428
920.556	0.011791
921.111	0.00521968
921.667	0.00518605
922.222	0.0121171
922.778	0.0015364
923.333	0.00915777
923.889	0.0114659
924.444	0.00489534
925	0.00944955
925.556	0.0068821
926.111	0.00623103
926.667	0.00971536
927.222	0.00570862
927.778	0.0107039
928.333	0.00165342
928.889	0.00491854
929.444	0.01127
930	0.00590058
930.556	0.0069129
931.111	0.0105065
931.667	0.00139049
932.222	0.00849365
932.778	0.000944899
933.333	0.0110296
933.889	0.00727394
934.444	0.00421009
935	0.00919797
935.556	0.00296672
936.111	0.00495639
936.667	0.0134632
937.222	0.00964211
937.778	0.00669472
938.333	0.00711954
938.889	0.00346493
939.444	0.00632516
940	0.00542347
940.556	0.0171719
941.111	0.00619237
941.667	0.00413708
942.222	0.008373
942.778	0.000474155
943.333	0.00529446
943.889	0.0171729
944.444	0.00680922
945	0.00829252
945.556	0.00299642
946.111	0.00629031
946.667	0.00794117
947.222	0.00716892
947.778	0.0134561
948.333	0.0064496
948.889	0.00245061
949.444	0.00665316
950	0.00363842
950.556	0.0108381
951.111	0.0110513
951.667	0.0061238
952.222	0.00703517
952.778	0.000748664
953.333	0.0117573
953.889	0.0116826
954.444	0.00344145
955	0.0081246
955.556	0.00631786
956.111	0.00226253
956.667	0.0120988
957.222	0.00439577
957.778	0.00974205
958.333	0.00738818
958.889	0.00473959
959.444	0.0122792
960	0.0053169
960.556	0.01288
961.111	0.0118583
961.667	0.000841713
962.222	0.0078827
962.778	0.0048289
963.333	0.00389883
963.889	0.0121845
964.444	0.00757168
965	0.00833018
965.556	0.00391735
966.111	0.0023811
966.667	0.0100228
967.222	0.00190941
967.778	0.0129554
968.333	0.010317
968.889	0.000744667
969.444	0.00677208
970	0.00317141
970.556	0.0110651
971.111	0.0147942
971.667	0.0098869
972.222	0.00905221
972.778	0.000174208
973.333	0.00105039
973.889	0.00648844
974.444	0.00507637
975	0.0127956
975.556	0.0088217
976.111	0.000438873
976.667	0.00459889
977.222	0.00174496
977.778	0.00889455
978.333	0.00975768
978.889	0.00647732
979.444	0.0095248
980	0.00108806
980.556	0.00624232
981.111	0.0106278
981.667	0.0056437
982.222	0.0100891
982.778	0.00880998
983.333	0.00298468
983.889	0.00929958
984.444	0.00362313
985	0.0113815
985.556	0.00701647
986.111	0.00354246
986.667	0.00907428
987.222	0.00145584
987.778	0.0105231
988.333	0.0107177
988.889	0.00413943
989.444	0.00843107
990	0.00301778
990.556	0.00690431
991.111	0.0108733
991.667	0.0073795
992.222	0.011848
992.778	0.00510902
993.333	0.000179628
993.889	0.009333
994.444	0.00763736
995	0.014196
995.556	0.0137566
996.111	0.00212383
996.667	0.0035962
997.222	0.000757238
997.778	0.0104675
998.333	0.0113053
998.889	0.00563753
999.444	0.00991236
1000	7.76742e-05
1000.56	7.76742e-05
1001.11	0.00991236
1001.67	0.00563753
1002.22	0.0113053
1002.78	0.0104675
1003.33	0.000757238
1003.89	0.0035962
1004.44	0.00212383
1005	0.0137566
1005.56	0.014196
1006.11	0.00763736
1006.67	0.009333
1007.22	0.000179628
1007.78	0.00510902
1008.33	0.011848
1008.89	0.0073795
1009.44	0.0108733
1010	0.00690431
1010.56	0.00301778
1011.11	0.00843107
1011.67	0.00413943
1012.22	0.0107177
1012.78	0.0105231
1013.33	0.00145584
1013.89	0.00907428
1014.44	0.00354246
1015	0.00701647
1015.56	0.0113815
1016.11	0.00362313
1016.67	0.00929958
1017.22	0.00298468
1017.78	0.00880998
1018.33	0.0100891
1018.89	0.0056437
1019.44	0.0106278
1020	0.00624232
1020.56	0.00108806
1021.11	0.0095248
1021.67	0.00647732
1022.22	0.00975768
1022.78	0.00889455
1023.33	0.00174496
1023.89	0.00459889
1024.44	0.000438873
1025	0.0088217
1025.56	0.0127956
1026.11	0.00507637
1026.67	0.00648844
1027.22	0.00105039
1027.78	0.000174208
1028.33	0.00905221
1028.89	0.0098869
1029.44	0.0147942
1030	0.0110651
1030.56	0.00317141
1031.11	0.00677208
1031.67	0.000744667
1032.22	0.010317
1032.78	0.0129554
1033.33	0.00190941
1033.89	0.0100228
1034.44	0.0023811
1035	0.00391735
1035.56	0.00833018
1036.11	0.00757168
1036.67	0.0121845
1037.22	0.00389883
1037.78	0.0048289
1038.33	0.0078827
1038.89	0.000841713
1039.44	0.0118583
1040	0.01288
1040.56	0.0053169
1041.11	0.0122792
1041.67	0.00473959
1042.22	0.00738818
1042.78	0.00974205
1043.33	0.00439577
1043.89	0.0120988
1044.44	0.00226253
1045	0.00631786
1045.56	0.0081246
1046.11	0.00344145
1046.67	0.0116826
1047.22	0.0117573
1047.78	0.000748664
1048.33	0.00703517
1048.89	0.0061238
1049.44	0.0110513
1050	0.0108381
1050.56	0.00363842
1051.11	0.00665316
1051.67	0.00245061
1052.22	0.0064496
1052.78	0.0134561
1053.33	0.00716892
1053.89	0.00794117
1054.44	0.00629031
1055	0.00299642
1055.56	0.00829252
1056.11	0.00680922
1056.67	0.0171729
1057.22	0.00529446
1057.78	0.000474155
1058.33	0.008373
1058.89	0.00413708
1059.44	0.00619237
1060	0.0171719
1060.56	0.00542347
1061.11	0.00632516
1061.67	0.00346493
1062.22	0.00711954
1062.78	0.00669472
1063.33	0.00964211
1063.89	0.0134632
1064.44	0.00495639
1065	0.00296672
1065.56	0.00919797
1066.11	0.00421009
1066.67	0.00727394
1067.22	0.0110296
1067.78	0.000944899
1068.33	0.00849365
1068.89	0.00139049
1069.44	0.0105065
1070	0.0069129
1070.56	0.00590058
1071.11	0.01127
1071.67	0.00491854
1072.22	0.00165342
1072.78	0.0107039
1073.33	0.00570862
1073.89	0.00971536
1074.44	0.00623103
1075	0.0068821
1075.56	0.00944955
1076.11	0.00489534
1076.67	0.0114659
1077.22	0.00915777
1077.78	0.0015364
1078.33	0.0121171
1078.89	0.00518605
1079.44	0.00521968
1080	0.011791
1080.56	0.00747428
1081.11	0.0116784
1081.67	0.00174513
1082.22	0.00707611
1082.78	0.00741712
1083.33	0.00502416
1083.89	0.0135838
1084.44	0.00779659
1085	0.00582899
1085.56	0.00857923
1086.11	0.00555873
1086.67	0.00560968
1087.22	0.0124409
1087.78	0.00543127
1088.33	0.00643822
1088.89	0.000796666
1089.44	0.00523076
1090	0.0128369
1090.56	0.00472705
1091.11	0.0125649
1091.67	0.00809615
1092.22	0.000332805
1092.78	0.00733689
1093.33	0.00563622
1093.89	0.0100376
1094.44	0.0101807
1095	0.000968364
1095.56	0.0117935
1096.11	0.00223168
1096.67	0.00684871
1097.22	0.0122217
1097.78	0.000985137
1098.33	0.00814028
1098.89	0.0103308
1099.44	0.00052085
1100	0.0102349
1100.56	0.00958666
1101.11	0.0104501
1101.67	0.00157064
1102.22	0.00375361
1102.78	0.0114842
1103.33	0.00548103
1103.89	0.00811111
1104.44	0.0133726
1105	0.00319977
1105.56	0.00881324
1106.11	0.00872488
1106.67	0.00702297
1107.22	0.0114014
1107.78	0.00564999
1108.33	0.0102159
1108.89	0.000173821
1109.44	0.00252458
1110	0.0117573
1110.56	0.00718843
1111.11	0.0099558
1111.67	0.0112655
1112.22	0.00215344
1112.78	0.00501163
1113.33	0.000695804
1113.89	0.0111042
1114.44	0.00910484
1115	0.000972471
1115.56	0.0110641
1116.11	0.00194167
1116.67	0.00272748
1117.22	0.0152807
1117.78	0.00698203
1118.33	0.0041383
1118.89	0.0042562
1119.44	0.0028138
1120	0.00672276
1120.56	0.00632294
1121.11	0.0179864
1121.67	0.00687336
1122.22	0.00163046
1122.78	0.0136738
1123.33	0.00552154
1123.89	0.00141482
1124.44	0.0161069
1125	0.0038492
1125.56	0.00815814
1126.11	0.00534522
1126.67	0.00700231
1127.22	0.0103662
1127.78	0.00216622
1128.33	0.00901704
1128.89	0.0063968
1129.44	0.00562684
1130	0.0150061
1130.56	0.0106322
1131.11	0.0049478
1131.67	0.0110946
1132.22	0.000893541
1132.78	0.00723458
1133.33	0.000818775
1133.89	0.0130227
1134.44	0.0189942
1135	0.00179498
1135.56	0.0107369
1136.11	0.00891653
1136.67	0.00629965
1137.22	0.0158356
1137.78	0.00974067
1138.33	0.00703561
1138.89	0.00569186
1139.44	0.000432734
1140	0.00946661
1140.56	0.00442835
1141.11	0.0129145
1141.67	0.0159356
1142.22	0.00294552
1142.78	0.00673278
1143.33	0.00191806
1143.89	0.00141702
1144.44	0.016338
1145	0.0129765
1145.56	0.0112202
1146.11	0.00403493
1146.67	0.00255005
1147.22	0.0117429
1147.78	0.00652781
1148.33	0.00808503
1148.89	0.0136714
1149.44	0.000992954
1150	0.0113841
1150.56	0.00765357
1151.11	0.0112791
1151.67	0.00561111
1152.22	0.00627652
1152.78	0.0124551
1153.33	0.000716754
1153.89	0.00120704
1154.44	0.019862
1155	0.00335733
1155.56	0.00461552
1156.11	0.0080994
1156.67	0.00250708
1157.22	0.00591902
1157.78	0.01017
1158.33	0.0106511
1158.89	0.00431728
1159.44	0.00181285
1160	0.0117768
1160.56	0.002827
1161.11	0.000314436
1161.67	0.0190469
1162.22	0.00438104
1162.78	0.0042076
1163.33	0.00456849
1163.89	0.00197636
1164.44	0.0117257
1165	0.00730095
1165.56	0.015395
1166.11	0.0064184
1166.67	0.00778843
1167.22	0.0121363
1167.78	0.0030087
1168.33	0.00476142
1168.89	0.0210227
1169.44	0.00327863
1170	0.00610715
1170.56	4.25151e-05
1171.11	0.00488864
1171.67	0.0128532
1172.22	0.00949949
1172.78	0.0153562
1173.33	0.00882236
1173.89	0.0116121
1174.44	0.0146909
1175	0.00494497
1175.56	0.00449072
1176.11	0.0141907
1176.67	0.00355065
1177.22	0.00884776
1177.78	0.000312325
1178.33	0.00405402
1178.89	0.0132759
1179.44	1.95413e-06
1180	0.0149067
1180.56	0.00591166
1181.11	0.00564881
1181.67	0.0151724
1182.22	0.0111068
1182.78	0.00875865
1183.33	0.00348348
1183.89	0.00829296
1184.44	0.00926728
1185	0.00457852
1185.56	0.00824546
1186.11	0.0161553
1186.67	0.00803191
1187.22	0.00494303
1187.78	0.012661
1188.33	0.00321396
1188.89	0.0146847
1189.44	0.0096625
1190	0.009201
1190.56	0.00397435
1191.11	0.0038906
1191.67	0.0118082
1192.22	0.00732279
1192.78	0.0114025
1193.33	0.0158926
1193.89	0.00804246
1194.44	0.00585715
1195	0.0105014
1195.56	0.00246501
1196.11	0.0100906
1196.67	0.010001
1197.22	0.0118699
1197.78	0.00144082
1198.33	0.000658011
1198.89	0.0166768
1199.44	0.00417791
1200	0.0035767
1200.56	0.019186
1201.11	0.00943813
1201.67	0.00625288
1202.22	0.00164896
1202.78	0.0115251
1203.33	0.0073679
1203.89	0.00660109
1204.44	0.0127877
1205	0.00301569
1205.56	0.00207324
1206.11	0.0186662
1206.67	0.00147902
1207.22	0.00688211
1207.78	0.00885383
1208.33	0.00265527
1208.89	0.00467556
1209.44	0.000352145
1210	0.0155019
1210.56	0.00804096
1211.11	0.00559206
1211.67	0.0193296
1212.22	0.00399791
1212.78	0.00209934
1213.33	0.0242155
1213.89	0.00112882
1214.44	0.00547833
1215	0.00303976
1215.56	0.00576103
1216.11	0.0128026
1216.67	0.00626749
1217.22	0.0152204
1217.78	0.00395458
1218.33	0.00296146
1218.89	0.0146569
1219.44	0.0057808
1220	0.00430493
1220.56	0.0197141
1221.11	0.00684501
1221.67	0.00308888
1222.22	0.00420691
1222.78	0.0154397
1223.33	0.0223189
1223.89	0.00340989
1224.44	0.0087233
1225	0.00945689
1225.56	0.00821051
1226.11	0.015307
1226.67	0.0130836
1227.22	0.00112591
1227.78	0.0100873
1228.33	0.00393364
1228.89	0.00434672
1229.44	0.00293842
1230	0.00640716
1230.56	0.0194363
1231.11	0.0010767
1231.67	0.00796721
1232.22	0.00961223
1232.78	0.00885578
1233.33	0.0166035
1233.89	0.0106245
1234.44	0.00732024
1235	0.00488313
1235.56	0.0106274
1236.11	0.0155766
1236.67	0.00033799
1237.22	0.00940884
1237.78	0.0165665
1238.33	0.00776046
1238.89	0.00922098
1239.44	0.0066143
1240	0.00290279
1240.56	0.00931516
1241.11	0.00726197
1241.67	0.0057621
1242.22	0.00115236
1242.78	0.00987814
1243.33	0.0180881
1243.89	0.00614055
1244.44	2.00672e-05
1245	0.0227302
1245.56	0.00220672
1246.11	0.00453244
1246.67	0.012546
1247.22	0.00392703
1247.78	0.00937602
1248.33	0.00314928
1248.89	0.0185612
1249.44	0.00157515
1250	0.001735
1250.56	0.0265107
1251.11	0.00231786
1251.67	0.00265397
1252.22	0.0198904
1252.78	0.00282995
1253.33	0.0082599
1253.89	0.0100705
1254.44	0.0133656
1255	0.00870246
1255.56	0.00104238
1256.11	0.0129125
1256.67	0.00341287
1257.22	0.00260245
1257.78	0.0307359
1258.33	0.00178926
1258.89	0.000681926
1259.44	0.00814093
1260	0.00333571
1260.56	0.0220888
1261.11	0.00459429
1261.67	0.0122841
1262.22	0.0120461
1262.78	0.00735064
1263.33	0.0246185
1263.89	0.000922212
1264.44	0.00435495
1265	0.0153515
1265.56	0.000517473
1266.11	0.000234148
1266.67	0.00497163
1267.22	0.0117632
1267.78	0.00813173
1268.33	0.00418319
1268.89	0.014483
1269.44	0.0152684
1270	0.00341474
1270.56	0.0170007
1271.11	0.000668854
1271.67	0.00276737
1272.22	0.012702
1272.78	0.0131002
1273.33	0.0110349
1273.89	0.0101217
1274.44	0.0122788
1275	0.0129978
1275.56	0.00672171
1276.11	0.00750508
1276.67	0.0196708
1277.22	0.00152071
1277.78	0.0165524
1278.33	0.00953191
1278.89	0.00589053
1279.44	0.00144481
1280	0.00881665
1280.56	0.0159805
1281.11	0.00906323
1281.67	0.00852724
1282.22	0.0233697
1282.78	0.00566069
1283.33	0.0133573
1283.89	0.0243403
1284.44	0.00147391
1285	0.0102138
1285.56	0.00867765
1286.11	0.0061203
1286.67	0.0143056
1287.22	0.0140235
1287.78	0.0215312
1288.33	0.0105333
1288.89	0.00281232
1289.44	0.0086293
1290	0.0128243
1290.56	0.00372904
1291.11	0.0152997
1291.67	0.0039996
1292.22	0.00875611
1292.78	0.00153234
1293.33	0.0152132
1293.89	0.00527509
1294.44	0.000850049
1295	0.0277057
1295.56	0.0144549
1296.11	0.00166036
1296.67	0.020452
1297.22	0.00823035
1297.78	0.0158047
1298.33	0.0117253
1298.89	0.000585835
1299.44	0.00730597
1300	0.00600224
1300.56	0.0151629
1301.11	0.0143704
1301.67	0.00517495
1302.22	0.0147037
1302.78	0.0155815
1303.33	0.0013897
1303.89	0.0101547
1304.44	0.00816602
1305	0.00614088
1305.56	0.0053446
1306.11	0.00251949
1306.67	0.000958012
1307.22	0.00499134
1307.78	0.0289276
1308.33	0.00190165
1308.89	0.00777635
1309.44	0.019218
1310	0.00332319
1310.56	0.0038244
1311.11	0.0320895
1311.67	0.017542
1312.22	0.0186846
1312.78	0.0122816
1313.33	0.00608446
1313.89	0.00711267
1314.44	0.00120587
1315	0.0306832
1315.56	0.00725983
1316.11	0.0108291
1316.67	0.0166864
1317.22	0.00308827
1317.78	0.00778546
1318.33	0.00668282
1318.89	0.0112261
1319.44	0.017175
1320	0.0116518
1320.56	0.0121309
1321.11	0.0249921
1321.67	0.00838469
1322.22	0.0166279
1322.78	0.0110914
1323.33	8.27679e-05
1323.89	0.00533493
1324.44	0.00517903
1325	0.0128678
1325.56	0.00208078
1326.11	0.0177087
1326.67	0.0152808
1327.22	0.0198308
1327.78	0.0143871
1328.33	0.0192415
1328.89	0.00803876
1329.44	0.016959
1330	0.00365998
1330.56	0.0075286
1331.11	0.000930471
1331.67	0.0229136
1332.22	0.0111235
1332.78	0.00213111
1333.33	0.00263569
1333.89	0.0190107
1334.44	0.0125546
1335	0.0139
1335.56	0.019586
1336.11	0.00864373
1336.67	0.00710445
1337.22	0.000531467
1337.78	0.00825932
1338.33	0.00630155
1338.89	0.00452824
1339.44	0.0348758
1340	0.00671106
1340.56	0.00690791
1341.11	0.0253544
1341.67	0.0026459
1342.22	0.00103431
1342.78	0.0103301
1343.33	0.016786
1343.89	0.00942436
1344.44	0.00332679
1345	0.0147207
1345.56	0.0182413
1346.11	0.0107923
1346.67	0.0340687
1347.22	0.0107085
1347.78	0.0115273
1348.33	0.0253857
1348.89	0.015156
1349.44	0.01866
1350	0.00888562
1350.56	0.00107171
1351.11	0.0212388
1351.67	0.00794689
1352.22	0.0225172
1352.78	0.0213279
1353.33	0.00411275
1353.89	0.0319286
1354.44	0.00789257
1355	0.00232522
1355.56	0.00606597
1356.11	0.00400736
1356.67	0.00123761
1357.22	0.0126942
1357.78	0.00170844
1358.33	0.000687307
1358.89	0.0219711
1359.44	0.028671
1360	0.014419
1360.56	0.00382629
1361.11	0.0252596
1361.67	0.0121371
1362.22	0.0138356
1362.78	0.0127307
1363.33	0.0255751
1363.89	0.00528734
1364.44	0.00791264
1365	0.0045799
1365.56	0.0128429
1366.11	0.0139995
1366.67	0.020329
1367.22	0.00633158
1367.78	0.0157077
1368.33	0.0014781
1368.89	0.000817641
1369.44	0.0123405
1370	0.00604575
1370.56	0.0165953
1371.11	0.0189908
1371.67	0.0142433
1372.22	0.00316693
1372.78	0.0345925
1373.33	0.0205076
1373.89	9.49788e-05
1374.44	0.0115123
1375	0.0171073
1375.56	0.0120189
1376.11	0.00160815
1376.67	0.0175325
1377.22	0.00666501
1377.78	0.0149689
1378.33	0.0059527
1378.89	0.0150621
1379.44	0.00036993
1380	0.0239118
1380.56	0.00725024
1381.11	0.0114752
1381.67	0.00956789
1382.22	0.0122776
1382.78	0.00610383
1383.33	0.0116844
1383.89	0.0308681
1384.44	0.00989026
1385	0.00864513
1385.56	0.0509634
1386.11	0.0130535
1386.67	0.0215734
1387.22	0.022221
1387.78	0.0168532
1388.33	0.00597877
1388.89	0.000723419
1389.44	0.0282689
1390	0.00353268
1390.56	0.0222393
1391.11	0.0308635
1391.67	0.00261774
1392.22	0.00772639
1392.78	0.022384
1393.33	0.00121672
1393.89	0.0216428
1394.44	0.0290283
1395	0.0186331
1395.56	0.012232
1396.11	0.0106118
1396.67	0.00512582
1397.22	0.0306676
1397.78	0.00712899
1398.33	0.0133436
1398.89	0.00512879
1399.44	0.0288458
1400	0.0176355
1400.56	0.0129853
1401.11	0.00582837
1401.67	0.00673066
1402.22	0.00588067
1402.78	0.0322762
1403.33	0.00798083
1403.89	0.0126378
1404.44	0.0250268
1405	0.00741709
1405.56	0.0153722
1406.11	0.00808152
1406.67	0.00356294
1407.22	0.0148423
1407.78	0.000189826
1408.33	0.022617
1408.89	0.00206916
1409.44	0.0276094
1410	0.0159493
1410.56	0.0334822
1411.11	0.0144862
1411.67	0.0219066
1412.22	0.00267561
1412.78	0.0391375
1413.33	0.00676335
1413.89	0.00529813
1414.44	0.0114304
1415	0.0232256
1415.56	0.0328501
1416.11	0.00460157
1416.67	0.018381
1417.22	0.0316385
1417.78	0.0152642
1418.33	0.00336509
1418.89	0.0030438
1419.44	0.0131944
1420	0.0185712
1420.56	0.0202589
1421.11	0.0157616
1421.67	0.00601749
1422.22	0.0087695
1422.78	0.024943
1423.33	0.0064691
1423.89	0.0127159
1424.44	0.0085821
1425	0.00863611
1425.56	0.0222241
1426.11	0.0193964
1426.67	0.0130176
1427.22	0.00729405
1427.78	0.0031511
1428.33	0.0138751
1428.89	0.00411125
1429.44	0.0203091
1430	0.0344804
1430.56	0.017758
1431.11	0.00334878
1431.67	0.0319272
1432.22	0.00313764
1432.78	0.0302592
1433.33	0.0262846
1433.89	0.021484
1434.44	0.00871839
1435	0.00249131
1435.56	0.00499169
1436.11	0.00355669
1436.67	0.0279866
1437.22	0.0450276
1437.78	0.00420075
1438.33	0.00741902
1438.89	0.0284074
1439.44	0.00116134
1440	0.0209591
1440.56	0.00826561
1441.11	0.0241262
1441.67	0.00113452
1442.22	0.00552815
1442.78	0.0178842
1443.33	0.0214826
1443.89	0.00286184
1444.44	0.0330744
1445	0.00415924
1445.56	0.0106374
1446.11	0.00100164
1446.67	0.0283712
1447.22	0.0237345
1447.78	0.000784191
1448.33	0.00838767
1448.89	0.0073702
1449.44	0.0307867
1450	0.0414972
1450.56	0.0111973
1451.11	0.0116938
1451.67	0.0132429
1452.22	0.00188602
1452.78	0.0243998
1453.33	0.00118536
1453.89	0.0233484
1454.44	0.00870873
1455	0.051011
1455.56	0.0179896
1456.11	0.015334
1456.67	0.013846
1457.22	0.0668137
1457.78	0.00942221
1458.33	0.00664392
1458.89	0.0167213
1459.44	0.0108043
1460	0.0255923
1460.56	0.00541166
1461.11	0.0494319
1461.67	0.0341421
1462.22	0.0303765
1462.78	0.0254164
1463.33	0.00182028
1463.89	0.0170715
1464.44	0.00485474
1465	0.0275991
1465.56	0.017271
1466.11	0.00304046
1466.67	0.0440235
1467.22	0.000762793
1467.78	0.00347128
1468.33	0.0299377
1468.89	0.021454
1469.44	0.0299593
1470	0.016881
1470.56	0.00167707
1471.11	0.00419581
1471.67	0.0216229
1472.22	0.0232072
1472.78	0.00870448
1473.33	0.0185292
1473.89	0.00246443
1474.44	0.024469
1475	0.0299793
1475.56	0.0272595
1476.11	0.04416
1476.67	0.00274813
1477.22	0.0220571
1477.78	0.0201844
1478.33	0.00159766
1478.89	0.0207167
1479.44	0.0535314
1480	0.00363615
1480.56	0.0134658
1481.11	0.00910491
1481.67	0.0276357
1482.22	0.00739532
1482.78	0.0123317
1483.33	0.0643169
1483.89	0.0118441
1484.44	0.0021957
1485	0.0221383
1485.56	0.0173569
1486.11	0.0264565
1486.67	0.0467085
1487.22	0.033459
1487.78	0.0143923
1488.33	0.00173638
1488.89	0.01383
1489.44	0.0130963
1490	0.0455468
1490.56	0.0292851
1491.11	0.0154046
1491.67	0.0336265
1492.22	0.0449565
1492.78	0.0463537
1493.33	0.020303
1493.89	0.00334316
1494.44	0.0276252
1495	0.0536385
1495.56	0.0340287
1496.11	0.0424057
1496.67	0.00760126
1497.22	0.0314259
1497.78	0.0299217
1498.33	0.028051
1498.89	0.0164229
1499.44	0.0331018
1500	0.0140466
1500.56	0.0417637
1501.11	0.0139986
1501.67	0.00346688
1502.22	0.0114832
1502.78	0.0302874
1503.33	0.00582503
1503.89	0.0437311
1504.44	0.0419389
1505	0.00968175
1505.56	0.043713
1506.11	0.0482641
1506.67	0.00279224
1507.22	0.00167257
1507.78	0.0383674
1508.33	0.0283119
1508.89	0.00363866
1509.44	0.0292294
1510	0.0351836
1510.56	0.0470004
1511.11	0.0141003
1511.67	0.0250351
1512.22	0.017357
1512.78	0.0202054
1513.33	0.0596413
1513.89	0.0199185
1514.44	0.0164733
1515	0.0112287
1515.56	0.0019827
1516.11	0.00778979
1516.67	0.0560889
1517.22	0.0213695
1517.78	0.0318298
1518.33	0.0295269
1518.89	0.0476943
1519.44	0.0257012
1520	0.0330361
1520.56	0.0235297
1521.11	0.068181
1521.67	0.0487916
1522.22	0.0356692
1522.78	0.0123095
1523.33	0.0670279
1523.89	0.0222844
1524.44	0.000793745
1525	0.0137811
1525.56	0.0073679
1526.11	0.0621198
1526.67	0.0116028
1527.22	0.0420808
1527.78	0.072288
1528.33	0.0133664
1528.89	0.0166122
1529.44	0.0127001
1530	0.00709564
1530.56	0.0697689
1531.11	0.00975122
1531.67	0.0385113
1532.22	0.0285167
1532.78	0.0456981
1533.33	0.0593951
1533.89	0.0235143
1534.44	0.00205417
1535	0.0538726
1535.56	0.0101186
1536.11	0.0559698
1536.67	0.0611643
1537.22	0.062547
1537.78	0.00935673
1538.33	0.0451453
1538.89	0.0478933
1539.44	0.0238245
1540	0.0105877
1540.56	0.00765247
1541.11	0.0444189
1541.67	0.0286125
1542.22	0.0344712
1542.78	0.0138497
1543.33	0.0117221
1543.89	0.048429
1544.44	0.0041925
1545	0.00137405
1545.56	0.0322566
1546.11	0.0199276
1546.67	0.0650939
1547.22	0.0422955
1547.78	0.0323418
1548.33	0.0821929
1548.89	0.0112905
1549.44	0.0323022
1550	0.041583
1550.56	0.0150904
1551.11	0.0806989
1551.67	0.0391447
1552.22	0.0680851
1552.78	0.0751959
1553.33	0.0208061
1553.89	0.0353009
1554.44	0.0196578
1555	0.0536182
1555.56	0.0356068
1556.11	0.077594
1556.67	0.0103201
1557.22	0.04682
1557.78	0.00695733
1558.33	0.0201917
1558.89	0.0231132
1559.44	0.0667875
1560	0.0658802
1560.56	0.0692277
1561.11	0.0190626
1561.67	0.0348753
1562.22	0.0860997
1562.78	0.0463709
1563.33	0.0641004
1563.89	0.0249744
1564.44	0.00928688
1565	0.00334801
1565.56	0.00852391
1566.11	0.0259908
1566.67	0.00229275
1567.22	0.0313578
1567.78	0.0919487
1568.33	0.0595882
1568.89	0.0861921
1569.44	0.0222829
1570	0.0264679
1570.56	0.0718266
1571.11	0.0730057
1571.67	0.00352065
1572.22	0.00913878
1572.78	0.00441821
1573.33	0.0485291
1573.89	0.0514633
1574.44	0.024642
1575	0.044422
1575.56	0.0428369
1576.11	0.0269874
1576.67	0.0770504
1577.22	0.0125205
1577.78	0.032597
1578.33	0.0175343
1578.89	0.0429879
1579.44	0.0296898
1580	0.0451657
1580.56	0.00400233
1581.11	0.0336924
1581.67	0.0363225
1582.22	0.0260615
1582.78	0.0284094
1583.33	0.0687744
1583.89	0.0202653
1584.44	0.0389934
1585	0.0704096
1585.56	0.00370296
1586.11	0.0810473
1586.67	0.0866084
1587.22	0.0343612
1587.78	0.0243056
1588.33	0.0302256
1588.89	0.0721614
1589.44	0.037257
1590	0.0382717
1590.56	0.0843785
1591.11	0.0586294
1591.67	0.0322596
1592.22	0.00103132
1592.78	0.0301535
1593.33	0.088167
1593.89	0.135649
1594.44	0.0340504
1595	0.0091457
1595.56	0.0441953
1596.11	0.113696
1596.67	0.0844834
1597.22	0.0056418
1597.78	0.114811
1598.33	0.0212417
1598.89	0.0559356
1599.44	0.0986169
1600	0.0322359
1600.56	0.0732225
1601.11	0.0299515
1601.67	0.0980374
1602.22	0.0381643
1602.78	0.0271633
1603.33	0.0430939
1603.89	0.0155926
1604.44	0.0365245
1605	0.0269693
1605.56	0.144804
1606.11	0.0309212
1606.67	0.00508476
1607.22	0.0113219
1607.78	0.115518
1608.33	0.059187
1608.89	0.0311465
1609.44	0.0113243
1610	0.0532525
1610.56	0.0804418
1611.11	0.0306463
1611.67	0.0940692
1612.22	0.143902
1612.78	0.0235732
1613.33	0.00944275
1613.89	0.00900555
1614.44	0.00530497
1615	0.0804737
1615.56	0.10632
1616.11	0.0222504
1616.67	0.0332474
1617.22	0.0538694
1617.78	0.0577201
1618.33	0.087037
1618.89	0.0905
1619.44	0.0472212
1620	0.0090164
1620.56	0.10329
1621.11	0.0645083
1621.67	0.155439
1622.22	0.0573723
1622.78	0.0613882
1623.33	0.0188666
1623.89	0.10632
1624.44	0.0853107
1625	0.0725694
1625.56	0.0278641
1626.11	0.105066
1626.67	0.0741835
1627.22	0.131809
1627.78	0.0325147
1628.33	0.0387298
1628.89	0.024142
1629.44	0.0311605
1630	0.0875079
1630.56	0.0413188
1631.11	0.010495
1631.67	0.126515
1632.22	0.0396063
1632.78	0.0841133
1633.33	0.103425
1633.89	0.0556336
1634.44	0.00240642
1635	0.0482889
1635.56	0.208613
1636.11	0.0240824
1636.67	0.0789658
1637.22	0.0104127
1637.78	0.0285927
1638.33	0.113359
1638.89	0.181632
1639.44	0.0573072
1640	0.0481105
1640.56	0.0218215
1641.11	0.0415801
1641.67	0.0709708
1642.22	0.132389
1642.78	0.13201
1643.33	0.0756288
1643.89	0.00539994
1644.44	0.116201
1645	0.0937236
1645.56	0.0952415
1646.11	0.0422238
1646.67	0.188207
1647.22	0.019858
1647.78	0.0736783
1648.33	0.203481
1648.89	0.00825153
1649.44	0.0342739
1650	0.0173105
1650.56	0.141421
1651.11	0.0744114
1651.67	0.0788155
1652.22	0.229719
1652.78	0.0196223
1653.33	0.137821
1653.89	0.128118
1654.44	0.076222
1655	0.135109
1655.56	0.0196784
1656.11	0.0977506
1656.67	0.082414
1657.22	0.110356
1657.78	0.0875589
1658.33	0.078758
1658.89	0.163485
1659.44	0.122674
1660	0.0778979
1660.56	0.0123616
1661.11	0.0796564
1661.67	0.148855
1662.22	0.0707845
1662.78	0.01666
1663.33	0.0671054
1663.89	0.19132
1664.44	0.065928
1665	0.078248
1665.56	0.261318
1666.11	0.0285282
1666.67	0.100705
1667.22	0.0719547
1667.78	0.0743364
1668.33	0.10194
1668.89	0.0747786
1669.44	0.0153623
1670	0.0226548
1670.56	0.03805
1671.11	0.065471
1671.67	0.00740293
1672.22	0.222118
1672.78	0.217257
1673.33	0.184753
1673.89	0.0318469
1674.44	0.00589193
1675	0.164707
1675.56	0.221835
1676.11	0.00194827
1676.67	0.19519
1677.22	0.246624
1677.78	0.218029
1678.33	0.0236198
1678.89	0.222362
1679.44	0.0911728
1680	0.00195605
1680.56	0.0646841
1681.11	0.224744
1681.67	0.0421373
1682.22	0.171358
1682.78	0.180974
1683.33	0.0267711
1683.89	0.161272
1684.44	0.0546488
1685	0.121118
1685.56	0.0493732
1686.11	0.00585614
1686.67	0.115253
1687.22	0.0238027
1687.78	0.00867621
1688.33	0.33749
1688.89	0.168824
1689.44	0.160367
1690	0.0026338
1690.56	0.0293643
1691.11	0.354607
1691.67	0.0130997
1692.22	0.251606
1692.78	0.0640439
1693.33	0.0514032
1693.89	0.191368
1694.44	0.0878897
1695	0.09941
1695.56	0.186107
1696.11	0.00702261
1696.67	0.235126
1697.22	0.106855
1697.78	0.117673
1698.33	0.159032
1698.89	0.0589828
1699.44	0.196264
1700	0.123891
1700.56	0.0414073
1701.11	0.103155
1701.67	0.104287
1702.22	0.134668
1702.78	0.0882316
1703.33	0.13667
1703.89	0.0252046
1704.44	0.0511345
1705	0.308411
1705.56	0.135251
1706.11	0.0418222
1706.67	0.179415
1707.22	0.167592
1707.78	0.0780409
1708.33	0.222321
1708.89	0.0284821
1709.44	0.14033
1710	0.20718
1710.56	0.0476987
1711.11	0.0501536
1711.67	0.16715
1712.22	0.0600793
1712.78	0.225588
1713.33	0.0191568
1713.89	0.103045
1714.44	0.0760576
1715	0.359263
1715.56	0.0281428
1716.11	0.0718846
1716.67	0.535319
1717.22	0.0638996
1717.78	0.0145987
1718.33	0.0847919
1718.89	0.510721
1719.44	0.117089
1720	0.121232
1720.56	0.314117
1721.11	0.514744
1721.67	0.204731
1722.22	0.32133
1722.78	0.0733333
1723.33	0.0618708
1723.89	0.301993
1724.44	0.194569
1725	0.0465949
1725.56	0.0573575
1726.11	0.0985812
1726.67	0.524801
1727.22	0.22263
1727.78	0.139198
1728.33	0.385328
1728.89	0.31103
1729.44	0.338285
1730	0.264605
1730.56	0.249388
1731.11	0.15999
1731.67	0.0298702
1732.22	0.270223
1732.78	0.206853
1733.33	0.13784
1733.89	0.211406
1734.44	0.373041
1735	0.462296
1735.56	0.115016
1736.11	0.570169
1736.67	0.364251
1737.22	0.299535
1737.78	0.113999
1738.33	0.21369
1738.89	0.0463252
1739.44	0.31014
1740	0.368941
1740.56	0.068855
1741.11	0.0435777
1741.67	0.029169
1742.22	0.247076
1742.78	0.0622481
1743.33	0.142382
1743.89	0.182135
1744.44	0.156674
1745	0.0770104
1745.56	0.212113
1746.11	0.0648392
1746.67	0.044969
1747.22	0.0106553
1747.78	0.253317
1748.33	0.482678
1748.89	0.272092
1749.44	0.317667
1750	0.0744566
1750.56	0.0834806
1751.11	0.797638
1751.67	0.97433
1752.22	0.172494
1752.78	0.238935
1753.33	0.322451
1753.89	0.481007
1754.44	0.162891
1755	0.271613
1755.56	0.575801
1756.11	0.0337721
1756.67	0.46632
1757.22	0.220469
1757.78	0.252966
1758.33	0.0416994
1758.89	0.357863
1759.44	0.498005
1760	0.254166
1760.56	0.131687
1761.11	0.219219
1761.67	0.0536776
1762.22	0.0738847
1762.78	0.0949824
1763.33	0.0199896
1763.89	0.339985
1764.44	0.374836
1765	0.00966744
1765.56	0.369473
1766.11	0.53423
1766.67	0.68053
1767.22	0.0212382
1767.78	0.688703
1768.33	0.255744
1768.89	0.0549916
1769.44	0.937833
1770	0.20225
1770.56	0.792551
1771.11	0.44595
1771.67	0.173611
1772.22	0.464621
1772.78	0.171093
1773.33	0.0175021
1773.89	0.109119
1774.44	0.144543
1775	0.429809
1775.56	0.923192
1776.11	0.109575
1776.67	0.223006
1777.22	0.230778
1777.78	0.382965
1778.33	0.353433
1778.89	0.282369
1779.44	0.230851
1780	0.026782
1780.56	0.331064
1781.11	0.138557
1781.67	0.449812
1782.22	0.577101
1782.78	0.840169
1783.33	0.202768
1783.89	0.435082
1784.44	0.0122994
1785	1.15951
1785.56	0.790653
1786.11	0.0617966
1786.67	0.118252
1787.22	0.357875
1787.78	0.106259
1788.33	0.333601
1788.89	0.568385
1789.44	0.286909
1790	1.16803
1790.56	0.151442
1791.11	0.394393
1791.67	0.481792
1792.22	0.406839
1792.78	0.29499
1793.33	0.0088439
1793.89	0.295685
1794.44	0.547402
1795	0.156144
1795.56	0.859659
1796.11	0.759722
1796.67	0.181857
1797.22	0.402528
1797.78	0.540083
1798.33	0.702104
1798.89	1.14008
1799.44	0.601799
1800	0.385505
1800.56	0.935137
1801.11	0.346239
1801.67	0.00358925
1802.22	0.157374
1802.78	0.0883553
1803.33	0.730334
1803.89	0.38613
1804.44	0.719784
1805	0.911759
1805.56	0.691129
1806.11	0.557978
1806.67	0.794085
1807.22	0.230574
1807.78	0.25538
1808.33	0.169983
1808.89	0.989133
1809.44	0.301882
1810	0.0767591
1810.56	0.132958
1811.11	0.078227
1811.67	0.718197
1812.22	0.920899
1812.78	0.481675
1813.33	1.14227
1813.89	0.652805
1814.44	0.348859
1815	0.111614
1815.56	0.423167
1816.11	0.505104
1816.67	0.0869937
1817.22	0.24297
1817.78	0.0350296
1818.33	0.093826
1818.89	0.000854923
1819.44	0.368724
1820	0.301867
1820.56	0.119616
1821.11	0.761709
1821.67	0.579925
1822.22	0.705253
1822.78	0.821486
1823.33	0.0258577
1823.89	0.808357
1824.44	0.856567
1825	0.718394
1825.56	0.788529
1826.11	0.0956308
1826.67	1.07516
1827.22	0.845353
1827.78	0.391233
1828.33	0.184737
1828.89	0.265149
1829.44	1.115
1830	0.795689
1830.56	0.006872
1831.11	0.612757
1831.67	0.598953
1832.22	0.16427
1832.78	0.505036
1833.33	0.532697
1833.89	0.667212
1834.44	0.537529
1835	0.255023
1835.56	0.365515
1836.11	0.60319
1836.67	0.111779
1837.22	0.545686
1837.78	0.478525
1838.33	0.767129
1838.89	1.12812
1839.44	0.351486
1840	0.314122
1840.56	0.436038
1841.11	0.7774
1841.67	0.145932
1842.22	0.753146
1842.78	0.465912
1843.33	0.415152
1843.89	0.247148
1844.44	0.23093
1845	0.0548591
1845.56	0.191475
1846.11	0.246954
1846.67	0.483746
1847.22	0.413848
1847.78	0.524191
1848.33	0.671267
1848.89	0.48578
1849.44	0.504351
1850	0.370515
1850.56	0.640209
1851.11	0.582113
1851.67	1.20187
1852.22	1.00122
1852.78	0.267114
1853.33	1.10469
1853.89	0.626337
1854.44	0.971275
1855	0.142334
1855.56	0.907977
1856.11	0.542246
1856.67	0.987959
1857.22	0.596153
1857.78	0.37477
1858.33	0.775247
1858.89	0.182521
1859.44	0.972549
1860	0.600338
1860.56	0.432576
1861.11	0.346114
1861.67	0.0493909
1862.22	0.15833
1862.78	0.392287
1863.33	2.06921
1863.89	0.430393
1864.44	0.00398708
1865	0.0752668
1865.56	0.119672
1866.11	1.36995
1866.67	0.861679
1867.22	0.122616
1867.78	0.312276
1868.33	0.106834
1868.89	0.384121
1869.44	0.726965
1870	1.22343
1870.56	1.29171
1871.11	0.304175
1871.67	0.53686
1872.22	0.0323939
1872.78	0.643718
1873.33	0.512955
1873.89	0.246676
1874.44	0.448731
1875	0.806252
1875.56	1.07746
1876.11	1.00037
1876.67	0.800229
1877.22	0.0700704
1877.78	1.16836
1878.33	0.194981
1878.89	0.496458
1879.44	0.128448
1880	0.400145
1880.56	0.188087
1881.11	0.0679804
1881.67	0.409309
1882.22	0.116371
1882.78	0.550822
1883.33	0.424478
1883.89	0.44496
1884.44	0.319587
1885	0.0879679
1885.56	0.236027
1886.11	0.536492
1886.67	0.303494
1887.22	0.398604
1887.78	1.63822
1888.33	1.13312
1888.89	0.263273
1889.44	1.32554
1890	0.8049
1890.56	0.870902
1891.11	0.238621
1891.67	0.557108
1892.22	0.212132
1892.78	0.78549
1893.33	0.112655
1893.89	0.116172
1894.44	0.378807
1895	0.169596
1895.56	0.606369
1896.11	0.365942
1896.67	0.340647
1897.22	0.0921658
1897.78	0.305054
1898.33	0.703059
1898.89	0.941978
1899.44	0.461915
1900	0.0523429
1900.56	0.636369
1901.11	1.72836
1901.67	0.314855
1902.22	0.67263
1902.78	0.934931
1903.33	0.153552
1903.89	0.502826
1904.44	1.07372
1905	0.358081
1905.56	0.508761
1906.11	0.104532
1906.67	0.545344
1907.22	0.692295
1907.78	1.24135
1908.33	0.336906
1908.89	0.673022
1909.44	2.07336
1910	0.737383
1910.56	0.893613
1911.11	0.259939
1911.67	0.995378
1912.22	0.412593
1912.78	0.335659
1913.33	1.91486
1913.89	0.029647
1914.44	0.16726
1915	1.93975
1915.56	1.18898
1916.11	1.0468
1916.67	0.730032
1917.22	0.330477
1917.78	0.470079
1918.33	0.0629258
1918.89	0.149095
1919.44	0.532805
1920	1.23588
1920.56	0.507238
1921.11	0.305768
1921.67	0.630827
1922.22	0.401682
1922.78	1.10743
1923.33	0.146193
1923.89	0.939151
1924.44	0.338303
1925	0.679099
1925.56	0.0687626
1926.11	0.35568
1926.67	0.0798706
1927.22	0.628499
1927.78	0.214127
1928.33	1.33946
1928.89	0.442228
1929.44	1.59838
1930	0.368163
1930.56	0.895336
1931.11	1.05773
1931.67	1.51892
1932.22	0.36551
1932.78	0.536422
1933.33	0.941676
1933.89	0.408284
1934.44	0.779778
1935	0.556534
1935.56	1.42124
1936.11	1.6751
1936.67	0.28378
1937.22	0.201418
1937.78	0.120011
1938.33	0.153587
1938.89	0.529267
1939.44	0.125659
1940	0.0434601
1940.56	0.0979346
1941.11	0.566943
1941.67	0.879459
1942.22	0.675801
1942.78	1.18138
1943.33	0.308285
1943.89	0.680871
1944.44	0.127604
1945	0.580415
1945.56	0.104696
1946.11	1.41892
1946.67	2.20017
1947.22	1.03473
1947.78	1.06019
1948.33	0.417023
1948.89	1.25597
1949.44	0.786409
1950	0.206972
1950.56	0.7398
1951.11	0.164929
1951.67	1.62058
1952.22	0.633186
1952.78	1.22369
1953.33	0.33689
1953.89	1.04437
1954.44	0.177089
1955	0.0739884
1955.56	1.10828
1956.11	0.58071
1956.67	1.38193
1957.22	0.122873
1957.78	0.618797
1958.33	0.9404
1958.89	0.719051
1959.44	0.755748
1960	1.36359
1960.56	0.769246
1961.11	0.703835
1961.67	1.07917
1962.22	1.14244
1962.78	2.0162
1963.33	0.973966
1963.89	1.1413
1964.44	1.15019
1965	0.0709661
1965.56	0.654798
1966.11	0.816217
1966.67	1.32804
1967.22	0.551958
1967.78	0.813681
1968.33	0.248933
1968.89	0.559824
1969.44	0.781852
1970	1.77076
1970.56	0.623397
1971.11	1.23353
1971.67	0.0304561
1972.22	0.339595
1972.78	0.460079
1973.33	0.200012
1973.89	0.844269
1974.44	1.24052
1975	0.512055
1975.56	0.699066
1976.11	2.72594
1976.67	0.584281
1977.22	0.0920455
1977.78	1.44816
1978.33	2.09789
1978.89	0.0419627
1979.44	1.20936
1980	0.783138
1980.56	0.529085
1981.11	0.497259
1981.67	0.103859
1982.22	2.84
1982.78	0.853898
1983.33	0.0477443
1983.89	0.903743
1984.44	0.760608
1985	0.583256
1985.56	1.4762
1986.11	0.596102
1986.67	1.19858
1987.22	1.03931
1987.78	0.258316
1988.33	0.385369
1988.89	1.65606
1989.44	0.39669
1990	1.18065
1990.56	1.31915
1991.11	0.00575821
1991.67	0.601811
1992.22	0.480392
1992.78	0.231538
1993.33	0.817666
1993.89	0.691166
1994.44	0.608992
1995	0.429622
1995.56	1.03252
1996.11	0.193276
1996.67	1.61749
1997.22	0.931874
1997.78	1.45732
1998.33	1.42614
1998.89	1.22524
1999.44	1.99237
2000	0.123768
