t	etaU
0	3.13984e-15
0.555556	0.926304
1.11111	0.467708
1.66667	2.70155
2.22222	1.24027
2.77778	0.921768
3.33333	0.56216
3.88889	1.17962
4.44444	0.0863996
5	1.91422
5.55556	1.9213
6.11111	0.254023
6.66667	0.157181
7.22222	0.800581
7.77778	0.500509
8.33333	0.538247
8.88889	1.46239
9.44444	0.371973
10	0.516198
10.5556	0.413878
11.1111	0.211863
11.6667	0.210523
12.2222	0.59255
12.7778	0.0892251
13.3333	2.5592
13.8889	0.987117
14.4444	2.34401
15	0.184758
15.5556	0.427375
16.1111	0.0193566
16.6667	1.54443
17.2222	1.81537
17.7778	0.231268
18.3333	0.278237
18.8889	2.06148
19.4444	0.270475
20	0.485716
20.5556	0.869909
21.1111	1.56145
21.6667	1.70957
22.2222	0.328992
22.7778	0.811068
23.3333	0.50874
23.8889	0.574358
24.4444	1.14418
25	1.66392
25.5556	0.51791
26.1111	1.21434
26.6667	0.353328
27.2222	0.0677024
27.7778	0.886316
28.3333	0.153109
28.8889	0.348823
29.4444	1.25175
30	0.0933262
30.5556	0.482851
31.1111	0.422159
31.6667	0.787306
32.2222	0.119144
32.7778	0.00713381
33.3333	0.634992
33.8889	0.590524
34.4444	0.283876
35	0.0634235
35.5556	0.26871
36.1111	0.255094
36.6667	0.389245
37.2222	0.860791
37.7778	0.445939
38.3333	0.571317
38.8889	0.155749
39.4444	0.601597
40	0.675699
40.5556	0.175441
41.1111	0.27262
41.6667	0.545978
42.2222	0.173276
42.7778	0.778392
43.3333	0.479908
43.8889	0.582453
44.4444	0.111256
45	0.183582
45.5556	0.224243
46.1111	0.251029
46.6667	0.0567863
47.2222	0.418568
47.7778	0.478904
48.3333	0.0248589
48.8889	0.745486
49.4444	0.0264426
50	0.306078
50.5556	0.449579
51.1111	0.729916
51.6667	0.180471
52.2222	0.0225687
52.7778	0.539638
53.3333	0.333197
53.8889	0.438205
54.4444	0.0124715
55	0.125107
55.5556	0.192526
56.1111	0.194043
56.6667	0.956501
57.2222	0.00657066
57.7778	0.0220938
58.3333	0.531212
58.8889	0.55893
59.4444	0.481544
60	0.193951
60.5556	0.630677
61.1111	0.485276
61.6667	0.356483
62.2222	0.170741
62.7778	0.0411192
63.3333	0.0742996
63.8889	0.387095
64.4444	0.184112
65	0.7724
65.5556	0.0844567
66.1111	1.13871
66.6667	0.803507
67.2222	0.272001
67.7778	0.225389
68.3333	0.644066
68.8889	0.201399
69.4444	0.691997
70	0.790261
70.5556	0.6388
71.1111	0.0838589
71.6667	0.0942068
72.2222	0.276706
72.7778	0.262671
73.3333	0.155555
73.8889	0.251379
74.4444	0.107743
75	0.390679
75.5556	0.183155
76.1111	0.786347
76.6667	0.178665
77.2222	0.101793
77.7778	0.029156
78.3333	0.200032
78.8889	0.720416
79.4444	0.541566
80	0.310335
80.5556	0.10496
81.1111	0.373776
81.6667	0.418884
82.2222	0.0174058
82.7778	0.192877
83.3333	0.243138
83.8889	0.0371688
84.4444	0.615371
85	0.0198569
85.5556	0.0459134
86.1111	0.0741708
86.6667	0.228198
87.2222	0.486054
87.7778	0.0472769
88.3333	0.100451
88.8889	0.36236
89.4444	0.100272
90	0.0186729
90.5556	0.183285
91.1111	0.387658
91.6667	0.469785
92.2222	0.153417
92.7778	0.331001
93.3333	0.226139
93.8889	0.178454
94.4444	0.0845275
95	0.206719
95.5556	0.117891
96.1111	0.396723
96.6667	0.183282
97.2222	0.228405
97.7778	0.0395564
98.3333	0.0622621
98.8889	0.0553124
99.4444	0.00794229
100	0.00115438
100.556	0.330765
101.111	0.791523
101.667	0.352201
102.222	0.170715
102.778	0.208155
103.333	0.358144
103.889	0.15648
104.444	0.141659
105	0.0479896
105.556	0.237408
106.111	0.105767
106.667	0.0992112
107.222	0.334967
107.778	0.293986
108.333	0.0869726
108.889	0.0671086
109.444	0.114992
110	0.0778204
110.556	0.240423
111.111	0.217664
111.667	0.111372
112.222	0.151209
112.778	0.27953
113.333	0.145909
113.889	0.248692
114.444	0.38255
115	0.0554635
115.556	0.127313
116.111	0.354422
116.667	0.101944
117.222	0.282775
117.778	0.369776
118.333	0.151448
118.889	0.26194
119.444	0.385003
120	0.39606
120.556	0.121977
121.111	0.0596061
121.667	0.160023
122.222	0.262194
122.778	0.16042
123.333	0.176712
123.889	0.0622094
124.444	0.0805149
125	0.467822
125.556	0.548016
126.111	0.0936188
126.667	0.102177
127.222	0.0717546
127.778	0.114618
128.333	0.401402
128.889	0.0798971
129.444	0.00619774
130	0.103085
130.556	0.264564
131.111	0.129379
131.667	0.177617
132.222	0.0119967
132.778	0.110086
133.333	0.0169927
133.889	0.224274
134.444	0.166141
135	0.122942
135.556	0.515036
136.111	0.105852
136.667	0.183708
137.222	0.00116071
137.778	0.273052
138.333	0.636647
138.889	0.233079
139.444	0.140382
140	0.602391
140.556	0.905196
141.111	0.433372
141.667	1.09252
142.222	0.318245
142.778	1.20447
143.333	0.222282
143.889	0.494136
144.444	0.148897
145	0.88546
145.556	0.0762011
146.111	0.0678787
146.667	0.0864576
147.222	0.352032
147.778	0.270156
148.333	0.090002
148.889	0.0107289
149.444	0.0747069
150	0.0631844
150.556	0.157182
151.111	0.329757
151.667	0.413715
152.222	0.12073
152.778	0.217747
153.333	0.117641
153.889	0.212397
154.444	0.261461
155	0.0742995
155.556	0.179611
156.111	0.0898474
156.667	0.313042
157.222	0.284122
157.778	0.0523223
158.333	0.136424
158.889	0.0264101
159.444	0.111838
160	0.185699
160.556	0.0354734
161.111	0.356337
161.667	0.036158
162.222	0.0407597
162.778	0.121273
163.333	0.0795646
163.889	0.153786
164.444	0.0521633
165	0.0601539
165.556	0.145282
166.111	0.171513
166.667	0.114219
167.222	0.0261126
167.778	0.07835
168.333	0.0966991
168.889	0.0846171
169.444	0.0587958
170	0.108089
170.556	0.222436
171.111	0.036004
171.667	0.129437
172.222	0.241437
172.778	0.0615619
173.333	0.13713
173.889	0.167383
174.444	0.0280587
175	0.101287
175.556	0.0311884
176.111	0.096199
176.667	0.244739
177.222	0.0271559
177.778	0.139973
178.333	0.0817402
178.889	0.120082
179.444	0.0225429
180	0.00659085
180.556	0.00290264
181.111	0.0543432
181.667	0.191901
182.222	0.277148
182.778	0.0405589
183.333	0.0723739
183.889	0.149936
184.444	0.0297359
185	0.179901
185.556	0.105668
186.111	0.141223
186.667	0.0730337
187.222	0.124878
187.778	0.00735296
188.333	0.0149913
188.889	0.0728857
189.444	0.149731
190	0.0455277
190.556	0.292181
191.111	0.0836037
191.667	0.151815
192.222	0.108634
192.778	0.013468
193.333	0.00268506
193.889	0.0426138
194.444	0.141274
195	0.0294808
195.556	0.0307577
196.111	0.0305518
196.667	0.114129
197.222	0.00627685
197.778	0.243689
198.333	0.123628
198.889	0.113654
199.444	0.0385714
200	0.0357671
200.556	0.0337238
201.111	0.0574944
201.667	0.146548
202.222	0.123508
202.778	0.130752
203.333	0.0701439
203.889	0.12672
204.444	0.0859955
205	0.0877105
205.556	0.172253
206.111	0.0167704
206.667	0.0756641
207.222	0.127127
207.778	0.0131897
208.333	0.0157711
208.889	0.116889
209.444	0.0578871
210	0.0167195
210.556	0.0420051
211.111	0.0381095
211.667	0.0638605
212.222	0.0796366
212.778	0.0152988
213.333	0.0576445
213.889	0.0665641
214.444	0.0787051
215	0.0310392
215.556	0.00756747
216.111	0.0912177
216.667	0.013467
217.222	0.0204236
217.778	0.118445
218.333	0.0161048
218.889	0.149991
219.444	0.0648934
220	0.0905263
220.556	0.037092
221.111	0.01645
221.667	0.0816198
222.222	0.0501658
222.778	0.0394824
223.333	0.115352
223.889	0.110062
224.444	0.0116123
225	0.0762018
225.556	0.0284487
226.111	0.145935
226.667	0.00467033
227.222	0.0347419
227.778	0.0607831
228.333	0.0826158
228.889	0.000168561
229.444	0.0417405
230	0.0224447
230.556	0.0958324
231.111	0.00137621
231.667	0.0800944
232.222	0.0695613
232.778	0.0568126
233.333	0.0378313
233.889	0.00609897
234.444	0.0105283
235	0.0269622
235.556	0.10911
236.111	0.0358909
236.667	0.00738268
237.222	0.028221
237.778	0.000428103
238.333	0.0632285
238.889	0.0444343
239.444	0.0820347
240	0.0380915
240.556	0.0303792
241.111	6.06482e-05
241.667	0.00612333
242.222	0.0435061
242.778	0.0700478
243.333	0.0118035
243.889	7.97398e-05
244.444	0.079728
245	0.0662919
245.556	0.129512
246.111	0.0117922
246.667	0.0828512
247.222	0.0612583
247.778	0.0477561
248.333	0.00607013
248.889	0.0457717
249.444	0.0243229
250	0.0273304
250.556	0.00864881
251.111	0.00992986
251.667	0.0283968
252.222	0.00994532
252.778	0.0647911
253.333	0.0425387
253.889	0.0671184
254.444	0.0387681
255	0.0405873
255.556	0.122946
256.111	0.0190562
256.667	0.0363058
257.222	0.000664436
257.778	0.0579875
258.333	0.0261006
258.889	0.0550616
259.444	0.0525715
260	0.0425596
260.556	0.0920177
261.111	0.00985966
261.667	0.0114866
262.222	0.0068973
262.778	0.113734
263.333	0.019263
263.889	0.0813576
264.444	0.00521261
265	0.064278
265.556	0.0388695
266.111	0.0130658
266.667	0.032647
267.222	0.0254372
267.778	0.0602986
268.333	0.0485414
268.889	0.0300248
269.444	0.0441272
270	0.000618918
270.556	0.0313255
271.111	0.00112855
271.667	0.0753734
272.222	0.0613616
272.778	0.0110111
273.333	0.0346268
273.889	0.0192754
274.444	0.0257618
275	0.0110218
275.556	0.0440474
276.111	0.0075161
276.667	0.00172901
277.222	0.0437342
277.778	0.102068
278.333	0.0504146
278.889	0.0238408
279.444	0.0128769
280	0.033506
280.556	0.0616506
281.111	0.00399581
281.667	0.036495
282.222	0.0260529
282.778	0.0337989
283.333	0.0230265
283.889	0.0331123
284.444	0.00335705
285	0.00146663
285.556	0.0280884
286.111	0.0625961
286.667	0.0316506
287.222	0.00335489
287.778	0.0411054
288.333	0.0005592
288.889	0.0368757
289.444	0.0237893
290	0.000882702
290.556	0.0229709
291.111	0.0450858
291.667	0.0218804
292.222	0.0422721
292.778	0.0331559
293.333	0.0353047
293.889	0.0618976
294.444	0.0768001
295	0.0515417
295.556	0.0587042
296.111	0.0148425
296.667	0.0161749
297.222	0.0655964
297.778	0.0416634
298.333	0.0442736
298.889	0.075831
299.444	0.0124886
300	0.00146795
300.556	0.0568399
301.111	0.0227879
301.667	0.0371306
302.222	0.0442497
302.778	0.0483702
303.333	0.0146311
303.889	0.0192001
304.444	0.0556181
305	0.0016813
305.556	0.0181446
306.111	0.0183135
306.667	0.0145122
307.222	0.0101807
307.778	0.0208496
308.333	0.0318668
308.889	0.0272134
309.444	0.00228125
310	0.0457254
310.556	0.00460356
311.111	0.0118476
311.667	0.0318914
312.222	0.0385562
312.778	0.0206924
313.333	0.050754
313.889	0.0273857
314.444	0.0105242
315	0.00672446
315.556	0.0404105
316.111	0.0405046
316.667	0.00969772
317.222	0.00598766
317.778	4.56087e-05
318.333	0.0177298
318.889	0.0582549
319.444	0.0391532
320	0.0182563
320.556	0.00593543
321.111	0.062466
321.667	0.0724025
322.222	0.00831788
322.778	0.00188561
323.333	0.000986114
323.889	0.0563273
324.444	0.0122507
325	0.0332408
325.556	0.0239741
326.111	0.0123915
326.667	0.00466215
327.222	0.0187568
327.778	0.00707037
328.333	0.00960189
328.889	0.0140915
329.444	0.00651869
330	0.00335938
330.556	0.0386381
331.111	0.0521538
331.667	0.0524758
332.222	0.0236609
332.778	0.0341792
333.333	0.0265247
333.889	0.000843979
334.444	0.00958234
335	0.0342087
335.556	0.0135788
336.111	0.00401232
336.667	0.0276654
337.222	0.0237639
337.778	0.0104247
338.333	0.00827269
338.889	0.0029138
339.444	0.0158942
340	0.0130083
340.556	0.0350121
341.111	0.00144214
341.667	0.00799028
342.222	0.0229732
342.778	0.00278377
343.333	0.0376612
343.889	0.0231162
344.444	0.0241974
345	0.0449682
345.556	0.0125338
346.111	0.0246706
346.667	0.0254769
347.222	0.0260217
347.778	0.0127353
348.333	0.020083
348.889	0.0808666
349.444	0.0212363
350	0.00628078
350.556	0.0108401
351.111	0.00244956
351.667	0.0129272
352.222	0.059904
352.778	0.0133434
353.333	0.0207568
353.889	0.0329348
354.444	0.014308
355	0.000895261
355.556	0.0188297
356.111	0.0392566
356.667	0.00864783
357.222	0.0286967
357.778	0.00659095
358.333	0.0354385
358.889	0.00268632
359.444	0.0159275
360	0.0489199
360.556	0.00392139
361.111	0.00310445
361.667	0.00473173
362.222	0.01313
362.778	0.00634621
363.333	0.0550435
363.889	0.00289548
364.444	0.0210434
365	0.00978275
365.556	0.0255712
366.111	0.0182748
366.667	0.021334
367.222	0.0337016
367.778	0.0276749
368.333	0.000146962
368.889	0.0106247
369.444	0.00018244
370	0.00153832
370.556	0.0164545
371.111	0.0184016
371.667	0.0214481
372.222	0.00564405
372.778	0.0050655
373.333	0.0218904
373.889	0.00794713
374.444	0.0137658
375	0.0368224
375.556	0.0100955
376.111	0.00078447
376.667	0.00224053
377.222	0.0282059
377.778	0.0088058
378.333	0.0294175
378.889	0.00725277
379.444	0.00539769
380	0.0258009
380.556	0.00514829
381.111	0.00173327
381.667	0.0136976
382.222	0.00371427
382.778	0.0186424
383.333	0.0264848
383.889	0.00721814
384.444	0.00542184
385	0.0250917
385.556	0.00908249
386.111	0.00704472
386.667	0.00439197
387.222	0.0262488
387.778	0.0304162
388.333	0.0111146
388.889	0.000259023
389.444	0.00607874
390	0.00518196
390.556	0.0116537
391.111	0.000114958
391.667	0.0319302
392.222	0.0103917
392.778	0.0095195
393.333	0.0170699
393.889	0.0175931
394.444	0.030483
395	0.0153196
395.556	0.00110668
396.111	0.00382664
396.667	0.0152514
397.222	0.00508865
397.778	0.00365486
398.333	0.0182557
398.889	0.0287479
399.444	0.0062417
400	0.0451649
400.556	0.00565145
401.111	0.0341484
401.667	0.0187916
402.222	0.0421524
402.778	0.0248353
403.333	0.0108667
403.889	0.00491667
404.444	0.00512247
405	0.00438813
405.556	0.00312904
406.111	0.0325809
406.667	0.0174497
407.222	0.00272237
407.778	0.00254251
408.333	0.0152717
408.889	0.0244539
409.444	0.0196817
410	0.00720999
410.556	0.00966873
411.111	0.00719177
411.667	0.00453947
412.222	0.00628158
412.778	0.0049055
413.333	0.0182979
413.889	0.0258424
414.444	0.0225952
415	0.00615066
415.556	0.00199607
416.111	0.00697003
416.667	0.0229121
417.222	0.0166817
417.778	0.0170754
418.333	0.00920595
418.889	0.00422538
419.444	0.0120652
420	0.0382047
420.556	0.0138802
421.111	0.006657
421.667	0.00252268
422.222	0.0402294
422.778	0.00677363
423.333	0.0108176
423.889	0.0145881
424.444	0.00469489
425	0.00483676
425.556	0.0176453
426.111	0.0173872
426.667	0.0200677
427.222	0.030444
427.778	0.00307384
428.333	0.00302309
428.889	0.0115595
429.444	0.0216786
430	0.011471
430.556	0.0132625
431.111	0.0204993
431.667	0.0385139
432.222	0.00998373
432.778	0.00115716
433.333	0.0320823
433.889	0.0149492
434.444	0.0070365
435	0.00911888
435.556	0.00421224
436.111	0.00087388
436.667	0.0113702
437.222	0.0277401
437.778	0.0417661
438.333	0.00925303
438.889	0.0154795
439.444	0.00078539
440	0.00902519
440.556	0.0334269
441.111	0.0346598
441.667	0.00585274
442.222	0.00192316
442.778	0.0115479
443.333	0.0052214
443.889	0.0105998
444.444	0.00751921
445	0.0306923
445.556	0.00677337
446.111	0.00662316
446.667	0.0106075
447.222	0.00523976
447.778	0.00786015
448.333	0.0232533
448.889	0.00523943
449.444	0.0217317
450	0.000431128
450.556	0.0152113
451.111	0.0119431
451.667	0.00391375
452.222	0.0244477
452.778	0.00962142
453.333	0.00172192
453.889	0.0167263
454.444	0.00080829
455	0.00188823
455.556	0.00373764
456.111	0.00901147
456.667	0.0177925
457.222	0.0118608
457.778	0.0278912
458.333	0.0202958
458.889	0.0210465
459.444	0.00356415
460	0.0143262
460.556	0.0238339
461.111	0.0297272
461.667	0.0141444
462.222	0.00896849
462.778	0.0273563
463.333	0.00357334
463.889	0.0231479
464.444	0.0173552
465	0.0272018
465.556	0.000795169
466.111	0.0431566
466.667	0.000325346
467.222	0.000151302
467.778	0.0142691
468.333	0.0170404
468.889	0.00720217
469.444	0.000272691
470	0.0310161
470.556	0.00368367
471.111	0.0105423
471.667	0.00768082
472.222	0.0270414
472.778	0.00615812
473.333	0.0232371
473.889	8.00096e-05
474.444	0.00720303
475	0.0137143
475.556	0.00786484
476.111	0.0125873
476.667	0.02465
477.222	0.0277358
477.778	0.00337777
478.333	0.00277893
478.889	0.0199313
479.444	0.0245027
480	0.0203127
480.556	0.0165919
481.111	0.000379545
481.667	0.00466742
482.222	0.00830482
482.778	0.00281958
483.333	0.0144695
483.889	0.0373088
484.444	0.00330463
485	0.00671191
485.556	0.00149249
486.111	0.00893799
486.667	0.0082931
487.222	0.0212511
487.778	0.0194678
488.333	0.0112983
488.889	0.00641406
489.444	0.00477029
490	0.0167635
490.556	0.00358359
491.111	0.0269303
491.667	0.0153177
492.222	0.0126833
492.778	0.00114726
493.333	0.0232563
493.889	0.0041195
494.444	0.00121031
495	0.0221058
495.556	0.0239996
496.111	0.00493691
496.667	0.00557089
497.222	0.0227309
497.778	0.0190938
498.333	0.0195521
498.889	0.0274351
499.444	0.00810683
500	0.00754462
500.556	0.00802687
501.111	0.0116931
501.667	0.00564291
502.222	0.0178207
502.778	0.0319199
503.333	0.00333198
503.889	0.0282893
504.444	0.0104376
505	0.0257317
505.556	0.00478506
506.111	0.0120837
506.667	0.0277553
507.222	0.0115073
507.778	0.00428063
508.333	0.00706146
508.889	0.0181261
509.444	0.0104861
510	0.0111499
510.556	0.00174703
511.111	0.0274914
511.667	0.00764351
512.222	0.00708419
512.778	0.015038
513.333	0.00262329
513.889	0.0152287
514.444	0.00615167
515	0.0230918
515.556	0.00968699
516.111	0.0194231
516.667	0.00324249
517.222	0.000980475
517.778	0.00669103
518.333	0.026947
518.889	0.0130376
519.444	0.00263181
520	0.0150381
520.556	0.00848455
521.111	0.0100184
521.667	0.00302783
522.222	0.020195
522.778	0.025407
523.333	0.00606927
523.889	0.00115264
524.444	0.00855393
525	0.00871471
525.556	0.00390452
526.111	0.0206944
526.667	0.0216738
527.222	0.00597261
527.778	0.0115835
528.333	0.000364625
528.889	0.0148409
529.444	0.0112489
530	0.0323315
530.556	0.00465353
531.111	0.00712722
531.667	0.0135643
532.222	0.0122169
532.778	0.00388159
533.333	0.0132005
533.889	0.0282529
534.444	0.00995997
535	0.00101761
535.556	0.00626486
536.111	0.0236282
536.667	0.00921977
537.222	0.0213905
537.778	0.021147
538.333	0.0133391
538.889	0.00335538
539.444	0.0135547
540	0.0105192
540.556	0.00351624
541.111	0.0290798
541.667	0.0184504
542.222	0.00717202
542.778	0.0148186
543.333	0.0166488
543.889	0.0208618
544.444	0.0050781
545	0.0113936
545.556	0.017107
546.111	0.0150499
546.667	0.00242932
547.222	0.00640579
547.778	0.0223687
548.333	0.0157068
548.889	0.0098478
549.444	0.00850226
550	0.0270259
550.556	0.00063973
551.111	0.0108868
551.667	0.00925079
552.222	0.00364124
552.778	0.021342
553.333	0.0167564
553.889	0.0207792
554.444	0.00536118
555	0.0284129
555.556	0.00382568
556.111	0.0011309
556.667	0.00901762
557.222	0.0299247
557.778	0.0113562
558.333	0.00224654
558.889	0.0174743
559.444	0.00968536
560	0.00423505
560.556	0.00287736
561.111	0.029658
561.667	0.0201529
562.222	0.009528
562.778	0.00820566
563.333	0.0112634
563.889	0.00556377
564.444	0.0155941
565	0.0245812
565.556	0.0239454
566.111	0.00326598
566.667	0.0162224
567.222	0.00130364
567.778	0.0114444
568.333	0.0168952
568.889	0.0266709
569.444	0.0071686
570	0.000130339
570.556	0.00983488
571.111	0.015881
571.667	3.10081e-05
572.222	0.013324
572.778	0.0314271
573.333	0.00743485
573.889	0.00892572
574.444	0.00311829
575	0.0301181
575.556	0.00609923
576.111	0.0235476
576.667	0.0206772
577.222	0.0142049
577.778	0.00909044
578.333	0.0140728
578.889	0.0145013
579.444	0.00350594
580	0.0302662
580.556	0.0115753
581.111	0.00785814
581.667	0.00532371
582.222	0.0203414
582.778	0.00942589
583.333	0.00650526
583.889	0.0160312
584.444	0.0190746
585	0.00578466
585.556	0.00866437
586.111	0.0129316
586.667	0.0181536
587.222	0.020101
587.778	0.00879715
588.333	0.0200135
588.889	0.0170103
589.444	0.00170036
590	0.012716
590.556	0.00673295
591.111	0.00462758
591.667	0.018249
592.222	0.00969941
592.778	0.0227121
593.333	0.00702965
593.889	0.0187762
594.444	0.00142901
595	0.00232931
595.556	0.0152978
596.111	0.0205209
596.667	0.0149961
597.222	0.000594203
597.778	0.0151865
598.333	0.00550745
598.889	0.0107179
599.444	0.00680339
600	0.0326679
600.556	0.0128955
601.111	0.012436
601.667	0.00543349
602.222	0.00999564
602.778	0.00358845
603.333	0.0168284
603.889	0.0217571
604.444	0.0172553
605	0.0186067
605.556	0.00919364
606.111	0.00537617
606.667	0.00312545
607.222	0.0250477
607.778	0.025406
608.333	0.00044186
608.889	0.00467108
609.444	0.0129173
610	0.00819296
610.556	0.00841604
611.111	0.0184882
611.667	0.0340293
612.222	0.00528903
612.778	0.00294902
613.333	0.0111515
613.889	0.0115476
614.444	0.0161808
615	0.0245398
615.556	0.0157835
616.111	0.00375011
616.667	0.0101539
617.222	0.00403258
617.778	0.00895488
618.333	0.00864428
618.889	0.0270406
619.444	0.00819186
620	0.0073355
620.556	0.00147612
621.111	0.0168876
621.667	0.00173986
622.222	0.00891341
622.778	0.0213008
623.333	0.0167485
623.889	0.00415313
624.444	0.00324062
625	0.0217886
625.556	0.0101486
626.111	0.0154532
626.667	0.0147096
627.222	0.014296
627.778	0.0129311
628.333	0.00906086
628.889	0.0147729
629.444	0.0103804
630	0.0125794
630.556	0.0205249
631.111	0.0143808
631.667	0.0188638
632.222	0.0164194
632.778	0.0203715
633.333	0.000985486
633.889	0.00954225
634.444	0.0172422
635	0.0247614
635.556	0.00337601
636.111	0.0056043
636.667	0.021935
637.222	0.00189055
637.778	0.0162849
638.333	0.0106401
638.889	0.0284151
639.444	0.000399738
640	0.0155566
640.556	0.00576373
641.111	0.00526251
641.667	0.0162037
642.222	0.0186098
642.778	0.02286
643.333	0.00509349
643.889	0.0194645
644.444	0.002564
645	0.00166866
645.556	0.00354958
646.111	0.0301625
646.667	0.0170404
647.222	0.00062121
647.778	0.00829331
648.333	0.0138121
648.889	0.00412298
649.444	0.00375156
650	0.024095
650.556	0.0199981
651.111	0.00941737
651.667	0.00433731
652.222	0.0094672
652.778	0.00704976
653.333	0.0153226
653.889	0.0230557
654.444	0.0117144
655	0.00123084
655.556	0.0117203
656.111	0.00352931
656.667	0.011971
657.222	0.0166087
657.778	0.028943
658.333	0.0080092
658.889	0.00513352
659.444	0.00828634
660	0.0176898
660.556	0.00174018
661.111	0.0146746
661.667	0.027174
662.222	0.0125427
662.778	0.00114254
663.333	0.00336641
663.889	0.0215013
664.444	0.0031176
665	0.0253206
665.556	0.0145885
666.111	0.0159515
666.667	0.00114564
667.222	0.0159271
667.778	0.0131346
668.333	0.003762
668.889	0.0257695
669.444	0.0156887
670	0.0113858
670.556	0.00818001
671.111	0.0176669
671.667	0.0145101
672.222	0.010576
672.778	0.011267
673.333	0.0211633
673.889	0.0132166
674.444	0.000723046
675	0.0118024
675.556	0.0165487
676.111	0.013197
676.667	0.0094445
677.222	0.0153016
677.778	0.0213973
678.333	0.00664013
678.889	0.0142373
679.444	0.00846209
680	0.0010737
680.556	0.0154933
681.111	0.0205534
681.667	0.0181707
682.222	0.000160448
682.778	0.0225135
683.333	0.00231967
683.889	0.000508618
684.444	0.0117284
685	0.0293835
685.556	0.0104219
686.111	0.00185006
686.667	0.0168709
687.222	0.0084201
687.778	0.00386481
688.333	0.00954654
688.889	0.0272018
689.444	0.0148392
690	0.010068
690.556	0.0107263
691.111	0.00833463
691.667	0.00438138
692.222	0.0243857
692.778	0.0172853
693.333	0.0136793
693.889	0.00702898
694.444	0.0116637
695	0.00503884
695.556	0.00477663
696.111	0.0265297
696.667	0.0226348
697.222	0.00539656
697.778	0.00236958
698.333	0.0115681
698.889	0.0133162
699.444	0.00587415
700	0.0160548
700.556	0.0257675
701.111	0.00552207
701.667	0.00606673
702.222	0.00519766
702.778	0.0184794
703.333	0.00791573
703.889	0.0252065
704.444	0.0159193
705	0.0127285
705.556	0.00365512
706.111	0.0122652
706.667	0.0101403
707.222	0.00546539
707.778	0.0254588
708.333	0.0152725
708.889	0.00869251
709.444	0.00400973
710	0.0228156
710.556	0.00883476
711.111	0.00900254
711.667	0.0141443
712.222	0.0221874
712.778	0.0040546
713.333	0.000329128
713.889	0.0187206
714.444	0.00952968
715	0.0139239
715.556	0.0152978
716.111	0.0184954
716.667	0.0164685
717.222	0.0115383
717.778	0.017118
718.333	0.00557934
718.889	0.00503349
719.444	0.0232192
720	0.0146188
720.556	0.0165243
721.111	0.0110353
721.667	0.0220565
722.222	0.00206614
722.778	0.00325255
723.333	0.0176543
723.889	0.0236536
724.444	0.00498025
725	0.00906976
725.556	0.0164874
726.111	0.00377874
726.667	0.010307
727.222	0.0141563
727.778	0.0253643
728.333	0.0069936
728.889	0.0156178
729.444	0.00253331
730	0.00813757
730.556	0.00812453
731.111	0.020907
731.667	0.0193027
732.222	0.009259
732.778	0.0138979
733.333	0.00778578
733.889	0.00499531
734.444	0.00310547
735	0.0256683
735.556	0.0220617
736.111	0.00147751
736.667	0.00181195
737.222	0.0154029
737.778	0.00536742
738.333	0.00874599
738.889	0.0207245
739.444	0.0246386
740	0.00150717
740.556	0.0047378
741.111	0.0121386
741.667	0.0152285
742.222	0.0139017
742.778	0.0226096
743.333	0.0162474
743.889	0.0075001
744.444	0.00937311
745	0.0148502
745.556	0.00745604
746.111	0.0108189
746.667	0.0297897
747.222	0.0108972
747.778	0.00585818
748.333	0.00497989
748.889	0.0217976
749.444	0.000561071
750	0.0130212
750.556	0.0224506
751.111	0.016041
751.667	0.0032145
752.222	0.00720906
752.778	0.017927
753.333	0.00328016
753.889	0.019423
754.444	0.0160321
755	0.0166624
755.556	0.00923233
756.111	0.0167552
756.667	0.00952873
757.222	0.00441843
757.778	0.0164805
758.333	0.0186784
758.889	0.0127972
759.444	0.0090961
760	0.0162887
760.556	0.0145019
761.111	0.00452587
761.667	0.0103085
762.222	0.0182477
762.778	0.020134
763.333	0.000452221
763.889	0.0084151
764.444	0.0150929
765	0.00225985
765.556	0.0126132
766.111	0.0151638
766.667	0.0258343
767.222	0.00182076
767.778	0.0122449
768.333	0.00837115
768.889	0.00479292
769.444	0.0122969
770	0.0219833
770.556	0.0188518
771.111	0.000775013
771.667	0.0162763
772.222	0.0103858
772.778	0.000823044
773.333	0.00757908
773.889	0.0302844
774.444	0.0140348
775	0.00382223
775.556	0.00801376
776.111	0.0152095
776.667	0.00151581
777.222	0.0117343
777.778	0.0265535
778.333	0.0167063
778.889	0.00573475
779.444	0.00972455
780	0.010547
780.556	0.00511499
781.111	0.021114
781.667	0.023684
782.222	0.0104653
782.778	0.000623853
783.333	0.0145224
783.889	0.00719015
784.444	0.00406818
785	0.0190701
785.556	0.024665
786.111	0.00461667
786.667	0.00191886
787.222	0.0104844
787.778	0.0141922
788.333	0.00363114
788.889	0.0175105
789.444	0.0196838
790	0.0127245
790.556	0.00243993
791.111	0.00724411
791.667	0.0165401
792.222	0.00150214
792.778	0.0234142
793.333	0.0129107
793.889	0.0168733
794.444	0.000221391
795	0.0147309
795.556	0.0107655
796.111	0.00175538
796.667	0.0205029
797.222	0.0187309
797.778	0.013444
798.333	0.00207759
798.889	0.0167625
799.444	0.0135741
800	0.010111
800.556	0.0111398
801.111	0.0237969
801.667	0.0136047
802.222	0.0049485
802.778	0.0133481
803.333	0.0153234
803.889	0.00966173
804.444	0.0138719
805	0.0211439
805.556	0.016421
806.111	0.00890822
806.667	0.0166142
807.222	0.00542744
807.778	0.00271284
808.333	0.0186204
808.889	0.0214082
809.444	0.0100724
810	0.00339102
810.556	0.0191109
811.111	0.000268284
811.667	0.00272896
812.222	0.0148925
812.778	0.0268195
813.333	0.00659473
813.889	0.00546147
814.444	0.012875
815	0.00858436
815.556	0.00475348
816.111	0.016044
816.667	0.0221553
817.222	0.0101589
817.778	0.00978399
818.333	0.0093808
818.889	0.00805373
819.444	0.000341609
820	0.0258638
820.556	0.0167063
821.111	0.011571
821.667	0.00710179
822.222	0.0114683
822.778	0.00715068
823.333	0.00187322
823.889	0.0227863
824.444	0.0221997
825	0.00603521
825.556	0.00306104
826.111	0.012255
826.667	0.0148581
827.222	0.0097462
827.778	0.0167844
828.333	0.0231796
828.889	0.00706305
829.444	0.00678938
830	0.0107144
830.556	0.015199
831.111	0.0112096
831.667	0.0226681
832.222	0.0167179
832.778	0.0103553
833.333	0.00696289
833.889	0.0168988
834.444	0.00693166
835	0.00879408
835.556	0.0230157
836.111	0.0174848
836.667	0.00556547
837.222	0.00226746
837.778	0.0210713
838.333	0.00379675
838.889	0.0124066
839.444	0.0159143
840	0.0213468
840.556	0.00417958
841.111	0.00569244
841.667	0.0161543
842.222	0.00480489
842.778	0.012352
843.333	0.0177849
843.889	0.0164977
844.444	0.0119362
845	0.0124686
845.556	0.0129296
846.111	0.00227184
846.667	0.00573264
847.222	0.0227763
847.778	0.0155472
848.333	0.0103567
848.889	0.010872
849.444	0.0155362
850	0.00137859
850.556	0.00617081
851.111	0.0187558
851.667	0.0227884
852.222	0.00374994
852.778	0.0103675
853.333	0.0122534
853.889	0.00718852
854.444	0.0111946
855	0.0192329
855.556	0.0222741
856.111	0.00449256
856.667	0.0150715
857.222	0.00748888
857.778	0.0089161
858.333	0.0107696
858.889	0.0249741
859.444	0.0167782
860	0.00368637
860.556	0.0119481
861.111	0.0119212
861.667	0.00417284
862.222	0.00931543
862.778	0.0234618
863.333	0.0195233
863.889	0.00343959
864.444	0.00504788
865	0.01683
865.556	0.00351662
866.111	0.0141576
866.667	0.0204404
867.222	0.0190901
867.778	0.0017209
868.333	0.00862215
868.889	0.0123232
869.444	0.00440522
870	0.0157466
870.556	0.0233682
871.111	0.011549
871.667	0.00575286
872.222	0.0113471
872.778	0.0139963
873.333	0.000885785
873.889	0.0112786
874.444	0.0246165
875	0.0107108
875.556	0.00384553
876.111	0.00858283
876.667	0.0176282
877.222	0.000856942
877.778	0.0131673
878.333	0.0195733
878.889	0.0172854
879.444	0.00243376
880	0.0117521
880.556	0.0133197
881.111	0.00320336
881.667	0.0173707
882.222	0.0187102
882.778	0.0161007
883.333	0.00680004
883.889	0.0181061
884.444	0.00919713
885	0.00295072
885.556	0.0154594
886.111	0.0214232
886.667	0.0158979
887.222	0.00135172
887.778	0.015363
888.333	0.0142294
888.889	0.00334877
889.444	0.0137657
890	0.0212235
890.556	0.019292
891.111	0.00624832
891.667	0.0111357
892.222	0.0135449
892.778	0.00272855
893.333	0.0161611
893.889	0.0195891
894.444	0.017684
895	0.00509561
895.556	0.0132431
896.111	0.00742062
896.667	0.000591565
897.222	0.015281
897.778	0.0233987
898.333	0.0114741
898.889	0.00178366
899.444	0.0124195
900	0.0106024
900.556	0.00336589
901.111	0.0108037
901.667	0.02603
902.222	0.0103546
902.778	0.00344832
903.333	0.00824476
903.889	0.0136095
904.444	0.00268065
905	0.0149807
905.556	0.0226226
906.111	0.0121936
906.667	0.00127029
907.222	0.0124563
907.778	0.00919895
908.333	0.00354695
908.889	0.0208882
909.444	0.0210038
910	0.0106105
910.556	0.00131493
911.111	0.0158442
911.667	0.00977798
912.222	0.000588716
912.778	0.0190436
913.333	0.0229731
913.889	0.0100914
914.444	0.00209805
915	0.0135549
915.556	0.0142781
916.111	0.00574482
916.667	0.0188278
917.222	0.0193666
917.778	0.0143816
918.333	0.00618031
918.889	0.0131375
919.444	0.0117246
920	0.00432871
920.556	0.0230182
921.111	0.0161436
921.667	0.0140011
922.222	0.00590903
922.778	0.0159087
923.333	0.00823651
923.889	0.0061422
924.444	0.0182524
925	0.0211498
925.556	0.00958202
926.111	0.00474506
926.667	0.0139326
927.222	0.0106813
927.778	0.0111978
928.333	0.0127417
928.889	0.0236896
929.444	0.00936093
930	0.00636349
930.556	0.0116148
931.111	0.00935543
931.667	0.00675753
932.222	0.016012
932.778	0.0200992
933.333	0.0109023
933.889	0.0058353
934.444	0.0155248
935	0.00465264
935.556	0.00241989
936.111	0.0199065
936.667	0.0219222
937.222	0.0078295
937.778	0.00328062
938.333	0.0166446
938.889	0.00654377
939.444	0.00530196
940	0.0188764
940.556	0.0245078
941.111	0.00688817
941.667	0.00744076
942.222	0.0137255
942.778	0.00947082
943.333	0.00563132
943.889	0.0232999
944.444	0.0187821
945	0.0102015
945.556	0.011186
946.111	0.0128782
946.667	0.00756428
947.222	0.00592286
947.778	0.0260908
948.333	0.0163459
948.889	0.00767965
949.444	0.00870409
950	0.0138705
950.556	0.00747808
951.111	0.0108759
951.667	0.0193217
952.222	0.0209318
952.778	0.00349398
953.333	0.00687591
953.889	0.012793
954.444	0.00883651
955	0.0144009
955.556	0.0169571
956.111	0.0189316
956.667	0.00657292
957.222	0.00877399
957.778	0.0117785
958.333	0.00752667
958.889	0.0107749
959.444	0.0202302
960	0.017169
960.556	0.00725812
961.111	0.00777602
961.667	0.0159683
962.222	0.00315702
962.778	0.00930188
963.333	0.0198418
963.889	0.0209033
964.444	0.00296984
965	0.00549547
965.556	0.0179074
966.111	0.00261434
966.667	0.00987372
967.222	0.0188278
967.778	0.0205337
968.333	0.00451003
968.889	0.0112604
969.444	0.0143083
970	0.00395418
970.556	0.0101432
971.111	0.0243126
971.667	0.0157658
972.222	0.00750266
972.778	0.0148545
973.333	0.0131676
973.889	0.00191455
974.444	0.00970605
975	0.0251126
975.556	0.0167046
976.111	0.00270961
976.667	0.0108975
977.222	0.0140554
977.778	0.00266744
978.333	0.0129508
978.889	0.0204857
979.444	0.0188225
980	4.88707e-05
980.556	0.0112398
981.111	0.0102868
981.667	0.00579801
982.222	0.01561
982.778	0.0203913
983.333	0.0152795
983.889	0.00276972
984.444	0.0129352
985	0.00863583
985.556	0.00457068
986.111	0.0148033
986.667	0.0211806
987.222	0.0156639
987.778	0.000690633
988.333	0.00765418
988.889	0.014754
989.444	0.000575068
990	0.0128487
990.556	0.0194032
991.111	0.0185111
991.667	0.00208884
992.222	0.00713555
992.778	0.0167017
993.333	0.000966761
993.889	0.014919
994.444	0.021343
995	0.0162146
995.556	0.00247738
996.111	0.0132055
996.667	0.0124016
997.222	0.00142976
997.778	0.013607
998.333	0.0244955
998.889	0.0129003
999.444	0.00294369
1000	0.0145037
1000.56	0.0145037
1001.11	0.00294369
1001.67	0.0129003
1002.22	0.0244955
1002.78	0.013607
1003.33	0.00142976
1003.89	0.0124016
1004.44	0.0132055
1005	0.00247738
1005.56	0.0162146
1006.11	0.021343
1006.67	0.014919
1007.22	0.000966761
1007.78	0.0167017
1008.33	0.00713555
1008.89	0.00208884
1009.44	0.0185111
1010	0.0194032
1010.56	0.0128487
1011.11	0.000575068
1011.67	0.014754
1012.22	0.00765418
1012.78	0.000690633
1013.33	0.0156639
1013.89	0.0211806
1014.44	0.0148033
1015	0.00457068
1015.56	0.00863583
1016.11	0.0129352
1016.67	0.00276972
1017.22	0.0152795
1017.78	0.0203913
1018.33	0.01561
1018.89	0.00579801
1019.44	0.0102868
1020	0.0112398
1020.56	4.88707e-05
1021.11	0.0188225
1021.67	0.0204857
1022.22	0.0129508
1022.78	0.00266744
1023.33	0.0140554
1023.89	0.0108975
1024.44	0.00270961
1025	0.0167046
1025.56	0.0251126
1026.11	0.00970605
1026.67	0.00191455
1027.22	0.0131676
1027.78	0.0148545
1028.33	0.00750266
1028.89	0.0157658
1029.44	0.0243126
1030	0.0101432
1030.56	0.00395418
1031.11	0.0143083
1031.67	0.0112604
1032.22	0.00451003
1032.78	0.0205337
1033.33	0.0188278
1033.89	0.00987372
1034.44	0.00261434
1035	0.0179074
1035.56	0.00549547
1036.11	0.00296984
1036.67	0.0209033
1037.22	0.0198418
1037.78	0.00930188
1038.33	0.00315702
1038.89	0.0159683
1039.44	0.00777602
1040	0.00725812
1040.56	0.017169
1041.11	0.0202302
1041.67	0.0107749
1042.22	0.00752667
1042.78	0.0117785
1043.33	0.00877399
1043.89	0.00657292
1044.44	0.0189316
1045	0.0169571
1045.56	0.0144009
1046.11	0.00883651
1046.67	0.012793
1047.22	0.00687591
1047.78	0.00349398
1048.33	0.0209318
1048.89	0.0193217
1049.44	0.0108759
1050	0.00747808
1050.56	0.0138705
1051.11	0.00870409
1051.67	0.00767965
1052.22	0.0163459
1052.78	0.0260908
1053.33	0.00592286
1053.89	0.00756428
1054.44	0.0128782
1055	0.011186
1055.56	0.0102015
1056.11	0.0187821
1056.67	0.0232999
1057.22	0.00563132
1057.78	0.00947082
1058.33	0.0137255
1058.89	0.00744076
1059.44	0.00688817
1060	0.0245078
1060.56	0.0188764
1061.11	0.00530196
1061.67	0.00654377
1062.22	0.0166446
1062.78	0.00328062
1063.33	0.0078295
1063.89	0.0219222
1064.44	0.0199065
1065	0.00241989
1065.56	0.00465264
1066.11	0.0155248
1066.67	0.0058353
1067.22	0.0109023
1067.78	0.0200992
1068.33	0.016012
1068.89	0.00675753
1069.44	0.00935543
1070	0.0116148
1070.56	0.00636349
1071.11	0.00936093
1071.67	0.0236896
1072.22	0.0127417
1072.78	0.0111978
1073.33	0.0106813
1073.89	0.0139326
1074.44	0.00474506
1075	0.00958202
1075.56	0.0211498
1076.11	0.0182524
1076.67	0.0061422
1077.22	0.00823651
1077.78	0.0159087
1078.33	0.00590903
1078.89	0.0140011
1079.44	0.0161436
1080	0.0230182
1080.56	0.00432871
1081.11	0.0117246
1081.67	0.0131375
1082.22	0.00618031
1082.78	0.0143816
1083.33	0.0193666
1083.89	0.0188278
1084.44	0.00574482
1085	0.0142781
1085.56	0.0135549
1086.11	0.00209805
1086.67	0.0100914
1087.22	0.0229731
1087.78	0.0190436
1088.33	0.000588716
1088.89	0.00977798
1089.44	0.0158442
1090	0.00131493
1090.56	0.0106105
1091.11	0.0210038
1091.67	0.0208882
1092.22	0.00354695
1092.78	0.00919895
1093.33	0.0124563
1093.89	0.00127029
1094.44	0.0121936
1095	0.0226226
1095.56	0.0149807
1096.11	0.00268065
1096.67	0.0136095
1097.22	0.00824476
1097.78	0.00344832
1098.33	0.0103546
1098.89	0.02603
1099.44	0.0108037
1100	0.00336589
1100.56	0.0106024
1101.11	0.0124195
1101.67	0.00178366
1102.22	0.0114741
1102.78	0.0233987
1103.33	0.015281
1103.89	0.000591565
1104.44	0.00742062
1105	0.0132431
1105.56	0.00509561
1106.11	0.017684
1106.67	0.0195891
1107.22	0.0161611
1107.78	0.00272855
1108.33	0.0135449
1108.89	0.0111357
1109.44	0.00624832
1110	0.019292
1110.56	0.0212235
1111.11	0.0137657
1111.67	0.00334877
1112.22	0.0142294
1112.78	0.015363
1113.33	0.00135172
1113.89	0.0158979
1114.44	0.0214232
1115	0.0154594
1115.56	0.00295072
1116.11	0.00919713
1116.67	0.0181061
1117.22	0.00680004
1117.78	0.0161007
1118.33	0.0187102
1118.89	0.0173707
1119.44	0.00320336
1120	0.0133197
1120.56	0.0117521
1121.11	0.00243376
1121.67	0.0172854
1122.22	0.0195733
1122.78	0.0131673
1123.33	0.000856942
1123.89	0.0176282
1124.44	0.00858283
1125	0.00384553
1125.56	0.0107108
1126.11	0.0246165
1126.67	0.0112786
1127.22	0.000885785
1127.78	0.0139963
1128.33	0.0113471
1128.89	0.00575286
1129.44	0.011549
1130	0.0233682
1130.56	0.0157466
1131.11	0.00440522
1131.67	0.0123232
1132.22	0.00862215
1132.78	0.0017209
1133.33	0.0190901
1133.89	0.0204404
1134.44	0.0141576
1135	0.00351662
1135.56	0.01683
1136.11	0.00504788
1136.67	0.00343959
1137.22	0.0195233
1137.78	0.0234618
1138.33	0.00931543
1138.89	0.00417284
1139.44	0.0119212
1140	0.0119481
1140.56	0.00368637
1141.11	0.0167782
1141.67	0.0249741
1142.22	0.0107696
1142.78	0.0089161
1143.33	0.00748888
1143.89	0.0150715
1144.44	0.00449256
1145	0.0222741
1145.56	0.0192329
1146.11	0.0111946
1146.67	0.00718852
1147.22	0.0122534
1147.78	0.0103675
1148.33	0.00374994
1148.89	0.0227884
1149.44	0.0187558
1150	0.00617081
1150.56	0.00137859
1151.11	0.0155362
1151.67	0.010872
1152.22	0.0103567
1152.78	0.0155472
1153.33	0.0227763
1153.89	0.00573264
1154.44	0.00227184
1155	0.0129296
1155.56	0.0124686
1156.11	0.0119362
1156.67	0.0164977
1157.22	0.0177849
1157.78	0.012352
1158.33	0.00480489
1158.89	0.0161543
1159.44	0.00569244
1160	0.00417958
1160.56	0.0213468
1161.11	0.0159143
1161.67	0.0124066
1162.22	0.00379675
1162.78	0.0210713
1163.33	0.00226746
1163.89	0.00556547
1164.44	0.0174848
1165	0.0230157
1165.56	0.00879408
1166.11	0.00693166
1166.67	0.0168988
1167.22	0.00696289
1167.78	0.0103553
1168.33	0.0167179
1168.89	0.0226681
1169.44	0.0112096
1170	0.015199
1170.56	0.0107144
1171.11	0.00678938
1171.67	0.00706305
1172.22	0.0231796
1172.78	0.0167844
1173.33	0.0097462
1173.89	0.0148581
1174.44	0.012255
1175	0.00306104
1175.56	0.00603521
1176.11	0.0221997
1176.67	0.0227863
1177.22	0.00187322
1177.78	0.00715068
1178.33	0.0114683
1178.89	0.00710179
1179.44	0.011571
1180	0.0167063
1180.56	0.0258638
1181.11	0.000341609
1181.67	0.00805373
1182.22	0.0093808
1182.78	0.00978399
1183.33	0.0101589
1183.89	0.0221553
1184.44	0.016044
1185	0.00475348
1185.56	0.00858436
1186.11	0.012875
1186.67	0.00546147
1187.22	0.00659473
1187.78	0.0268195
1188.33	0.0148925
1188.89	0.00272896
1189.44	0.000268284
1190	0.0191109
1190.56	0.00339102
1191.11	0.0100724
1191.67	0.0214082
1192.22	0.0186204
1192.78	0.00271284
1193.33	0.00542744
1193.89	0.0166142
1194.44	0.00890822
1195	0.016421
1195.56	0.0211439
1196.11	0.0138719
1196.67	0.00966173
1197.22	0.0153234
1197.78	0.0133481
1198.33	0.0049485
1198.89	0.0136047
1199.44	0.0237969
1200	0.0111398
1200.56	0.010111
1201.11	0.0135741
1201.67	0.0167625
1202.22	0.00207759
1202.78	0.013444
1203.33	0.0187309
1203.89	0.0205029
1204.44	0.00175538
1205	0.0107655
1205.56	0.0147309
1206.11	0.000221391
1206.67	0.0168733
1207.22	0.0129107
1207.78	0.0234142
1208.33	0.00150214
1208.89	0.0165401
1209.44	0.00724411
1210	0.00243993
1210.56	0.0127245
1211.11	0.0196838
1211.67	0.0175105
1212.22	0.00363114
1212.78	0.0141922
1213.33	0.0104844
1213.89	0.00191886
1214.44	0.00461667
1215	0.024665
1215.56	0.0190701
1216.11	0.00406818
1216.67	0.00719015
1217.22	0.0145224
1217.78	0.000623853
1218.33	0.0104653
1218.89	0.023684
1219.44	0.021114
1220	0.00511499
1220.56	0.010547
1221.11	0.00972455
1221.67	0.00573475
1222.22	0.0167063
1222.78	0.0265535
1223.33	0.0117343
1223.89	0.00151581
1224.44	0.0152095
1225	0.00801376
1225.56	0.00382223
1226.11	0.0140348
1226.67	0.0302844
1227.22	0.00757908
1227.78	0.000823044
1228.33	0.0103858
1228.89	0.0162763
1229.44	0.000775013
1230	0.0188518
1230.56	0.0219833
1231.11	0.0122969
1231.67	0.00479292
1232.22	0.00837115
1232.78	0.0122449
1233.33	0.00182076
1233.89	0.0258343
1234.44	0.0151638
1235	0.0126132
1235.56	0.00225985
1236.11	0.0150929
1236.67	0.0084151
1237.22	0.000452221
1237.78	0.020134
1238.33	0.0182477
1238.89	0.0103085
1239.44	0.00452587
1240	0.0145019
1240.56	0.0162887
1241.11	0.0090961
1241.67	0.0127972
1242.22	0.0186784
1242.78	0.0164805
1243.33	0.00441843
1243.89	0.00952873
1244.44	0.0167552
1245	0.00923233
1245.56	0.0166624
1246.11	0.0160321
1246.67	0.019423
1247.22	0.00328016
1247.78	0.017927
1248.33	0.00720906
1248.89	0.0032145
1249.44	0.016041
1250	0.0224506
1250.56	0.0130212
1251.11	0.000561071
1251.67	0.0217976
1252.22	0.00497989
1252.78	0.00585818
1253.33	0.0108972
1253.89	0.0297897
1254.44	0.0108189
1255	0.00745604
1255.56	0.0148502
1256.11	0.00937311
1256.67	0.0075001
1257.22	0.0162474
1257.78	0.0226096
1258.33	0.0139017
1258.89	0.0152285
1259.44	0.0121386
1260	0.0047378
1260.56	0.00150717
1261.11	0.0246386
1261.67	0.0207245
1262.22	0.00874599
1262.78	0.00536742
1263.33	0.0154029
1263.89	0.00181195
1264.44	0.00147751
1265	0.0220617
1265.56	0.0256683
1266.11	0.00310547
1266.67	0.00499531
1267.22	0.00778578
1267.78	0.0138979
1268.33	0.009259
1268.89	0.0193027
1269.44	0.020907
1270	0.00812453
1270.56	0.00813757
1271.11	0.00253331
1271.67	0.0156178
1272.22	0.0069936
1272.78	0.0253643
1273.33	0.0141563
1273.89	0.010307
1274.44	0.00377874
1275	0.0164874
1275.56	0.00906976
1276.11	0.00498025
1276.67	0.0236536
1277.22	0.0176543
1277.78	0.00325255
1278.33	0.00206614
1278.89	0.0220565
1279.44	0.0110353
1280	0.0165243
1280.56	0.0146188
1281.11	0.0232192
1281.67	0.00503349
1282.22	0.00557934
1282.78	0.017118
1283.33	0.0115383
1283.89	0.0164685
1284.44	0.0184954
1285	0.0152978
1285.56	0.0139239
1286.11	0.00952968
1286.67	0.0187206
1287.22	0.000329128
1287.78	0.0040546
1288.33	0.0221874
1288.89	0.0141443
1289.44	0.00900254
1290	0.00883476
1290.56	0.0228156
1291.11	0.00400973
1291.67	0.00869251
1292.22	0.0152725
1292.78	0.0254588
1293.33	0.00546539
1293.89	0.0101403
1294.44	0.0122652
1295	0.00365512
1295.56	0.0127285
1296.11	0.0159193
1296.67	0.0252065
1297.22	0.00791573
1297.78	0.0184794
1298.33	0.00519766
1298.89	0.00606673
1299.44	0.00552207
1300	0.0257675
1300.56	0.0160548
1301.11	0.00587415
1301.67	0.0133162
1302.22	0.0115681
1302.78	0.00236958
1303.33	0.00539656
1303.89	0.0226348
1304.44	0.0265297
1305	0.00477663
1305.56	0.00503884
1306.11	0.0116637
1306.67	0.00702898
1307.22	0.0136793
1307.78	0.0172853
1308.33	0.0243857
1308.89	0.00438138
1309.44	0.00833463
1310	0.0107263
1310.56	0.010068
1311.11	0.0148392
1311.67	0.0272018
1312.22	0.00954654
1312.78	0.00386481
1313.33	0.0084201
1313.89	0.0168709
1314.44	0.00185006
1315	0.0104219
1315.56	0.0293835
1316.11	0.0117284
1316.67	0.000508618
1317.22	0.00231967
1317.78	0.0225135
1318.33	0.000160448
1318.89	0.0181707
1319.44	0.0205534
1320	0.0154933
1320.56	0.0010737
1321.11	0.00846209
1321.67	0.0142373
1322.22	0.00664013
1322.78	0.0213973
1323.33	0.0153016
1323.89	0.0094445
1324.44	0.013197
1325	0.0165487
1325.56	0.0118024
1326.11	0.000723046
1326.67	0.0132166
1327.22	0.0211633
1327.78	0.011267
1328.33	0.010576
1328.89	0.0145101
1329.44	0.0176669
1330	0.00818001
1330.56	0.0113858
1331.11	0.0156887
1331.67	0.0257695
1332.22	0.003762
1332.78	0.0131346
1333.33	0.0159271
1333.89	0.00114564
1334.44	0.0159515
1335	0.0145885
1335.56	0.0253206
1336.11	0.0031176
1336.67	0.0215013
1337.22	0.00336641
1337.78	0.00114254
1338.33	0.0125427
1338.89	0.027174
1339.44	0.0146746
1340	0.00174018
1340.56	0.0176898
1341.11	0.00828634
1341.67	0.00513352
1342.22	0.0080092
1342.78	0.028943
1343.33	0.0166087
1343.89	0.011971
1344.44	0.00352931
1345	0.0117203
1345.56	0.00123084
1346.11	0.0117144
1346.67	0.0230557
1347.22	0.0153226
1347.78	0.00704976
1348.33	0.0094672
1348.89	0.00433731
1349.44	0.00941737
1350	0.0199981
1350.56	0.024095
1351.11	0.00375156
1351.67	0.00412298
1352.22	0.0138121
1352.78	0.00829331
1353.33	0.00062121
1353.89	0.0170404
1354.44	0.0301625
1355	0.00354958
1355.56	0.00166866
1356.11	0.002564
1356.67	0.0194645
1357.22	0.00509349
1357.78	0.02286
1358.33	0.0186098
1358.89	0.0162037
1359.44	0.00526251
1360	0.00576373
1360.56	0.0155566
1361.11	0.000399738
1361.67	0.0284151
1362.22	0.0106401
1362.78	0.0162849
1363.33	0.00189055
1363.89	0.021935
1364.44	0.0056043
1365	0.00337601
1365.56	0.0247614
1366.11	0.0172422
1366.67	0.00954225
1367.22	0.000985486
1367.78	0.0203715
1368.33	0.0164194
1368.89	0.0188638
1369.44	0.0143808
1370	0.0205249
1370.56	0.0125794
1371.11	0.0103804
1371.67	0.0147729
1372.22	0.00906086
1372.78	0.0129311
1373.33	0.014296
1373.89	0.0147096
1374.44	0.0154532
1375	0.0101486
1375.56	0.0217886
1376.11	0.00324062
1376.67	0.00415313
1377.22	0.0167485
1377.78	0.0213008
1378.33	0.00891341
1378.89	0.00173986
1379.44	0.0168876
1380	0.00147612
1380.56	0.0073355
1381.11	0.00819186
1381.67	0.0270406
1382.22	0.00864428
1382.78	0.00895488
1383.33	0.00403258
1383.89	0.0101539
1384.44	0.00375011
1385	0.0157835
1385.56	0.0245398
1386.11	0.0161808
1386.67	0.0115476
1387.22	0.0111515
1387.78	0.00294902
1388.33	0.00528903
1388.89	0.0340293
1389.44	0.0184882
1390	0.00841604
1390.56	0.00819296
1391.11	0.0129173
1391.67	0.00467108
1392.22	0.00044186
1392.78	0.025406
1393.33	0.0250477
1393.89	0.00312545
1394.44	0.00537617
1395	0.00919364
1395.56	0.0186067
1396.11	0.0172553
1396.67	0.0217571
1397.22	0.0168284
1397.78	0.00358845
1398.33	0.00999564
1398.89	0.00543349
1399.44	0.012436
1400	0.0128955
1400.56	0.0326679
1401.11	0.00680339
1401.67	0.0107179
1402.22	0.00550745
1402.78	0.0151865
1403.33	0.000594203
1403.89	0.0149961
1404.44	0.0205209
1405	0.0152978
1405.56	0.00232931
1406.11	0.00142901
1406.67	0.0187762
1407.22	0.00702965
1407.78	0.0227121
1408.33	0.00969941
1408.89	0.018249
1409.44	0.00462758
1410	0.00673295
1410.56	0.012716
1411.11	0.00170036
1411.67	0.0170103
1412.22	0.0200135
1412.78	0.00879715
1413.33	0.020101
1413.89	0.0181536
1414.44	0.0129316
1415	0.00866437
1415.56	0.00578466
1416.11	0.0190746
1416.67	0.0160312
1417.22	0.00650526
1417.78	0.00942589
1418.33	0.0203414
1418.89	0.00532371
1419.44	0.00785814
1420	0.0115753
1420.56	0.0302662
1421.11	0.00350594
1421.67	0.0145013
1422.22	0.0140728
1422.78	0.00909044
1423.33	0.0142049
1423.89	0.0206772
1424.44	0.0235476
1425	0.00609923
1425.56	0.0301181
1426.11	0.00311829
1426.67	0.00892572
1427.22	0.00743485
1427.78	0.0314271
1428.33	0.013324
1428.89	3.10081e-05
1429.44	0.015881
1430	0.00983488
1430.56	0.000130339
1431.11	0.0071686
1431.67	0.0266709
1432.22	0.0168952
1432.78	0.0114444
1433.33	0.00130364
1433.89	0.0162224
1434.44	0.00326598
1435	0.0239454
1435.56	0.0245812
1436.11	0.0155941
1436.67	0.00556377
1437.22	0.0112634
1437.78	0.00820566
1438.33	0.009528
1438.89	0.0201529
1439.44	0.029658
1440	0.00287736
1440.56	0.00423505
1441.11	0.00968536
1441.67	0.0174743
1442.22	0.00224654
1442.78	0.0113562
1443.33	0.0299247
1443.89	0.00901762
1444.44	0.0011309
1445	0.00382568
1445.56	0.0284129
1446.11	0.00536118
1446.67	0.0207792
1447.22	0.0167564
1447.78	0.021342
1448.33	0.00364124
1448.89	0.00925079
1449.44	0.0108868
1450	0.00063973
1450.56	0.0270259
1451.11	0.00850226
1451.67	0.0098478
1452.22	0.0157068
1452.78	0.0223687
1453.33	0.00640579
1453.89	0.00242932
1454.44	0.0150499
1455	0.017107
1455.56	0.0113936
1456.11	0.0050781
1456.67	0.0208618
1457.22	0.0166488
1457.78	0.0148186
1458.33	0.00717202
1458.89	0.0184504
1459.44	0.0290798
1460	0.00351624
1460.56	0.0105192
1461.11	0.0135547
1461.67	0.00335538
1462.22	0.0133391
1462.78	0.021147
1463.33	0.0213905
1463.89	0.00921977
1464.44	0.0236282
1465	0.00626486
1465.56	0.00101761
1466.11	0.00995997
1466.67	0.0282529
1467.22	0.0132005
1467.78	0.00388159
1468.33	0.0122169
1468.89	0.0135643
1469.44	0.00712722
1470	0.00465353
1470.56	0.0323315
1471.11	0.0112489
1471.67	0.0148409
1472.22	0.000364625
1472.78	0.0115835
1473.33	0.00597261
1473.89	0.0216738
1474.44	0.0206944
1475	0.00390452
1475.56	0.00871471
1476.11	0.00855393
1476.67	0.00115264
1477.22	0.00606927
1477.78	0.025407
1478.33	0.020195
1478.89	0.00302783
1479.44	0.0100184
1480	0.00848455
1480.56	0.0150381
1481.11	0.00263181
1481.67	0.0130376
1482.22	0.026947
1482.78	0.00669103
1483.33	0.000980475
1483.89	0.00324249
1484.44	0.0194231
1485	0.00968699
1485.56	0.0230918
1486.11	0.00615167
1486.67	0.0152287
1487.22	0.00262329
1487.78	0.015038
1488.33	0.00708419
1488.89	0.00764351
1489.44	0.0274914
1490	0.00174703
1490.56	0.0111499
1491.11	0.0104861
1491.67	0.0181261
1492.22	0.00706146
1492.78	0.00428063
1493.33	0.0115073
1493.89	0.0277553
1494.44	0.0120837
1495	0.00478506
1495.56	0.0257317
1496.11	0.0104376
1496.67	0.0282893
1497.22	0.00333198
1497.78	0.0319199
1498.33	0.0178207
1498.89	0.00564291
1499.44	0.0116931
1500	0.00802687
1500.56	0.00754462
1501.11	0.00810683
1501.67	0.0274351
1502.22	0.0195521
1502.78	0.0190938
1503.33	0.0227309
1503.89	0.00557089
1504.44	0.00493691
1505	0.0239996
1505.56	0.0221058
1506.11	0.00121031
1506.67	0.0041195
1507.22	0.0232563
1507.78	0.00114726
1508.33	0.0126833
1508.89	0.0153177
1509.44	0.0269303
1510	0.00358359
1510.56	0.0167635
1511.11	0.00477029
1511.67	0.00641406
1512.22	0.0112983
1512.78	0.0194678
1513.33	0.0212511
1513.89	0.0082931
1514.44	0.00893799
1515	0.00149249
1515.56	0.00671191
1516.11	0.00330463
1516.67	0.0373088
1517.22	0.0144695
1517.78	0.00281958
1518.33	0.00830482
1518.89	0.00466742
1519.44	0.000379545
1520	0.0165919
1520.56	0.0203127
1521.11	0.0245027
1521.67	0.0199313
1522.22	0.00277893
1522.78	0.00337777
1523.33	0.0277358
1523.89	0.02465
1524.44	0.0125873
1525	0.00786484
1525.56	0.0137143
1526.11	0.00720303
1526.67	8.00096e-05
1527.22	0.0232371
1527.78	0.00615812
1528.33	0.0270414
1528.89	0.00768082
1529.44	0.0105423
1530	0.00368367
1530.56	0.0310161
1531.11	0.000272691
1531.67	0.00720217
1532.22	0.0170404
1532.78	0.0142691
1533.33	0.000151302
1533.89	0.000325346
1534.44	0.0431566
1535	0.000795169
1535.56	0.0272018
1536.11	0.0173552
1536.67	0.0231479
1537.22	0.00357334
1537.78	0.0273563
1538.33	0.00896849
1538.89	0.0141444
1539.44	0.0297272
1540	0.0238339
1540.56	0.0143262
1541.11	0.00356415
1541.67	0.0210465
1542.22	0.0202958
1542.78	0.0278912
1543.33	0.0118608
1543.89	0.0177925
1544.44	0.00901147
1545	0.00373764
1545.56	0.00188823
1546.11	0.00080829
1546.67	0.0167263
1547.22	0.00172192
1547.78	0.00962142
1548.33	0.0244477
1548.89	0.00391375
1549.44	0.0119431
1550	0.0152113
1550.56	0.000431128
1551.11	0.0217317
1551.67	0.00523943
1552.22	0.0232533
1552.78	0.00786015
1553.33	0.00523976
1553.89	0.0106075
1554.44	0.00662316
1555	0.00677337
1555.56	0.0306923
1556.11	0.00751921
1556.67	0.0105998
1557.22	0.0052214
1557.78	0.0115479
1558.33	0.00192316
1558.89	0.00585274
1559.44	0.0346598
1560	0.0334269
1560.56	0.00902519
1561.11	0.00078539
1561.67	0.0154795
1562.22	0.00925303
1562.78	0.0417661
1563.33	0.0277401
1563.89	0.0113702
1564.44	0.00087388
1565	0.00421224
1565.56	0.00911888
1566.11	0.0070365
1566.67	0.0149492
1567.22	0.0320823
1567.78	0.00115716
1568.33	0.00998373
1568.89	0.0385139
1569.44	0.0204993
1570	0.0132625
1570.56	0.011471
1571.11	0.0216786
1571.67	0.0115595
1572.22	0.00302309
1572.78	0.00307384
1573.33	0.030444
1573.89	0.0200677
1574.44	0.0173872
1575	0.0176453
1575.56	0.00483676
1576.11	0.00469489
1576.67	0.0145881
1577.22	0.0108176
1577.78	0.00677363
1578.33	0.0402294
1578.89	0.00252268
1579.44	0.006657
1580	0.0138802
1580.56	0.0382047
1581.11	0.0120652
1581.67	0.00422538
1582.22	0.00920595
1582.78	0.0170754
1583.33	0.0166817
1583.89	0.0229121
1584.44	0.00697003
1585	0.00199607
1585.56	0.00615066
1586.11	0.0225952
1586.67	0.0258424
1587.22	0.0182979
1587.78	0.0049055
1588.33	0.00628158
1588.89	0.00453947
1589.44	0.00719177
1590	0.00966873
1590.56	0.00720999
1591.11	0.0196817
1591.67	0.0244539
1592.22	0.0152717
1592.78	0.00254251
1593.33	0.00272237
1593.89	0.0174497
1594.44	0.0325809
1595	0.00312904
1595.56	0.00438813
1596.11	0.00512247
1596.67	0.00491667
1597.22	0.0108667
1597.78	0.0248353
1598.33	0.0421524
1598.89	0.0187916
1599.44	0.0341484
1600	0.00565145
1600.56	0.0451649
1601.11	0.0062417
1601.67	0.0287479
1602.22	0.0182557
1602.78	0.00365486
1603.33	0.00508865
1603.89	0.0152514
1604.44	0.00382664
1605	0.00110668
1605.56	0.0153196
1606.11	0.030483
1606.67	0.0175931
1607.22	0.0170699
1607.78	0.0095195
1608.33	0.0103917
1608.89	0.0319302
1609.44	0.000114958
1610	0.0116537
1610.56	0.00518196
1611.11	0.00607874
1611.67	0.000259023
1612.22	0.0111146
1612.78	0.0304162
1613.33	0.0262488
1613.89	0.00439197
1614.44	0.00704472
1615	0.00908249
1615.56	0.0250917
1616.11	0.00542184
1616.67	0.00721814
1617.22	0.0264848
1617.78	0.0186424
1618.33	0.00371427
1618.89	0.0136976
1619.44	0.00173327
1620	0.00514829
1620.56	0.0258009
1621.11	0.00539769
1621.67	0.00725277
1622.22	0.0294175
1622.78	0.0088058
1623.33	0.0282059
1623.89	0.00224053
1624.44	0.00078447
1625	0.0100955
1625.56	0.0368224
1626.11	0.0137658
1626.67	0.00794713
1627.22	0.0218904
1627.78	0.0050655
1628.33	0.00564405
1628.89	0.0214481
1629.44	0.0184016
1630	0.0164545
1630.56	0.00153832
1631.11	0.00018244
1631.67	0.0106247
1632.22	0.000146962
1632.78	0.0276749
1633.33	0.0337016
1633.89	0.021334
1634.44	0.0182748
1635	0.0255712
1635.56	0.00978275
1636.11	0.0210434
1636.67	0.00289548
1637.22	0.0550435
1637.78	0.00634621
1638.33	0.01313
1638.89	0.00473173
1639.44	0.00310445
1640	0.00392139
1640.56	0.0489199
1641.11	0.0159275
1641.67	0.00268632
1642.22	0.0354385
1642.78	0.00659095
1643.33	0.0286967
1643.89	0.00864783
1644.44	0.0392566
1645	0.0188297
1645.56	0.000895261
1646.11	0.014308
1646.67	0.0329348
1647.22	0.0207568
1647.78	0.0133434
1648.33	0.059904
1648.89	0.0129272
1649.44	0.00244956
1650	0.0108401
1650.56	0.00628078
1651.11	0.0212363
1651.67	0.0808666
1652.22	0.020083
1652.78	0.0127353
1653.33	0.0260217
1653.89	0.0254769
1654.44	0.0246706
1655	0.0125338
1655.56	0.0449682
1656.11	0.0241974
1656.67	0.0231162
1657.22	0.0376612
1657.78	0.00278377
1658.33	0.0229732
1658.89	0.00799028
1659.44	0.00144214
1660	0.0350121
1660.56	0.0130083
1661.11	0.0158942
1661.67	0.0029138
1662.22	0.00827269
1662.78	0.0104247
1663.33	0.0237639
1663.89	0.0276654
1664.44	0.00401232
1665	0.0135788
1665.56	0.0342087
1666.11	0.00958234
1666.67	0.000843979
1667.22	0.0265247
1667.78	0.0341792
1668.33	0.0236609
1668.89	0.0524758
1669.44	0.0521538
1670	0.0386381
1670.56	0.00335938
1671.11	0.00651869
1671.67	0.0140915
1672.22	0.00960189
1672.78	0.00707037
1673.33	0.0187568
1673.89	0.00466215
1674.44	0.0123915
1675	0.0239741
1675.56	0.0332408
1676.11	0.0122507
1676.67	0.0563273
1677.22	0.000986114
1677.78	0.00188561
1678.33	0.00831788
1678.89	0.0724025
1679.44	0.062466
1680	0.00593543
1680.56	0.0182563
1681.11	0.0391532
1681.67	0.0582549
1682.22	0.0177298
1682.78	4.56087e-05
1683.33	0.00598766
1683.89	0.00969772
1684.44	0.0405046
1685	0.0404105
1685.56	0.00672446
1686.11	0.0105242
1686.67	0.0273857
1687.22	0.050754
1687.78	0.0206924
1688.33	0.0385562
1688.89	0.0318914
1689.44	0.0118476
1690	0.00460356
1690.56	0.0457254
1691.11	0.00228125
1691.67	0.0272134
1692.22	0.0318668
1692.78	0.0208496
1693.33	0.0101807
1693.89	0.0145122
1694.44	0.0183135
1695	0.0181446
1695.56	0.0016813
1696.11	0.0556181
1696.67	0.0192001
1697.22	0.0146311
1697.78	0.0483702
1698.33	0.0442497
1698.89	0.0371306
1699.44	0.0227879
1700	0.0568399
1700.56	0.00146795
1701.11	0.0124886
1701.67	0.075831
1702.22	0.0442736
1702.78	0.0416634
1703.33	0.0655964
1703.89	0.0161749
1704.44	0.0148425
1705	0.0587042
1705.56	0.0515417
1706.11	0.0768001
1706.67	0.0618976
1707.22	0.0353047
1707.78	0.0331559
1708.33	0.0422721
1708.89	0.0218804
1709.44	0.0450858
1710	0.0229709
1710.56	0.000882702
1711.11	0.0237893
1711.67	0.0368757
1712.22	0.0005592
1712.78	0.0411054
1713.33	0.00335489
1713.89	0.0316506
1714.44	0.0625961
1715	0.0280884
1715.56	0.00146663
1716.11	0.00335705
1716.67	0.0331123
1717.22	0.0230265
1717.78	0.0337989
1718.33	0.0260529
1718.89	0.036495
1719.44	0.00399581
1720	0.0616506
1720.56	0.033506
1721.11	0.0128769
1721.67	0.0238408
1722.22	0.0504146
1722.78	0.102068
1723.33	0.0437342
1723.89	0.00172901
1724.44	0.0075161
1725	0.0440474
1725.56	0.0110218
1726.11	0.0257618
1726.67	0.0192754
1727.22	0.0346268
1727.78	0.0110111
1728.33	0.0613616
1728.89	0.0753734
1729.44	0.00112855
1730	0.0313255
1730.56	0.000618918
1731.11	0.0441272
1731.67	0.0300248
1732.22	0.0485414
1732.78	0.0602986
1733.33	0.0254372
1733.89	0.032647
1734.44	0.0130658
1735	0.0388695
1735.56	0.064278
1736.11	0.00521261
1736.67	0.0813576
1737.22	0.019263
1737.78	0.113734
1738.33	0.0068973
1738.89	0.0114866
1739.44	0.00985966
1740	0.0920177
1740.56	0.0425596
1741.11	0.0525715
1741.67	0.0550616
1742.22	0.0261006
1742.78	0.0579875
1743.33	0.000664436
1743.89	0.0363058
1744.44	0.0190562
1745	0.122946
1745.56	0.0405873
1746.11	0.0387681
1746.67	0.0671184
1747.22	0.0425387
1747.78	0.0647911
1748.33	0.00994532
1748.89	0.0283968
1749.44	0.00992986
1750	0.00864881
1750.56	0.0273304
1751.11	0.0243229
1751.67	0.0457717
1752.22	0.00607013
1752.78	0.0477561
1753.33	0.0612583
1753.89	0.0828512
1754.44	0.0117922
1755	0.129512
1755.56	0.0662919
1756.11	0.079728
1756.67	7.97398e-05
1757.22	0.0118035
1757.78	0.0700478
1758.33	0.0435061
1758.89	0.00612333
1759.44	6.06482e-05
1760	0.0303792
1760.56	0.0380915
1761.11	0.0820347
1761.67	0.0444343
1762.22	0.0632285
1762.78	0.000428103
1763.33	0.028221
1763.89	0.00738268
1764.44	0.0358909
1765	0.10911
1765.56	0.0269622
1766.11	0.0105283
1766.67	0.00609897
1767.22	0.0378313
1767.78	0.0568126
1768.33	0.0695613
1768.89	0.0800944
1769.44	0.00137621
1770	0.0958324
1770.56	0.0224447
1771.11	0.0417405
1771.67	0.000168561
1772.22	0.0826158
1772.78	0.0607831
1773.33	0.0347419
1773.89	0.00467033
1774.44	0.145935
1775	0.0284487
1775.56	0.0762018
1776.11	0.0116123
1776.67	0.110062
1777.22	0.115352
1777.78	0.0394824
1778.33	0.0501658
1778.89	0.0816198
1779.44	0.01645
1780	0.037092
1780.56	0.0905263
1781.11	0.0648934
1781.67	0.149991
1782.22	0.0161048
1782.78	0.118445
1783.33	0.0204236
1783.89	0.013467
1784.44	0.0912177
1785	0.00756747
1785.56	0.0310392
1786.11	0.0787051
1786.67	0.0665641
1787.22	0.0576445
1787.78	0.0152988
1788.33	0.0796366
1788.89	0.0638605
1789.44	0.0381095
1790	0.0420051
1790.56	0.0167195
1791.11	0.0578871
1791.67	0.116889
1792.22	0.0157711
1792.78	0.0131897
1793.33	0.127127
1793.89	0.0756641
1794.44	0.0167704
1795	0.172253
1795.56	0.0877105
1796.11	0.0859955
1796.67	0.12672
1797.22	0.0701439
1797.78	0.130752
1798.33	0.123508
1798.89	0.146548
1799.44	0.0574944
1800	0.0337238
1800.56	0.0357671
1801.11	0.0385714
1801.67	0.113654
1802.22	0.123628
1802.78	0.243689
1803.33	0.00627685
1803.89	0.114129
1804.44	0.0305518
1805	0.0307577
1805.56	0.0294808
1806.11	0.141274
1806.67	0.0426138
1807.22	0.00268506
1807.78	0.013468
1808.33	0.108634
1808.89	0.151815
1809.44	0.0836037
1810	0.292181
1810.56	0.0455277
1811.11	0.149731
1811.67	0.0728857
1812.22	0.0149913
1812.78	0.00735296
1813.33	0.124878
1813.89	0.0730337
1814.44	0.141223
1815	0.105668
1815.56	0.179901
1816.11	0.0297359
1816.67	0.149936
1817.22	0.0723739
1817.78	0.0405589
1818.33	0.277148
1818.89	0.191901
1819.44	0.0543432
1820	0.00290264
1820.56	0.00659085
1821.11	0.0225429
1821.67	0.120082
1822.22	0.0817402
1822.78	0.139973
1823.33	0.0271559
1823.89	0.244739
1824.44	0.096199
1825	0.0311884
1825.56	0.101287
1826.11	0.0280587
1826.67	0.167383
1827.22	0.13713
1827.78	0.0615619
1828.33	0.241437
1828.89	0.129437
1829.44	0.036004
1830	0.222436
1830.56	0.108089
1831.11	0.0587958
1831.67	0.0846171
1832.22	0.0966991
1832.78	0.07835
1833.33	0.0261126
1833.89	0.114219
1834.44	0.171513
1835	0.145282
1835.56	0.0601539
1836.11	0.0521633
1836.67	0.153786
1837.22	0.0795646
1837.78	0.121273
1838.33	0.0407597
1838.89	0.036158
1839.44	0.356337
1840	0.0354734
1840.56	0.185699
1841.11	0.111838
1841.67	0.0264101
1842.22	0.136424
1842.78	0.0523223
1843.33	0.284122
1843.89	0.313042
1844.44	0.0898474
1845	0.179611
1845.56	0.0742995
1846.11	0.261461
1846.67	0.212397
1847.22	0.117641
1847.78	0.217747
1848.33	0.12073
1848.89	0.413715
1849.44	0.329757
1850	0.157182
1850.56	0.0631844
1851.11	0.0747069
1851.67	0.0107289
1852.22	0.090002
1852.78	0.270156
1853.33	0.352032
1853.89	0.0864576
1854.44	0.0678787
1855	0.0762011
1855.56	0.88546
1856.11	0.148897
1856.67	0.494136
1857.22	0.222282
1857.78	1.20447
1858.33	0.318245
1858.89	1.09252
1859.44	0.433372
1860	0.905196
1860.56	0.602391
1861.11	0.140382
1861.67	0.233079
1862.22	0.636647
1862.78	0.273052
1863.33	0.00116071
1863.89	0.183708
1864.44	0.105852
1865	0.515036
1865.56	0.122942
1866.11	0.166141
1866.67	0.224274
1867.22	0.0169927
1867.78	0.110086
1868.33	0.0119967
1868.89	0.177617
1869.44	0.129379
1870	0.264564
1870.56	0.103085
1871.11	0.00619774
1871.67	0.0798971
1872.22	0.401402
1872.78	0.114618
1873.33	0.0717546
1873.89	0.102177
1874.44	0.0936188
1875	0.548016
1875.56	0.467822
1876.11	0.0805149
1876.67	0.0622094
1877.22	0.176712
1877.78	0.16042
1878.33	0.262194
1878.89	0.160023
1879.44	0.0596061
1880	0.121977
1880.56	0.39606
1881.11	0.385003
1881.67	0.26194
1882.22	0.151448
1882.78	0.369776
1883.33	0.282775
1883.89	0.101944
1884.44	0.354422
1885	0.127313
1885.56	0.0554635
1886.11	0.38255
1886.67	0.248692
1887.22	0.145909
1887.78	0.27953
1888.33	0.151209
1888.89	0.111372
1889.44	0.217664
1890	0.240423
1890.56	0.0778204
1891.11	0.114992
1891.67	0.0671086
1892.22	0.0869726
1892.78	0.293986
1893.33	0.334967
1893.89	0.0992112
1894.44	0.105767
1895	0.237408
1895.56	0.0479896
1896.11	0.141659
1896.67	0.15648
1897.22	0.358144
1897.78	0.208155
1898.33	0.170715
1898.89	0.352201
1899.44	0.791523
1900	0.330765
1900.56	0.00115438
1901.11	0.00794229
1901.67	0.0553124
1902.22	0.0622621
1902.78	0.0395564
1903.33	0.228405
1903.89	0.183282
1904.44	0.396723
1905	0.117891
1905.56	0.206719
1906.11	0.0845275
1906.67	0.178454
1907.22	0.226139
1907.78	0.331001
1908.33	0.153417
1908.89	0.469785
1909.44	0.387658
1910	0.183285
1910.56	0.0186729
1911.11	0.100272
1911.67	0.36236
1912.22	0.100451
1912.78	0.0472769
1913.33	0.486054
1913.89	0.228198
1914.44	0.0741708
1915	0.0459134
1915.56	0.0198569
1916.11	0.615371
1916.67	0.0371688
1917.22	0.243138
1917.78	0.192877
1918.33	0.0174058
1918.89	0.418884
1919.44	0.373776
1920	0.10496
1920.56	0.310335
1921.11	0.541566
1921.67	0.720416
1922.22	0.200032
1922.78	0.029156
1923.33	0.101793
1923.89	0.178665
1924.44	0.786347
1925	0.183155
1925.56	0.390679
1926.11	0.107743
1926.67	0.251379
1927.22	0.155555
1927.78	0.262671
1928.33	0.276706
1928.89	0.0942068
1929.44	0.0838589
1930	0.6388
1930.56	0.790261
1931.11	0.691997
1931.67	0.201399
1932.22	0.644066
1932.78	0.225389
1933.33	0.272001
1933.89	0.803507
1934.44	1.13871
1935	0.0844567
1935.56	0.7724
1936.11	0.184112
1936.67	0.387095
1937.22	0.0742996
1937.78	0.0411192
1938.33	0.170741
1938.89	0.356483
1939.44	0.485276
1940	0.630677
1940.56	0.193951
1941.11	0.481544
1941.67	0.55893
1942.22	0.531212
1942.78	0.0220938
1943.33	0.00657066
1943.89	0.956501
1944.44	0.194043
1945	0.192526
1945.56	0.125107
1946.11	0.0124715
1946.67	0.438205
1947.22	0.333197
1947.78	0.539638
1948.33	0.0225687
1948.89	0.180471
1949.44	0.729916
1950	0.449579
1950.56	0.306078
1951.11	0.0264426
1951.67	0.745486
1952.22	0.0248589
1952.78	0.478904
1953.33	0.418568
1953.89	0.0567863
1954.44	0.251029
1955	0.224243
1955.56	0.183582
1956.11	0.111256
1956.67	0.582453
1957.22	0.479908
1957.78	0.778392
1958.33	0.173276
1958.89	0.545978
1959.44	0.27262
1960	0.175441
1960.56	0.675699
1961.11	0.601597
1961.67	0.155749
1962.22	0.571317
1962.78	0.445939
1963.33	0.860791
1963.89	0.389245
1964.44	0.255094
1965	0.26871
1965.56	0.0634235
1966.11	0.283876
1966.67	0.590524
1967.22	0.634992
1967.78	0.00713381
1968.33	0.119144
1968.89	0.787306
1969.44	0.422159
1970	0.482851
1970.56	0.0933262
1971.11	1.25175
1971.67	0.348823
1972.22	0.153109
1972.78	0.886316
1973.33	0.0677024
1973.89	0.353328
1974.44	1.21434
1975	0.51791
1975.56	1.66392
1976.11	1.14418
1976.67	0.574358
1977.22	0.50874
1977.78	0.811068
1978.33	0.328992
1978.89	1.70957
1979.44	1.56145
1980	0.869909
1980.56	0.485716
1981.11	0.270475
1981.67	2.06148
1982.22	0.278237
1982.78	0.231268
1983.33	1.81537
1983.89	1.54443
1984.44	0.0193566
1985	0.427375
1985.56	0.184758
1986.11	2.34401
1986.67	0.987117
1987.22	2.5592
1987.78	0.0892251
1988.33	0.59255
1988.89	0.210523
1989.44	0.211863
1990	0.413878
1990.56	0.516198
1991.11	0.371973
1991.67	1.46239
1992.22	0.538247
1992.78	0.500509
1993.33	0.800581
1993.89	0.157181
1994.44	0.254023
1995	1.9213
1995.56	1.91422
1996.11	0.0863996
1996.67	1.17962
1997.22	0.56216
1997.78	0.921768
1998.33	1.24027
1998.89	2.70155
1999.44	0.467708
2000	0.926304
