t	etaU
0	1.76091e-14
0.555556	0.778539
1.11111	1.03232
1.66667	2.81851
2.22222	0.893948
2.77778	1.0518
3.33333	0.926
3.88889	1.12806
4.44444	0.250081
5	1.12074
5.55556	0.509068
6.11111	1.66149
6.66667	1.40135
7.22222	1.03113
7.77778	0.455422
8.33333	0.854358
8.88889	0.141097
9.44444	0.135439
10	0.357717
10.5556	0.639699
11.1111	0.180652
11.6667	0.539479
12.2222	0.851102
12.7778	0.191944
13.3333	1.75857
13.8889	0.293869
14.4444	0.657421
15	0.448039
15.5556	1.627
16.1111	0.505317
16.6667	0.642314
17.2222	0.162841
17.7778	0.727934
18.3333	2.09368
18.8889	0.486352
19.4444	0.0944033
20	0.848135
20.5556	1.10992
21.1111	0.0380323
21.6667	1.17263
22.2222	2.43357
22.7778	1.95021
23.3333	0.61545
23.8889	0.999825
24.4444	0.133904
25	1.1101
25.5556	1.73139
26.1111	0.0136879
26.6667	0.791297
27.2222	0.822545
27.7778	0.876254
28.3333	0.250817
28.8889	0.284631
29.4444	1.26417
30	1.97521
30.5556	1.93486
31.1111	0.316676
31.6667	0.630156
32.2222	0.816124
32.7778	0.618974
33.3333	1.81039
33.8889	0.064311
34.4444	0.333395
35	1.94146
35.5556	0.116609
36.1111	0.357891
36.6667	0.147406
37.2222	0.476047
37.7778	0.0549833
38.3333	0.945919
38.8889	0.183309
39.4444	1.6523
40	0.12443
40.5556	0.19052
41.1111	0.874708
41.6667	1.07194
42.2222	0.505241
42.7778	0.0421437
43.3333	1.51411
43.8889	0.452253
44.4444	1.46896
45	1.27387
45.5556	0.786467
46.1111	0.602067
46.6667	1.20926
47.2222	0.598837
47.7778	0.410104
48.3333	1.50419
48.8889	1.00519
49.4444	0.200956
50	1.17434
50.5556	1.40135
51.1111	0.814888
51.6667	1.05876
52.2222	1.10024
52.7778	0.628535
53.3333	0.922062
53.8889	0.669525
54.4444	0.656303
55	0.831038
55.5556	1.55755
56.1111	0.229478
56.6667	0.784421
57.2222	0.244407
57.7778	0.745107
58.3333	1.13346
58.8889	0.365579
59.4444	0.294355
60	0.808085
60.5556	0.24288
61.1111	0.860615
61.6667	0.276831
62.2222	0.148836
62.7778	0.689848
63.3333	0.938408
63.8889	0.13519
64.4444	2.31
65	0.514164
65.5556	0.306139
66.1111	0.52325
66.6667	1.26114
67.2222	1.50534
67.7778	0.421375
68.3333	2.71989
68.8889	0.332424
69.4444	0.185314
70	0.366832
70.5556	0.0160699
71.1111	0.214039
71.6667	0.203103
72.2222	2.08673
72.7778	0.680484
73.3333	1.58412
73.8889	0.562792
74.4444	0.377095
75	0.220077
75.5556	0.835263
76.1111	0.984342
76.6667	0.319078
77.2222	0.537994
77.7778	0.151013
78.3333	0.0703644
78.8889	0.69572
79.4444	1.3246
80	1.17531
80.5556	0.327074
81.1111	0.00523209
81.6667	0.0295581
82.2222	0.233392
82.7778	1.0215
83.3333	0.0883907
83.8889	0.822176
84.4444	1.43815
85	0.375825
85.5556	1.48534
86.1111	1.52147
86.6667	0.036618
87.2222	0.386346
87.7778	1.48487
88.3333	0.907349
88.8889	0.134236
89.4444	0.0709882
90	1.1298
90.5556	1.53367
91.1111	2.09003
91.6667	1.75649
92.2222	0.056765
92.7778	1.34047
93.3333	1.08712
93.8889	0.821652
94.4444	0.276174
95	0.456611
95.5556	0.292613
96.1111	0.356565
96.6667	0.330932
97.2222	0.185471
97.7778	0.0655283
98.3333	0.613041
98.8889	1.66385
99.4444	0.490724
100	1.05318
100.556	0.269719
101.111	0.465112
101.667	1.38216
102.222	0.773257
102.778	0.687428
103.333	0.604171
103.889	0.534825
104.444	0.658412
105	0.430591
105.556	0.577808
106.111	0.764934
106.667	0.90474
107.222	0.478567
107.778	0.577353
108.333	0.303562
108.889	0.304519
109.444	0.104823
110	1.13301
110.556	0.961873
111.111	0.0380364
111.667	0.196203
112.222	0.266785
112.778	1.06773
113.333	0.575216
113.889	2.09263
114.444	1.36026
115	1.23147
115.556	1.09548
116.111	1.46058
116.667	0.592801
117.222	0.152821
117.778	0.369797
118.333	0.358964
118.889	0.0720225
119.444	0.9605
120	0.890308
120.556	1.34719
121.111	1.57872
121.667	0.382348
122.222	0.0402809
122.778	0.179512
123.333	0.469087
123.889	0.774548
124.444	0.601445
125	0.0664882
125.556	0.373126
126.111	1.43367
126.667	0.285836
127.222	1.38881
127.778	0.642482
128.333	0.943276
128.889	0.892142
129.444	0.0571371
130	0.861758
130.556	0.0851238
131.111	1.10659
131.667	1.79677
132.222	0.373868
132.778	1.29706
133.333	0.416008
133.889	0.152945
134.444	0.932029
135	0.568741
135.556	0.522347
136.111	1.11875
136.667	1.62781
137.222	0.171549
137.778	1.01934
138.333	0.568044
138.889	0.456725
139.444	0.675618
140	1.44825
140.556	1.41063
141.111	0.946828
141.667	0.788524
142.222	0.0274343
142.778	0.489113
143.333	0.196891
143.889	0.151836
144.444	0.912201
145	0.344102
145.556	0.168794
146.111	1.85757
146.667	0.025634
147.222	0.283804
147.778	0.772508
148.333	0.302636
148.889	0.175038
149.444	0.0341383
150	1.44655
150.556	0.06823
151.111	0.120784
151.667	0.533077
152.222	0.176517
152.778	0.638737
153.333	0.856037
153.889	0.870483
154.444	0.543653
155	0.353319
155.556	0.494982
156.111	0.434293
156.667	0.767961
157.222	0.186499
157.778	2.17511
158.333	0.728099
158.889	0.0477184
159.444	0.714793
160	0.233345
160.556	0.442351
161.111	0.34442
161.667	0.0338756
162.222	0.633742
162.778	0.577969
163.333	0.961846
163.889	0.650074
164.444	1.4853
165	0.60566
165.556	1.09133
166.111	0.601033
166.667	0.319978
167.222	0.289402
167.778	0.726549
168.333	0.467846
168.889	0.947736
169.444	0.134034
170	2.2916
170.556	0.269246
171.111	0.207827
171.667	0.443805
172.222	0.146263
172.778	0.436231
173.333	0.652806
173.889	0.497744
174.444	0.957203
175	1.51042
175.556	1.3559
176.111	0.094242
176.667	1.08517
177.222	0.0550566
177.778	0.611515
178.333	0.142846
178.889	0.350838
179.444	1.05904
180	0.546273
180.556	0.112127
181.111	0.374083
181.667	0.0315822
182.222	0.81544
182.778	0.411216
183.333	0.756218
183.889	0.416226
184.444	0.75975
185	0.852437
185.556	0.356313
186.111	0.607644
186.667	0.00440576
187.222	0.713944
187.778	0.692627
188.333	0.925117
188.889	0.187664
189.444	0.279556
190	0.153944
190.556	0.236061
191.111	0.76113
191.667	0.129346
192.222	0.240765
192.778	0.481941
193.333	0.158941
193.889	0.120696
194.444	0.427683
195	0.0858842
195.556	0.741229
196.111	0.712479
196.667	1.00856
197.222	0.160873
197.778	0.263165
198.333	0.771256
198.889	0.287233
199.444	0.285495
200	0.905147
200.556	0.00905276
201.111	0.681233
201.667	0.971421
202.222	0.664653
202.778	0.404429
203.333	0.486385
203.889	0.453095
204.444	1.14756
205	0.3101
205.556	0.0245599
206.111	0.387323
206.667	0.762403
207.222	0.319742
207.778	0.2092
208.333	0.481926
208.889	0.298675
209.444	0.0190289
210	0.549699
210.556	0.300463
211.111	0.179451
211.667	0.142166
212.222	0.830852
212.778	0.113063
213.333	0.799319
213.889	1.19712
214.444	0.368834
215	0.279522
215.556	0.513773
216.111	0.068465
216.667	0.64115
217.222	0.550066
217.778	0.242458
218.333	0.134025
218.889	0.0845218
219.444	0.487029
220	0.229323
220.556	0.0142047
221.111	0.411781
221.667	0.00280022
222.222	0.158415
222.778	0.0998774
223.333	0.710202
223.889	0.275566
224.444	0.5049
225	0.469255
225.556	0.10487
226.111	0.512573
226.667	0.829048
227.222	0.488391
227.778	0.118308
228.333	0.464444
228.889	0.0938802
229.444	0.237963
230	0.602548
230.556	0.565708
231.111	0.690554
231.667	0.413561
232.222	0.0737208
232.778	0.285329
233.333	0.244942
233.889	0.207483
234.444	0.157881
235	0.71227
235.556	0.860669
236.111	0.181109
236.667	0.436216
237.222	0.189891
237.778	0.0516527
238.333	0.00297053
238.889	0.197758
239.444	0.371734
240	0.0761782
240.556	0.13316
241.111	0.335553
241.667	0.0524059
242.222	0.0687881
242.778	0.111618
243.333	0.157324
243.889	0.343638
244.444	0.310708
245	0.00567737
245.556	0.153409
246.111	0.270725
246.667	0.150722
247.222	0.214231
247.778	0.538037
248.333	0.0391158
248.889	0.139321
249.444	0.32001
250	0.0974356
250.556	0.27551
251.111	0.308332
251.667	0.0680405
252.222	0.138857
252.778	0.426677
253.333	0.507901
253.889	0.0833709
254.444	0.112383
255	0.0496066
255.556	0.0921557
256.111	0.585872
256.667	0.19682
257.222	0.165972
257.778	0.585974
258.333	0.195722
258.889	0.214947
259.444	0.22499
260	0.0662296
260.556	0.0519305
261.111	0.0957895
261.667	0.379106
262.222	0.0817833
262.778	0.31605
263.333	0.110268
263.889	0.027948
264.444	0.364511
265	0.317797
265.556	0.186679
266.111	0.46079
266.667	0.427014
267.222	0.0628187
267.778	0.162996
268.333	0.403204
268.889	0.0267157
269.444	0.395484
270	0.285148
270.556	0.136255
271.111	0.106004
271.667	0.0815709
272.222	0.129299
272.778	0.113919
273.333	0.102813
273.889	0.0599645
274.444	0.07561
275	0.391105
275.556	0.349549
276.111	0.257882
276.667	0.138229
277.222	0.0755741
277.778	0.0175892
278.333	0.0113684
278.889	0.49087
279.444	0.379105
280	0.262355
280.556	0.189923
281.111	0.227798
281.667	0.0696753
282.222	0.38393
282.778	0.101595
283.333	0.119935
283.889	0.270395
284.444	0.206851
285	0.0671623
285.556	0.0802935
286.111	0.111241
286.667	0.157647
287.222	0.107652
287.778	0.023507
288.333	0.286196
288.889	0.272338
289.444	0.0923321
290	0.140725
290.556	0.0251874
291.111	0.28327
291.667	0.524593
292.222	0.254099
292.778	0.0388341
293.333	0.0478006
293.889	0.0372712
294.444	0.0499505
295	0.158737
295.556	0.0769864
296.111	0.195971
296.667	0.00844107
297.222	0.0321341
297.778	0.235426
298.333	0.00987677
298.889	0.232317
299.444	0.108716
300	0.0681031
300.556	0.178477
301.111	0.0863626
301.667	0.097363
302.222	0.232612
302.778	0.015131
303.333	0.259731
303.889	0.128978
304.444	0.0452187
305	0.188118
305.556	0.0291194
306.111	0.0861406
306.667	0.0335905
307.222	0.0270835
307.778	0.0246518
308.333	0.215226
308.889	0.242475
309.444	0.00606379
310	0.0416802
310.556	0.0280697
311.111	0.158491
311.667	0.045706
312.222	0.0283269
312.778	0.0136071
313.333	0.13334
313.889	0.300708
314.444	0.0778283
315	0.130402
315.556	0.264225
316.111	0.00270359
316.667	0.197366
317.222	0.0207184
317.778	0.0598781
318.333	0.0753033
318.889	0.0639138
319.444	0.0895793
320	0.0446515
320.556	0.0915493
321.111	0.146347
321.667	0.164512
322.222	0.111152
322.778	0.120541
323.333	0.0226368
323.889	0.128214
324.444	0.0968949
325	0.154265
325.556	0.0698601
326.111	0.0728036
326.667	0.168176
327.222	0.0573842
327.778	0.0934418
328.333	0.0339853
328.889	0.120851
329.444	0.129991
330	0.256591
330.556	0.296474
331.111	0.00801196
331.667	0.319772
332.222	0.139637
332.778	0.0524123
333.333	0.109162
333.889	0.435834
334.444	0.286571
335	0.105845
335.556	0.0155191
336.111	0.0856759
336.667	0.0361937
337.222	0.0891152
337.778	0.127161
338.333	0.185799
338.889	0.035618
339.444	0.049371
340	0.081571
340.556	0.143473
341.111	0.0683951
341.667	0.104926
342.222	0.0580161
342.778	0.00315551
343.333	0.000124331
343.889	0.0274943
344.444	0.138667
345	0.00229268
345.556	0.107889
346.111	0.0204847
346.667	0.0245796
347.222	0.133579
347.778	0.169004
348.333	0.0741763
348.889	0.0702677
349.444	0.0310751
350	0.0353418
350.556	0.117425
351.111	0.0967153
351.667	0.0308236
352.222	0.208258
352.778	0.176655
353.333	0.0629882
353.889	0.0180039
354.444	0.0336153
355	0.135769
355.556	0.0165014
356.111	0.108694
356.667	0.119781
357.222	0.0989797
357.778	0.104409
358.333	0.03012
358.889	0.0589286
359.444	0.00459075
360	0.00780148
360.556	0.0958034
361.111	0.023799
361.667	0.0956733
362.222	0.0638494
362.778	0.0536324
363.333	0.0566653
363.889	0.0540129
364.444	0.0981421
365	0.144528
365.556	0.0643546
366.111	0.0306193
366.667	0.0122288
367.222	0.0496893
367.778	0.0533276
368.333	0.0306067
368.889	0.0439604
369.444	0.0512416
370	0.0293965
370.556	0.106058
371.111	0.0108751
371.667	0.102238
372.222	0.0173679
372.778	0.0199402
373.333	0.104943
373.889	0.055085
374.444	0.0749414
375	0.00357395
375.556	0.00254884
376.111	0.0508272
376.667	0.0755639
377.222	0.0454473
377.778	0.0816399
378.333	0.0540573
378.889	0.11894
379.444	0.0771712
380	0.0958545
380.556	0.0836157
381.111	0.0467103
381.667	0.0563652
382.222	0.044243
382.778	0.0234979
383.333	0.109327
383.889	0.0875381
384.444	0.0671857
385	0.0560356
385.556	0.164998
386.111	0.0642109
386.667	0.0725848
387.222	0.0617053
387.778	0.0264801
388.333	0.00754708
388.889	0.00460725
389.444	0.0349189
390	0.0449001
390.556	0.0852604
391.111	0.0287913
391.667	0.100747
392.222	0.053575
392.778	0.0544308
393.333	0.0099357
393.889	0.0566013
394.444	0.0355737
395	0.0553304
395.556	0.0374488
396.111	0.075401
396.667	0.104587
397.222	0.0187214
397.778	0.00687377
398.333	0.0150629
398.889	0.0565062
399.444	0.143673
400	0.00042537
400.556	0.0085502
401.111	0.0117372
401.667	0.0368776
402.222	0.0154896
402.778	0.0242247
403.333	0.0432656
403.889	0.00183717
404.444	0.0145074
405	0.0034015
405.556	0.111614
406.111	0.00438715
406.667	0.0626602
407.222	0.0640074
407.778	0.0062878
408.333	0.0482672
408.889	0.0465704
409.444	0.114855
410	0.0430036
410.556	0.0381276
411.111	0.0120147
411.667	0.0537639
412.222	0.00891761
412.778	0.0118829
413.333	0.044667
413.889	0.0615975
414.444	0.103923
415	0.0852107
415.556	0.030362
416.111	0.0180053
416.667	0.0335144
417.222	0.0275598
417.778	0.0900224
418.333	0.0893195
418.889	0.0310076
419.444	0.0647663
420	0.00211788
420.556	0.0445749
421.111	0.0431704
421.667	0.000206495
422.222	0.0952034
422.778	0.0356009
423.333	0.0330035
423.889	0.0553067
424.444	0.00870548
425	0.028275
425.556	0.0223168
426.111	0.0159305
426.667	0.0109147
427.222	0.0867669
427.778	0.0283732
428.333	0.0122977
428.889	0.0654514
429.444	0.136919
430	0.0482653
430.556	0.041847
431.111	0.0231157
431.667	0.0194198
432.222	0.014604
432.778	0.0612717
433.333	0.0026046
433.889	0.0268632
434.444	0.0932493
435	0.00542538
435.556	0.0796185
436.111	0.0415379
436.667	0.0921968
437.222	0.0269085
437.778	0.0172084
438.333	0.017673
438.889	0.0349652
439.444	0.0142966
440	0.0177356
440.556	0.0213779
441.111	0.0249613
441.667	0.02072
442.222	0.0329009
442.778	0.0261875
443.333	0.000777453
443.889	0.0294157
444.444	0.0152577
445	0.0210921
445.556	0.0488643
446.111	0.0271342
446.667	0.0619001
447.222	0.0378066
447.778	0.0129895
448.333	0.0243126
448.889	0.0361549
449.444	0.00750102
450	0.0162969
450.556	0.0908224
451.111	0.00981985
451.667	0.0339009
452.222	0.0933334
452.778	0.0833394
453.333	0.0686133
453.889	0.0588383
454.444	0.0220301
455	0.0956955
455.556	0.0324511
456.111	0.0291607
456.667	9.52606e-05
457.222	0.0320044
457.778	0.036401
458.333	0.0173852
458.889	0.0137224
459.444	0.0181869
460	0.0233796
460.556	0.0119944
461.111	0.0419566
461.667	0.000956812
462.222	0.0182697
462.778	0.0479797
463.333	9.61259e-05
463.889	0.00930754
464.444	0.0589871
465	0.00746149
465.556	0.0597648
466.111	0.00474515
466.667	0.00994461
467.222	0.045174
467.778	0.0245128
468.333	0.0140744
468.889	0.0507215
469.444	0.00167608
470	0.0109027
470.556	0.00488911
471.111	0.0645259
471.667	0.0499932
472.222	0.0231514
472.778	0.00462971
473.333	0.00464969
473.889	0.0209427
474.444	0.0170194
475	0.0672274
475.556	0.0034449
476.111	0.0265382
476.667	0.0194662
477.222	0.00844404
477.778	0.00165844
478.333	0.0248087
478.889	0.00109196
479.444	0.0538645
480	0.00189271
480.556	0.0123087
481.111	0.00351162
481.667	0.0123373
482.222	0.033076
482.778	0.0091464
483.333	0.013715
483.889	0.0278161
484.444	0.0331002
485	0.0106634
485.556	0.0166658
486.111	0.0332669
486.667	0.00512628
487.222	0.0276598
487.778	0.0387403
488.333	0.0156058
488.889	0.0047417
489.444	0.0352684
490	0.0303364
490.556	0.0482043
491.111	0.00129899
491.667	0.031285
492.222	0.0204353
492.778	0.0229227
493.333	0.0323207
493.889	0.00202903
494.444	0.0433799
495	0.0556034
495.556	0.0205326
496.111	0.0410793
496.667	0.00373399
497.222	0.047769
497.778	0.0122921
498.333	0.0196807
498.889	0.0749664
499.444	0.00314603
500	0.0140114
500.556	0.00334466
501.111	0.0213153
501.667	0.0147376
502.222	0.0356581
502.778	0.0375394
503.333	0.0281033
503.889	0.0181603
504.444	0.0103808
505	0.0562429
505.556	0.0503365
506.111	0.0114036
506.667	0.0131948
507.222	0.0210081
507.778	0.00503291
508.333	0.0101565
508.889	0.01645
509.444	0.074004
510	0.027163
510.556	0.016621
511.111	0.000243851
511.667	0.0139922
512.222	0.0220906
512.778	0.0193982
513.333	0.0254383
513.889	0.00205257
514.444	0.0126379
515	0.0508469
515.556	0.001628
516.111	0.026281
516.667	0.0113387
517.222	0.0202455
517.778	0.0264403
518.333	0.0126795
518.889	0.012039
519.444	0.00506905
520	0.00830086
520.556	0.0544302
521.111	0.00516168
521.667	0.0227868
522.222	0.0382729
522.778	0.0137871
523.333	0.0386809
523.889	0.0261695
524.444	0.01345
525	0.0180489
525.556	0.0178707
526.111	0.00187379
526.667	0.0111517
527.222	0.0538458
527.778	0.00172229
528.333	0.00346443
528.889	0.0174119
529.444	0.0249153
530	0.00489242
530.556	0.0438809
531.111	0.00338858
531.667	0.00483542
532.222	0.0426992
532.778	0.0269424
533.333	0.0392886
533.889	0.0668599
534.444	0.0143741
535	0.0102326
535.556	0.0305776
536.111	0.0364294
536.667	0.00588497
537.222	0.0170018
537.778	0.0237144
538.333	0.00262089
538.889	0.00267133
539.444	0.0110463
540	0.00770232
540.556	0.0301355
541.111	0.0452232
541.667	0.00693474
542.222	0.0147744
542.778	0.0148698
543.333	0.00875893
543.889	0.0210196
544.444	0.0179043
545	0.0228122
545.556	0.00831958
546.111	0.0229594
546.667	0.0176042
547.222	0.0185169
547.778	0.00979274
548.333	0.00661729
548.889	0.00621672
549.444	0.0275231
550	0.00427447
550.556	0.0170735
551.111	0.0212779
551.667	0.032046
552.222	0.0145713
552.778	0.031664
553.333	0.000377023
553.889	0.0117756
554.444	0.0219282
555	0.00121067
555.556	0.00891911
556.111	0.00492274
556.667	0.00228266
557.222	0.0274855
557.778	0.0140644
558.333	0.0126893
558.889	0.0299594
559.444	0.00339222
560	0.0310323
560.556	0.00240607
561.111	0.0149044
561.667	0.0137239
562.222	0.0210899
562.778	0.00141778
563.333	0.00941904
563.889	0.00739631
564.444	0.0149683
565	0.0237075
565.556	0.0198448
566.111	0.00387084
566.667	0.0075456
567.222	0.00262288
567.778	0.0334451
568.333	0.0137498
568.889	0.0145362
569.444	0.00662487
570	0.007303
570.556	0.0419507
571.111	0.0131327
571.667	0.00472415
572.222	0.0368024
572.778	0.00594111
573.333	0.00870794
573.889	0.00836179
574.444	0.0105709
575	0.012206
575.556	0.0205864
576.111	0.0198082
576.667	0.000768636
577.222	0.0100651
577.778	0.00683916
578.333	0.00805339
578.889	0.00276291
579.444	0.0215944
580	0.00312616
580.556	0.0406434
581.111	0.00641541
581.667	0.0336054
582.222	0.0100944
582.778	0.0246376
583.333	0.00402803
583.889	0.0151002
584.444	0.0114431
585	0.0265596
585.556	0.02646
586.111	0.0323431
586.667	0.0086366
587.222	0.0227485
587.778	0.00805485
588.333	0.00574184
588.889	0.0313024
589.444	0.0218753
590	0.00153947
590.556	0.0325041
591.111	0.0106843
591.667	0.0125009
592.222	0.0132282
592.778	0.0240945
593.333	0.00584324
593.889	0.0236035
594.444	0.0168347
595	0.010947
595.556	0.00373758
596.111	0.0138781
596.667	0.00228177
597.222	0.00328252
597.778	0.0195719
598.333	0.00560965
598.889	0.0127557
599.444	0.0102399
600	0.0115546
600.556	0.00253049
601.111	0.0150265
601.667	0.0130261
602.222	0.00401104
602.778	0.0112386
603.333	0.00101298
603.889	0.0305343
604.444	0.00243019
605	0.0199707
605.556	0.00225067
606.111	0.0167173
606.667	0.0145399
607.222	0.0252696
607.778	0.00365098
608.333	0.00716632
608.889	0.00639067
609.444	0.0337913
610	0.00612997
610.556	0.0113913
611.111	0.0175509
611.667	0.00110842
612.222	0.00147134
612.778	0.00193731
613.333	0.019974
613.889	0.0017821
614.444	0.0184633
615	0.00357654
615.556	0.0080432
616.111	0.00938195
616.667	0.0172682
617.222	0.0289023
617.778	0.00726191
618.333	0.0271845
618.889	0.000816467
619.444	0.000787138
620	0.0181185
620.556	0.031462
621.111	0.0301641
621.667	0.00304008
622.222	0.00343967
622.778	0.0039862
623.333	0.0126985
623.889	0.0185695
624.444	0.00984947
625	0.0107829
625.556	0.00502721
626.111	0.0163332
626.667	0.00280495
627.222	0.0127957
627.778	0.0112572
628.333	0.0321927
628.889	0.00202491
629.444	0.0148913
630	0.00977451
630.556	0.00750679
631.111	0.0266448
631.667	0.0013468
632.222	0.00888521
632.778	0.00239077
633.333	0.0317849
633.889	0.0128139
634.444	0.00128388
635	0.0196385
635.556	0.0114974
636.111	0.00137652
636.667	0.000512255
637.222	0.0109048
637.778	0.000215608
638.333	0.00311338
638.889	0.0187004
639.444	0.01631
640	0.0033307
640.556	0.0413559
641.111	0.00424391
641.667	0.0116551
642.222	0.0134241
642.778	0.000987059
643.333	0.00808304
643.889	0.0052518
644.444	0.0302756
645	0.0157168
645.556	0.00468618
646.111	0.0139858
646.667	0.00789786
647.222	0.0125514
647.778	0.00356002
648.333	0.019727
648.889	0.00728354
649.444	0.0093526
650	0.00424774
650.556	0.000937413
651.111	0.0104532
651.667	0.0210557
652.222	0.035943
652.778	0.00729116
653.333	0.0103817
653.889	0.00337222
654.444	0.0223612
655	0.0051157
655.556	0.0296321
656.111	0.00208582
656.667	0.000664389
657.222	0.00133545
657.778	0.00982995
658.333	0.00218276
658.889	0.0104397
659.444	0.0282168
660	0.0183994
660.556	0.00416679
661.111	0.0030986
661.667	0.0123309
662.222	0.00733137
662.778	0.0267422
663.333	0.00737208
663.889	0.010099
664.444	0.0140644
665	0.0165399
665.556	0.011892
666.111	0.00674222
666.667	0.0102266
667.222	0.00560916
667.778	0.00604004
668.333	0.0278953
668.889	0.00618411
669.444	0.00887496
670	0.00642348
670.556	0.0141395
671.111	0.00240578
671.667	0.0155779
672.222	0.0197836
672.778	0.00896099
673.333	0.0155001
673.889	0.0123365
674.444	0.0250866
675	0.00213394
675.556	0.0262399
676.111	0.0192719
676.667	0.0132413
677.222	0.00219797
677.778	0.02053
678.333	0.0134801
678.889	0.01449
679.444	0.0238784
680	0.0108925
680.556	0.00714983
681.111	0.0145824
681.667	0.00835397
682.222	0.00532322
682.778	0.0202334
683.333	0.0163854
683.889	0.00468571
684.444	0.0021833
685	0.00928291
685.556	0.0147135
686.111	0.00630763
686.667	0.0197655
687.222	0.0179987
687.778	0.0163358
688.333	0.00133919
688.889	0.00606612
689.444	0.00200609
690	0.00740716
690.556	0.0143584
691.111	0.0124046
691.667	0.00241785
692.222	0.00614049
692.778	0.00555347
693.333	0.00178622
693.889	0.0175299
694.444	0.00706314
695	0.00687836
695.556	0.0133924
696.111	0.0134851
696.667	0.0191674
697.222	0.00717189
697.778	0.0133937
698.333	0.0217501
698.889	0.00571919
699.444	0.0169786
700	0.0177594
700.556	0.012147
701.111	0.00226567
701.667	0.0205528
702.222	0.0121946
702.778	0.00528298
703.333	0.00178986
703.889	0.0204207
704.444	0.00367308
705	0.00252514
705.556	0.0116714
706.111	0.0026427
706.667	0.0142094
707.222	0.0128641
707.778	0.0177977
708.333	0.00180272
708.889	0.0184287
709.444	0.0200517
710	0.0107587
710.556	0.0170045
711.111	0.019368
711.667	0.00893867
712.222	0.00271
712.778	0.00845568
713.333	0.00738437
713.889	0.0103064
714.444	0.0146841
715	0.0162404
715.556	0.00293215
716.111	0.0112398
716.667	0.0146835
717.222	0.002481
717.778	0.0144104
718.333	0.00747245
718.889	0.0138297
719.444	0.00612212
720	0.016134
720.556	0.00164312
721.111	0.0116426
721.667	0.0192628
722.222	0.0164323
722.778	0.00887134
723.333	0.00124291
723.889	0.0169604
724.444	0.00923935
725	0.00944103
725.556	0.0109243
726.111	0.010807
726.667	0.000919536
727.222	0.00404763
727.778	0.00724086
728.333	0.00387189
728.889	0.0143977
729.444	0.0149111
730	0.0191975
730.556	0.0101547
731.111	0.00935742
731.667	0.008756
732.222	0.0063788
732.778	0.0212163
733.333	0.00814592
733.889	0.0156565
734.444	0.00345159
735	0.0276816
735.556	0.0116348
736.111	0.0084877
736.667	0.00914551
737.222	0.00801928
737.778	0.00317241
738.333	0.00764466
738.889	0.0207157
739.444	0.00577214
740	0.0124248
740.556	0.00596668
741.111	0.0103833
741.667	0.00484838
742.222	0.0154516
742.778	0.016275
743.333	0.00505074
743.889	0.0150438
744.444	0.0184514
745	0.0106306
745.556	0.0113161
746.111	0.0235091
746.667	0.00872574
747.222	0.00342349
747.778	0.0117947
748.333	0.0115776
748.889	0.0117419
749.444	0.00592082
750	0.0211236
750.556	0.00680568
751.111	0.00800393
751.667	0.00556607
752.222	0.00843979
752.778	0.0102337
753.333	0.0144722
753.889	0.0122053
754.444	0.00138866
755	0.0137652
755.556	0.00927159
756.111	0.0168337
756.667	0.00342812
757.222	0.0180518
757.778	0.00187633
758.333	0.00967535
758.889	0.0133745
759.444	0.00950565
760	0.00790455
760.556	0.0112431
761.111	0.0182435
761.667	0.0042765
762.222	0.0107428
762.778	0.006336
763.333	0.0102263
763.889	0.00542466
764.444	0.0150728
765	0.00873067
765.556	0.00121587
766.111	0.0130521
766.667	0.00998771
767.222	0.0171464
767.778	0.00959889
768.333	0.0164354
768.889	0.00985147
769.444	0.00143462
770	0.0216823
770.556	0.00414849
771.111	0.0129443
771.667	0.0123166
772.222	0.0109358
772.778	0.00515787
773.333	0.0103634
773.889	0.0143324
774.444	0.0086346
775	0.00443781
775.556	0.00859927
776.111	0.0148052
776.667	0.00400257
777.222	0.0220825
777.778	0.00510946
778.333	0.0137933
778.889	0.000365784
779.444	0.0169449
780	0.00820671
780.556	0.00591865
781.111	0.0191101
781.667	0.0108338
782.222	0.0064872
782.778	0.00960957
783.333	0.0214068
783.889	0.00839893
784.444	0.0168081
785	0.00912198
785.556	0.00829145
786.111	0.00233617
786.667	0.0148069
787.222	0.0137633
787.778	0.00588958
788.333	0.0187763
788.889	0.00660924
789.444	0.00167683
790	0.0124861
790.556	0.0153691
791.111	0.0137721
791.667	0.00630648
792.222	0.012469
792.778	0.00591871
793.333	0.013753
793.889	0.00691506
794.444	0.023852
795	0.00620554
795.556	0.0165787
796.111	0.0134617
796.667	0.00370535
797.222	0.00596852
797.778	0.00737087
798.333	0.0156344
798.889	0.00258482
799.444	0.015854
800	0.00770538
800.556	0.00955354
801.111	0.0059904
801.667	0.0124199
802.222	0.00633108
802.778	0.00876093
803.333	0.0187663
803.889	0.00210211
804.444	0.0127857
805	0.00980561
805.556	0.0175799
806.111	0.00360284
806.667	0.0117586
807.222	0.0163045
807.778	0.00637748
808.333	0.00863167
808.889	0.0105
809.444	0.00867781
810	0.0055188
810.556	0.0192612
811.111	0.0127148
811.667	0.00936832
812.222	0.00729189
812.778	0.0120772
813.333	0.00701354
813.889	0.00725086
814.444	0.020548
815	0.0108872
815.556	0.01052
816.111	0.00941219
816.667	0.0101679
817.222	0.00675878
817.778	0.0111837
818.333	0.021014
818.889	0.00754577
819.444	0.0107004
820	0.00704031
820.556	0.0097097
821.111	0.000355455
821.667	0.0180661
822.222	0.0133569
822.778	0.0112893
823.333	0.0093923
823.889	0.00791595
824.444	0.00780043
825	0.00643633
825.556	0.0202262
826.111	0.0099951
826.667	0.0054715
827.222	0.00654975
827.778	0.0123007
828.333	0.00199841
828.889	0.0189513
829.444	0.0143916
830	0.00523094
830.556	0.0102264
831.111	0.00938784
831.667	0.0132065
832.222	0.00288333
832.778	0.0123654
833.333	0.0109043
833.889	0.00386868
834.444	0.0177844
835	0.0135221
835.556	0.00947196
836.111	0.000844856
836.667	0.0155203
837.222	0.0132005
837.778	0.0101725
838.333	0.0119772
838.889	0.0141172
839.444	0.00400107
840	0.0078175
840.556	0.0186075
841.111	0.00329069
841.667	0.0221838
842.222	0.010346
842.778	0.0152458
843.333	0.00132761
843.889	0.0137533
844.444	0.0141676
845	0.00754303
845.556	0.0173531
846.111	0.0130374
846.667	0.0145986
847.222	0.0029944
847.778	0.0183921
848.333	0.00552975
848.889	0.0133969
849.444	0.0143683
850	0.0129498
850.556	0.00636769
851.111	0.0040086
851.667	0.0147458
852.222	0.00419341
852.778	0.0155949
853.333	0.0157599
853.889	0.0129456
854.444	0.00284149
855	0.0147706
855.556	0.00708498
856.111	0.00321471
856.667	0.0157981
857.222	0.0168546
857.778	0.0132813
858.333	0.00213866
858.889	0.0182488
859.444	0.000593343
860	0.00634795
860.556	0.012658
861.111	0.011168
861.667	0.0114672
862.222	0.00438096
862.778	0.0137111
863.333	0.00179456
863.889	0.0111036
864.444	0.013997
865	0.0158824
865.556	0.00410684
866.111	0.0136343
866.667	0.00913848
867.222	0.00318226
867.778	0.0171659
868.333	0.00933859
868.889	0.0161661
869.444	0.00965904
870	0.0167159
870.556	0.00423321
871.111	0.00725765
871.667	0.0145463
872.222	0.0142549
872.778	0.0118691
873.333	0.0104029
873.889	0.0132983
874.444	0.00100079
875	0.0107727
875.556	0.0109455
876.111	0.0156713
876.667	0.0138035
877.222	0.0132516
877.778	0.0138546
878.333	0.000302067
878.889	0.0208332
879.444	0.0126794
880	0.0116533
880.556	0.0102573
881.111	0.0167525
881.667	0.00798559
882.222	0.00667571
882.778	0.0151308
883.333	0.00905009
883.889	0.0122768
884.444	0.0111046
885	0.0204147
885.556	0.000745801
886.111	0.0113194
886.667	0.0106896
887.222	0.00908267
887.778	0.00886079
888.333	0.0146533
888.889	0.0126955
889.444	0.00542046
890	0.0133891
890.556	0.00742499
891.111	0.00908331
891.667	0.0105154
892.222	0.016704
892.778	0.0108774
893.333	0.00890838
893.889	0.013761
894.444	0.00201443
895	0.00978558
895.556	0.00971769
896.111	0.0237055
896.667	0.00642836
897.222	0.00868168
897.778	0.0107527
898.333	0.00509021
898.889	0.0105594
899.444	0.0148388
900	0.016478
900.556	0.00336467
901.111	0.0144833
901.667	0.00431089
902.222	0.00978561
902.778	0.0084837
903.333	0.022226
903.889	0.00927012
904.444	0.00394438
905	0.0142823
905.556	0.0023559
906.111	0.0117434
906.667	0.0112309
907.222	0.0181257
907.778	0.00329739
908.333	0.0126021
908.889	0.0135133
909.444	0.00631885
910	0.0103718
910.556	0.0140771
911.111	0.0154997
911.667	0.00348285
912.222	0.0175065
912.778	0.00874547
913.333	0.0110433
913.889	0.00959574
914.444	0.0136056
915	0.00928135
915.556	0.00772942
916.111	0.0172891
916.667	0.00732475
917.222	0.00809309
917.778	0.0110616
918.333	0.0143687
918.889	0.00578252
919.444	0.0123551
920	0.0138701
920.556	0.00638048
921.111	0.00817097
921.667	0.00721415
922.222	0.0146957
922.778	0.00288456
923.333	0.0214809
923.889	0.011466
924.444	0.00705482
925	0.00785844
925.556	0.0103522
926.111	0.00766584
926.667	0.0081779
927.222	0.0219426
927.778	0.00538018
928.333	0.0103819
928.889	0.00491925
929.444	0.0153142
930	0.00425811
930.556	0.0161443
931.111	0.0165914
931.667	0.0053147
932.222	0.00656515
932.778	0.00612933
933.333	0.0124981
933.889	0.00550335
934.444	0.0206057
935	0.0125896
935.556	0.00387985
936.111	0.00665016
936.667	0.012274
937.222	0.0105693
937.778	0.0102229
938.333	0.0197057
938.889	0.00570122
939.444	0.00786108
940	0.0102322
940.556	0.0136467
941.111	0.0113649
941.667	0.0096932
942.222	0.0186124
942.778	0.00297556
943.333	0.0121282
943.889	0.0119845
944.444	0.0118147
945	0.0055899
945.556	0.0151301
946.111	0.0141544
946.667	0.00708662
947.222	0.0146661
947.778	0.00817951
948.333	0.0101764
948.889	0.000424892
949.444	0.0207179
950	0.0047181
950.556	0.0129836
951.111	0.00880742
951.667	0.0103961
952.222	0.00514078
952.778	0.00991374
953.333	0.0165625
953.889	0.00792627
954.444	0.0153483
955	0.00995487
955.556	0.00937456
956.111	0.00109969
956.667	0.0167691
957.222	0.0132984
957.778	0.0107637
958.333	0.0158664
958.889	0.00806728
959.444	0.0085447
960	0.0028029
960.556	0.0173106
961.111	0.00834362
961.667	0.0108717
962.222	0.0151561
962.778	0.0084219
963.333	0.00715931
963.889	0.00615239
964.444	0.0184503
965	0.00525592
965.556	0.0170869
966.111	0.0100929
966.667	0.0120175
967.222	0.00311912
967.778	0.0130169
968.333	0.013472
968.889	0.00356993
969.444	0.0191453
970	0.00857194
970.556	0.0101423
971.111	0.00160877
971.667	0.0152478
972.222	0.00722141
972.778	0.00996907
973.333	0.0138042
973.889	0.0112387
974.444	0.00764538
975	0.00929145
975.556	0.0157781
976.111	0.00157074
976.667	0.0171636
977.222	0.0129146
977.778	0.0133626
978.333	0.00631327
978.889	0.0127816
979.444	0.0117495
980	0.00174534
980.556	0.0154378
981.111	0.0114973
981.667	0.0114727
982.222	0.00697212
982.778	0.0144623
983.333	0.00456644
983.889	0.00671539
984.444	0.0174119
985	0.012131
985.556	0.011079
986.111	0.00675107
986.667	0.0156462
987.222	0.00223219
987.778	0.0146817
988.333	0.0133184
988.889	0.0158377
989.444	0.00981906
990	0.0116578
990.556	0.00877584
991.111	0.00405022
991.667	0.0182129
992.222	0.0128543
992.778	0.0115375
993.333	0.00411924
993.889	0.017673
994.444	0.00260137
995	0.0073625
995.556	0.0161813
996.111	0.00765851
996.667	0.0122481
997.222	0.0092197
997.778	0.0128676
998.333	0.00242667
998.889	0.0131421
999.444	0.0136819
1000	0.0113125
1000.56	0.0113125
1001.11	0.0136819
1001.67	0.0131421
1002.22	0.00242667
1002.78	0.0128676
1003.33	0.0092197
1003.89	0.0122481
1004.44	0.00765851
1005	0.0161813
1005.56	0.0073625
1006.11	0.00260137
1006.67	0.017673
1007.22	0.00411924
1007.78	0.0115375
1008.33	0.0128543
1008.89	0.0182129
1009.44	0.00405022
1010	0.00877584
1010.56	0.0116578
1011.11	0.00981906
1011.67	0.0158377
1012.22	0.0133184
1012.78	0.0146817
1013.33	0.00223219
1013.89	0.0156462
1014.44	0.00675107
1015	0.011079
1015.56	0.012131
1016.11	0.0174119
1016.67	0.00671539
1017.22	0.00456644
1017.78	0.0144623
1018.33	0.00697212
1018.89	0.0114727
1019.44	0.0114973
1020	0.0154378
1020.56	0.00174534
1021.11	0.0117495
1021.67	0.0127816
1022.22	0.00631327
1022.78	0.0133626
1023.33	0.0129146
1023.89	0.0171636
1024.44	0.00157074
1025	0.0157781
1025.56	0.00929145
1026.11	0.00764538
1026.67	0.0112387
1027.22	0.0138042
1027.78	0.00996907
1028.33	0.00722141
1028.89	0.0152478
1029.44	0.00160877
1030	0.0101423
1030.56	0.00857194
1031.11	0.0191453
1031.67	0.00356993
1032.22	0.013472
1032.78	0.0130169
1033.33	0.00311912
1033.89	0.0120175
1034.44	0.0100929
1035	0.0170869
1035.56	0.00525592
1036.11	0.0184503
1036.67	0.00615239
1037.22	0.00715931
1037.78	0.0084219
1038.33	0.0151561
1038.89	0.0108717
1039.44	0.00834362
1040	0.0173106
1040.56	0.0028029
1041.11	0.0085447
1041.67	0.00806728
1042.22	0.0158664
1042.78	0.0107637
1043.33	0.0132984
1043.89	0.0167691
1044.44	0.00109969
1045	0.00937456
1045.56	0.00995487
1046.11	0.0153483
1046.67	0.00792627
1047.22	0.0165625
1047.78	0.00991374
1048.33	0.00514078
1048.89	0.0103961
1049.44	0.00880742
1050	0.0129836
1050.56	0.0047181
1051.11	0.0207179
1051.67	0.000424892
1052.22	0.0101764
1052.78	0.00817951
1053.33	0.0146661
1053.89	0.00708662
1054.44	0.0141544
1055	0.0151301
1055.56	0.0055899
1056.11	0.0118147
1056.67	0.0119845
1057.22	0.0121282
1057.78	0.00297556
1058.33	0.0186124
1058.89	0.0096932
1059.44	0.0113649
1060	0.0136467
1060.56	0.0102322
1061.11	0.00786108
1061.67	0.00570122
1062.22	0.0197057
1062.78	0.0102229
1063.33	0.0105693
1063.89	0.012274
1064.44	0.00665016
1065	0.00387985
1065.56	0.0125896
1066.11	0.0206057
1066.67	0.00550335
1067.22	0.0124981
1067.78	0.00612933
1068.33	0.00656515
1068.89	0.0053147
1069.44	0.0165914
1070	0.0161443
1070.56	0.00425811
1071.11	0.0153142
1071.67	0.00491925
1072.22	0.0103819
1072.78	0.00538018
1073.33	0.0219426
1073.89	0.0081779
1074.44	0.00766584
1075	0.0103522
1075.56	0.00785844
1076.11	0.00705482
1076.67	0.011466
1077.22	0.0214809
1077.78	0.00288456
1078.33	0.0146957
1078.89	0.00721415
1079.44	0.00817097
1080	0.00638048
1080.56	0.0138701
1081.11	0.0123551
1081.67	0.00578252
1082.22	0.0143687
1082.78	0.0110616
1083.33	0.00809309
1083.89	0.00732475
1084.44	0.0172891
1085	0.00772942
1085.56	0.00928135
1086.11	0.0136056
1086.67	0.00959574
1087.22	0.0110433
1087.78	0.00874547
1088.33	0.0175065
1088.89	0.00348285
1089.44	0.0154997
1090	0.0140771
1090.56	0.0103718
1091.11	0.00631885
1091.67	0.0135133
1092.22	0.0126021
1092.78	0.00329739
1093.33	0.0181257
1093.89	0.0112309
1094.44	0.0117434
1095	0.0023559
1095.56	0.0142823
1096.11	0.00394438
1096.67	0.00927012
1097.22	0.022226
1097.78	0.0084837
1098.33	0.00978561
1098.89	0.00431089
1099.44	0.0144833
1100	0.00336467
1100.56	0.016478
1101.11	0.0148388
1101.67	0.0105594
1102.22	0.00509021
1102.78	0.0107527
1103.33	0.00868168
1103.89	0.00642836
1104.44	0.0237055
1105	0.00971769
1105.56	0.00978558
1106.11	0.00201443
1106.67	0.013761
1107.22	0.00890838
1107.78	0.0108774
1108.33	0.016704
1108.89	0.0105154
1109.44	0.00908331
1110	0.00742499
1110.56	0.0133891
1111.11	0.00542046
1111.67	0.0126955
1112.22	0.0146533
1112.78	0.00886079
1113.33	0.00908267
1113.89	0.0106896
1114.44	0.0113194
1115	0.000745801
1115.56	0.0204147
1116.11	0.0111046
1116.67	0.0122768
1117.22	0.00905009
1117.78	0.0151308
1118.33	0.00667571
1118.89	0.00798559
1119.44	0.0167525
1120	0.0102573
1120.56	0.0116533
1121.11	0.0126794
1121.67	0.0208332
1122.22	0.000302067
1122.78	0.0138546
1123.33	0.0132516
1123.89	0.0138035
1124.44	0.0156713
1125	0.0109455
1125.56	0.0107727
1126.11	0.00100079
1126.67	0.0132983
1127.22	0.0104029
1127.78	0.0118691
1128.33	0.0142549
1128.89	0.0145463
1129.44	0.00725765
1130	0.00423321
1130.56	0.0167159
1131.11	0.00965904
1131.67	0.0161661
1132.22	0.00933859
1132.78	0.0171659
1133.33	0.00318226
1133.89	0.00913848
1134.44	0.0136343
1135	0.00410684
1135.56	0.0158824
1136.11	0.013997
1136.67	0.0111036
1137.22	0.00179456
1137.78	0.0137111
1138.33	0.00438096
1138.89	0.0114672
1139.44	0.011168
1140	0.012658
1140.56	0.00634795
1141.11	0.000593343
1141.67	0.0182488
1142.22	0.00213866
1142.78	0.0132813
1143.33	0.0168546
1143.89	0.0157981
1144.44	0.00321471
1145	0.00708498
1145.56	0.0147706
1146.11	0.00284149
1146.67	0.0129456
1147.22	0.0157599
1147.78	0.0155949
1148.33	0.00419341
1148.89	0.0147458
1149.44	0.0040086
1150	0.00636769
1150.56	0.0129498
1151.11	0.0143683
1151.67	0.0133969
1152.22	0.00552975
1152.78	0.0183921
1153.33	0.0029944
1153.89	0.0145986
1154.44	0.0130374
1155	0.0173531
1155.56	0.00754303
1156.11	0.0141676
1156.67	0.0137533
1157.22	0.00132761
1157.78	0.0152458
1158.33	0.010346
1158.89	0.0221838
1159.44	0.00329069
1160	0.0186075
1160.56	0.0078175
1161.11	0.00400107
1161.67	0.0141172
1162.22	0.0119772
1162.78	0.0101725
1163.33	0.0132005
1163.89	0.0155203
1164.44	0.000844856
1165	0.00947196
1165.56	0.0135221
1166.11	0.0177844
1166.67	0.00386868
1167.22	0.0109043
1167.78	0.0123654
1168.33	0.00288333
1168.89	0.0132065
1169.44	0.00938784
1170	0.0102264
1170.56	0.00523094
1171.11	0.0143916
1171.67	0.0189513
1172.22	0.00199841
1172.78	0.0123007
1173.33	0.00654975
1173.89	0.0054715
1174.44	0.0099951
1175	0.0202262
1175.56	0.00643633
1176.11	0.00780043
1176.67	0.00791595
1177.22	0.0093923
1177.78	0.0112893
1178.33	0.0133569
1178.89	0.0180661
1179.44	0.000355455
1180	0.0097097
1180.56	0.00704031
1181.11	0.0107004
1181.67	0.00754577
1182.22	0.021014
1182.78	0.0111837
1183.33	0.00675878
1183.89	0.0101679
1184.44	0.00941219
1185	0.01052
1185.56	0.0108872
1186.11	0.020548
1186.67	0.00725086
1187.22	0.00701354
1187.78	0.0120772
1188.33	0.00729189
1188.89	0.00936832
1189.44	0.0127148
1190	0.0192612
1190.56	0.0055188
1191.11	0.00867781
1191.67	0.0105
1192.22	0.00863167
1192.78	0.00637748
1193.33	0.0163045
1193.89	0.0117586
1194.44	0.00360284
1195	0.0175799
1195.56	0.00980561
1196.11	0.0127857
1196.67	0.00210211
1197.22	0.0187663
1197.78	0.00876093
1198.33	0.00633108
1198.89	0.0124199
1199.44	0.0059904
1200	0.00955354
1200.56	0.00770538
1201.11	0.015854
1201.67	0.00258482
1202.22	0.0156344
1202.78	0.00737087
1203.33	0.00596852
1203.89	0.00370535
1204.44	0.0134617
1205	0.0165787
1205.56	0.00620554
1206.11	0.023852
1206.67	0.00691506
1207.22	0.013753
1207.78	0.00591871
1208.33	0.012469
1208.89	0.00630648
1209.44	0.0137721
1210	0.0153691
1210.56	0.0124861
1211.11	0.00167683
1211.67	0.00660924
1212.22	0.0187763
1212.78	0.00588958
1213.33	0.0137633
1213.89	0.0148069
1214.44	0.00233617
1215	0.00829145
1215.56	0.00912198
1216.11	0.0168081
1216.67	0.00839893
1217.22	0.0214068
1217.78	0.00960957
1218.33	0.0064872
1218.89	0.0108338
1219.44	0.0191101
1220	0.00591865
1220.56	0.00820671
1221.11	0.0169449
1221.67	0.000365784
1222.22	0.0137933
1222.78	0.00510946
1223.33	0.0220825
1223.89	0.00400257
1224.44	0.0148052
1225	0.00859927
1225.56	0.00443781
1226.11	0.0086346
1226.67	0.0143324
1227.22	0.0103634
1227.78	0.00515787
1228.33	0.0109358
1228.89	0.0123166
1229.44	0.0129443
1230	0.00414849
1230.56	0.0216823
1231.11	0.00143462
1231.67	0.00985147
1232.22	0.0164354
1232.78	0.00959889
1233.33	0.0171464
1233.89	0.00998771
1234.44	0.0130521
1235	0.00121587
1235.56	0.00873067
1236.11	0.0150728
1236.67	0.00542466
1237.22	0.0102263
1237.78	0.006336
1238.33	0.0107428
1238.89	0.0042765
1239.44	0.0182435
1240	0.0112431
1240.56	0.00790455
1241.11	0.00950565
1241.67	0.0133745
1242.22	0.00967535
1242.78	0.00187633
1243.33	0.0180518
1243.89	0.00342812
1244.44	0.0168337
1245	0.00927159
1245.56	0.0137652
1246.11	0.00138866
1246.67	0.0122053
1247.22	0.0144722
1247.78	0.0102337
1248.33	0.00843979
1248.89	0.00556607
1249.44	0.00800393
1250	0.00680568
1250.56	0.0211236
1251.11	0.00592082
1251.67	0.0117419
1252.22	0.0115776
1252.78	0.0117947
1253.33	0.00342349
1253.89	0.00872574
1254.44	0.0235091
1255	0.0113161
1255.56	0.0106306
1256.11	0.0184514
1256.67	0.0150438
1257.22	0.00505074
1257.78	0.016275
1258.33	0.0154516
1258.89	0.00484838
1259.44	0.0103833
1260	0.00596668
1260.56	0.0124248
1261.11	0.00577214
1261.67	0.0207157
1262.22	0.00764466
1262.78	0.00317241
1263.33	0.00801928
1263.89	0.00914551
1264.44	0.0084877
1265	0.0116348
1265.56	0.0276816
1266.11	0.00345159
1266.67	0.0156565
1267.22	0.00814592
1267.78	0.0212163
1268.33	0.0063788
1268.89	0.008756
1269.44	0.00935742
1270	0.0101547
1270.56	0.0191975
1271.11	0.0149111
1271.67	0.0143977
1272.22	0.00387189
1272.78	0.00724086
1273.33	0.00404763
1273.89	0.000919536
1274.44	0.010807
1275	0.0109243
1275.56	0.00944103
1276.11	0.00923935
1276.67	0.0169604
1277.22	0.00124291
1277.78	0.00887134
1278.33	0.0164323
1278.89	0.0192628
1279.44	0.0116426
1280	0.00164312
1280.56	0.016134
1281.11	0.00612212
1281.67	0.0138297
1282.22	0.00747245
1282.78	0.0144104
1283.33	0.002481
1283.89	0.0146835
1284.44	0.0112398
1285	0.00293215
1285.56	0.0162404
1286.11	0.0146841
1286.67	0.0103064
1287.22	0.00738437
1287.78	0.00845568
1288.33	0.00271
1288.89	0.00893867
1289.44	0.019368
1290	0.0170045
1290.56	0.0107587
1291.11	0.0200517
1291.67	0.0184287
1292.22	0.00180272
1292.78	0.0177977
1293.33	0.0128641
1293.89	0.0142094
1294.44	0.0026427
1295	0.0116714
1295.56	0.00252514
1296.11	0.00367308
1296.67	0.0204207
1297.22	0.00178986
1297.78	0.00528298
1298.33	0.0121946
1298.89	0.0205528
1299.44	0.00226567
1300	0.012147
1300.56	0.0177594
1301.11	0.0169786
1301.67	0.00571919
1302.22	0.0217501
1302.78	0.0133937
1303.33	0.00717189
1303.89	0.0191674
1304.44	0.0134851
1305	0.0133924
1305.56	0.00687836
1306.11	0.00706314
1306.67	0.0175299
1307.22	0.00178622
1307.78	0.00555347
1308.33	0.00614049
1308.89	0.00241785
1309.44	0.0124046
1310	0.0143584
1310.56	0.00740716
1311.11	0.00200609
1311.67	0.00606612
1312.22	0.00133919
1312.78	0.0163358
1313.33	0.0179987
1313.89	0.0197655
1314.44	0.00630763
1315	0.0147135
1315.56	0.00928291
1316.11	0.0021833
1316.67	0.00468571
1317.22	0.0163854
1317.78	0.0202334
1318.33	0.00532322
1318.89	0.00835397
1319.44	0.0145824
1320	0.00714983
1320.56	0.0108925
1321.11	0.0238784
1321.67	0.01449
1322.22	0.0134801
1322.78	0.02053
1323.33	0.00219797
1323.89	0.0132413
1324.44	0.0192719
1325	0.0262399
1325.56	0.00213394
1326.11	0.0250866
1326.67	0.0123365
1327.22	0.0155001
1327.78	0.00896099
1328.33	0.0197836
1328.89	0.0155779
1329.44	0.00240578
1330	0.0141395
1330.56	0.00642348
1331.11	0.00887496
1331.67	0.00618411
1332.22	0.0278953
1332.78	0.00604004
1333.33	0.00560916
1333.89	0.0102266
1334.44	0.00674222
1335	0.011892
1335.56	0.0165399
1336.11	0.0140644
1336.67	0.010099
1337.22	0.00737208
1337.78	0.0267422
1338.33	0.00733137
1338.89	0.0123309
1339.44	0.0030986
1340	0.00416679
1340.56	0.0183994
1341.11	0.0282168
1341.67	0.0104397
1342.22	0.00218276
1342.78	0.00982995
1343.33	0.00133545
1343.89	0.000664389
1344.44	0.00208582
1345	0.0296321
1345.56	0.0051157
1346.11	0.0223612
1346.67	0.00337222
1347.22	0.0103817
1347.78	0.00729116
1348.33	0.035943
1348.89	0.0210557
1349.44	0.0104532
1350	0.000937413
1350.56	0.00424774
1351.11	0.0093526
1351.67	0.00728354
1352.22	0.019727
1352.78	0.00356002
1353.33	0.0125514
1353.89	0.00789786
1354.44	0.0139858
1355	0.00468618
1355.56	0.0157168
1356.11	0.0302756
1356.67	0.0052518
1357.22	0.00808304
1357.78	0.000987059
1358.33	0.0134241
1358.89	0.0116551
1359.44	0.00424391
1360	0.0413559
1360.56	0.0033307
1361.11	0.01631
1361.67	0.0187004
1362.22	0.00311338
1362.78	0.000215608
1363.33	0.0109048
1363.89	0.000512255
1364.44	0.00137652
1365	0.0114974
1365.56	0.0196385
1366.11	0.00128388
1366.67	0.0128139
1367.22	0.0317849
1367.78	0.00239077
1368.33	0.00888521
1368.89	0.0013468
1369.44	0.0266448
1370	0.00750679
1370.56	0.00977451
1371.11	0.0148913
1371.67	0.00202491
1372.22	0.0321927
1372.78	0.0112572
1373.33	0.0127957
1373.89	0.00280495
1374.44	0.0163332
1375	0.00502721
1375.56	0.0107829
1376.11	0.00984947
1376.67	0.0185695
1377.22	0.0126985
1377.78	0.0039862
1378.33	0.00343967
1378.89	0.00304008
1379.44	0.0301641
1380	0.031462
1380.56	0.0181185
1381.11	0.000787138
1381.67	0.000816467
1382.22	0.0271845
1382.78	0.00726191
1383.33	0.0289023
1383.89	0.0172682
1384.44	0.00938195
1385	0.0080432
1385.56	0.00357654
1386.11	0.0184633
1386.67	0.0017821
1387.22	0.019974
1387.78	0.00193731
1388.33	0.00147134
1388.89	0.00110842
1389.44	0.0175509
1390	0.0113913
1390.56	0.00612997
1391.11	0.0337913
1391.67	0.00639067
1392.22	0.00716632
1392.78	0.00365098
1393.33	0.0252696
1393.89	0.0145399
1394.44	0.0167173
1395	0.00225067
1395.56	0.0199707
1396.11	0.00243019
1396.67	0.0305343
1397.22	0.00101298
1397.78	0.0112386
1398.33	0.00401104
1398.89	0.0130261
1399.44	0.0150265
1400	0.00253049
1400.56	0.0115546
1401.11	0.0102399
1401.67	0.0127557
1402.22	0.00560965
1402.78	0.0195719
1403.33	0.00328252
1403.89	0.00228177
1404.44	0.0138781
1405	0.00373758
1405.56	0.010947
1406.11	0.0168347
1406.67	0.0236035
1407.22	0.00584324
1407.78	0.0240945
1408.33	0.0132282
1408.89	0.0125009
1409.44	0.0106843
1410	0.0325041
1410.56	0.00153947
1411.11	0.0218753
1411.67	0.0313024
1412.22	0.00574184
1412.78	0.00805485
1413.33	0.0227485
1413.89	0.0086366
1414.44	0.0323431
1415	0.02646
1415.56	0.0265596
1416.11	0.0114431
1416.67	0.0151002
1417.22	0.00402803
1417.78	0.0246376
1418.33	0.0100944
1418.89	0.0336054
1419.44	0.00641541
1420	0.0406434
1420.56	0.00312616
1421.11	0.0215944
1421.67	0.00276291
1422.22	0.00805339
1422.78	0.00683916
1423.33	0.0100651
1423.89	0.000768636
1424.44	0.0198082
1425	0.0205864
1425.56	0.012206
1426.11	0.0105709
1426.67	0.00836179
1427.22	0.00870794
1427.78	0.00594111
1428.33	0.0368024
1428.89	0.00472415
1429.44	0.0131327
1430	0.0419507
1430.56	0.007303
1431.11	0.00662487
1431.67	0.0145362
1432.22	0.0137498
1432.78	0.0334451
1433.33	0.00262288
1433.89	0.0075456
1434.44	0.00387084
1435	0.0198448
1435.56	0.0237075
1436.11	0.0149683
1436.67	0.00739631
1437.22	0.00941904
1437.78	0.00141778
1438.33	0.0210899
1438.89	0.0137239
1439.44	0.0149044
1440	0.00240607
1440.56	0.0310323
1441.11	0.00339222
1441.67	0.0299594
1442.22	0.0126893
1442.78	0.0140644
1443.33	0.0274855
1443.89	0.00228266
1444.44	0.00492274
1445	0.00891911
1445.56	0.00121067
1446.11	0.0219282
1446.67	0.0117756
1447.22	0.000377023
1447.78	0.031664
1448.33	0.0145713
1448.89	0.032046
1449.44	0.0212779
1450	0.0170735
1450.56	0.00427447
1451.11	0.0275231
1451.67	0.00621672
1452.22	0.00661729
1452.78	0.00979274
1453.33	0.0185169
1453.89	0.0176042
1454.44	0.0229594
1455	0.00831958
1455.56	0.0228122
1456.11	0.0179043
1456.67	0.0210196
1457.22	0.00875893
1457.78	0.0148698
1458.33	0.0147744
1458.89	0.00693474
1459.44	0.0452232
1460	0.0301355
1460.56	0.00770232
1461.11	0.0110463
1461.67	0.00267133
1462.22	0.00262089
1462.78	0.0237144
1463.33	0.0170018
1463.89	0.00588497
1464.44	0.0364294
1465	0.0305776
1465.56	0.0102326
1466.11	0.0143741
1466.67	0.0668599
1467.22	0.0392886
1467.78	0.0269424
1468.33	0.0426992
1468.89	0.00483542
1469.44	0.00338858
1470	0.0438809
1470.56	0.00489242
1471.11	0.0249153
1471.67	0.0174119
1472.22	0.00346443
1472.78	0.00172229
1473.33	0.0538458
1473.89	0.0111517
1474.44	0.00187379
1475	0.0178707
1475.56	0.0180489
1476.11	0.01345
1476.67	0.0261695
1477.22	0.0386809
1477.78	0.0137871
1478.33	0.0382729
1478.89	0.0227868
1479.44	0.00516168
1480	0.0544302
1480.56	0.00830086
1481.11	0.00506905
1481.67	0.012039
1482.22	0.0126795
1482.78	0.0264403
1483.33	0.0202455
1483.89	0.0113387
1484.44	0.026281
1485	0.001628
1485.56	0.0508469
1486.11	0.0126379
1486.67	0.00205257
1487.22	0.0254383
1487.78	0.0193982
1488.33	0.0220906
1488.89	0.0139922
1489.44	0.000243851
1490	0.016621
1490.56	0.027163
1491.11	0.074004
1491.67	0.01645
1492.22	0.0101565
1492.78	0.00503291
1493.33	0.0210081
1493.89	0.0131948
1494.44	0.0114036
1495	0.0503365
1495.56	0.0562429
1496.11	0.0103808
1496.67	0.0181603
1497.22	0.0281033
1497.78	0.0375394
1498.33	0.0356581
1498.89	0.0147376
1499.44	0.0213153
1500	0.00334466
1500.56	0.0140114
1501.11	0.00314603
1501.67	0.0749664
1502.22	0.0196807
1502.78	0.0122921
1503.33	0.047769
1503.89	0.00373399
1504.44	0.0410793
1505	0.0205326
1505.56	0.0556034
1506.11	0.0433799
1506.67	0.00202903
1507.22	0.0323207
1507.78	0.0229227
1508.33	0.0204353
1508.89	0.031285
1509.44	0.00129899
1510	0.0482043
1510.56	0.0303364
1511.11	0.0352684
1511.67	0.0047417
1512.22	0.0156058
1512.78	0.0387403
1513.33	0.0276598
1513.89	0.00512628
1514.44	0.0332669
1515	0.0166658
1515.56	0.0106634
1516.11	0.0331002
1516.67	0.0278161
1517.22	0.013715
1517.78	0.0091464
1518.33	0.033076
1518.89	0.0123373
1519.44	0.00351162
1520	0.0123087
1520.56	0.00189271
1521.11	0.0538645
1521.67	0.00109196
1522.22	0.0248087
1522.78	0.00165844
1523.33	0.00844404
1523.89	0.0194662
1524.44	0.0265382
1525	0.0034449
1525.56	0.0672274
1526.11	0.0170194
1526.67	0.0209427
1527.22	0.00464969
1527.78	0.00462971
1528.33	0.0231514
1528.89	0.0499932
1529.44	0.0645259
1530	0.00488911
1530.56	0.0109027
1531.11	0.00167608
1531.67	0.0507215
1532.22	0.0140744
1532.78	0.0245128
1533.33	0.045174
1533.89	0.00994461
1534.44	0.00474515
1535	0.0597648
1535.56	0.00746149
1536.11	0.0589871
1536.67	0.00930754
1537.22	9.61259e-05
1537.78	0.0479797
1538.33	0.0182697
1538.89	0.000956812
1539.44	0.0419566
1540	0.0119944
1540.56	0.0233796
1541.11	0.0181869
1541.67	0.0137224
1542.22	0.0173852
1542.78	0.036401
1543.33	0.0320044
1543.89	9.52606e-05
1544.44	0.0291607
1545	0.0324511
1545.56	0.0956955
1546.11	0.0220301
1546.67	0.0588383
1547.22	0.0686133
1547.78	0.0833394
1548.33	0.0933334
1548.89	0.0339009
1549.44	0.00981985
1550	0.0908224
1550.56	0.0162969
1551.11	0.00750102
1551.67	0.0361549
1552.22	0.0243126
1552.78	0.0129895
1553.33	0.0378066
1553.89	0.0619001
1554.44	0.0271342
1555	0.0488643
1555.56	0.0210921
1556.11	0.0152577
1556.67	0.0294157
1557.22	0.000777453
1557.78	0.0261875
1558.33	0.0329009
1558.89	0.02072
1559.44	0.0249613
1560	0.0213779
1560.56	0.0177356
1561.11	0.0142966
1561.67	0.0349652
1562.22	0.017673
1562.78	0.0172084
1563.33	0.0269085
1563.89	0.0921968
1564.44	0.0415379
1565	0.0796185
1565.56	0.00542538
1566.11	0.0932493
1566.67	0.0268632
1567.22	0.0026046
1567.78	0.0612717
1568.33	0.014604
1568.89	0.0194198
1569.44	0.0231157
1570	0.041847
1570.56	0.0482653
1571.11	0.136919
1571.67	0.0654514
1572.22	0.0122977
1572.78	0.0283732
1573.33	0.0867669
1573.89	0.0109147
1574.44	0.0159305
1575	0.0223168
1575.56	0.028275
1576.11	0.00870548
1576.67	0.0553067
1577.22	0.0330035
1577.78	0.0356009
1578.33	0.0952034
1578.89	0.000206495
1579.44	0.0431704
1580	0.0445749
1580.56	0.00211788
1581.11	0.0647663
1581.67	0.0310076
1582.22	0.0893195
1582.78	0.0900224
1583.33	0.0275598
1583.89	0.0335144
1584.44	0.0180053
1585	0.030362
1585.56	0.0852107
1586.11	0.103923
1586.67	0.0615975
1587.22	0.044667
1587.78	0.0118829
1588.33	0.00891761
1588.89	0.0537639
1589.44	0.0120147
1590	0.0381276
1590.56	0.0430036
1591.11	0.114855
1591.67	0.0465704
1592.22	0.0482672
1592.78	0.0062878
1593.33	0.0640074
1593.89	0.0626602
1594.44	0.00438715
1595	0.111614
1595.56	0.0034015
1596.11	0.0145074
1596.67	0.00183717
1597.22	0.0432656
1597.78	0.0242247
1598.33	0.0154896
1598.89	0.0368776
1599.44	0.0117372
1600	0.0085502
1600.56	0.00042537
1601.11	0.143673
1601.67	0.0565062
1602.22	0.0150629
1602.78	0.00687377
1603.33	0.0187214
1603.89	0.104587
1604.44	0.075401
1605	0.0374488
1605.56	0.0553304
1606.11	0.0355737
1606.67	0.0566013
1607.22	0.0099357
1607.78	0.0544308
1608.33	0.053575
1608.89	0.100747
1609.44	0.0287913
1610	0.0852604
1610.56	0.0449001
1611.11	0.0349189
1611.67	0.00460725
1612.22	0.00754708
1612.78	0.0264801
1613.33	0.0617053
1613.89	0.0725848
1614.44	0.0642109
1615	0.164998
1615.56	0.0560356
1616.11	0.0671857
1616.67	0.0875381
1617.22	0.109327
1617.78	0.0234979
1618.33	0.044243
1618.89	0.0563652
1619.44	0.0467103
1620	0.0836157
1620.56	0.0958545
1621.11	0.0771712
1621.67	0.11894
1622.22	0.0540573
1622.78	0.0816399
1623.33	0.0454473
1623.89	0.0755639
1624.44	0.0508272
1625	0.00254884
1625.56	0.00357395
1626.11	0.0749414
1626.67	0.055085
1627.22	0.104943
1627.78	0.0199402
1628.33	0.0173679
1628.89	0.102238
1629.44	0.0108751
1630	0.106058
1630.56	0.0293965
1631.11	0.0512416
1631.67	0.0439604
1632.22	0.0306067
1632.78	0.0533276
1633.33	0.0496893
1633.89	0.0122288
1634.44	0.0306193
1635	0.0643546
1635.56	0.144528
1636.11	0.0981421
1636.67	0.0540129
1637.22	0.0566653
1637.78	0.0536324
1638.33	0.0638494
1638.89	0.0956733
1639.44	0.023799
1640	0.0958034
1640.56	0.00780148
1641.11	0.00459075
1641.67	0.0589286
1642.22	0.03012
1642.78	0.104409
1643.33	0.0989797
1643.89	0.119781
1644.44	0.108694
1645	0.0165014
1645.56	0.135769
1646.11	0.0336153
1646.67	0.0180039
1647.22	0.0629882
1647.78	0.176655
1648.33	0.208258
1648.89	0.0308236
1649.44	0.0967153
1650	0.117425
1650.56	0.0353418
1651.11	0.0310751
1651.67	0.0702677
1652.22	0.0741763
1652.78	0.169004
1653.33	0.133579
1653.89	0.0245796
1654.44	0.0204847
1655	0.107889
1655.56	0.00229268
1656.11	0.138667
1656.67	0.0274943
1657.22	0.000124331
1657.78	0.00315551
1658.33	0.0580161
1658.89	0.104926
1659.44	0.0683951
1660	0.143473
1660.56	0.081571
1661.11	0.049371
1661.67	0.035618
1662.22	0.185799
1662.78	0.127161
1663.33	0.0891152
1663.89	0.0361937
1664.44	0.0856759
1665	0.0155191
1665.56	0.105845
1666.11	0.286571
1666.67	0.435834
1667.22	0.109162
1667.78	0.0524123
1668.33	0.139637
1668.89	0.319772
1669.44	0.00801196
1670	0.296474
1670.56	0.256591
1671.11	0.129991
1671.67	0.120851
1672.22	0.0339853
1672.78	0.0934418
1673.33	0.0573842
1673.89	0.168176
1674.44	0.0728036
1675	0.0698601
1675.56	0.154265
1676.11	0.0968949
1676.67	0.128214
1677.22	0.0226368
1677.78	0.120541
1678.33	0.111152
1678.89	0.164512
1679.44	0.146347
1680	0.0915493
1680.56	0.0446515
1681.11	0.0895793
1681.67	0.0639138
1682.22	0.0753033
1682.78	0.0598781
1683.33	0.0207184
1683.89	0.197366
1684.44	0.00270359
1685	0.264225
1685.56	0.130402
1686.11	0.0778283
1686.67	0.300708
1687.22	0.13334
1687.78	0.0136071
1688.33	0.0283269
1688.89	0.045706
1689.44	0.158491
1690	0.0280697
1690.56	0.0416802
1691.11	0.00606379
1691.67	0.242475
1692.22	0.215226
1692.78	0.0246518
1693.33	0.0270835
1693.89	0.0335905
1694.44	0.0861406
1695	0.0291194
1695.56	0.188118
1696.11	0.0452187
1696.67	0.128978
1697.22	0.259731
1697.78	0.015131
1698.33	0.232612
1698.89	0.097363
1699.44	0.0863626
1700	0.178477
1700.56	0.0681031
1701.11	0.108716
1701.67	0.232317
1702.22	0.00987677
1702.78	0.235426
1703.33	0.0321341
1703.89	0.00844107
1704.44	0.195971
1705	0.0769864
1705.56	0.158737
1706.11	0.0499505
1706.67	0.0372712
1707.22	0.0478006
1707.78	0.0388341
1708.33	0.254099
1708.89	0.524593
1709.44	0.28327
1710	0.0251874
1710.56	0.140725
1711.11	0.0923321
1711.67	0.272338
1712.22	0.286196
1712.78	0.023507
1713.33	0.107652
1713.89	0.157647
1714.44	0.111241
1715	0.0802935
1715.56	0.0671623
1716.11	0.206851
1716.67	0.270395
1717.22	0.119935
1717.78	0.101595
1718.33	0.38393
1718.89	0.0696753
1719.44	0.227798
1720	0.189923
1720.56	0.262355
1721.11	0.379105
1721.67	0.49087
1722.22	0.0113684
1722.78	0.0175892
1723.33	0.0755741
1723.89	0.138229
1724.44	0.257882
1725	0.349549
1725.56	0.391105
1726.11	0.07561
1726.67	0.0599645
1727.22	0.102813
1727.78	0.113919
1728.33	0.129299
1728.89	0.0815709
1729.44	0.106004
1730	0.136255
1730.56	0.285148
1731.11	0.395484
1731.67	0.0267157
1732.22	0.403204
1732.78	0.162996
1733.33	0.0628187
1733.89	0.427014
1734.44	0.46079
1735	0.186679
1735.56	0.317797
1736.11	0.364511
1736.67	0.027948
1737.22	0.110268
1737.78	0.31605
1738.33	0.0817833
1738.89	0.379106
1739.44	0.0957895
1740	0.0519305
1740.56	0.0662296
1741.11	0.22499
1741.67	0.214947
1742.22	0.195722
1742.78	0.585974
1743.33	0.165972
1743.89	0.19682
1744.44	0.585872
1745	0.0921557
1745.56	0.0496066
1746.11	0.112383
1746.67	0.0833709
1747.22	0.507901
1747.78	0.426677
1748.33	0.138857
1748.89	0.0680405
1749.44	0.308332
1750	0.27551
1750.56	0.0974356
1751.11	0.32001
1751.67	0.139321
1752.22	0.0391158
1752.78	0.538037
1753.33	0.214231
1753.89	0.150722
1754.44	0.270725
1755	0.153409
1755.56	0.00567737
1756.11	0.310708
1756.67	0.343638
1757.22	0.157324
1757.78	0.111618
1758.33	0.0687881
1758.89	0.0524059
1759.44	0.335553
1760	0.13316
1760.56	0.0761782
1761.11	0.371734
1761.67	0.197758
1762.22	0.00297053
1762.78	0.0516527
1763.33	0.189891
1763.89	0.436216
1764.44	0.181109
1765	0.860669
1765.56	0.71227
1766.11	0.157881
1766.67	0.207483
1767.22	0.244942
1767.78	0.285329
1768.33	0.0737208
1768.89	0.413561
1769.44	0.690554
1770	0.565708
1770.56	0.602548
1771.11	0.237963
1771.67	0.0938802
1772.22	0.464444
1772.78	0.118308
1773.33	0.488391
1773.89	0.829048
1774.44	0.512573
1775	0.10487
1775.56	0.469255
1776.11	0.5049
1776.67	0.275566
1777.22	0.710202
1777.78	0.0998774
1778.33	0.158415
1778.89	0.00280022
1779.44	0.411781
1780	0.0142047
1780.56	0.229323
1781.11	0.487029
1781.67	0.0845218
1782.22	0.134025
1782.78	0.242458
1783.33	0.550066
1783.89	0.64115
1784.44	0.068465
1785	0.513773
1785.56	0.279522
1786.11	0.368834
1786.67	1.19712
1787.22	0.799319
1787.78	0.113063
1788.33	0.830852
1788.89	0.142166
1789.44	0.179451
1790	0.300463
1790.56	0.549699
1791.11	0.0190289
1791.67	0.298675
1792.22	0.481926
1792.78	0.2092
1793.33	0.319742
1793.89	0.762403
1794.44	0.387323
1795	0.0245599
1795.56	0.3101
1796.11	1.14756
1796.67	0.453095
1797.22	0.486385
1797.78	0.404429
1798.33	0.664653
1798.89	0.971421
1799.44	0.681233
1800	0.00905276
1800.56	0.905147
1801.11	0.285495
1801.67	0.287233
1802.22	0.771256
1802.78	0.263165
1803.33	0.160873
1803.89	1.00856
1804.44	0.712479
1805	0.741229
1805.56	0.0858842
1806.11	0.427683
1806.67	0.120696
1807.22	0.158941
1807.78	0.481941
1808.33	0.240765
1808.89	0.129346
1809.44	0.76113
1810	0.236061
1810.56	0.153944
1811.11	0.279556
1811.67	0.187664
1812.22	0.925117
1812.78	0.692627
1813.33	0.713944
1813.89	0.00440576
1814.44	0.607644
1815	0.356313
1815.56	0.852437
1816.11	0.75975
1816.67	0.416226
1817.22	0.756218
1817.78	0.411216
1818.33	0.81544
1818.89	0.0315822
1819.44	0.374083
1820	0.112127
1820.56	0.546273
1821.11	1.05904
1821.67	0.350838
1822.22	0.142846
1822.78	0.611515
1823.33	0.0550566
1823.89	1.08517
1824.44	0.094242
1825	1.3559
1825.56	1.51042
1826.11	0.957203
1826.67	0.497744
1827.22	0.652806
1827.78	0.436231
1828.33	0.146263
1828.89	0.443805
1829.44	0.207827
1830	0.269246
1830.56	2.2916
1831.11	0.134034
1831.67	0.947736
1832.22	0.467846
1832.78	0.726549
1833.33	0.289402
1833.89	0.319978
1834.44	0.601033
1835	1.09133
1835.56	0.60566
1836.11	1.4853
1836.67	0.650074
1837.22	0.961846
1837.78	0.577969
1838.33	0.633742
1838.89	0.0338756
1839.44	0.34442
1840	0.442351
1840.56	0.233345
1841.11	0.714793
1841.67	0.0477184
1842.22	0.728099
1842.78	2.17511
1843.33	0.186499
1843.89	0.767961
1844.44	0.434293
1845	0.494982
1845.56	0.353319
1846.11	0.543653
1846.67	0.870483
1847.22	0.856037
1847.78	0.638737
1848.33	0.176517
1848.89	0.533077
1849.44	0.120784
1850	0.06823
1850.56	1.44655
1851.11	0.0341383
1851.67	0.175038
1852.22	0.302636
1852.78	0.772508
1853.33	0.283804
1853.89	0.025634
1854.44	1.85757
1855	0.168794
1855.56	0.344102
1856.11	0.912201
1856.67	0.151836
1857.22	0.196891
1857.78	0.489113
1858.33	0.0274343
1858.89	0.788524
1859.44	0.946828
1860	1.41063
1860.56	1.44825
1861.11	0.675618
1861.67	0.456725
1862.22	0.568044
1862.78	1.01934
1863.33	0.171549
1863.89	1.62781
1864.44	1.11875
1865	0.522347
1865.56	0.568741
1866.11	0.932029
1866.67	0.152945
1867.22	0.416008
1867.78	1.29706
1868.33	0.373868
1868.89	1.79677
1869.44	1.10659
1870	0.0851238
1870.56	0.861758
1871.11	0.0571371
1871.67	0.892142
1872.22	0.943276
1872.78	0.642482
1873.33	1.38881
1873.89	0.285836
1874.44	1.43367
1875	0.373126
1875.56	0.0664882
1876.11	0.601445
1876.67	0.774548
1877.22	0.469087
1877.78	0.179512
1878.33	0.0402809
1878.89	0.382348
1879.44	1.57872
1880	1.34719
1880.56	0.890308
1881.11	0.9605
1881.67	0.0720225
1882.22	0.358964
1882.78	0.369797
1883.33	0.152821
1883.89	0.592801
1884.44	1.46058
1885	1.09548
1885.56	1.23147
1886.11	1.36026
1886.67	2.09263
1887.22	0.575216
1887.78	1.06773
1888.33	0.266785
1888.89	0.196203
1889.44	0.0380364
1890	0.961873
1890.56	1.13301
1891.11	0.104823
1891.67	0.304519
1892.22	0.303562
1892.78	0.577353
1893.33	0.478567
1893.89	0.90474
1894.44	0.764934
1895	0.577808
1895.56	0.430591
1896.11	0.658412
1896.67	0.534825
1897.22	0.604171
1897.78	0.687428
1898.33	0.773257
1898.89	1.38216
1899.44	0.465112
1900	0.269719
1900.56	1.05318
1901.11	0.490724
1901.67	1.66385
1902.22	0.613041
1902.78	0.0655283
1903.33	0.185471
1903.89	0.330932
1904.44	0.356565
1905	0.292613
1905.56	0.456611
1906.11	0.276174
1906.67	0.821652
1907.22	1.08712
1907.78	1.34047
1908.33	0.056765
1908.89	1.75649
1909.44	2.09003
1910	1.53367
1910.56	1.1298
1911.11	0.0709882
1911.67	0.134236
1912.22	0.907349
1912.78	1.48487
1913.33	0.386346
1913.89	0.036618
1914.44	1.52147
1915	1.48534
1915.56	0.375825
1916.11	1.43815
1916.67	0.822176
1917.22	0.0883907
1917.78	1.0215
1918.33	0.233392
1918.89	0.0295581
1919.44	0.00523209
1920	0.327074
1920.56	1.17531
1921.11	1.3246
1921.67	0.69572
1922.22	0.0703644
1922.78	0.151013
1923.33	0.537994
1923.89	0.319078
1924.44	0.984342
1925	0.835263
1925.56	0.220077
1926.11	0.377095
1926.67	0.562792
1927.22	1.58412
1927.78	0.680484
1928.33	2.08673
1928.89	0.203103
1929.44	0.214039
1930	0.0160699
1930.56	0.366832
1931.11	0.185314
1931.67	0.332424
1932.22	2.71989
1932.78	0.421375
1933.33	1.50534
1933.89	1.26114
1934.44	0.52325
1935	0.306139
1935.56	0.514164
1936.11	2.31
1936.67	0.13519
1937.22	0.938408
1937.78	0.689848
1938.33	0.148836
1938.89	0.276831
1939.44	0.860615
1940	0.24288
1940.56	0.808085
1941.11	0.294355
1941.67	0.365579
1942.22	1.13346
1942.78	0.745107
1943.33	0.244407
1943.89	0.784421
1944.44	0.229478
1945	1.55755
1945.56	0.831038
1946.11	0.656303
1946.67	0.669525
1947.22	0.922062
1947.78	0.628535
1948.33	1.10024
1948.89	1.05876
1949.44	0.814888
1950	1.40135
1950.56	1.17434
1951.11	0.200956
1951.67	1.00519
1952.22	1.50419
1952.78	0.410104
1953.33	0.598837
1953.89	1.20926
1954.44	0.602067
1955	0.786467
1955.56	1.27387
1956.11	1.46896
1956.67	0.452253
1957.22	1.51411
1957.78	0.0421437
1958.33	0.505241
1958.89	1.07194
1959.44	0.874708
1960	0.19052
1960.56	0.12443
1961.11	1.6523
1961.67	0.183309
1962.22	0.945919
1962.78	0.0549833
1963.33	0.476047
1963.89	0.147406
1964.44	0.357891
1965	0.116609
1965.56	1.94146
1966.11	0.333395
1966.67	0.064311
1967.22	1.81039
1967.78	0.618974
1968.33	0.816124
1968.89	0.630156
1969.44	0.316676
1970	1.93486
1970.56	1.97521
1971.11	1.26417
1971.67	0.284631
1972.22	0.250817
1972.78	0.876254
1973.33	0.822545
1973.89	0.791297
1974.44	0.0136879
1975	1.73139
1975.56	1.1101
1976.11	0.133904
1976.67	0.999825
1977.22	0.61545
1977.78	1.95021
1978.33	2.43357
1978.89	1.17263
1979.44	0.0380323
1980	1.10992
1980.56	0.848135
1981.11	0.0944033
1981.67	0.486352
1982.22	2.09368
1982.78	0.727934
1983.33	0.162841
1983.89	0.642314
1984.44	0.505317
1985	1.627
1985.56	0.448039
1986.11	0.657421
1986.67	0.293869
1987.22	1.75857
1987.78	0.191944
1988.33	0.851102
1988.89	0.539479
1989.44	0.180652
1990	0.639699
1990.56	0.357717
1991.11	0.135439
1991.67	0.141097
1992.22	0.854358
1992.78	0.455422
1993.33	1.03113
1993.89	1.40135
1994.44	1.66149
1995	0.509068
1995.56	1.12074
1996.11	0.250081
1996.67	1.12806
1997.22	0.926
1997.78	1.0518
1998.33	0.893948
1998.89	2.81851
1999.44	1.03232
2000	0.778539
