t	etaU
0	3.24588e-15
0.555556	1.04264
1.11111	0.864233
1.66667	0.97973
2.22222	1.34383
2.77778	0.159213
3.33333	1.03582
3.88889	1.94392
4.44444	1.21769
5	1.41292
5.55556	0.317712
6.11111	1.01684
6.66667	2.07421
7.22222	0.409371
7.77778	0.729872
8.33333	1.45499
8.88889	2.78847
9.44444	0.424984
10	0.583179
10.5556	2.02597
11.1111	1.22382
11.6667	2.7346
12.2222	0.767163
12.7778	0.057858
13.3333	3.47669
13.8889	1.33689
14.4444	1.47067
15	4.18632
15.5556	1.33441
16.1111	0.586169
16.6667	3.98418
17.2222	1.92243
17.7778	0.17848
18.3333	0.42625
18.8889	0.0127921
19.4444	0.410274
20	0.457103
20.5556	0.568623
21.1111	1.25263
21.6667	0.0977519
22.2222	0.390665
22.7778	2.28691
23.3333	1.40824
23.8889	0.279054
24.4444	1.25104
25	2.24737
25.5556	1.00021
26.1111	0.622086
26.6667	2.81137
27.2222	1.36739
27.7778	1.32981
28.3333	0.990207
28.8889	0.791278
29.4444	1.18605
30	1.33593
30.5556	2.54603
31.1111	2.12358
31.6667	1.04604
32.2222	1.10232
32.7778	1.00495
33.3333	0.723518
33.8889	1.42605
34.4444	0.00724237
35	1.95459
35.5556	2.10318
36.1111	0.337496
36.6667	0.468773
37.2222	0.137034
37.7778	1.03147
38.3333	0.343786
38.8889	0.327366
39.4444	1.32558
40	1.94488
40.5556	1.73507
41.1111	0.453621
41.6667	0.620634
42.2222	0.127993
42.7778	0.679271
43.3333	2.06535
43.8889	1.25773
44.4444	1.7789
45	0.226035
45.5556	1.22489
46.1111	1.92424
46.6667	1.52332
47.2222	0.830984
47.7778	0.632395
48.3333	0.207598
48.8889	1.49207
49.4444	0.171373
50	0.713557
50.5556	0.736843
51.1111	0.658126
51.6667	0.26697
52.2222	1.47154
52.7778	0.648956
53.3333	1.31059
53.8889	1.60237
54.4444	0.6965
55	0.339435
55.5556	0.57435
56.1111	1.92007
56.6667	0.025434
57.2222	0.363555
57.7778	0.237251
58.3333	0.143056
58.8889	0.581906
59.4444	0.423467
60	1.19819
60.5556	0.270734
61.1111	0.0964449
61.6667	0.638848
62.2222	1.29171
62.7778	0.414436
63.3333	0.70123
63.8889	0.678292
64.4444	1.6759
65	0.277814
65.5556	1.03498
66.1111	0.619014
66.6667	0.363388
67.2222	0.680772
67.7778	1.83439
68.3333	0.526531
68.8889	1.04718
69.4444	0.188343
70	0.72752
70.5556	0.693524
71.1111	0.40671
71.6667	1.7779
72.2222	0.156069
72.7778	0.508079
73.3333	0.415297
73.8889	0.699391
74.4444	0.602498
75	1.2164
75.5556	0.209169
76.1111	0.0533281
76.6667	1.85533
77.2222	1.00428
77.7778	0.0340793
78.3333	0.172866
78.8889	0.0206128
79.4444	0.262558
80	1.67676
80.5556	0.685832
81.1111	0.662594
81.6667	0.796003
82.2222	0.000507936
82.7778	0.0925715
83.3333	0.0410371
83.8889	0.451013
84.4444	0.446953
85	0.00470876
85.5556	0.237361
86.1111	1.33885
86.6667	0.669728
87.2222	0.253522
87.7778	0.00939544
88.3333	0.44665
88.8889	0.489006
89.4444	1.52005
90	0.148448
90.5556	0.0579631
91.1111	0.410707
91.6667	0.190218
92.2222	2.04219
92.7778	0.261399
93.3333	0.394102
93.8889	0.26385
94.4444	0.311595
95	0.0691673
95.5556	0.600068
96.1111	0.982898
96.6667	1.28023
97.2222	0.879581
97.7778	0.0767289
98.3333	0.784932
98.8889	0.999555
99.4444	0.487471
100	1.00722
100.556	0.471865
101.111	0.335674
101.667	0.178184
102.222	0.330693
102.778	0.284676
103.333	0.277717
103.889	0.674005
104.444	0.0118112
105	0.00940228
105.556	0.242688
106.111	0.223848
106.667	0.408757
107.222	0.964127
107.778	0.0298358
108.333	0.562491
108.889	0.454736
109.444	0.905409
110	0.275536
110.556	0.58894
111.111	0.712899
111.667	0.00102807
112.222	0.920763
112.778	0.576296
113.333	0.748396
113.889	0.30877
114.444	0.300535
115	0.168997
115.556	0.666934
116.111	0.351056
116.667	0.756748
117.222	0.0042776
117.778	0.504581
118.333	0.560841
118.889	0.316412
119.444	0.0886569
120	0.135173
120.556	0.455899
121.111	0.658186
121.667	0.379923
122.222	0.0575903
122.778	0.7013
123.333	0.334445
123.889	0.177607
124.444	0.159681
125	0.0830103
125.556	0.223298
126.111	0.417468
126.667	0.333892
127.222	0.59105
127.778	0.0986129
128.333	0.381813
128.889	0.0539563
129.444	0.268621
130	0.0247272
130.556	0.122744
131.111	0.490635
131.667	0.135605
132.222	0.321621
132.778	0.473774
133.333	0.293629
133.889	0.136103
134.444	0.125568
135	0.277556
135.556	0.49967
136.111	0.0337028
136.667	0.788046
137.222	0.268114
137.778	0.542447
138.333	0.783011
138.889	0.901415
139.444	0.77643
140	0.85946
140.556	0.317118
141.111	1.10929
141.667	1.2368
142.222	1.96722
142.778	1.21802
143.333	0.268481
143.889	0.20202
144.444	1.3895
145	0.923001
145.556	0.284742
146.111	0.0640457
146.667	0.298009
147.222	0.945005
147.778	0.0703453
148.333	0.211032
148.889	0.292416
149.444	0.344996
150	0.205237
150.556	0.0066375
151.111	0.456995
151.667	0.861743
152.222	0.357441
152.778	0.453533
153.333	0.0463337
153.889	0.290624
154.444	0.275589
155	0.111882
155.556	0.337816
156.111	0.00689925
156.667	0.121176
157.222	0.0996854
157.778	0.297829
158.333	0.241409
158.889	0.426631
159.444	0.0764014
160	0.621492
160.556	0.39047
161.111	0.800134
161.667	0.367887
162.222	0.083273
162.778	0.0693418
163.333	0.245334
163.889	0.0766207
164.444	0.669191
165	0.220581
165.556	0.55515
166.111	0.0629511
166.667	0.178113
167.222	0.090895
167.778	0.0382931
168.333	0.00438194
168.889	0.318109
169.444	0.135951
170	0.353183
170.556	0.132921
171.111	0.0922239
171.667	0.00406011
172.222	0.559505
172.778	0.192515
173.333	0.272994
173.889	0.0640598
174.444	0.061465
175	0.330864
175.556	0.335614
176.111	0.218007
176.667	0.239824
177.222	0.0121998
177.778	0.316733
178.333	0.0225064
178.889	0.0335577
179.444	0.0357718
180	0.040522
180.556	0.0974009
181.111	0.248571
181.667	0.144532
182.222	0.0160541
182.778	0.206299
183.333	0.238532
183.889	0.0138905
184.444	0.295395
185	0.0930303
185.556	0.192633
186.111	0.0376913
186.667	0.233673
187.222	0.0986011
187.778	0.0328713
188.333	0.19574
188.889	0.0433182
189.444	0.127848
190	0.168617
190.556	0.323918
191.111	0.237614
191.667	0.113063
192.222	0.170369
192.778	0.0740379
193.333	0.183785
193.889	0.0502475
194.444	0.0924109
195	0.202609
195.556	0.192643
196.111	0.404879
196.667	0.381798
197.222	0.143647
197.778	0.0286647
198.333	0.193286
198.889	0.0245006
199.444	0.0584866
200	0.080192
200.556	0.276963
201.111	0.0600762
201.667	0.0336407
202.222	0.154186
202.778	0.0494011
203.333	0.03007
203.889	0.142951
204.444	0.101832
205	0.169834
205.556	0.131044
206.111	0.0288222
206.667	0.126429
207.222	0.142673
207.778	0.0165062
208.333	0.14766
208.889	0.0465003
209.444	0.243274
210	0.0877558
210.556	0.176014
211.111	0.17222
211.667	0.150779
212.222	0.107371
212.778	0.101184
213.333	0.0420347
213.889	0.0694576
214.444	0.0121729
215	0.00231344
215.556	0.0436359
216.111	0.193239
216.667	0.0907467
217.222	0.138442
217.778	0.128592
218.333	0.0979142
218.889	0.352073
219.444	0.00576152
220	0.0572952
220.556	0.258914
221.111	0.130149
221.667	0.25167
222.222	0.0942195
222.778	0.0865474
223.333	0.119468
223.889	0.11493
224.444	0.085713
225	0.127899
225.556	0.0456046
226.111	0.00908669
226.667	0.105586
227.222	0.115315
227.778	0.0416987
228.333	0.0623583
228.889	0.00448256
229.444	0.0306791
230	0.157071
230.556	0.206742
231.111	0.00362249
231.667	0.0866945
232.222	0.0200939
232.778	0.0015216
233.333	0.0161633
233.889	0.0626507
234.444	0.154002
235	0.139941
235.556	0.11611
236.111	0.104471
236.667	0.0698881
237.222	0.0473559
237.778	0.0126119
238.333	0.141131
238.889	0.0234269
239.444	0.0611574
240	0.0309282
240.556	0.0610306
241.111	0.0636173
241.667	0.183176
242.222	0.141524
242.778	0.0374542
243.333	0.120951
243.889	0.039129
244.444	0.0411843
245	0.0949806
245.556	0.132604
246.111	0.0126698
246.667	0.142606
247.222	0.0409878
247.778	0.0195845
248.333	0.0763999
248.889	0.0332698
249.444	0.0276633
250	0.0290229
250.556	0.0813946
251.111	0.093599
251.667	0.141766
252.222	0.047348
252.778	0.0954043
253.333	0.103403
253.889	0.0363417
254.444	0.112995
255	0.0898842
255.556	0.057964
256.111	0.205796
256.667	0.177901
257.222	0.0815828
257.778	0.0954807
258.333	0.0648492
258.889	0.0214381
259.444	0.0472025
260	0.123458
260.556	0.0638174
261.111	0.119993
261.667	0.0141312
262.222	0.149749
262.778	0.0263913
263.333	0.00143066
263.889	0.06116
264.444	0.0735233
265	0.028479
265.556	0.0616791
266.111	0.11732
266.667	0.0147965
267.222	0.150519
267.778	0.0171013
268.333	0.00309308
268.889	0.102844
269.444	0.114594
270	0.0785444
270.556	0.0923627
271.111	0.088002
271.667	0.148579
272.222	0.0786929
272.778	0.121162
273.333	0.0790889
273.889	0.0148523
274.444	0.105776
275	0.0380379
275.556	0.0603016
276.111	0.036439
276.667	0.020005
277.222	0.0294231
277.778	0.092683
278.333	0.162001
278.889	0.104758
279.444	0.169044
280	0.146801
280.556	0.0253573
281.111	0.0228431
281.667	0.0837773
282.222	0.0408638
282.778	0.0914119
283.333	0.0684954
283.889	0.00242892
284.444	0.0178437
285	0.133175
285.556	0.0500763
286.111	0.0186364
286.667	0.0401174
287.222	0.0476459
287.778	0.0527049
288.333	0.0375917
288.889	0.0125513
289.444	0.0256014
290	0.031059
290.556	0.0227262
291.111	0.106145
291.667	0.037091
292.222	0.0646345
292.778	0.00851319
293.333	0.035798
293.889	0.0868631
294.444	0.0186438
295	0.0423984
295.556	0.00531624
296.111	0.0636311
296.667	0.0563544
297.222	0.0985931
297.778	0.0288984
298.333	0.0310314
298.889	0.0372418
299.444	0.108638
300	0.147838
300.556	0.0196897
301.111	0.0481028
301.667	0.002408
302.222	0.0174492
302.778	0.0125945
303.333	0.0391427
303.889	0.0537086
304.444	0.0490215
305	0.0296717
305.556	0.0338346
306.111	0.00296139
306.667	0.0735309
307.222	0.00196712
307.778	0.0191423
308.333	0.0114055
308.889	0.0223133
309.444	0.00766769
310	0.0256632
310.556	0.0280756
311.111	0.0348371
311.667	0.0237197
312.222	0.0389862
312.778	0.042725
313.333	0.027022
313.889	0.0673985
314.444	0.0719654
315	0.022967
315.556	0.0398773
316.111	0.0272647
316.667	0.00731532
317.222	0.0300622
317.778	0.03601
318.333	0.0122534
318.889	0.0327702
319.444	0.0386442
320	0.0831891
320.556	0.0488953
321.111	0.0650393
321.667	0.0707789
322.222	0.0168537
322.778	0.0138238
323.333	0.0234077
323.889	0.0859963
324.444	0.0187503
325	0.00840002
325.556	0.0225018
326.111	0.0673398
326.667	0.0086763
327.222	0.0157309
327.778	0.114364
328.333	0.0615677
328.889	0.0246283
329.444	0.00631318
330	0.0278986
330.556	0.0361063
331.111	0.0565419
331.667	0.032023
332.222	0.0144566
332.778	0.0619086
333.333	0.0431541
333.889	0.102597
334.444	0.0234089
335	0.0372328
335.556	0.0186827
336.111	0.0445856
336.667	0.0542466
337.222	0.011201
337.778	0.0300366
338.333	0.00276754
338.889	0.0141432
339.444	0.0409856
340	0.0173
340.556	0.00732358
341.111	0.0016987
341.667	0.0125333
342.222	0.0405347
342.778	0.054175
343.333	0.00831677
343.889	0.0184871
344.444	0.0260494
345	0.0175036
345.556	0.0640064
346.111	0.0515317
346.667	0.0529719
347.222	0.0130959
347.778	0.00645468
348.333	0.0367153
348.889	0.0771942
349.444	0.0601739
350	0.00707263
350.556	0.0474783
351.111	0.0752139
351.667	0.00120125
352.222	0.0289394
352.778	0.0579294
353.333	0.0581134
353.889	0.0431505
354.444	0.00623417
355	0.0348502
355.556	1.64478e-05
356.111	0.0783469
356.667	0.00233399
357.222	0.0279028
357.778	0.0586779
358.333	0.00439303
358.889	0.0179374
359.444	0.00169233
360	0.0623861
360.556	0.0340019
361.111	0.0017195
361.667	0.0121417
362.222	0.0372261
362.778	0.0412709
363.333	0.0531072
363.889	0.0212511
364.444	0.0205284
365	0.0594679
365.556	0.00321063
366.111	0.110326
366.667	0.0212828
367.222	0.0227675
367.778	0.0559307
368.333	0.00844463
368.889	0.0170028
369.444	0.0384326
370	0.0259944
370.556	0.00619292
371.111	0.0250377
371.667	0.0164441
372.222	0.0469326
372.778	0.00682159
373.333	0.0281571
373.889	0.0698795
374.444	0.0306971
375	0.0108636
375.556	0.00514244
376.111	0.0330947
376.667	0.0379718
377.222	0.0198135
377.778	0.00492003
378.333	0.0292219
378.889	0.00609918
379.444	0.00691293
380	0.0250585
380.556	0.00265888
381.111	0.054207
381.667	0.0118311
382.222	0.0403682
382.778	0.00711633
383.333	0.0225359
383.889	0.0296334
384.444	0.0451608
385	0.0161616
385.556	0.011292
386.111	0.00386667
386.667	0.0172796
387.222	0.0144568
387.778	0.0741788
388.333	0.0534768
388.889	0.00850686
389.444	0.00907417
390	0.0110388
390.556	0.0143199
391.111	0.0211138
391.667	0.030713
392.222	0.00900271
392.778	0.00960249
393.333	0.0013746
393.889	0.0199428
394.444	0.0156076
395	0.0593463
395.556	0.0361287
396.111	0.0183912
396.667	0.0211856
397.222	0.0183487
397.778	0.0073376
398.333	0.0163591
398.889	0.0221282
399.444	0.00564466
400	0.0133343
400.556	0.0016566
401.111	0.0321524
401.667	0.00446793
402.222	0.0297509
402.778	0.00577495
403.333	0.00432125
403.889	0.00763949
404.444	0.0106816
405	0.0428447
405.556	0.0206304
406.111	0.0281677
406.667	0.0414799
407.222	0.0169981
407.778	0.0235383
408.333	0.0368561
408.889	0.000156729
409.444	0.0343634
410	0.0299932
410.556	0.0324248
411.111	0.0437485
411.667	0.00959201
412.222	0.00677784
412.778	0.0430172
413.333	0.0285251
413.889	0.0105775
414.444	0.0307268
415	0.000296902
415.556	0.0220696
416.111	0.037196
416.667	0.0195316
417.222	0.030441
417.778	0.0132225
418.333	0.0239647
418.889	0.0747746
419.444	0.0298828
420	0.0361274
420.556	0.0245537
421.111	0.033991
421.667	0.0197631
422.222	0.0213168
422.778	0.0172791
423.333	0.0257159
423.889	0.0338666
424.444	0.0136986
425	0.0110158
425.556	0.0195195
426.111	0.0162072
426.667	0.0518964
427.222	0.0445546
427.778	0.00299837
428.333	0.00659268
428.889	0.00757886
429.444	0.00223593
430	0.0462654
430.556	0.0245371
431.111	0.0284211
431.667	0.0165322
432.222	0.00864876
432.778	0.0327749
433.333	0.00644546
433.889	0.0475899
434.444	0.0283968
435	0.0395806
435.556	0.0159848
436.111	0.000351918
436.667	0.00322354
437.222	0.00867214
437.778	0.00553154
438.333	0.02036
438.889	0.00951081
439.444	0.00878051
440	0.0205744
440.556	0.0206754
441.111	0.0215908
441.667	0.0216323
442.222	0.0275668
442.778	0.0299177
443.333	0.00610015
443.889	0.0257262
444.444	0.0176571
445	0.0204159
445.556	0.0161437
446.111	0.019633
446.667	0.00752045
447.222	0.00269827
447.778	0.00602105
448.333	0.0206294
448.889	0.00674185
449.444	0.0385192
450	0.00514463
450.556	0.0288758
451.111	0.0091388
451.667	0.0113502
452.222	0.0277097
452.778	0.00167178
453.333	0.0325378
453.889	0.0189204
454.444	0.00638233
455	0.0307751
455.556	0.0254051
456.111	0.0373352
456.667	0.00597095
457.222	0.0250057
457.778	0.017797
458.333	0.00858581
458.889	0.0351008
459.444	0.0138303
460	0.013178
460.556	0.00446543
461.111	0.00358029
461.667	0.0216439
462.222	0.0225908
462.778	0.0308028
463.333	0.0103108
463.889	0.014221
464.444	0.00234752
465	0.00609812
465.556	0.0115793
466.111	0.0611772
466.667	0.0280929
467.222	0.0117111
467.778	0.0101546
468.333	0.0269423
468.889	0.0137924
469.444	0.00865553
470	0.0468511
470.556	0.00663565
471.111	0.0321152
471.667	0.0233259
472.222	0.00822996
472.778	0.00777005
473.333	0.0387703
473.889	0.0168927
474.444	0.00343865
475	0.0108635
475.556	0.0155666
476.111	0.0104626
476.667	0.00187879
477.222	0.0480088
477.778	0.0157845
478.333	0.0323458
478.889	0.0208222
479.444	0.0278377
480	0.021643
480.556	0.0070326
481.111	0.027044
481.667	0.00884027
482.222	0.00398128
482.778	0.0152073
483.333	0.0117766
483.889	0.0248949
484.444	0.00841853
485	0.0185104
485.556	0.00790187
486.111	0.0284023
486.667	0.0265576
487.222	0.0236356
487.778	0.0202071
488.333	0.00850824
488.889	0.014473
489.444	0.00637152
490	0.0285222
490.556	0.00603681
491.111	0.0424549
491.667	0.00770601
492.222	0.0116363
492.778	0.00743112
493.333	0.0247403
493.889	0.0527654
494.444	0.0192149
495	0.0413458
495.556	0.0169568
496.111	0.0180344
496.667	0.0146217
497.222	0.0408988
497.778	0.00178179
498.333	0.0197083
498.889	0.00135453
499.444	0.00168434
500	0.010988
500.556	0.0121554
501.111	0.031505
501.667	0.0244282
502.222	0.0376436
502.778	0.0167205
503.333	0.00567145
503.889	0.00267427
504.444	0.006029
505	0.0317976
505.556	0.0238972
506.111	0.00346794
506.667	0.00447396
507.222	0.00808296
507.778	0.0271514
508.333	0.00845915
508.889	0.0331871
509.444	0.0127505
510	0.00428818
510.556	0.0151529
511.111	0.0242417
511.667	0.00747074
512.222	0.0187923
512.778	0.0129296
513.333	0.0141836
513.889	0.00549108
514.444	0.00896649
515	0.0316707
515.556	0.0250284
516.111	0.0357721
516.667	0.0177617
517.222	0.00415299
517.778	0.0122617
518.333	0.0358847
518.889	0.0324906
519.444	0.00732719
520	0.0215878
520.556	0.0231408
521.111	0.00452466
521.667	0.00353003
522.222	0.0205343
522.778	0.0275837
523.333	0.0281
523.889	0.0237304
524.444	0.00126423
525	0.010983
525.556	0.00115169
526.111	0.0282057
526.667	0.0207933
527.222	0.0314542
527.778	0.0206359
528.333	0.00606829
528.889	0.0198221
529.444	0.00982923
530	0.0438134
530.556	0.0149882
531.111	0.0204988
531.667	0.00888213
532.222	0.00520306
532.778	0.00522954
533.333	0.00118496
533.889	0.0294487
534.444	0.00574433
535	0.0106865
535.556	0.0179502
536.111	0.0207895
536.667	0.0219111
537.222	0.0132252
537.778	0.00619762
538.333	0.000935875
538.889	0.00728438
539.444	0.0139267
540	0.0251551
540.556	0.0194434
541.111	0.0265169
541.667	0.000137558
542.222	0.00341766
542.778	0.0277537
543.333	0.0124957
543.889	0.0314837
544.444	0.000804723
545	0.0123859
545.556	0.00639001
546.111	0.00955327
546.667	0.024861
547.222	0.0189377
547.778	0.0456297
548.333	0.00656469
548.889	0.0132418
549.444	0.00501631
550	0.0334239
550.556	0.00849508
551.111	0.0418318
551.667	0.0323781
552.222	0.0119311
552.778	0.0177277
553.333	0.00954509
553.889	0.0295052
554.444	0.00666571
555	0.038477
555.556	0.00817298
556.111	0.0227584
556.667	0.00440252
557.222	0.0134995
557.778	0.00861873
558.333	0.00553806
558.889	0.0186201
559.444	5.07519e-05
560	0.0195915
560.556	0.01828
561.111	0.0185089
561.667	0.0067792
562.222	0.0226211
562.778	0.00201271
563.333	0.000414928
563.889	0.0172586
564.444	0.00429093
565	0.00794414
565.556	0.00967097
566.111	0.0213757
566.667	0.00717208
567.222	0.0026475
567.778	0.0343241
568.333	0.00183203
568.889	0.0286737
569.444	0.00696157
570	0.00232647
570.556	0.000160531
571.111	0.026298
571.667	0.0215115
572.222	0.00823804
572.778	0.0390587
573.333	0.00680584
573.889	0.0167444
574.444	0.00134664
575	0.0421516
575.556	0.0161564
576.111	0.0292662
576.667	0.0175686
577.222	0.00257082
577.778	0.0140259
578.333	0.00809952
578.889	0.029599
579.444	0.0125024
580	0.0361785
580.556	0.00381831
581.111	0.0106682
581.667	0.00306104
582.222	0.0176347
582.778	0.0232671
583.333	0.0184816
583.889	0.0203602
584.444	0.00352941
585	0.0231233
585.556	0.00386696
586.111	0.0187137
586.667	0.0139305
587.222	0.0356289
587.778	0.000382263
588.333	0.00611142
588.889	0.00718366
589.444	0.00106595
590	0.0159504
590.556	0.0174363
591.111	0.0179301
591.667	0.00120405
592.222	0.00896187
592.778	0.0228496
593.333	0.00555802
593.889	0.0145294
594.444	0.00411132
595	0.00373952
595.556	0.0107701
596.111	0.00987366
596.667	0.0202518
597.222	0.0010657
597.778	0.0291078
598.333	0.0036138
598.889	0.00231145
599.444	0.0171913
600	0.0347716
600.556	0.0208373
601.111	0.0218361
601.667	0.012027
602.222	0.0187431
602.778	0.00898027
603.333	0.00286462
603.889	0.0403259
604.444	0.0137318
605	0.0341944
605.556	0.0205103
606.111	0.000784348
606.667	0.0181935
607.222	0.0237699
607.778	0.0286193
608.333	0.0202608
608.889	0.0278619
609.444	0.0183055
610	0.00446065
610.556	0.00630542
611.111	0.0200419
611.667	0.023703
612.222	0.0277558
612.778	0.0208511
613.333	0.0010324
613.889	0.023687
614.444	0.00353979
615	0.0156928
615.556	0.00110428
616.111	0.0116459
616.667	0.0061521
617.222	0.00770139
617.778	0.0123855
618.333	0.00460641
618.889	0.0212299
619.444	0.020179
620	0.000762679
620.556	0.0127956
621.111	0.00534298
621.667	0.0223023
622.222	0.00433489
622.778	0.00485942
623.333	0.00151206
623.889	0.00351217
624.444	0.0167377
625	0.0283194
625.556	0.0255912
626.111	0.00942555
626.667	0.00593597
627.222	0.00784093
627.778	0.0186274
628.333	0.00156705
628.889	0.0305715
629.444	0.0247946
630	0.00808113
630.556	0.0105614
631.111	0.011676
631.667	0.019515
632.222	0.0221313
632.778	0.0346801
633.333	0.00768077
633.889	0.0144286
634.444	0.00864094
635	0.0213265
635.556	0.00336837
636.111	0.0283688
636.667	0.0366082
637.222	0.0119478
637.778	0.00833267
638.333	0.00573661
638.889	0.021666
639.444	0.00969934
640	0.0297905
640.556	0.00850104
641.111	0.00880543
641.667	0.00683671
642.222	0.00392213
642.778	0.00691254
643.333	0.00483122
643.889	0.0306413
644.444	0.0132831
645	0.00775785
645.556	0.0128542
646.111	0.0113406
646.667	0.0035738
647.222	0.00945499
647.778	0.00574821
648.333	0.0017322
648.889	0.000507498
649.444	0.0151038
650	0.0118092
650.556	0.0158085
651.111	0.0131761
651.667	0.00335134
652.222	0.00221454
652.778	0.0227465
653.333	0.00669527
653.889	0.0107756
654.444	0.0178504
655	0.0047142
655.556	0.00899017
656.111	0.00720714
656.667	0.0336266
657.222	0.000209204
657.778	0.0297331
658.333	0.00194933
658.889	0.00174794
659.444	0.00591639
660	0.032076
660.556	0.0224012
661.111	0.0150594
661.667	0.0329876
662.222	0.00570867
662.778	0.00450517
663.333	0.00724746
663.889	0.036339
664.444	0.00156224
665	0.0318409
665.556	0.0143749
666.111	0.00156778
666.667	0.00609332
667.222	0.0187292
667.778	0.021455
668.333	0.00622749
668.889	0.0287244
669.444	0.00386831
670	0.0139668
670.556	0.003505
671.111	0.0222198
671.667	0.0117297
672.222	0.0137964
672.778	0.0104274
673.333	0.00846264
673.889	0.00397571
674.444	0.00488389
675	0.0149078
675.556	0.0115364
676.111	0.0173573
676.667	0.00506365
677.222	0.0143563
677.778	0.0178032
678.333	0.00581034
678.889	0.0159402
679.444	0.00399108
680	0.00516558
680.556	0.00433232
681.111	0.00373101
681.667	0.0271466
682.222	0.00453098
682.778	0.0270558
683.333	0.00349013
683.889	0.0175777
684.444	0.00989812
685	0.0260391
685.556	0.018589
686.111	0.00631072
686.667	0.0241485
687.222	0.0154122
687.778	0.00212348
688.333	0.00264644
688.889	0.0377646
689.444	0.0121963
690	0.0252773
690.556	0.0156049
691.111	0.0143319
691.667	0.00634458
692.222	0.0175259
692.778	0.0292128
693.333	0.00551207
693.889	0.0322202
694.444	0.0187132
695	0.000873108
695.556	0.00698981
696.111	0.0257066
696.667	0.0252223
697.222	0.0221686
697.778	0.0104473
698.333	0.00987955
698.889	0.00514323
699.444	0.00321356
700	0.0148149
700.556	0.0082758
701.111	0.0224608
701.667	0.0055283
702.222	0.0033944
702.778	0.0141356
703.333	0.00259912
703.889	0.0140764
704.444	0.00671643
705	0.000786258
705.556	0.00406497
706.111	0.000983041
706.667	0.0156678
707.222	0.0108066
707.778	0.0146318
708.333	0.00416946
708.889	0.00671746
709.444	0.0184804
710	0.0186872
710.556	0.0227481
711.111	0.00308442
711.667	0.00872885
712.222	0.0114482
712.778	0.0152337
713.333	0.00667041
713.889	0.0315138
714.444	0.0294665
715	0.0110942
715.556	0.00619958
716.111	0.0160906
716.667	0.0221933
717.222	0.0137829
717.778	0.0377832
718.333	0.0162783
718.889	0.0127584
719.444	0.0187232
720	0.0149113
720.556	0.0120031
721.111	0.0268234
721.667	0.0342853
722.222	0.00592805
722.778	0.0132272
723.333	0.0109353
723.889	0.015522
724.444	0.00653383
725	0.0214537
725.556	0.0222426
726.111	0.0132587
726.667	0.0111499
727.222	5.52997e-05
727.778	0.0137852
728.333	0.0100145
728.889	0.0232246
729.444	0.00227483
730	0.00635894
730.556	0.003089
731.111	0.00297175
731.667	0.00875406
732.222	0.00125014
732.778	0.0154885
733.333	0.00562424
733.889	0.00176855
734.444	0.0213438
735	0.011253
735.556	0.011883
736.111	0.00207886
736.667	0.00172401
737.222	0.00926203
737.778	0.0160848
738.333	0.0173398
738.889	0.0161385
739.444	0.020899
740	0.00332448
740.556	0.00186599
741.111	0.0115768
741.667	0.0337039
742.222	0.000457729
742.778	0.0266363
743.333	0.017425
743.889	0.00548835
744.444	0.0134519
745	0.0199159
745.556	0.0267881
746.111	0.00994348
746.667	0.0348284
747.222	0.00574971
747.778	0.00537791
748.333	0.0118916
748.889	0.0319635
749.444	0.00666327
750	0.0201748
750.556	0.0222803
751.111	0.00110904
751.667	0.0122357
752.222	0.0111552
752.778	0.0276084
753.333	0.000164905
753.889	0.0284798
754.444	0.00505743
755	0.00274566
755.556	0.00119243
756.111	0.0161802
756.667	0.0120517
757.222	0.0041478
757.778	0.015523
758.333	0.00237284
758.889	0.00237601
759.444	0.00603326
760	0.010972
760.556	0.0111803
761.111	0.0080469
761.667	0.00500226
762.222	0.00265987
762.778	0.0090726
763.333	0.0102334
763.889	0.00616611
764.444	0.0164869
765	0.000652599
765.556	0.0105079
766.111	0.000516246
766.667	0.0267924
767.222	0.00997839
767.778	0.0185708
768.333	0.0120281
768.889	0.0164239
769.444	0.00477069
770	0.0159841
770.556	0.0269021
771.111	0.00353104
771.667	0.0263495
772.222	0.0159165
772.778	0.0118913
773.333	0.000289892
773.889	0.032269
774.444	0.0181118
775	0.0124986
775.556	0.0246682
776.111	0.0197715
776.667	0.0039631
777.222	0.0105113
777.778	0.0291118
778.333	0.0106146
778.889	0.027386
779.444	0.0143223
780	0.0082606
780.556	0.00389719
781.111	0.0213398
781.667	0.0168657
782.222	0.00501957
782.778	0.0209655
783.333	0.00954745
783.889	0.000245438
784.444	0.00532037
785	0.0126412
785.556	0.0115778
786.111	0.0149681
786.667	0.00524877
787.222	0.00209579
787.778	0.00947199
788.333	0.000329168
788.889	0.00307497
789.444	0.0047067
790	0.00579717
790.556	0.00336322
791.111	0.00688844
791.667	0.0198014
792.222	0.00836277
792.778	0.0058239
793.333	0.000291653
793.889	0.0124901
794.444	0.0117892
795	0.0122856
795.556	0.0217081
796.111	0.0112016
796.667	0.0116366
797.222	0.00970185
797.778	0.0150002
798.333	0.011482
798.889	0.0266712
799.444	0.0276377
800	0.00273968
800.556	0.00879605
801.111	0.0198942
801.667	0.0154672
802.222	0.00527325
802.778	0.0313668
803.333	0.023968
803.889	0.0110268
804.444	0.014399
805	0.0158066
805.556	0.0145576
806.111	0.0194945
806.667	0.0303699
807.222	0.00572349
807.778	0.00877733
808.333	0.0158125
808.889	0.0109708
809.444	0.00353649
810	0.0219321
810.556	0.020067
811.111	0.0063232
811.667	0.00830314
812.222	0.00398738
812.778	0.0103061
813.333	0.00546605
813.889	0.0154905
814.444	0.00746802
815	0.00306065
815.556	0.00337602
816.111	0.00415979
816.667	0.0111904
817.222	0.00148267
817.778	0.0111034
818.333	0.00392153
818.889	0.00606106
819.444	0.0134126
820	0.00129783
820.556	0.0100542
821.111	0.00700137
821.667	0.00117406
822.222	0.00317732
822.778	0.0139504
823.333	0.020104
823.889	0.0116583
824.444	0.0201984
825	0.00413991
825.556	0.00367369
826.111	0.0159409
826.667	0.027054
827.222	0.00757412
827.778	0.0178366
828.333	0.0254424
828.889	0.00298429
829.444	0.00776428
830	0.020924
830.556	0.0278405
831.111	0.00521984
831.667	0.0298605
832.222	0.0125969
832.778	0.00213189
833.333	0.0174611
833.889	0.0248327
834.444	0.0129253
835	0.0134301
835.556	0.0281682
836.111	0.0016379
836.667	0.00733355
837.222	0.0140528
837.778	0.0243641
838.333	0.00305515
838.889	0.0201984
839.444	0.0110674
840	0.000186848
840.556	0.00737606
841.111	0.00860262
841.667	0.0112058
842.222	0.000246673
842.778	0.0158725
843.333	0.00350134
843.889	0.0053628
844.444	0.00564895
845	0.00845063
845.556	0.00614742
846.111	0.00291242
846.667	8.64414e-05
847.222	0.00395001
847.778	0.0039812
848.333	0.0125644
848.889	0.00337922
849.444	0.0144609
850	0.00677618
850.556	0.00969307
851.111	0.000104441
851.667	0.0206069
852.222	0.0112789
852.778	0.00690423
853.333	0.0198406
853.889	0.01311
854.444	0.00484556
855	0.0113327
855.556	0.0278383
856.111	0.00540585
856.667	0.0200163
857.222	0.0185435
857.778	0.0152338
858.333	0.00160758
858.889	0.0244829
859.444	0.0213858
860	0.00347827
860.556	0.0272803
861.111	0.0195786
861.667	0.00528004
862.222	0.00810032
862.778	0.0292993
863.333	0.0101851
863.889	0.0173796
864.444	0.0193294
865	0.0125758
865.556	1.54369e-05
866.111	0.0149356
866.667	0.0186891
867.222	0.00172168
867.778	0.0189356
868.333	0.0121033
868.889	0.00111723
869.444	0.0036628
870	0.0126028
870.556	0.00779546
871.111	0.00606192
871.667	0.00609034
872.222	0.00333917
872.778	0.00104919
873.333	0.0079707
873.889	0.00347533
874.444	0.00518638
875	0.00256877
875.556	0.00473443
876.111	0.00388027
876.667	0.0147361
877.222	0.010182
877.778	5.55239e-05
878.333	0.00330432
878.889	0.0124048
879.444	0.00803586
880	0.0018935
880.556	0.024895
881.111	0.0158221
881.667	0.00536029
882.222	0.0105429
882.778	0.0173313
883.333	0.00822385
883.889	0.0201672
884.444	0.0268932
885	0.0113222
885.556	0.0126062
886.111	0.0208002
886.667	0.0152173
887.222	2.54206e-05
887.778	0.0272972
888.333	0.0265268
888.889	0.00402164
889.444	0.0140574
890	0.0217424
890.556	0.0112158
891.111	0.0143481
891.667	0.0276519
892.222	0.0148309
892.778	0.0095636
893.333	0.0159249
893.889	0.0127237
894.444	0.00162178
895	0.0172754
895.556	0.0220116
896.111	0.00122121
896.667	0.0052775
897.222	0.00974863
897.778	0.00589222
898.333	0.00234277
898.889	0.0113373
899.444	0.00974072
900	0.00284253
900.556	0.000366296
901.111	0.00300285
901.667	0.00692705
902.222	0.00250292
902.778	0.0038369
903.333	0.00047172
903.889	0.00642718
904.444	0.0101916
905	0.00333333
905.556	0.00863236
906.111	0.0114226
906.667	0.00192143
907.222	0.00414977
907.778	0.0152829
908.333	0.0191641
908.889	0.0055644
909.444	0.0169578
910	0.0142602
910.556	0.00103554
911.111	0.0160417
911.667	0.0234908
912.222	0.0134347
912.778	0.0137562
913.333	0.0271051
913.889	0.00771225
914.444	0.00594121
915	0.0215588
915.556	0.0260664
916.111	0.00225736
916.667	0.0207053
917.222	0.0220793
917.778	0.00133686
918.333	0.015495
918.889	0.022533
919.444	0.016981
920	0.00911367
920.556	0.0236394
921.111	0.00940818
921.667	0.00537734
922.222	0.0145276
922.778	0.0190988
923.333	0.00350447
923.889	0.0112942
924.444	0.0166544
925	0.00103464
925.556	0.00792397
926.111	0.00716752
926.667	0.011156
927.222	0.00121325
927.778	0.00815603
928.333	0.00111789
928.889	0.000817947
929.444	0.00114877
930	0.00247031
930.556	0.00652739
931.111	0.00576694
931.667	0.00272254
932.222	0.00167061
932.778	0.0021015
933.333	0.014179
933.889	0.000356828
934.444	0.0106166
935	0.0127743
935.556	0.0103054
936.111	0.00295943
936.667	0.0160071
937.222	0.0164726
937.778	0.00240357
938.333	0.0194752
938.889	0.0196575
939.444	0.00580258
940	0.00923362
940.556	0.0272865
941.111	0.0104498
941.667	0.0140373
942.222	0.0245254
942.778	0.0192735
943.333	0.00327537
943.889	0.019056
944.444	0.0239251
945	0.00177553
945.556	0.0239114
946.111	0.0226459
946.667	0.00877556
947.222	0.00843882
947.778	0.0238283
948.333	0.0148251
948.889	0.0094827
949.444	0.0216226
950	0.0172301
950.556	0.000131283
951.111	0.00989062
951.667	0.0162536
952.222	0.00431412
952.778	0.0152217
953.333	0.0116538
953.889	0.00732623
954.444	0.000276819
955	0.00512733
955.556	0.00584943
956.111	0.000883644
956.667	0.00506161
957.222	0.00395989
957.778	0.00138455
958.333	0.00489679
958.889	0.00342036
959.444	0.00390394
960	0.00144724
960.556	0.00630627
961.111	0.000510031
961.667	0.0082302
962.222	0.0149496
962.778	0.00744636
963.333	0.00670909
963.889	0.0124268
964.444	0.00984525
965	0.0019257
965.556	0.0200964
966.111	0.0207535
966.667	0.000789226
967.222	0.0133818
967.778	0.021568
968.333	0.00829159
968.889	0.0122025
969.444	0.0262168
970	0.0185947
970.556	0.00895911
971.111	0.0219879
971.667	0.0186445
972.222	0.00187834
972.778	0.0229414
973.333	0.0254131
973.889	0.0071931
974.444	0.0146477
975	0.021912
975.556	0.0105513
976.111	0.0113748
976.667	0.0212664
977.222	0.0201261
977.778	0.00442026
978.333	0.0157881
978.889	0.01278
979.444	0.00311314
980	0.0133205
980.556	0.015673
981.111	0.00853302
981.667	0.00669007
982.222	0.0102136
982.778	0.00480141
983.333	0.0016293
983.889	0.00515712
984.444	0.00894658
985	0.000875247
985.556	0.00140531
986.111	0.00309482
986.667	0.00261702
987.222	0.00132363
987.778	0.00312472
988.333	0.00311002
988.889	0.00793107
989.444	0.00910452
990	0.00727184
990.556	0.00500366
991.111	0.0137071
991.667	0.00606404
992.222	0.00496555
992.778	0.0159672
993.333	0.0168288
993.889	0.00140049
994.444	0.0156873
995	0.0201606
995.556	0.0041592
996.111	0.0168437
996.667	0.0209109
997.222	0.0155936
997.778	0.00851967
998.333	0.0236505
998.889	0.0167262
999.444	0.00574859
1000	0.0244035
1000.56	0.0244035
1001.11	0.00574859
1001.67	0.0167262
1002.22	0.0236505
1002.78	0.00851967
1003.33	0.0155936
1003.89	0.0209109
1004.44	0.0168437
1005	0.0041592
1005.56	0.0201606
1006.11	0.0156873
1006.67	0.00140049
1007.22	0.0168288
1007.78	0.0159672
1008.33	0.00496555
1008.89	0.00606404
1009.44	0.0137071
1010	0.00500366
1010.56	0.00727184
1011.11	0.00910452
1011.67	0.00793107
1012.22	0.00311002
1012.78	0.00312472
1013.33	0.00132363
1013.89	0.00261702
1014.44	0.00309482
1015	0.00140531
1015.56	0.000875247
1016.11	0.00894658
1016.67	0.00515712
1017.22	0.0016293
1017.78	0.00480141
1018.33	0.0102136
1018.89	0.00669007
1019.44	0.00853302
1020	0.015673
1020.56	0.0133205
1021.11	0.00311314
1021.67	0.01278
1022.22	0.0157881
1022.78	0.00442026
1023.33	0.0201261
1023.89	0.0212664
1024.44	0.0113748
1025	0.0105513
1025.56	0.021912
1026.11	0.0146477
1026.67	0.0071931
1027.22	0.0254131
1027.78	0.0229414
1028.33	0.00187834
1028.89	0.0186445
1029.44	0.0219879
1030	0.00895911
1030.56	0.0185947
1031.11	0.0262168
1031.67	0.0122025
1032.22	0.00829159
1032.78	0.021568
1033.33	0.0133818
1033.89	0.000789226
1034.44	0.0207535
1035	0.0200964
1035.56	0.0019257
1036.11	0.00984525
1036.67	0.0124268
1037.22	0.00670909
1037.78	0.00744636
1038.33	0.0149496
1038.89	0.0082302
1039.44	0.000510031
1040	0.00630627
1040.56	0.00144724
1041.11	0.00390394
1041.67	0.00342036
1042.22	0.00489679
1042.78	0.00138455
1043.33	0.00395989
1043.89	0.00506161
1044.44	0.000883644
1045	0.00584943
1045.56	0.00512733
1046.11	0.000276819
1046.67	0.00732623
1047.22	0.0116538
1047.78	0.0152217
1048.33	0.00431412
1048.89	0.0162536
1049.44	0.00989062
1050	0.000131283
1050.56	0.0172301
1051.11	0.0216226
1051.67	0.0094827
1052.22	0.0148251
1052.78	0.0238283
1053.33	0.00843882
1053.89	0.00877556
1054.44	0.0226459
1055	0.0239114
1055.56	0.00177553
1056.11	0.0239251
1056.67	0.019056
1057.22	0.00327537
1057.78	0.0192735
1058.33	0.0245254
1058.89	0.0140373
1059.44	0.0104498
1060	0.0272865
1060.56	0.00923362
1061.11	0.00580258
1061.67	0.0196575
1062.22	0.0194752
1062.78	0.00240357
1063.33	0.0164726
1063.89	0.0160071
1064.44	0.00295943
1065	0.0103054
1065.56	0.0127743
1066.11	0.0106166
1066.67	0.000356828
1067.22	0.014179
1067.78	0.0021015
1068.33	0.00167061
1068.89	0.00272254
1069.44	0.00576694
1070	0.00652739
1070.56	0.00247031
1071.11	0.00114877
1071.67	0.000817947
1072.22	0.00111789
1072.78	0.00815603
1073.33	0.00121325
1073.89	0.011156
1074.44	0.00716752
1075	0.00792397
1075.56	0.00103464
1076.11	0.0166544
1076.67	0.0112942
1077.22	0.00350447
1077.78	0.0190988
1078.33	0.0145276
1078.89	0.00537734
1079.44	0.00940818
1080	0.0236394
1080.56	0.00911367
1081.11	0.016981
1081.67	0.022533
1082.22	0.015495
1082.78	0.00133686
1083.33	0.0220793
1083.89	0.0207053
1084.44	0.00225736
1085	0.0260664
1085.56	0.0215588
1086.11	0.00594121
1086.67	0.00771225
1087.22	0.0271051
1087.78	0.0137562
1088.33	0.0134347
1088.89	0.0234908
1089.44	0.0160417
1090	0.00103554
1090.56	0.0142602
1091.11	0.0169578
1091.67	0.0055644
1092.22	0.0191641
1092.78	0.0152829
1093.33	0.00414977
1093.89	0.00192143
1094.44	0.0114226
1095	0.00863236
1095.56	0.00333333
1096.11	0.0101916
1096.67	0.00642718
1097.22	0.00047172
1097.78	0.0038369
1098.33	0.00250292
1098.89	0.00692705
1099.44	0.00300285
1100	0.000366296
1100.56	0.00284253
1101.11	0.00974072
1101.67	0.0113373
1102.22	0.00234277
1102.78	0.00589222
1103.33	0.00974863
1103.89	0.0052775
1104.44	0.00122121
1105	0.0220116
1105.56	0.0172754
1106.11	0.00162178
1106.67	0.0127237
1107.22	0.0159249
1107.78	0.0095636
1108.33	0.0148309
1108.89	0.0276519
1109.44	0.0143481
1110	0.0112158
1110.56	0.0217424
1111.11	0.0140574
1111.67	0.00402164
1112.22	0.0265268
1112.78	0.0272972
1113.33	2.54206e-05
1113.89	0.0152173
1114.44	0.0208002
1115	0.0126062
1115.56	0.0113222
1116.11	0.0268932
1116.67	0.0201672
1117.22	0.00822385
1117.78	0.0173313
1118.33	0.0105429
1118.89	0.00536029
1119.44	0.0158221
1120	0.024895
1120.56	0.0018935
1121.11	0.00803586
1121.67	0.0124048
1122.22	0.00330432
1122.78	5.55239e-05
1123.33	0.010182
1123.89	0.0147361
1124.44	0.00388027
1125	0.00473443
1125.56	0.00256877
1126.11	0.00518638
1126.67	0.00347533
1127.22	0.0079707
1127.78	0.00104919
1128.33	0.00333917
1128.89	0.00609034
1129.44	0.00606192
1130	0.00779546
1130.56	0.0126028
1131.11	0.0036628
1131.67	0.00111723
1132.22	0.0121033
1132.78	0.0189356
1133.33	0.00172168
1133.89	0.0186891
1134.44	0.0149356
1135	1.54369e-05
1135.56	0.0125758
1136.11	0.0193294
1136.67	0.0173796
1137.22	0.0101851
1137.78	0.0292993
1138.33	0.00810032
1138.89	0.00528004
1139.44	0.0195786
1140	0.0272803
1140.56	0.00347827
1141.11	0.0213858
1141.67	0.0244829
1142.22	0.00160758
1142.78	0.0152338
1143.33	0.0185435
1143.89	0.0200163
1144.44	0.00540585
1145	0.0278383
1145.56	0.0113327
1146.11	0.00484556
1146.67	0.01311
1147.22	0.0198406
1147.78	0.00690423
1148.33	0.0112789
1148.89	0.0206069
1149.44	0.000104441
1150	0.00969307
1150.56	0.00677618
1151.11	0.0144609
1151.67	0.00337922
1152.22	0.0125644
1152.78	0.0039812
1153.33	0.00395001
1153.89	8.64414e-05
1154.44	0.00291242
1155	0.00614742
1155.56	0.00845063
1156.11	0.00564895
1156.67	0.0053628
1157.22	0.00350134
1157.78	0.0158725
1158.33	0.000246673
1158.89	0.0112058
1159.44	0.00860262
1160	0.00737606
1160.56	0.000186848
1161.11	0.0110674
1161.67	0.0201984
1162.22	0.00305515
1162.78	0.0243641
1163.33	0.0140528
1163.89	0.00733355
1164.44	0.0016379
1165	0.0281682
1165.56	0.0134301
1166.11	0.0129253
1166.67	0.0248327
1167.22	0.0174611
1167.78	0.00213189
1168.33	0.0125969
1168.89	0.0298605
1169.44	0.00521984
1170	0.0278405
1170.56	0.020924
1171.11	0.00776428
1171.67	0.00298429
1172.22	0.0254424
1172.78	0.0178366
1173.33	0.00757412
1173.89	0.027054
1174.44	0.0159409
1175	0.00367369
1175.56	0.00413991
1176.11	0.0201984
1176.67	0.0116583
1177.22	0.020104
1177.78	0.0139504
1178.33	0.00317732
1178.89	0.00117406
1179.44	0.00700137
1180	0.0100542
1180.56	0.00129783
1181.11	0.0134126
1181.67	0.00606106
1182.22	0.00392153
1182.78	0.0111034
1183.33	0.00148267
1183.89	0.0111904
1184.44	0.00415979
1185	0.00337602
1185.56	0.00306065
1186.11	0.00746802
1186.67	0.0154905
1187.22	0.00546605
1187.78	0.0103061
1188.33	0.00398738
1188.89	0.00830314
1189.44	0.0063232
1190	0.020067
1190.56	0.0219321
1191.11	0.00353649
1191.67	0.0109708
1192.22	0.0158125
1192.78	0.00877733
1193.33	0.00572349
1193.89	0.0303699
1194.44	0.0194945
1195	0.0145576
1195.56	0.0158066
1196.11	0.014399
1196.67	0.0110268
1197.22	0.023968
1197.78	0.0313668
1198.33	0.00527325
1198.89	0.0154672
1199.44	0.0198942
1200	0.00879605
1200.56	0.00273968
1201.11	0.0276377
1201.67	0.0266712
1202.22	0.011482
1202.78	0.0150002
1203.33	0.00970185
1203.89	0.0116366
1204.44	0.0112016
1205	0.0217081
1205.56	0.0122856
1206.11	0.0117892
1206.67	0.0124901
1207.22	0.000291653
1207.78	0.0058239
1208.33	0.00836277
1208.89	0.0198014
1209.44	0.00688844
1210	0.00336322
1210.56	0.00579717
1211.11	0.0047067
1211.67	0.00307497
1212.22	0.000329168
1212.78	0.00947199
1213.33	0.00209579
1213.89	0.00524877
1214.44	0.0149681
1215	0.0115778
1215.56	0.0126412
1216.11	0.00532037
1216.67	0.000245438
1217.22	0.00954745
1217.78	0.0209655
1218.33	0.00501957
1218.89	0.0168657
1219.44	0.0213398
1220	0.00389719
1220.56	0.0082606
1221.11	0.0143223
1221.67	0.027386
1222.22	0.0106146
1222.78	0.0291118
1223.33	0.0105113
1223.89	0.0039631
1224.44	0.0197715
1225	0.0246682
1225.56	0.0124986
1226.11	0.0181118
1226.67	0.032269
1227.22	0.000289892
1227.78	0.0118913
1228.33	0.0159165
1228.89	0.0263495
1229.44	0.00353104
1230	0.0269021
1230.56	0.0159841
1231.11	0.00477069
1231.67	0.0164239
1232.22	0.0120281
1232.78	0.0185708
1233.33	0.00997839
1233.89	0.0267924
1234.44	0.000516246
1235	0.0105079
1235.56	0.000652599
1236.11	0.0164869
1236.67	0.00616611
1237.22	0.0102334
1237.78	0.0090726
1238.33	0.00265987
1238.89	0.00500226
1239.44	0.0080469
1240	0.0111803
1240.56	0.010972
1241.11	0.00603326
1241.67	0.00237601
1242.22	0.00237284
1242.78	0.015523
1243.33	0.0041478
1243.89	0.0120517
1244.44	0.0161802
1245	0.00119243
1245.56	0.00274566
1246.11	0.00505743
1246.67	0.0284798
1247.22	0.000164905
1247.78	0.0276084
1248.33	0.0111552
1248.89	0.0122357
1249.44	0.00110904
1250	0.0222803
1250.56	0.0201748
1251.11	0.00666327
1251.67	0.0319635
1252.22	0.0118916
1252.78	0.00537791
1253.33	0.00574971
1253.89	0.0348284
1254.44	0.00994348
1255	0.0267881
1255.56	0.0199159
1256.11	0.0134519
1256.67	0.00548835
1257.22	0.017425
1257.78	0.0266363
1258.33	0.000457729
1258.89	0.0337039
1259.44	0.0115768
1260	0.00186599
1260.56	0.00332448
1261.11	0.020899
1261.67	0.0161385
1262.22	0.0173398
1262.78	0.0160848
1263.33	0.00926203
1263.89	0.00172401
1264.44	0.00207886
1265	0.011883
1265.56	0.011253
1266.11	0.0213438
1266.67	0.00176855
1267.22	0.00562424
1267.78	0.0154885
1268.33	0.00125014
1268.89	0.00875406
1269.44	0.00297175
1270	0.003089
1270.56	0.00635894
1271.11	0.00227483
1271.67	0.0232246
1272.22	0.0100145
1272.78	0.0137852
1273.33	5.52997e-05
1273.89	0.0111499
1274.44	0.0132587
1275	0.0222426
1275.56	0.0214537
1276.11	0.00653383
1276.67	0.015522
1277.22	0.0109353
1277.78	0.0132272
1278.33	0.00592805
1278.89	0.0342853
1279.44	0.0268234
1280	0.0120031
1280.56	0.0149113
1281.11	0.0187232
1281.67	0.0127584
1282.22	0.0162783
1282.78	0.0377832
1283.33	0.0137829
1283.89	0.0221933
1284.44	0.0160906
1285	0.00619958
1285.56	0.0110942
1286.11	0.0294665
1286.67	0.0315138
1287.22	0.00667041
1287.78	0.0152337
1288.33	0.0114482
1288.89	0.00872885
1289.44	0.00308442
1290	0.0227481
1290.56	0.0186872
1291.11	0.0184804
1291.67	0.00671746
1292.22	0.00416946
1292.78	0.0146318
1293.33	0.0108066
1293.89	0.0156678
1294.44	0.000983041
1295	0.00406497
1295.56	0.000786258
1296.11	0.00671643
1296.67	0.0140764
1297.22	0.00259912
1297.78	0.0141356
1298.33	0.0033944
1298.89	0.0055283
1299.44	0.0224608
1300	0.0082758
1300.56	0.0148149
1301.11	0.00321356
1301.67	0.00514323
1302.22	0.00987955
1302.78	0.0104473
1303.33	0.0221686
1303.89	0.0252223
1304.44	0.0257066
1305	0.00698981
1305.56	0.000873108
1306.11	0.0187132
1306.67	0.0322202
1307.22	0.00551207
1307.78	0.0292128
1308.33	0.0175259
1308.89	0.00634458
1309.44	0.0143319
1310	0.0156049
1310.56	0.0252773
1311.11	0.0121963
1311.67	0.0377646
1312.22	0.00264644
1312.78	0.00212348
1313.33	0.0154122
1313.89	0.0241485
1314.44	0.00631072
1315	0.018589
1315.56	0.0260391
1316.11	0.00989812
1316.67	0.0175777
1317.22	0.00349013
1317.78	0.0270558
1318.33	0.00453098
1318.89	0.0271466
1319.44	0.00373101
1320	0.00433232
1320.56	0.00516558
1321.11	0.00399108
1321.67	0.0159402
1322.22	0.00581034
1322.78	0.0178032
1323.33	0.0143563
1323.89	0.00506365
1324.44	0.0173573
1325	0.0115364
1325.56	0.0149078
1326.11	0.00488389
1326.67	0.00397571
1327.22	0.00846264
1327.78	0.0104274
1328.33	0.0137964
1328.89	0.0117297
1329.44	0.0222198
1330	0.003505
1330.56	0.0139668
1331.11	0.00386831
1331.67	0.0287244
1332.22	0.00622749
1332.78	0.021455
1333.33	0.0187292
1333.89	0.00609332
1334.44	0.00156778
1335	0.0143749
1335.56	0.0318409
1336.11	0.00156224
1336.67	0.036339
1337.22	0.00724746
1337.78	0.00450517
1338.33	0.00570867
1338.89	0.0329876
1339.44	0.0150594
1340	0.0224012
1340.56	0.032076
1341.11	0.00591639
1341.67	0.00174794
1342.22	0.00194933
1342.78	0.0297331
1343.33	0.000209204
1343.89	0.0336266
1344.44	0.00720714
1345	0.00899017
1345.56	0.0047142
1346.11	0.0178504
1346.67	0.0107756
1347.22	0.00669527
1347.78	0.0227465
1348.33	0.00221454
1348.89	0.00335134
1349.44	0.0131761
1350	0.0158085
1350.56	0.0118092
1351.11	0.0151038
1351.67	0.000507498
1352.22	0.0017322
1352.78	0.00574821
1353.33	0.00945499
1353.89	0.0035738
1354.44	0.0113406
1355	0.0128542
1355.56	0.00775785
1356.11	0.0132831
1356.67	0.0306413
1357.22	0.00483122
1357.78	0.00691254
1358.33	0.00392213
1358.89	0.00683671
1359.44	0.00880543
1360	0.00850104
1360.56	0.0297905
1361.11	0.00969934
1361.67	0.021666
1362.22	0.00573661
1362.78	0.00833267
1363.33	0.0119478
1363.89	0.0366082
1364.44	0.0283688
1365	0.00336837
1365.56	0.0213265
1366.11	0.00864094
1366.67	0.0144286
1367.22	0.00768077
1367.78	0.0346801
1368.33	0.0221313
1368.89	0.019515
1369.44	0.011676
1370	0.0105614
1370.56	0.00808113
1371.11	0.0247946
1371.67	0.0305715
1372.22	0.00156705
1372.78	0.0186274
1373.33	0.00784093
1373.89	0.00593597
1374.44	0.00942555
1375	0.0255912
1375.56	0.0283194
1376.11	0.0167377
1376.67	0.00351217
1377.22	0.00151206
1377.78	0.00485942
1378.33	0.00433489
1378.89	0.0223023
1379.44	0.00534298
1380	0.0127956
1380.56	0.000762679
1381.11	0.020179
1381.67	0.0212299
1382.22	0.00460641
1382.78	0.0123855
1383.33	0.00770139
1383.89	0.0061521
1384.44	0.0116459
1385	0.00110428
1385.56	0.0156928
1386.11	0.00353979
1386.67	0.023687
1387.22	0.0010324
1387.78	0.0208511
1388.33	0.0277558
1388.89	0.023703
1389.44	0.0200419
1390	0.00630542
1390.56	0.00446065
1391.11	0.0183055
1391.67	0.0278619
1392.22	0.0202608
1392.78	0.0286193
1393.33	0.0237699
1393.89	0.0181935
1394.44	0.000784348
1395	0.0205103
1395.56	0.0341944
1396.11	0.0137318
1396.67	0.0403259
1397.22	0.00286462
1397.78	0.00898027
1398.33	0.0187431
1398.89	0.012027
1399.44	0.0218361
1400	0.0208373
1400.56	0.0347716
1401.11	0.0171913
1401.67	0.00231145
1402.22	0.0036138
1402.78	0.0291078
1403.33	0.0010657
1403.89	0.0202518
1404.44	0.00987366
1405	0.0107701
1405.56	0.00373952
1406.11	0.00411132
1406.67	0.0145294
1407.22	0.00555802
1407.78	0.0228496
1408.33	0.00896187
1408.89	0.00120405
1409.44	0.0179301
1410	0.0174363
1410.56	0.0159504
1411.11	0.00106595
1411.67	0.00718366
1412.22	0.00611142
1412.78	0.000382263
1413.33	0.0356289
1413.89	0.0139305
1414.44	0.0187137
1415	0.00386696
1415.56	0.0231233
1416.11	0.00352941
1416.67	0.0203602
1417.22	0.0184816
1417.78	0.0232671
1418.33	0.0176347
1418.89	0.00306104
1419.44	0.0106682
1420	0.00381831
1420.56	0.0361785
1421.11	0.0125024
1421.67	0.029599
1422.22	0.00809952
1422.78	0.0140259
1423.33	0.00257082
1423.89	0.0175686
1424.44	0.0292662
1425	0.0161564
1425.56	0.0421516
1426.11	0.00134664
1426.67	0.0167444
1427.22	0.00680584
1427.78	0.0390587
1428.33	0.00823804
1428.89	0.0215115
1429.44	0.026298
1430	0.000160531
1430.56	0.00232647
1431.11	0.00696157
1431.67	0.0286737
1432.22	0.00183203
1432.78	0.0343241
1433.33	0.0026475
1433.89	0.00717208
1434.44	0.0213757
1435	0.00967097
1435.56	0.00794414
1436.11	0.00429093
1436.67	0.0172586
1437.22	0.000414928
1437.78	0.00201271
1438.33	0.0226211
1438.89	0.0067792
1439.44	0.0185089
1440	0.01828
1440.56	0.0195915
1441.11	5.07519e-05
1441.67	0.0186201
1442.22	0.00553806
1442.78	0.00861873
1443.33	0.0134995
1443.89	0.00440252
1444.44	0.0227584
1445	0.00817298
1445.56	0.038477
1446.11	0.00666571
1446.67	0.0295052
1447.22	0.00954509
1447.78	0.0177277
1448.33	0.0119311
1448.89	0.0323781
1449.44	0.0418318
1450	0.00849508
1450.56	0.0334239
1451.11	0.00501631
1451.67	0.0132418
1452.22	0.00656469
1452.78	0.0456297
1453.33	0.0189377
1453.89	0.024861
1454.44	0.00955327
1455	0.00639001
1455.56	0.0123859
1456.11	0.000804723
1456.67	0.0314837
1457.22	0.0124957
1457.78	0.0277537
1458.33	0.00341766
1458.89	0.000137558
1459.44	0.0265169
1460	0.0194434
1460.56	0.0251551
1461.11	0.0139267
1461.67	0.00728438
1462.22	0.000935875
1462.78	0.00619762
1463.33	0.0132252
1463.89	0.0219111
1464.44	0.0207895
1465	0.0179502
1465.56	0.0106865
1466.11	0.00574433
1466.67	0.0294487
1467.22	0.00118496
1467.78	0.00522954
1468.33	0.00520306
1468.89	0.00888213
1469.44	0.0204988
1470	0.0149882
1470.56	0.0438134
1471.11	0.00982923
1471.67	0.0198221
1472.22	0.00606829
1472.78	0.0206359
1473.33	0.0314542
1473.89	0.0207933
1474.44	0.0282057
1475	0.00115169
1475.56	0.010983
1476.11	0.00126423
1476.67	0.0237304
1477.22	0.0281
1477.78	0.0275837
1478.33	0.0205343
1478.89	0.00353003
1479.44	0.00452466
1480	0.0231408
1480.56	0.0215878
1481.11	0.00732719
1481.67	0.0324906
1482.22	0.0358847
1482.78	0.0122617
1483.33	0.00415299
1483.89	0.0177617
1484.44	0.0357721
1485	0.0250284
1485.56	0.0316707
1486.11	0.00896649
1486.67	0.00549108
1487.22	0.0141836
1487.78	0.0129296
1488.33	0.0187923
1488.89	0.00747074
1489.44	0.0242417
1490	0.0151529
1490.56	0.00428818
1491.11	0.0127505
1491.67	0.0331871
1492.22	0.00845915
1492.78	0.0271514
1493.33	0.00808296
1493.89	0.00447396
1494.44	0.00346794
1495	0.0238972
1495.56	0.0317976
1496.11	0.006029
1496.67	0.00267427
1497.22	0.00567145
1497.78	0.0167205
1498.33	0.0376436
1498.89	0.0244282
1499.44	0.031505
1500	0.0121554
1500.56	0.010988
1501.11	0.00168434
1501.67	0.00135453
1502.22	0.0197083
1502.78	0.00178179
1503.33	0.0408988
1503.89	0.0146217
1504.44	0.0180344
1505	0.0169568
1505.56	0.0413458
1506.11	0.0192149
1506.67	0.0527654
1507.22	0.0247403
1507.78	0.00743112
1508.33	0.0116363
1508.89	0.00770601
1509.44	0.0424549
1510	0.00603681
1510.56	0.0285222
1511.11	0.00637152
1511.67	0.014473
1512.22	0.00850824
1512.78	0.0202071
1513.33	0.0236356
1513.89	0.0265576
1514.44	0.0284023
1515	0.00790187
1515.56	0.0185104
1516.11	0.00841853
1516.67	0.0248949
1517.22	0.0117766
1517.78	0.0152073
1518.33	0.00398128
1518.89	0.00884027
1519.44	0.027044
1520	0.0070326
1520.56	0.021643
1521.11	0.0278377
1521.67	0.0208222
1522.22	0.0323458
1522.78	0.0157845
1523.33	0.0480088
1523.89	0.00187879
1524.44	0.0104626
1525	0.0155666
1525.56	0.0108635
1526.11	0.00343865
1526.67	0.0168927
1527.22	0.0387703
1527.78	0.00777005
1528.33	0.00822996
1528.89	0.0233259
1529.44	0.0321152
1530	0.00663565
1530.56	0.0468511
1531.11	0.00865553
1531.67	0.0137924
1532.22	0.0269423
1532.78	0.0101546
1533.33	0.0117111
1533.89	0.0280929
1534.44	0.0611772
1535	0.0115793
1535.56	0.00609812
1536.11	0.00234752
1536.67	0.014221
1537.22	0.0103108
1537.78	0.0308028
1538.33	0.0225908
1538.89	0.0216439
1539.44	0.00358029
1540	0.00446543
1540.56	0.013178
1541.11	0.0138303
1541.67	0.0351008
1542.22	0.00858581
1542.78	0.017797
1543.33	0.0250057
1543.89	0.00597095
1544.44	0.0373352
1545	0.0254051
1545.56	0.0307751
1546.11	0.00638233
1546.67	0.0189204
1547.22	0.0325378
1547.78	0.00167178
1548.33	0.0277097
1548.89	0.0113502
1549.44	0.0091388
1550	0.0288758
1550.56	0.00514463
1551.11	0.0385192
1551.67	0.00674185
1552.22	0.0206294
1552.78	0.00602105
1553.33	0.00269827
1553.89	0.00752045
1554.44	0.019633
1555	0.0161437
1555.56	0.0204159
1556.11	0.0176571
1556.67	0.0257262
1557.22	0.00610015
1557.78	0.0299177
1558.33	0.0275668
1558.89	0.0216323
1559.44	0.0215908
1560	0.0206754
1560.56	0.0205744
1561.11	0.00878051
1561.67	0.00951081
1562.22	0.02036
1562.78	0.00553154
1563.33	0.00867214
1563.89	0.00322354
1564.44	0.000351918
1565	0.0159848
1565.56	0.0395806
1566.11	0.0283968
1566.67	0.0475899
1567.22	0.00644546
1567.78	0.0327749
1568.33	0.00864876
1568.89	0.0165322
1569.44	0.0284211
1570	0.0245371
1570.56	0.0462654
1571.11	0.00223593
1571.67	0.00757886
1572.22	0.00659268
1572.78	0.00299837
1573.33	0.0445546
1573.89	0.0518964
1574.44	0.0162072
1575	0.0195195
1575.56	0.0110158
1576.11	0.0136986
1576.67	0.0338666
1577.22	0.0257159
1577.78	0.0172791
1578.33	0.0213168
1578.89	0.0197631
1579.44	0.033991
1580	0.0245537
1580.56	0.0361274
1581.11	0.0298828
1581.67	0.0747746
1582.22	0.0239647
1582.78	0.0132225
1583.33	0.030441
1583.89	0.0195316
1584.44	0.037196
1585	0.0220696
1585.56	0.000296902
1586.11	0.0307268
1586.67	0.0105775
1587.22	0.0285251
1587.78	0.0430172
1588.33	0.00677784
1588.89	0.00959201
1589.44	0.0437485
1590	0.0324248
1590.56	0.0299932
1591.11	0.0343634
1591.67	0.000156729
1592.22	0.0368561
1592.78	0.0235383
1593.33	0.0169981
1593.89	0.0414799
1594.44	0.0281677
1595	0.0206304
1595.56	0.0428447
1596.11	0.0106816
1596.67	0.00763949
1597.22	0.00432125
1597.78	0.00577495
1598.33	0.0297509
1598.89	0.00446793
1599.44	0.0321524
1600	0.0016566
1600.56	0.0133343
1601.11	0.00564466
1601.67	0.0221282
1602.22	0.0163591
1602.78	0.0073376
1603.33	0.0183487
1603.89	0.0211856
1604.44	0.0183912
1605	0.0361287
1605.56	0.0593463
1606.11	0.0156076
1606.67	0.0199428
1607.22	0.0013746
1607.78	0.00960249
1608.33	0.00900271
1608.89	0.030713
1609.44	0.0211138
1610	0.0143199
1610.56	0.0110388
1611.11	0.00907417
1611.67	0.00850686
1612.22	0.0534768
1612.78	0.0741788
1613.33	0.0144568
1613.89	0.0172796
1614.44	0.00386667
1615	0.011292
1615.56	0.0161616
1616.11	0.0451608
1616.67	0.0296334
1617.22	0.0225359
1617.78	0.00711633
1618.33	0.0403682
1618.89	0.0118311
1619.44	0.054207
1620	0.00265888
1620.56	0.0250585
1621.11	0.00691293
1621.67	0.00609918
1622.22	0.0292219
1622.78	0.00492003
1623.33	0.0198135
1623.89	0.0379718
1624.44	0.0330947
1625	0.00514244
1625.56	0.0108636
1626.11	0.0306971
1626.67	0.0698795
1627.22	0.0281571
1627.78	0.00682159
1628.33	0.0469326
1628.89	0.0164441
1629.44	0.0250377
1630	0.00619292
1630.56	0.0259944
1631.11	0.0384326
1631.67	0.0170028
1632.22	0.00844463
1632.78	0.0559307
1633.33	0.0227675
1633.89	0.0212828
1634.44	0.110326
1635	0.00321063
1635.56	0.0594679
1636.11	0.0205284
1636.67	0.0212511
1637.22	0.0531072
1637.78	0.0412709
1638.33	0.0372261
1638.89	0.0121417
1639.44	0.0017195
1640	0.0340019
1640.56	0.0623861
1641.11	0.00169233
1641.67	0.0179374
1642.22	0.00439303
1642.78	0.0586779
1643.33	0.0279028
1643.89	0.00233399
1644.44	0.0783469
1645	1.64478e-05
1645.56	0.0348502
1646.11	0.00623417
1646.67	0.0431505
1647.22	0.0581134
1647.78	0.0579294
1648.33	0.0289394
1648.89	0.00120125
1649.44	0.0752139
1650	0.0474783
1650.56	0.00707263
1651.11	0.0601739
1651.67	0.0771942
1652.22	0.0367153
1652.78	0.00645468
1653.33	0.0130959
1653.89	0.0529719
1654.44	0.0515317
1655	0.0640064
1655.56	0.0175036
1656.11	0.0260494
1656.67	0.0184871
1657.22	0.00831677
1657.78	0.054175
1658.33	0.0405347
1658.89	0.0125333
1659.44	0.0016987
1660	0.00732358
1660.56	0.0173
1661.11	0.0409856
1661.67	0.0141432
1662.22	0.00276754
1662.78	0.0300366
1663.33	0.011201
1663.89	0.0542466
1664.44	0.0445856
1665	0.0186827
1665.56	0.0372328
1666.11	0.0234089
1666.67	0.102597
1667.22	0.0431541
1667.78	0.0619086
1668.33	0.0144566
1668.89	0.032023
1669.44	0.0565419
1670	0.0361063
1670.56	0.0278986
1671.11	0.00631318
1671.67	0.0246283
1672.22	0.0615677
1672.78	0.114364
1673.33	0.0157309
1673.89	0.0086763
1674.44	0.0673398
1675	0.0225018
1675.56	0.00840002
1676.11	0.0187503
1676.67	0.0859963
1677.22	0.0234077
1677.78	0.0138238
1678.33	0.0168537
1678.89	0.0707789
1679.44	0.0650393
1680	0.0488953
1680.56	0.0831891
1681.11	0.0386442
1681.67	0.0327702
1682.22	0.0122534
1682.78	0.03601
1683.33	0.0300622
1683.89	0.00731532
1684.44	0.0272647
1685	0.0398773
1685.56	0.022967
1686.11	0.0719654
1686.67	0.0673985
1687.22	0.027022
1687.78	0.042725
1688.33	0.0389862
1688.89	0.0237197
1689.44	0.0348371
1690	0.0280756
1690.56	0.0256632
1691.11	0.00766769
1691.67	0.0223133
1692.22	0.0114055
1692.78	0.0191423
1693.33	0.00196712
1693.89	0.0735309
1694.44	0.00296139
1695	0.0338346
1695.56	0.0296717
1696.11	0.0490215
1696.67	0.0537086
1697.22	0.0391427
1697.78	0.0125945
1698.33	0.0174492
1698.89	0.002408
1699.44	0.0481028
1700	0.0196897
1700.56	0.147838
1701.11	0.108638
1701.67	0.0372418
1702.22	0.0310314
1702.78	0.0288984
1703.33	0.0985931
1703.89	0.0563544
1704.44	0.0636311
1705	0.00531624
1705.56	0.0423984
1706.11	0.0186438
1706.67	0.0868631
1707.22	0.035798
1707.78	0.00851319
1708.33	0.0646345
1708.89	0.037091
1709.44	0.106145
1710	0.0227262
1710.56	0.031059
1711.11	0.0256014
1711.67	0.0125513
1712.22	0.0375917
1712.78	0.0527049
1713.33	0.0476459
1713.89	0.0401174
1714.44	0.0186364
1715	0.0500763
1715.56	0.133175
1716.11	0.0178437
1716.67	0.00242892
1717.22	0.0684954
1717.78	0.0914119
1718.33	0.0408638
1718.89	0.0837773
1719.44	0.0228431
1720	0.0253573
1720.56	0.146801
1721.11	0.169044
1721.67	0.104758
1722.22	0.162001
1722.78	0.092683
1723.33	0.0294231
1723.89	0.020005
1724.44	0.036439
1725	0.0603016
1725.56	0.0380379
1726.11	0.105776
1726.67	0.0148523
1727.22	0.0790889
1727.78	0.121162
1728.33	0.0786929
1728.89	0.148579
1729.44	0.088002
1730	0.0923627
1730.56	0.0785444
1731.11	0.114594
1731.67	0.102844
1732.22	0.00309308
1732.78	0.0171013
1733.33	0.150519
1733.89	0.0147965
1734.44	0.11732
1735	0.0616791
1735.56	0.028479
1736.11	0.0735233
1736.67	0.06116
1737.22	0.00143066
1737.78	0.0263913
1738.33	0.149749
1738.89	0.0141312
1739.44	0.119993
1740	0.0638174
1740.56	0.123458
1741.11	0.0472025
1741.67	0.0214381
1742.22	0.0648492
1742.78	0.0954807
1743.33	0.0815828
1743.89	0.177901
1744.44	0.205796
1745	0.057964
1745.56	0.0898842
1746.11	0.112995
1746.67	0.0363417
1747.22	0.103403
1747.78	0.0954043
1748.33	0.047348
1748.89	0.141766
1749.44	0.093599
1750	0.0813946
1750.56	0.0290229
1751.11	0.0276633
1751.67	0.0332698
1752.22	0.0763999
1752.78	0.0195845
1753.33	0.0409878
1753.89	0.142606
1754.44	0.0126698
1755	0.132604
1755.56	0.0949806
1756.11	0.0411843
1756.67	0.039129
1757.22	0.120951
1757.78	0.0374542
1758.33	0.141524
1758.89	0.183176
1759.44	0.0636173
1760	0.0610306
1760.56	0.0309282
1761.11	0.0611574
1761.67	0.0234269
1762.22	0.141131
1762.78	0.0126119
1763.33	0.0473559
1763.89	0.0698881
1764.44	0.104471
1765	0.11611
1765.56	0.139941
1766.11	0.154002
1766.67	0.0626507
1767.22	0.0161633
1767.78	0.0015216
1768.33	0.0200939
1768.89	0.0866945
1769.44	0.00362249
1770	0.206742
1770.56	0.157071
1771.11	0.0306791
1771.67	0.00448256
1772.22	0.0623583
1772.78	0.0416987
1773.33	0.115315
1773.89	0.105586
1774.44	0.00908669
1775	0.0456046
1775.56	0.127899
1776.11	0.085713
1776.67	0.11493
1777.22	0.119468
1777.78	0.0865474
1778.33	0.0942195
1778.89	0.25167
1779.44	0.130149
1780	0.258914
1780.56	0.0572952
1781.11	0.00576152
1781.67	0.352073
1782.22	0.0979142
1782.78	0.128592
1783.33	0.138442
1783.89	0.0907467
1784.44	0.193239
1785	0.0436359
1785.56	0.00231344
1786.11	0.0121729
1786.67	0.0694576
1787.22	0.0420347
1787.78	0.101184
1788.33	0.107371
1788.89	0.150779
1789.44	0.17222
1790	0.176014
1790.56	0.0877558
1791.11	0.243274
1791.67	0.0465003
1792.22	0.14766
1792.78	0.0165062
1793.33	0.142673
1793.89	0.126429
1794.44	0.0288222
1795	0.131044
1795.56	0.169834
1796.11	0.101832
1796.67	0.142951
1797.22	0.03007
1797.78	0.0494011
1798.33	0.154186
1798.89	0.0336407
1799.44	0.0600762
1800	0.276963
1800.56	0.080192
1801.11	0.0584866
1801.67	0.0245006
1802.22	0.193286
1802.78	0.0286647
1803.33	0.143647
1803.89	0.381798
1804.44	0.404879
1805	0.192643
1805.56	0.202609
1806.11	0.0924109
1806.67	0.0502475
1807.22	0.183785
1807.78	0.0740379
1808.33	0.170369
1808.89	0.113063
1809.44	0.237614
1810	0.323918
1810.56	0.168617
1811.11	0.127848
1811.67	0.0433182
1812.22	0.19574
1812.78	0.0328713
1813.33	0.0986011
1813.89	0.233673
1814.44	0.0376913
1815	0.192633
1815.56	0.0930303
1816.11	0.295395
1816.67	0.0138905
1817.22	0.238532
1817.78	0.206299
1818.33	0.0160541
1818.89	0.144532
1819.44	0.248571
1820	0.0974009
1820.56	0.040522
1821.11	0.0357718
1821.67	0.0335577
1822.22	0.0225064
1822.78	0.316733
1823.33	0.0121998
1823.89	0.239824
1824.44	0.218007
1825	0.335614
1825.56	0.330864
1826.11	0.061465
1826.67	0.0640598
1827.22	0.272994
1827.78	0.192515
1828.33	0.559505
1828.89	0.00406011
1829.44	0.0922239
1830	0.132921
1830.56	0.353183
1831.11	0.135951
1831.67	0.318109
1832.22	0.00438194
1832.78	0.0382931
1833.33	0.090895
1833.89	0.178113
1834.44	0.0629511
1835	0.55515
1835.56	0.220581
1836.11	0.669191
1836.67	0.0766207
1837.22	0.245334
1837.78	0.0693418
1838.33	0.083273
1838.89	0.367887
1839.44	0.800134
1840	0.39047
1840.56	0.621492
1841.11	0.0764014
1841.67	0.426631
1842.22	0.241409
1842.78	0.297829
1843.33	0.0996854
1843.89	0.121176
1844.44	0.00689925
1845	0.337816
1845.56	0.111882
1846.11	0.275589
1846.67	0.290624
1847.22	0.0463337
1847.78	0.453533
1848.33	0.357441
1848.89	0.861743
1849.44	0.456995
1850	0.0066375
1850.56	0.205237
1851.11	0.344996
1851.67	0.292416
1852.22	0.211032
1852.78	0.0703453
1853.33	0.945005
1853.89	0.298009
1854.44	0.0640457
1855	0.284742
1855.56	0.923001
1856.11	1.3895
1856.67	0.20202
1857.22	0.268481
1857.78	1.21802
1858.33	1.96722
1858.89	1.2368
1859.44	1.10929
1860	0.317118
1860.56	0.85946
1861.11	0.77643
1861.67	0.901415
1862.22	0.783011
1862.78	0.542447
1863.33	0.268114
1863.89	0.788046
1864.44	0.0337028
1865	0.49967
1865.56	0.277556
1866.11	0.125568
1866.67	0.136103
1867.22	0.293629
1867.78	0.473774
1868.33	0.321621
1868.89	0.135605
1869.44	0.490635
1870	0.122744
1870.56	0.0247272
1871.11	0.268621
1871.67	0.0539563
1872.22	0.381813
1872.78	0.0986129
1873.33	0.59105
1873.89	0.333892
1874.44	0.417468
1875	0.223298
1875.56	0.0830103
1876.11	0.159681
1876.67	0.177607
1877.22	0.334445
1877.78	0.7013
1878.33	0.0575903
1878.89	0.379923
1879.44	0.658186
1880	0.455899
1880.56	0.135173
1881.11	0.0886569
1881.67	0.316412
1882.22	0.560841
1882.78	0.504581
1883.33	0.0042776
1883.89	0.756748
1884.44	0.351056
1885	0.666934
1885.56	0.168997
1886.11	0.300535
1886.67	0.30877
1887.22	0.748396
1887.78	0.576296
1888.33	0.920763
1888.89	0.00102807
1889.44	0.712899
1890	0.58894
1890.56	0.275536
1891.11	0.905409
1891.67	0.454736
1892.22	0.562491
1892.78	0.0298358
1893.33	0.964127
1893.89	0.408757
1894.44	0.223848
1895	0.242688
1895.56	0.00940228
1896.11	0.0118112
1896.67	0.674005
1897.22	0.277717
1897.78	0.284676
1898.33	0.330693
1898.89	0.178184
1899.44	0.335674
1900	0.471865
1900.56	1.00722
1901.11	0.487471
1901.67	0.999555
1902.22	0.784932
1902.78	0.0767289
1903.33	0.879581
1903.89	1.28023
1904.44	0.982898
1905	0.600068
1905.56	0.0691673
1906.11	0.311595
1906.67	0.26385
1907.22	0.394102
1907.78	0.261399
1908.33	2.04219
1908.89	0.190218
1909.44	0.410707
1910	0.0579631
1910.56	0.148448
1911.11	1.52005
1911.67	0.489006
1912.22	0.44665
1912.78	0.00939544
1913.33	0.253522
1913.89	0.669728
1914.44	1.33885
1915	0.237361
1915.56	0.00470876
1916.11	0.446953
1916.67	0.451013
1917.22	0.0410371
1917.78	0.0925715
1918.33	0.000507936
1918.89	0.796003
1919.44	0.662594
1920	0.685832
1920.56	1.67676
1921.11	0.262558
1921.67	0.0206128
1922.22	0.172866
1922.78	0.0340793
1923.33	1.00428
1923.89	1.85533
1924.44	0.0533281
1925	0.209169
1925.56	1.2164
1926.11	0.602498
1926.67	0.699391
1927.22	0.415297
1927.78	0.508079
1928.33	0.156069
1928.89	1.7779
1929.44	0.40671
1930	0.693524
1930.56	0.72752
1931.11	0.188343
1931.67	1.04718
1932.22	0.526531
1932.78	1.83439
1933.33	0.680772
1933.89	0.363388
1934.44	0.619014
1935	1.03498
1935.56	0.277814
1936.11	1.6759
1936.67	0.678292
1937.22	0.70123
1937.78	0.414436
1938.33	1.29171
1938.89	0.638848
1939.44	0.0964449
1940	0.270734
1940.56	1.19819
1941.11	0.423467
1941.67	0.581906
1942.22	0.143056
1942.78	0.237251
1943.33	0.363555
1943.89	0.025434
1944.44	1.92007
1945	0.57435
1945.56	0.339435
1946.11	0.6965
1946.67	1.60237
1947.22	1.31059
1947.78	0.648956
1948.33	1.47154
1948.89	0.26697
1949.44	0.658126
1950	0.736843
1950.56	0.713557
1951.11	0.171373
1951.67	1.49207
1952.22	0.207598
1952.78	0.632395
1953.33	0.830984
1953.89	1.52332
1954.44	1.92424
1955	1.22489
1955.56	0.226035
1956.11	1.7789
1956.67	1.25773
1957.22	2.06535
1957.78	0.679271
1958.33	0.127993
1958.89	0.620634
1959.44	0.453621
1960	1.73507
1960.56	1.94488
1961.11	1.32558
1961.67	0.327366
1962.22	0.343786
1962.78	1.03147
1963.33	0.137034
1963.89	0.468773
1964.44	0.337496
1965	2.10318
1965.56	1.95459
1966.11	0.00724237
1966.67	1.42605
1967.22	0.723518
1967.78	1.00495
1968.33	1.10232
1968.89	1.04604
1969.44	2.12358
1970	2.54603
1970.56	1.33593
1971.11	1.18605
1971.67	0.791278
1972.22	0.990207
1972.78	1.32981
1973.33	1.36739
1973.89	2.81137
1974.44	0.622086
1975	1.00021
1975.56	2.24737
1976.11	1.25104
1976.67	0.279054
1977.22	1.40824
1977.78	2.28691
1978.33	0.390665
1978.89	0.0977519
1979.44	1.25263
1980	0.568623
1980.56	0.457103
1981.11	0.410274
1981.67	0.0127921
1982.22	0.42625
1982.78	0.17848
1983.33	1.92243
1983.89	3.98418
1984.44	0.586169
1985	1.33441
1985.56	4.18632
1986.11	1.47067
1986.67	1.33689
1987.22	3.47669
1987.78	0.057858
1988.33	0.767163
1988.89	2.7346
1989.44	1.22382
1990	2.02597
1990.56	0.583179
1991.11	0.424984
1991.67	2.78847
1992.22	1.45499
1992.78	0.729872
1993.33	0.409371
1993.89	2.07421
1994.44	1.01684
1995	0.317712
1995.56	1.41292
1996.11	1.21769
1996.67	1.94392
1997.22	1.03582
1997.78	0.159213
1998.33	1.34383
1998.89	0.97973
1999.44	0.864233
2000	1.04264
