t	etaU
0	2.35866e-14
0.555556	2.58404
1.11111	0.165479
1.66667	0.211906
2.22222	0.0564982
2.77778	0.325437
3.33333	1.10189
3.88889	2.96858
4.44444	0.424608
5	2.16156
5.55556	0.933531
6.11111	0.676663
6.66667	1.1709
7.22222	0.391583
7.77778	0.415555
8.33333	2.09411
8.88889	0.221733
9.44444	1.536
10	0.430251
10.5556	3.52678
11.1111	0.981208
11.6667	1.1588
12.2222	1.40781
12.7778	0.415456
13.3333	3.2817
13.8889	1.18741
14.4444	1.67975
15	0.500678
15.5556	3.86121
16.1111	0.438939
16.6667	0.830199
17.2222	1.24217
17.7778	1.8329
18.3333	0.680342
18.8889	0.401914
19.4444	2.63058
20	1.89413
20.5556	3.08544
21.1111	0.663322
21.6667	0.95706
22.2222	4.34986
22.7778	4.85947
23.3333	1.84982
23.8889	1.73128
24.4444	1.92762
25	6.23782
25.5556	3.71704
26.1111	0.187371
26.6667	0.97579
27.2222	2.5623
27.7778	0.724921
28.3333	1.76446
28.8889	0.117761
29.4444	1.33244
30	1.89986
30.5556	0.690309
31.1111	1.79411
31.6667	3.2362
32.2222	2.49195
32.7778	0.427863
33.3333	1.42566
33.8889	3.44943
34.4444	4.80627
35	1.06525
35.5556	1.61496
36.1111	2.21115
36.6667	2.5594
37.2222	1.64387
37.7778	0.564175
38.3333	2.18001
38.8889	0.465833
39.4444	2.20718
40	2.00996
40.5556	0.731148
41.1111	3.2039
41.6667	0.25771
42.2222	2.1812
42.7778	0.713542
43.3333	6.49679
43.8889	0.620969
44.4444	1.36876
45	2.24285
45.5556	2.09701
46.1111	4.13294
46.6667	0.201089
47.2222	2.23348
47.7778	3.06462
48.3333	0.109382
48.8889	1.31497
49.4444	2.888
50	0.914703
50.5556	0.893753
51.1111	3.71899
51.6667	1.7294
52.2222	2.08174
52.7778	1.72188
53.3333	2.07432
53.8889	0.718155
54.4444	2.08067
55	3.34152
55.5556	2.52975
56.1111	0.066294
56.6667	0.623132
57.2222	4.62074
57.7778	1.40839
58.3333	2.22221
58.8889	1.99755
59.4444	3.10728
60	0.20501
60.5556	0.685195
61.1111	0.762909
61.6667	0.0394121
62.2222	2.04946
62.7778	0.17675
63.3333	1.39439
63.8889	1.5082
64.4444	3.67933
65	0.377956
65.5556	2.26997
66.1111	0.382399
66.6667	4.44769
67.2222	0.891099
67.7778	0.908993
68.3333	0.995476
68.8889	1.12047
69.4444	4.63794
70	2.81574
70.5556	4.08377
71.1111	1.70977
71.6667	0.784795
72.2222	1.59374
72.7778	1.54168
73.3333	1.03767
73.8889	1.86529
74.4444	1.08996
75	0.343121
75.5556	0.950049
76.1111	0.107485
76.6667	0.85335
77.2222	2.68426
77.7778	0.561068
78.3333	0.94963
78.8889	0.368343
79.4444	0.114185
80	5.42517
80.5556	1.41446
81.1111	1.85739
81.6667	0.178481
82.2222	1.35486
82.7778	1.17607
83.3333	1.96001
83.8889	1.49744
84.4444	2.91387
85	1.68641
85.5556	0.571753
86.1111	5.1629
86.6667	0.292873
87.2222	1.27426
87.7778	0.0548615
88.3333	1.26627
88.8889	0.940276
89.4444	1.19738
90	0.975411
90.5556	1.85009
91.1111	0.908079
91.6667	0.269862
92.2222	0.401734
92.7778	1.49974
93.3333	1.99064
93.8889	1.46261
94.4444	0.0125045
95	0.525496
95.5556	0.651961
96.1111	0.491388
96.6667	2.83981
97.2222	0.905718
97.7778	1.22732
98.3333	0.37476
98.8889	1.78427
99.4444	0.94461
100	0.717916
100.556	1.25225
101.111	0.548344
101.667	1.52155
102.222	0.0676225
102.778	1.3311
103.333	1.47131
103.889	1.8135
104.444	0.330602
105	3.57309
105.556	0.381269
106.111	0.461626
106.667	0.332819
107.222	0.579384
107.778	2.75115
108.333	0.362875
108.889	1.36331
109.444	0.467749
110	1.00734
110.556	0.430893
111.111	0.806247
111.667	1.09401
112.222	0.279051
112.778	0.243102
113.333	2.19411
113.889	0.536224
114.444	0.316576
115	1.10163
115.556	1.83604
116.111	0.39028
116.667	1.30767
117.222	2.34043
117.778	0.931863
118.333	1.79795
118.889	0.0923719
119.444	0.029243
120	0.951444
120.556	1.06108
121.111	0.923895
121.667	0.531236
122.222	0.145781
122.778	0.556019
123.333	0.525233
123.889	0.943306
124.444	0.101524
125	1.71464
125.556	2.31834
126.111	1.06965
126.667	0.966989
127.222	1.85632
127.778	1.57666
128.333	0.744823
128.889	1.07624
129.444	0.503497
130	0.843297
130.556	1.46872
131.111	0.100652
131.667	0.7992
132.222	0.47795
132.778	0.51859
133.333	0.0343439
133.889	1.16139
134.444	1.6565
135	1.35596
135.556	0.548199
136.111	0.775191
136.667	0.815557
137.222	0.795042
137.778	0.146125
138.333	0.813211
138.889	0.340537
139.444	0.378678
140	0.835057
140.556	0.111626
141.111	1.53913
141.667	0.751684
142.222	1.80754
142.778	1.74554
143.333	1.04038
143.889	1.59015
144.444	0.108478
145	1.0396
145.556	0.986225
146.111	1.58435
146.667	0.299173
147.222	1.29062
147.778	0.132682
148.333	1.92302
148.889	1.33257
149.444	0.0308155
150	0.431172
150.556	0.173237
151.111	0.782052
151.667	1.19124
152.222	0.551933
152.778	0.478792
153.333	0.120634
153.889	0.423601
154.444	0.866772
155	2.03367
155.556	0.107809
156.111	0.75871
156.667	1.15092
157.222	0.496477
157.778	0.583686
158.333	1.62262
158.889	0.592342
159.444	1.13131
160	1.79741
160.556	0.431259
161.111	0.727375
161.667	0.0499655
162.222	0.468484
162.778	1.44951
163.333	0.575708
163.889	1.8715
164.444	0.368261
165	1.34818
165.556	1.04944
166.111	0.506249
166.667	1.57874
167.222	0.119604
167.778	0.344728
168.333	0.646427
168.889	0.212081
169.444	0.262915
170	0.120984
170.556	0.231425
171.111	0.737275
171.667	0.135908
172.222	0.578837
172.778	0.699776
173.333	0.818362
173.889	0.0495773
174.444	0.032191
175	0.343957
175.556	0.366611
176.111	0.0562872
176.667	0.284742
177.222	0.376895
177.778	0.634473
178.333	0.47732
178.889	0.742958
179.444	0.205327
180	0.0322492
180.556	0.174094
181.111	0.34403
181.667	0.11308
182.222	0.517522
182.778	0.352498
183.333	0.409712
183.889	0.302184
184.444	0.192658
185	0.766545
185.556	0.0576661
186.111	0.833948
186.667	0.0053489
187.222	0.0226341
187.778	0.496942
188.333	0.0208341
188.889	1.13643
189.444	0.206393
190	0.461065
190.556	0.119054
191.111	0.145307
191.667	0.3459
192.222	0.637158
192.778	0.381549
193.333	0.562172
193.889	0.10245
194.444	0.929457
195	0.348882
195.556	0.0438673
196.111	0.216456
196.667	0.961334
197.222	0.377283
197.778	0.513331
198.333	0.752646
198.889	0.299822
199.444	0.0872676
200	0.328967
200.556	0.29197
201.111	0.697645
201.667	0.113085
202.222	0.152635
202.778	0.465633
203.333	0.203533
203.889	0.223949
204.444	0.627063
205	0.497434
205.556	0.592668
206.111	0.352756
206.667	0.286949
207.222	0.275407
207.778	1.12081
208.333	0.894584
208.889	1.1118
209.444	0.268632
210	0.486821
210.556	0.520144
211.111	0.445461
211.667	0.401721
212.222	0.0956355
212.778	0.237245
213.333	0.277761
213.889	0.567641
214.444	0.14378
215	0.212922
215.556	0.878508
216.111	0.0366349
216.667	0.457621
217.222	0.442796
217.778	0.30718
218.333	0.542311
218.889	0.786991
219.444	0.507913
220	0.120749
220.556	0.804198
221.111	0.691947
221.667	0.344089
222.222	0.52712
222.778	0.0446563
223.333	0.947568
223.889	0.522093
224.444	0.254863
225	0.205585
225.556	0.20968
226.111	0.2394
226.667	0.0453315
227.222	0.031517
227.778	0.481213
228.333	0.397907
228.889	0.348433
229.444	0.00859453
230	0.104281
230.556	0.412238
231.111	0.429634
231.667	0.113362
232.222	0.491609
232.778	0.629815
233.333	0.707357
233.889	0.211291
234.444	0.286213
235	0.200489
235.556	0.564265
236.111	0.15206
236.667	0.300308
237.222	0.218926
237.778	0.537814
238.333	0.284268
238.889	0.0588605
239.444	0.190192
240	0.468967
240.556	0.172812
241.111	0.112219
241.667	0.355887
242.222	0.0265003
242.778	0.0619101
243.333	0.751042
243.889	0.157463
244.444	0.57725
245	0.228532
245.556	0.296665
246.111	0.0499379
246.667	0.435783
247.222	0.0116107
247.778	0.0369898
248.333	0.388624
248.889	0.0374674
249.444	0.135544
250	0.0986992
250.556	0.0392071
251.111	0.0512703
251.667	0.0623416
252.222	0.0615534
252.778	0.266602
253.333	0.0861569
253.889	0.0587756
254.444	0.089565
255	0.194993
255.556	0.0204875
256.111	0.0124403
256.667	0.409234
257.222	0.299953
257.778	0.0266726
258.333	0.112285
258.889	0.139609
259.444	0.256774
260	0.056755
260.556	0.313338
261.111	0.229662
261.667	0.251529
262.222	0.0103562
262.778	0.575298
263.333	0.191042
263.889	0.0102388
264.444	0.272545
265	0.107447
265.556	0.0210643
266.111	0.0840413
266.667	0.154614
267.222	0.130425
267.778	0.394583
268.333	0.2669
268.889	0.191043
269.444	0.255633
270	0.355447
270.556	0.10682
271.111	0.531974
271.667	0.326499
272.222	0.164038
272.778	0.151862
273.333	0.239338
273.889	0.107768
274.444	0.141647
275	0.0755752
275.556	0.0682908
276.111	0.297062
276.667	0.257604
277.222	0.0429515
277.778	0.0155237
278.333	0.0351913
278.889	0.0176902
279.444	0.212067
280	0.126664
280.556	0.160947
281.111	0.188928
281.667	0.095114
282.222	0.110199
282.778	0.0159074
283.333	0.0556722
283.889	0.0205391
284.444	0.0985247
285	0.0822974
285.556	0.401394
286.111	0.392729
286.667	0.0764108
287.222	0.207814
287.778	0.166307
288.333	0.0342296
288.889	0.130868
289.444	0.150337
290	0.00180196
290.556	0.144591
291.111	0.176324
291.667	0.0480112
292.222	0.113163
292.778	0.0410755
293.333	0.196593
293.889	0.118079
294.444	0.12045
295	0.181998
295.556	0.150543
296.111	0.0397475
296.667	0.206002
297.222	0.0131294
297.778	0.233537
298.333	0.175268
298.889	0.128591
299.444	0.122603
300	0.0885409
300.556	0.0162182
301.111	0.0103091
301.667	0.132427
302.222	0.0362754
302.778	0.0090977
303.333	0.185527
303.889	0.176241
304.444	0.0905395
305	0.0531383
305.556	0.0239626
306.111	0.0716619
306.667	0.0145726
307.222	0.021186
307.778	0.00312949
308.333	0.241871
308.889	0.0708365
309.444	0.020378
310	0.154008
310.556	0.109051
311.111	0.106145
311.667	0.33348
312.222	0.0988787
312.778	0.124237
313.333	0.0687317
313.889	0.222354
314.444	0.00840939
315	0.129489
315.556	0.0512367
316.111	0.214923
316.667	0.037141
317.222	0.0707264
317.778	0.0960592
318.333	0.223782
318.889	0.0831477
319.444	0.167481
320	0.257145
320.556	0.227802
321.111	0.0157075
321.667	0.2213
322.222	0.083125
322.778	0.0254715
323.333	0.159741
323.889	0.0380264
324.444	0.0537801
325	0.181933
325.556	0.0275178
326.111	0.046956
326.667	0.0999085
327.222	0.156248
327.778	0.161917
328.333	0.142571
328.889	0.0650945
329.444	0.109593
330	0.268762
330.556	0.166354
331.111	0.0663663
331.667	0.111892
332.222	0.0898272
332.778	0.159323
333.333	0.0955608
333.889	0.0542206
334.444	0.0287232
335	0.248883
335.556	0.118792
336.111	0.0556541
336.667	0.0996977
337.222	0.149899
337.778	0.0435161
338.333	0.0260754
338.889	0.0657185
339.444	0.160269
340	0.0460833
340.556	0.0276139
341.111	0.0158235
341.667	0.0718089
342.222	0.0319905
342.778	0.106174
343.333	0.124839
343.889	0.0134939
344.444	0.124732
345	0.0763947
345.556	0.0765453
346.111	0.0207005
346.667	0.027233
347.222	0.173742
347.778	0.0368616
348.333	0.0419612
348.889	0.0481045
349.444	0.0484809
350	0.00293888
350.556	0.0304623
351.111	0.0377677
351.667	0.0487986
352.222	0.0741203
352.778	0.0242781
353.333	0.155638
353.889	0.0289373
354.444	0.0354523
355	0.0876587
355.556	0.0405402
356.111	0.0743206
356.667	0.139435
357.222	0.0469231
357.778	0.0211006
358.333	0.111539
358.889	0.0745638
359.444	0.159048
360	0.103231
360.556	0.169632
361.111	0.0653837
361.667	0.130882
362.222	0.0336567
362.778	0.0279336
363.333	0.143385
363.889	0.123516
364.444	0.116882
365	0.0143807
365.556	0.0923848
366.111	0.14022
366.667	0.00988107
367.222	0.128619
367.778	0.0128994
368.333	0.0206068
368.889	0.0183763
369.444	0.0755809
370	0.0524214
370.556	0.0292726
371.111	0.0597875
371.667	0.0138688
372.222	0.0293164
372.778	0.00626466
373.333	0.00380114
373.889	0.0481314
374.444	0.0481991
375	0.0620949
375.556	0.139284
376.111	0.0305696
376.667	0.0671911
377.222	0.0874097
377.778	0.0289257
378.333	0.0410662
378.889	0.0355643
379.444	0.00129505
380	0.116063
380.556	0.177908
381.111	0.037275
381.667	0.0397506
382.222	0.0445584
382.778	0.038148
383.333	0.0684047
383.889	0.000856982
384.444	0.0295293
385	0.154471
385.556	0.0695905
386.111	0.0307719
386.667	0.052732
387.222	0.0482309
387.778	0.0265087
388.333	0.115179
388.889	0.0191797
389.444	0.0711345
390	0.0680907
390.556	0.237731
391.111	0.0737587
391.667	0.00696597
392.222	0.061855
392.778	0.0315389
393.333	0.0793052
393.889	0.0104221
394.444	0.000983389
395	0.0179307
395.556	0.0583563
396.111	0.0464529
396.667	0.0687974
397.222	0.0250955
397.778	0.00390316
398.333	0.0517724
398.889	0.0307702
399.444	0.00746857
400	0.022248
400.556	0.0236205
401.111	0.0763819
401.667	0.112896
402.222	0.12844
402.778	0.0628078
403.333	0.0237877
403.889	0.0339183
404.444	0.0062799
405	0.0750951
405.556	0.0483351
406.111	0.00924037
406.667	0.00329963
407.222	0.0132074
407.778	0.0780745
408.333	0.0124399
408.889	0.0565076
409.444	0.0173355
410	0.0340435
410.556	0.00517111
411.111	0.0313901
411.667	0.0178141
412.222	0.0792807
412.778	0.0281356
413.333	0.0459078
413.889	0.0480875
414.444	0.0436628
415	0.0298062
415.556	0.00357396
416.111	0.0566344
416.667	0.0464444
417.222	0.0664204
417.778	0.0413685
418.333	0.106626
418.889	0.0403615
419.444	0.0312189
420	0.0116614
420.556	0.0198364
421.111	0.0652885
421.667	0.0320704
422.222	0.11959
422.778	0.0819122
423.333	0.00590758
423.889	0.0425967
424.444	0.0270174
425	0.0567925
425.556	0.125514
426.111	0.0100016
426.667	0.0357147
427.222	0.0552157
427.778	0.0389294
428.333	0.0467768
428.889	0.0455322
429.444	0.0598289
430	0.0483771
430.556	0.0822681
431.111	0.029167
431.667	0.0452883
432.222	0.0596349
432.778	0.0386152
433.333	0.0711271
433.889	0.0391451
434.444	0.0549001
435	0.0380053
435.556	0.0128232
436.111	0.0340129
436.667	0.0632737
437.222	0.0199808
437.778	0.111307
438.333	0.0340271
438.889	0.0222792
439.444	0.0457506
440	0.0118206
440.556	0.0396122
441.111	0.0248302
441.667	0.0513798
442.222	0.0412636
442.778	0.0796561
443.333	0.0575334
443.889	0.0721593
444.444	0.00608764
445	0.0130491
445.556	0.0706919
446.111	0.0171912
446.667	0.0371768
447.222	0.0433278
447.778	0.0957179
448.333	0.108791
448.889	0.0140917
449.444	0.104373
450	0.0619958
450.556	0.0217894
451.111	0.0448515
451.667	0.0621634
452.222	0.0349901
452.778	0.0415556
453.333	0.00099011
453.889	0.0332238
454.444	0.0869966
455	0.035503
455.556	0.0517992
456.111	0.00635212
456.667	0.0794566
457.222	0.00887442
457.778	0.0330303
458.333	0.0674334
458.889	0.00420712
459.444	0.0546718
460	0.0470497
460.556	0.0362689
461.111	0.0186223
461.667	0.00987771
462.222	0.00608711
462.778	0.00726762
463.333	0.0181833
463.889	0.0461276
464.444	0.0312283
465	0.0136558
465.556	0.0247226
466.111	0.0163925
466.667	0.0284323
467.222	0.0275019
467.778	0.00585491
468.333	0.0410336
468.889	0.0393178
469.444	0.0509565
470	0.038305
470.556	0.0514322
471.111	0.0422542
471.667	0.0471753
472.222	0.0612194
472.778	0.0479367
473.333	0.0398424
473.889	0.0833455
474.444	0.0395929
475	0.0684374
475.556	0.0457986
476.111	0.0151784
476.667	0.0102221
477.222	0.0256592
477.778	0.0507766
478.333	0.0381873
478.889	0.0164096
479.444	0.0721481
480	0.00970019
480.556	0.0476978
481.111	0.00224623
481.667	0.0934334
482.222	0.000340238
482.778	0.0175605
483.333	0.00746923
483.889	0.0178509
484.444	0.00850636
485	0.0135688
485.556	0.0210935
486.111	0.0110832
486.667	0.0838511
487.222	0.000437903
487.778	0.0208986
488.333	0.0349082
488.889	0.0364948
489.444	0.0540655
490	0.0348019
490.556	0.0183316
491.111	0.0127931
491.667	0.010687
492.222	0.067214
492.778	0.0174758
493.333	0.0321497
493.889	0.0150785
494.444	0.0206996
495	0.0104517
495.556	0.0810466
496.111	0.0002215
496.667	0.0343997
497.222	0.0406448
497.778	0.0165668
498.333	0.0064054
498.889	0.0589195
499.444	0.0526252
500	0.0226094
500.556	0.0214588
501.111	0.0163633
501.667	0.0495436
502.222	0.0153521
502.778	0.0342339
503.333	0.0718841
503.889	0.00233629
504.444	0.00650488
505	0.0196246
505.556	0.0137015
506.111	0.0138215
506.667	0.0854372
507.222	0.0100537
507.778	0.00609555
508.333	0.0299401
508.889	0.0101235
509.444	0.00545459
510	0.00272072
510.556	0.0471966
511.111	0.0187834
511.667	0.0623976
512.222	0.0234389
512.778	0.0182883
513.333	0.0475872
513.889	0.0481546
514.444	0.00506717
515	0.0212375
515.556	0.00904411
516.111	0.0135939
516.667	0.00414662
517.222	0.0131472
517.778	0.0228908
518.333	0.0708933
518.889	0.0356688
519.444	0.0311311
520	0.020409
520.556	0.0201593
521.111	0.00357108
521.667	0.018197
522.222	0.0120601
522.778	0.00980178
523.333	0.0122865
523.889	0.0348377
524.444	0.0642478
525	0.0362305
525.556	0.0176486
526.111	0.00683894
526.667	0.00059585
527.222	0.0740037
527.778	0.00933615
528.333	0.00942368
528.889	0.00146897
529.444	0.00917957
530	0.0242027
530.556	0.00232245
531.111	0.0810024
531.667	0.00805131
532.222	0.0161153
532.778	0.0342181
533.333	0.0280208
533.889	0.0214301
534.444	0.0760268
535	0.00403524
535.556	0.0446988
536.111	0.0258968
536.667	0.0207034
537.222	0.026729
537.778	0.0204118
538.333	0.0506813
538.889	0.0326462
539.444	0.0588756
540	0.0313739
540.556	0.00957991
541.111	0.0336667
541.667	0.0379842
542.222	0.0458229
542.778	0.0141044
543.333	0.0138161
543.889	0.0502476
544.444	0.0200272
545	0.0121337
545.556	0.0539047
546.111	0.0191543
546.667	0.00546354
547.222	0.0105056
547.778	0.0063088
548.333	0.00713384
548.889	0.00514147
549.444	0.0204365
550	0.015403
550.556	0.00949901
551.111	0.0326217
551.667	0.00317407
552.222	0.0398842
552.778	0.00791762
553.333	0.0501408
553.889	0.0101219
554.444	0.0391558
555	0.0173186
555.556	0.0266903
556.111	0.0116576
556.667	0.0526166
557.222	0.0268219
557.778	0.0110269
558.333	0.0532477
558.889	0.00842985
559.444	0.0430431
560	0.0140555
560.556	0.00465027
561.111	0.0362979
561.667	0.029162
562.222	0.0164785
562.778	0.00537225
563.333	0.0611269
563.889	0.0259318
564.444	0.0265268
565	0.0212591
565.556	0.053169
566.111	0.026957
566.667	0.0239984
567.222	0.0182406
567.778	0.017479
568.333	0.0617793
568.889	0.0191116
569.444	0.0119641
570	0.0240664
570.556	0.0260403
571.111	0.00512215
571.667	0.0487508
572.222	0.0134731
572.778	0.00863201
573.333	0.0228881
573.889	0.022543
574.444	0.00267057
575	0.0195295
575.556	0.0488137
576.111	0.00555767
576.667	0.00113414
577.222	0.050836
577.778	0.0251535
578.333	0.00906316
578.889	0.0240673
579.444	0.0264516
580	0.025338
580.556	0.0230845
581.111	0.0119024
581.667	0.00775616
582.222	0.0148279
582.778	0.0392384
583.333	0.00322793
583.889	0.000509039
584.444	0.0418151
585	0.000414818
585.556	0.00402367
586.111	0.00768445
586.667	0.00760874
587.222	0.00311041
587.778	0.00321486
588.333	0.0347307
588.889	0.00717505
589.444	0.00821995
590	0.0216856
590.556	0.017246
591.111	0.030748
591.667	0.0503191
592.222	0.0260264
592.778	0.0106714
593.333	0.0188563
593.889	0.0144908
594.444	0.00472378
595	0.00443085
595.556	0.0573764
596.111	0.0151185
596.667	0.00865956
597.222	0.0127171
597.778	0.0182595
598.333	0.00747098
598.889	0.0336259
599.444	0.0413926
600	0.0244005
600.556	0.0103942
601.111	0.0105854
601.667	0.0183438
602.222	0.0599451
602.778	0.0460334
603.333	0.0373739
603.889	0.00384198
604.444	0.0426254
605	0.0198224
605.556	0.00957496
606.111	0.0124261
606.667	0.0388636
607.222	0.0448253
607.778	0.00497284
608.333	0.0179293
608.889	0.0166692
609.444	0.0422161
610	0.0133138
610.556	0.0460129
611.111	0.00556923
611.667	0.0385073
612.222	0.00925891
612.778	0.0089278
613.333	0.0374051
613.889	0.0165245
614.444	0.0443364
615	0.0034914
615.556	0.0375403
616.111	0.0368171
616.667	0.0363852
617.222	0.00499346
617.778	0.0129526
618.333	0.0189691
618.889	0.025396
619.444	0.0175947
620	0.0240227
620.556	0.0263391
621.111	0.0197941
621.667	0.0226518
622.222	0.00825821
622.778	0.0282415
623.333	0.0528117
623.889	0.0212264
624.444	0.0311919
625	0.0240375
625.556	0.00140703
626.111	0.00191671
626.667	0.0185721
627.222	0.0314326
627.778	0.0021468
628.333	0.0232842
628.889	0.0288121
629.444	0.013993
630	0.0115458
630.556	0.0401841
631.111	0.0321021
631.667	0.0131244
632.222	0.0156252
632.778	0.0242868
633.333	0.0265285
633.889	0.000604925
634.444	0.031157
635	0.0198643
635.556	0.0203121
636.111	0.0266407
636.667	0.016893
637.222	0.0167054
637.778	0.0167629
638.333	0.0115991
638.889	0.0352374
639.444	0.000988306
640	0.0286587
640.556	0.000113724
641.111	0.0462796
641.667	0.0484476
642.222	0.036796
642.778	0.0277481
643.333	0.0130783
643.889	0.0233489
644.444	0.0151201
645	0.0283925
645.556	0.0360358
646.111	0.0389824
646.667	0.00750584
647.222	0.017638
647.778	0.00478889
648.333	0.0633169
648.889	0.00676034
649.444	0.0239864
650	0.0241158
650.556	0.00731256
651.111	0.00139016
651.667	0.00481223
652.222	0.026609
652.778	0.0205125
653.333	0.0347364
653.889	0.00877537
654.444	0.0247217
655	0.0170524
655.556	0.0347697
656.111	0.00506636
656.667	0.0106481
657.222	0.0172211
657.778	0.000800432
658.333	0.00562008
658.889	0.0251016
659.444	0.0191937
660	0.00226173
660.556	0.0152086
661.111	0.0238001
661.667	0.0146833
662.222	0.0443742
662.778	0.00733467
663.333	0.0149199
663.889	0.00304137
664.444	0.00657877
665	0.00197323
665.556	0.0123282
666.111	0.0633307
666.667	0.0041593
667.222	0.00526913
667.778	0.00782792
668.333	0.0336659
668.889	0.0240959
669.444	0.0358371
670	0.0347219
670.556	0.0145889
671.111	0.00926038
671.667	0.00651144
672.222	0.0203357
672.778	0.00105756
673.333	0.0527247
673.889	0.0185636
674.444	0.00886094
675	0.00364903
675.556	0.0302943
676.111	0.0134319
676.667	0.011041
677.222	0.041144
677.778	0.0045392
678.333	0.0151678
678.889	0.0073513
679.444	0.0131193
680	0.0162143
680.556	0.0585395
681.111	0.0320013
681.667	0.0170053
682.222	0.00445705
682.778	0.0274754
683.333	0.00376492
683.889	0.00185768
684.444	0.035318
685	0.0215555
685.556	0.0204767
686.111	0.0173703
686.667	0.00418731
687.222	0.00840997
687.778	0.0327933
688.333	0.0178493
688.889	0.0193932
689.444	0.000706793
690	0.0270896
690.556	0.000423352
691.111	0.00895477
691.667	0.0149712
692.222	0.0314475
692.778	0.0203294
693.333	0.0365485
693.889	0.00660994
694.444	0.0097697
695	0.00268262
695.556	0.0101804
696.111	0.0223822
696.667	0.00296336
697.222	0.038234
697.778	0.0204235
698.333	0.024075
698.889	0.0146465
699.444	0.0147369
700	0.00709787
700.556	0.0425277
701.111	0.0275178
701.667	0.00732161
702.222	0.0188679
702.778	0.0114345
703.333	0.0209934
703.889	0.0133136
704.444	0.0370466
705	0.0388854
705.556	0.037489
706.111	0.016834
706.667	0.00485628
707.222	0.00199421
707.778	0.0203047
708.333	0.0354695
708.889	0.00797463
709.444	0.0183085
710	0.0274152
710.556	0.0215879
711.111	0.00247808
711.667	0.0192273
712.222	0.0426706
712.778	0.0286499
713.333	0.00115607
713.889	0.00297904
714.444	0.0127643
715	0.00850553
715.556	0.0211186
716.111	0.0277878
716.667	0.00512756
717.222	0.0156585
717.778	0.0122132
718.333	0.00316312
718.889	0.0126744
719.444	0.0464793
720	0.00655133
720.556	0.00162279
721.111	0.0163541
721.667	0.00103363
722.222	0.00157823
722.778	0.0174011
723.333	0.0423308
723.889	0.012041
724.444	0.00340755
725	0.0225294
725.556	0.0202577
726.111	0.0213004
726.667	0.0124966
727.222	0.0215027
727.778	0.0243715
728.333	0.0112572
728.889	0.00746661
729.444	0.0126239
730	0.0363311
730.556	0.0400475
731.111	0.0281589
731.667	0.00769666
732.222	0.0293067
732.778	0.00910388
733.333	0.0223431
733.889	0.00832117
734.444	0.0200594
735	0.0351775
735.556	0.0136233
736.111	0.0163054
736.667	0.00322452
737.222	0.0491778
737.778	0.0139788
738.333	0.0324332
738.889	0.0178656
739.444	0.0294659
740	0.00384584
740.556	0.0156624
741.111	0.0269096
741.667	0.0185875
742.222	0.0273871
742.778	0.00849041
743.333	0.0283515
743.889	0.00241137
744.444	0.0322013
745	0.00314948
745.556	0.0260657
746.111	0.00550888
746.667	0.0308741
747.222	0.0174026
747.778	0.0153791
748.333	0.00930052
748.889	0.0128357
749.444	0.0252223
750	0.0166143
750.556	0.029061
751.111	0.0315418
751.667	0.000556823
752.222	0.00160443
752.778	0.00232748
753.333	0.0097567
753.889	0.00682266
754.444	0.0195791
755	0.0421248
755.556	0.00952821
756.111	0.0206585
756.667	0.00556162
757.222	0.0321661
757.778	0.0164983
758.333	0.0499329
758.889	0.022723
759.444	0.00270517
760	0.0145561
760.556	0.0081115
761.111	0.0117643
761.667	0.0172889
762.222	0.052818
762.778	0.0152095
763.333	0.0179686
763.889	0.00181649
764.444	0.0195255
765	0.00011622
765.556	0.0356565
766.111	0.0289515
766.667	0.0159429
767.222	0.0158488
767.778	0.000586047
768.333	0.013283
768.889	0.00705566
769.444	0.042548
770	0.0228763
770.556	0.00452149
771.111	0.00887303
771.667	0.00367052
772.222	0.00807309
772.778	0.00885098
773.333	0.00997987
773.889	0.0302487
774.444	0.000757425
775	0.0233209
775.556	0.0004449
776.111	0.0313174
776.667	0.0171511
777.222	0.0089059
777.778	0.0221456
778.333	0.0180295
778.889	0.0176945
779.444	0.00777774
780	0.0243919
780.556	0.00579422
781.111	0.0206198
781.667	0.00742079
782.222	0.0380231
782.778	0.010224
783.333	0.0323757
783.889	8.72374e-05
784.444	0.00156861
785	0.00973796
785.556	0.0254157
786.111	0.0281834
786.667	0.0150032
787.222	0.0382669
787.778	0.010384
788.333	0.00173257
788.889	0.0125192
789.444	0.0362758
790	0.034015
790.556	0.0138307
791.111	0.0147891
791.667	0.00832623
792.222	0.00369646
792.778	0.0256517
793.333	0.019537
793.889	0.0334269
794.444	0.0253015
795	0.00781217
795.556	0.00676538
796.111	0.000599175
796.667	0.031155
797.222	0.0272436
797.778	0.0099086
798.333	0.0173993
798.889	0.00388162
799.444	0.000895562
800	0.00688632
800.556	0.00570628
801.111	0.0414314
801.667	0.00730284
802.222	0.00128703
802.778	0.0169938
803.333	0.0172448
803.889	0.00775156
804.444	0.0100558
805	0.0205265
805.556	0.0137868
806.111	0.000529248
806.667	0.00588329
807.222	0.0165202
807.778	0.0127409
808.333	0.0296122
808.889	0.017275
809.444	0.0102762
810	0.0173757
810.556	0.016206
811.111	0.0177101
811.667	0.00843938
812.222	0.0287699
812.778	0.0334956
813.333	0.0102382
813.889	0.0141892
814.444	0.0262662
815	0.0213451
815.556	0.0119409
816.111	0.0325839
816.667	0.0231861
817.222	0.0187431
817.778	0.00677167
818.333	0.0223562
818.889	0.0169785
819.444	0.0189693
820	0.0368674
820.556	0.00538127
821.111	0.0290569
821.667	0.0182924
822.222	0.0192426
822.778	0.00508094
823.333	0.0218015
823.889	0.0250362
824.444	0.012151
825	0.0177493
825.556	0.0122356
826.111	0.0129199
826.667	0.00633424
827.222	0.0243158
827.778	0.000441163
828.333	0.0236359
828.889	0.0101016
829.444	0.00997888
830	0.000751892
830.556	0.001987
831.111	0.0181043
831.667	0.00200951
832.222	0.0206164
832.778	0.0177042
833.333	0.0145882
833.889	0.000742598
834.444	0.00113176
835	0.00332234
835.556	0.0155109
836.111	0.0301232
836.667	0.0122185
837.222	0.00310728
837.778	0.0144271
838.333	0.00530302
838.889	0.0114382
839.444	0.0192198
840	0.0443953
840.556	0.000713826
841.111	0.00233374
841.667	0.0153231
842.222	0.0174679
842.778	0.00278625
843.333	0.0346709
843.889	0.0348253
844.444	0.0109971
845	0.0163123
845.556	0.00708677
846.111	0.0141299
846.667	0.00930864
847.222	0.0482183
847.778	0.0137171
848.333	0.00767633
848.889	0.0161079
849.444	0.0126135
850	0.0055418
850.556	0.0186922
851.111	0.0407073
851.667	0.00598049
852.222	0.0053191
852.778	0.00940288
853.333	0.01062
853.889	0.00766753
854.444	0.0344696
855	0.0177735
855.556	0.0116159
856.111	0.00131314
856.667	0.0077715
857.222	1.78432e-05
857.778	0.00786713
858.333	0.0327818
858.889	0.00824796
859.444	0.00334835
860	0.0169134
860.556	0.000336647
861.111	0.00912661
861.667	0.0011976
862.222	0.0130281
862.778	0.0109204
863.333	0.0206337
863.889	0.0142651
864.444	0.006752
865	0.0230949
865.556	0.00164426
866.111	0.00910285
866.667	0.0123269
867.222	0.0357289
867.778	0.00855926
868.333	0.00483223
868.889	0.0249382
869.444	6.27127e-06
870	0.0128333
870.556	0.0256802
871.111	0.0352581
871.667	0.0107952
872.222	0.0256365
872.778	0.020794
873.333	0.00357948
873.889	0.00843232
874.444	0.0420409
875	0.0194633
875.556	0.00332891
876.111	0.0303043
876.667	0.0137713
877.222	0.0127869
877.778	0.0143052
878.333	0.0348134
878.889	0.0194089
879.444	0.013769
880	0.015795
880.556	0.00139314
881.111	0.0050122
881.667	0.0242071
882.222	0.0228961
882.778	0.0192523
883.333	0.0049149
883.889	0.0162772
884.444	0.010415
885	0.00824986
885.556	0.0214184
886.111	0.0212135
886.667	0.010581
887.222	0.000954179
887.778	0.00298398
888.333	0.00173145
888.889	0.00460721
889.444	0.0169041
890	0.0224307
890.556	0.0173321
891.111	0.00206364
891.667	0.013605
892.222	0.0171771
892.778	0.00288991
893.333	0.018091
893.889	0.0192085
894.444	0.0268134
895	0.00197627
895.556	0.00056504
896.111	0.0235869
896.667	0.00624093
897.222	0.0224729
897.778	0.0269414
898.333	0.0193025
898.889	0.0104014
899.444	0.0143998
900	0.0272774
900.556	0.0052367
901.111	0.0161219
901.667	0.0367957
902.222	0.0115524
902.778	0.0057085
903.333	0.0224886
903.889	0.0222798
904.444	0.0193678
905	0.0232182
905.556	0.028701
906.111	0.0117316
906.667	0.00252418
907.222	0.023014
907.778	0.00919813
908.333	0.0135263
908.889	0.0269168
909.444	0.0190371
910	0.0117026
910.556	0.00235139
911.111	0.0211871
911.667	0.00830997
912.222	0.009828
912.778	0.0200244
913.333	0.0155856
913.889	0.0100674
914.444	0.00290833
915	0.011811
915.556	0.00510369
916.111	0.00405558
916.667	0.0107655
917.222	0.0149545
917.778	0.0220126
918.333	0.00301785
918.889	0.00224084
919.444	0.00997632
920	0.0044225
920.556	0.011372
921.111	0.0214546
921.667	0.0272828
922.222	0.00505926
922.778	0.00587144
923.333	0.0124962
923.889	0.00430649
924.444	0.0194289
925	0.0326371
925.556	0.01814
926.111	0.00589863
926.667	0.0107254
927.222	0.0156436
927.778	0.00814574
928.333	0.0178123
928.889	0.0443094
929.444	0.00280158
930	0.00355638
930.556	0.0159916
931.111	0.0181872
931.667	0.0167144
932.222	0.0270102
932.778	0.0344557
933.333	0.00187192
933.889	0.00688735
934.444	0.0174656
935	0.002687
935.556	0.0133972
936.111	0.0341376
936.667	0.023325
937.222	0.00158441
937.778	0.00137971
938.333	0.0163821
938.889	0.00640949
939.444	0.0110247
940	0.0235106
940.556	0.0146048
941.111	0.00148835
941.667	0.0026038
942.222	0.00888709
942.778	0.0012927
943.333	0.00723288
943.889	0.0220217
944.444	0.00776334
945	0.0153228
945.556	0.00190425
946.111	0.00541449
946.667	0.00750955
947.222	0.00683326
947.778	0.0208205
948.333	0.0133936
948.889	0.027492
949.444	0.00459468
950	0.00923867
950.556	0.0117974
951.111	0.0060116
951.667	0.0181114
952.222	0.0274403
952.778	0.0193932
953.333	0.00736871
953.889	0.0153474
954.444	0.0145986
955	0.0182229
955.556	0.0185833
956.111	0.0374445
956.667	0.00818362
957.222	0.00965002
957.778	0.0212199
958.333	0.00781566
958.889	0.0223939
959.444	0.026235
960	0.0314658
960.556	0.00101047
961.111	0.0161988
961.667	0.0199311
962.222	0.00400072
962.778	0.0225267
963.333	0.027372
963.889	0.0237988
964.444	0.00842138
965	0.00796623
965.556	0.0170843
966.111	0.0152629
966.667	0.013162
967.222	0.0244337
967.778	0.0164663
968.333	0.0039785
968.889	0.00356576
969.444	0.00956857
970	0.00717097
970.556	0.00514316
971.111	0.0245524
971.667	0.00756976
972.222	0.0103718
972.778	0.00325648
973.333	0.0018428
973.889	0.00297201
974.444	0.00288084
975	0.0212702
975.556	0.0136791
976.111	0.0174451
976.667	0.00356916
977.222	0.00677427
977.778	0.0099527
978.333	0.00782187
978.889	0.0262097
979.444	0.0272826
980	0.0146116
980.556	0.0106539
981.111	0.0158712
981.667	0.0171465
982.222	0.0174022
982.778	0.0284975
983.333	0.0309977
983.889	0.00673493
984.444	0.0170669
985	0.0178656
985.556	0.00751749
986.111	0.0279647
986.667	0.0280331
987.222	0.0271608
987.778	0.00311591
988.333	0.0148043
988.889	0.0208857
989.444	0.00793447
990	0.0270333
990.556	0.0262981
991.111	0.0180124
991.667	0.00988513
992.222	0.00708836
992.778	0.0133952
993.333	0.0155348
993.889	0.0187182
994.444	0.0230962
995	0.00698869
995.556	0.00532828
996.111	0.0058901
996.667	0.00971446
997.222	0.0160656
997.778	0.0127491
998.333	0.0215698
998.889	0.0083013
999.444	0.00503777
1000	0.00458939
1000.56	0.00458939
1001.11	0.00503777
1001.67	0.0083013
1002.22	0.0215698
1002.78	0.0127491
1003.33	0.0160656
1003.89	0.00971446
1004.44	0.0058901
1005	0.00532828
1005.56	0.00698869
1006.11	0.0230962
1006.67	0.0187182
1007.22	0.0155348
1007.78	0.0133952
1008.33	0.00708836
1008.89	0.00988513
1009.44	0.0180124
1010	0.0262981
1010.56	0.0270333
1011.11	0.00793447
1011.67	0.0208857
1012.22	0.0148043
1012.78	0.00311591
1013.33	0.0271608
1013.89	0.0280331
1014.44	0.0279647
1015	0.00751749
1015.56	0.0178656
1016.11	0.0170669
1016.67	0.00673493
1017.22	0.0309977
1017.78	0.0284975
1018.33	0.0174022
1018.89	0.0171465
1019.44	0.0158712
1020	0.0106539
1020.56	0.0146116
1021.11	0.0272826
1021.67	0.0262097
1022.22	0.00782187
1022.78	0.0099527
1023.33	0.00677427
1023.89	0.00356916
1024.44	0.0174451
1025	0.0136791
1025.56	0.0212702
1026.11	0.00288084
1026.67	0.00297201
1027.22	0.0018428
1027.78	0.00325648
1028.33	0.0103718
1028.89	0.00756976
1029.44	0.0245524
1030	0.00514316
1030.56	0.00717097
1031.11	0.00956857
1031.67	0.00356576
1032.22	0.0039785
1032.78	0.0164663
1033.33	0.0244337
1033.89	0.013162
1034.44	0.0152629
1035	0.0170843
1035.56	0.00796623
1036.11	0.00842138
1036.67	0.0237988
1037.22	0.027372
1037.78	0.0225267
1038.33	0.00400072
1038.89	0.0199311
1039.44	0.0161988
1040	0.00101047
1040.56	0.0314658
1041.11	0.026235
1041.67	0.0223939
1042.22	0.00781566
1042.78	0.0212199
1043.33	0.00965002
1043.89	0.00818362
1044.44	0.0374445
1045	0.0185833
1045.56	0.0182229
1046.11	0.0145986
1046.67	0.0153474
1047.22	0.00736871
1047.78	0.0193932
1048.33	0.0274403
1048.89	0.0181114
1049.44	0.0060116
1050	0.0117974
1050.56	0.00923867
1051.11	0.00459468
1051.67	0.027492
1052.22	0.0133936
1052.78	0.0208205
1053.33	0.00683326
1053.89	0.00750955
1054.44	0.00541449
1055	0.00190425
1055.56	0.0153228
1056.11	0.00776334
1056.67	0.0220217
1057.22	0.00723288
1057.78	0.0012927
1058.33	0.00888709
1058.89	0.0026038
1059.44	0.00148835
1060	0.0146048
1060.56	0.0235106
1061.11	0.0110247
1061.67	0.00640949
1062.22	0.0163821
1062.78	0.00137971
1063.33	0.00158441
1063.89	0.023325
1064.44	0.0341376
1065	0.0133972
1065.56	0.002687
1066.11	0.0174656
1066.67	0.00688735
1067.22	0.00187192
1067.78	0.0344557
1068.33	0.0270102
1068.89	0.0167144
1069.44	0.0181872
1070	0.0159916
1070.56	0.00355638
1071.11	0.00280158
1071.67	0.0443094
1072.22	0.0178123
1072.78	0.00814574
1073.33	0.0156436
1073.89	0.0107254
1074.44	0.00589863
1075	0.01814
1075.56	0.0326371
1076.11	0.0194289
1076.67	0.00430649
1077.22	0.0124962
1077.78	0.00587144
1078.33	0.00505926
1078.89	0.0272828
1079.44	0.0214546
1080	0.011372
1080.56	0.0044225
1081.11	0.00997632
1081.67	0.00224084
1082.22	0.00301785
1082.78	0.0220126
1083.33	0.0149545
1083.89	0.0107655
1084.44	0.00405558
1085	0.00510369
1085.56	0.011811
1086.11	0.00290833
1086.67	0.0100674
1087.22	0.0155856
1087.78	0.0200244
1088.33	0.009828
1088.89	0.00830997
1089.44	0.0211871
1090	0.00235139
1090.56	0.0117026
1091.11	0.0190371
1091.67	0.0269168
1092.22	0.0135263
1092.78	0.00919813
1093.33	0.023014
1093.89	0.00252418
1094.44	0.0117316
1095	0.028701
1095.56	0.0232182
1096.11	0.0193678
1096.67	0.0222798
1097.22	0.0224886
1097.78	0.0057085
1098.33	0.0115524
1098.89	0.0367957
1099.44	0.0161219
1100	0.0052367
1100.56	0.0272774
1101.11	0.0143998
1101.67	0.0104014
1102.22	0.0193025
1102.78	0.0269414
1103.33	0.0224729
1103.89	0.00624093
1104.44	0.0235869
1105	0.00056504
1105.56	0.00197627
1106.11	0.0268134
1106.67	0.0192085
1107.22	0.018091
1107.78	0.00288991
1108.33	0.0171771
1108.89	0.013605
1109.44	0.00206364
1110	0.0173321
1110.56	0.0224307
1111.11	0.0169041
1111.67	0.00460721
1112.22	0.00173145
1112.78	0.00298398
1113.33	0.000954179
1113.89	0.010581
1114.44	0.0212135
1115	0.0214184
1115.56	0.00824986
1116.11	0.010415
1116.67	0.0162772
1117.22	0.0049149
1117.78	0.0192523
1118.33	0.0228961
1118.89	0.0242071
1119.44	0.0050122
1120	0.00139314
1120.56	0.015795
1121.11	0.013769
1121.67	0.0194089
1122.22	0.0348134
1122.78	0.0143052
1123.33	0.0127869
1123.89	0.0137713
1124.44	0.0303043
1125	0.00332891
1125.56	0.0194633
1126.11	0.0420409
1126.67	0.00843232
1127.22	0.00357948
1127.78	0.020794
1128.33	0.0256365
1128.89	0.0107952
1129.44	0.0352581
1130	0.0256802
1130.56	0.0128333
1131.11	6.27127e-06
1131.67	0.0249382
1132.22	0.00483223
1132.78	0.00855926
1133.33	0.0357289
1133.89	0.0123269
1134.44	0.00910285
1135	0.00164426
1135.56	0.0230949
1136.11	0.006752
1136.67	0.0142651
1137.22	0.0206337
1137.78	0.0109204
1138.33	0.0130281
1138.89	0.0011976
1139.44	0.00912661
1140	0.000336647
1140.56	0.0169134
1141.11	0.00334835
1141.67	0.00824796
1142.22	0.0327818
1142.78	0.00786713
1143.33	1.78432e-05
1143.89	0.0077715
1144.44	0.00131314
1145	0.0116159
1145.56	0.0177735
1146.11	0.0344696
1146.67	0.00766753
1147.22	0.01062
1147.78	0.00940288
1148.33	0.0053191
1148.89	0.00598049
1149.44	0.0407073
1150	0.0186922
1150.56	0.0055418
1151.11	0.0126135
1151.67	0.0161079
1152.22	0.00767633
1152.78	0.0137171
1153.33	0.0482183
1153.89	0.00930864
1154.44	0.0141299
1155	0.00708677
1155.56	0.0163123
1156.11	0.0109971
1156.67	0.0348253
1157.22	0.0346709
1157.78	0.00278625
1158.33	0.0174679
1158.89	0.0153231
1159.44	0.00233374
1160	0.000713826
1160.56	0.0443953
1161.11	0.0192198
1161.67	0.0114382
1162.22	0.00530302
1162.78	0.0144271
1163.33	0.00310728
1163.89	0.0122185
1164.44	0.0301232
1165	0.0155109
1165.56	0.00332234
1166.11	0.00113176
1166.67	0.000742598
1167.22	0.0145882
1167.78	0.0177042
1168.33	0.0206164
1168.89	0.00200951
1169.44	0.0181043
1170	0.001987
1170.56	0.000751892
1171.11	0.00997888
1171.67	0.0101016
1172.22	0.0236359
1172.78	0.000441163
1173.33	0.0243158
1173.89	0.00633424
1174.44	0.0129199
1175	0.0122356
1175.56	0.0177493
1176.11	0.012151
1176.67	0.0250362
1177.22	0.0218015
1177.78	0.00508094
1178.33	0.0192426
1178.89	0.0182924
1179.44	0.0290569
1180	0.00538127
1180.56	0.0368674
1181.11	0.0189693
1181.67	0.0169785
1182.22	0.0223562
1182.78	0.00677167
1183.33	0.0187431
1183.89	0.0231861
1184.44	0.0325839
1185	0.0119409
1185.56	0.0213451
1186.11	0.0262662
1186.67	0.0141892
1187.22	0.0102382
1187.78	0.0334956
1188.33	0.0287699
1188.89	0.00843938
1189.44	0.0177101
1190	0.016206
1190.56	0.0173757
1191.11	0.0102762
1191.67	0.017275
1192.22	0.0296122
1192.78	0.0127409
1193.33	0.0165202
1193.89	0.00588329
1194.44	0.000529248
1195	0.0137868
1195.56	0.0205265
1196.11	0.0100558
1196.67	0.00775156
1197.22	0.0172448
1197.78	0.0169938
1198.33	0.00128703
1198.89	0.00730284
1199.44	0.0414314
1200	0.00570628
1200.56	0.00688632
1201.11	0.000895562
1201.67	0.00388162
1202.22	0.0173993
1202.78	0.0099086
1203.33	0.0272436
1203.89	0.031155
1204.44	0.000599175
1205	0.00676538
1205.56	0.00781217
1206.11	0.0253015
1206.67	0.0334269
1207.22	0.019537
1207.78	0.0256517
1208.33	0.00369646
1208.89	0.00832623
1209.44	0.0147891
1210	0.0138307
1210.56	0.034015
1211.11	0.0362758
1211.67	0.0125192
1212.22	0.00173257
1212.78	0.010384
1213.33	0.0382669
1213.89	0.0150032
1214.44	0.0281834
1215	0.0254157
1215.56	0.00973796
1216.11	0.00156861
1216.67	8.72374e-05
1217.22	0.0323757
1217.78	0.010224
1218.33	0.0380231
1218.89	0.00742079
1219.44	0.0206198
1220	0.00579422
1220.56	0.0243919
1221.11	0.00777774
1221.67	0.0176945
1222.22	0.0180295
1222.78	0.0221456
1223.33	0.0089059
1223.89	0.0171511
1224.44	0.0313174
1225	0.0004449
1225.56	0.0233209
1226.11	0.000757425
1226.67	0.0302487
1227.22	0.00997987
1227.78	0.00885098
1228.33	0.00807309
1228.89	0.00367052
1229.44	0.00887303
1230	0.00452149
1230.56	0.0228763
1231.11	0.042548
1231.67	0.00705566
1232.22	0.013283
1232.78	0.000586047
1233.33	0.0158488
1233.89	0.0159429
1234.44	0.0289515
1235	0.0356565
1235.56	0.00011622
1236.11	0.0195255
1236.67	0.00181649
1237.22	0.0179686
1237.78	0.0152095
1238.33	0.052818
1238.89	0.0172889
1239.44	0.0117643
1240	0.0081115
1240.56	0.0145561
1241.11	0.00270517
1241.67	0.022723
1242.22	0.0499329
1242.78	0.0164983
1243.33	0.0321661
1243.89	0.00556162
1244.44	0.0206585
1245	0.00952821
1245.56	0.0421248
1246.11	0.0195791
1246.67	0.00682266
1247.22	0.0097567
1247.78	0.00232748
1248.33	0.00160443
1248.89	0.000556823
1249.44	0.0315418
1250	0.029061
1250.56	0.0166143
1251.11	0.0252223
1251.67	0.0128357
1252.22	0.00930052
1252.78	0.0153791
1253.33	0.0174026
1253.89	0.0308741
1254.44	0.00550888
1255	0.0260657
1255.56	0.00314948
1256.11	0.0322013
1256.67	0.00241137
1257.22	0.0283515
1257.78	0.00849041
1258.33	0.0273871
1258.89	0.0185875
1259.44	0.0269096
1260	0.0156624
1260.56	0.00384584
1261.11	0.0294659
1261.67	0.0178656
1262.22	0.0324332
1262.78	0.0139788
1263.33	0.0491778
1263.89	0.00322452
1264.44	0.0163054
1265	0.0136233
1265.56	0.0351775
1266.11	0.0200594
1266.67	0.00832117
1267.22	0.0223431
1267.78	0.00910388
1268.33	0.0293067
1268.89	0.00769666
1269.44	0.0281589
1270	0.0400475
1270.56	0.0363311
1271.11	0.0126239
1271.67	0.00746661
1272.22	0.0112572
1272.78	0.0243715
1273.33	0.0215027
1273.89	0.0124966
1274.44	0.0213004
1275	0.0202577
1275.56	0.0225294
1276.11	0.00340755
1276.67	0.012041
1277.22	0.0423308
1277.78	0.0174011
1278.33	0.00157823
1278.89	0.00103363
1279.44	0.0163541
1280	0.00162279
1280.56	0.00655133
1281.11	0.0464793
1281.67	0.0126744
1282.22	0.00316312
1282.78	0.0122132
1283.33	0.0156585
1283.89	0.00512756
1284.44	0.0277878
1285	0.0211186
1285.56	0.00850553
1286.11	0.0127643
1286.67	0.00297904
1287.22	0.00115607
1287.78	0.0286499
1288.33	0.0426706
1288.89	0.0192273
1289.44	0.00247808
1290	0.0215879
1290.56	0.0274152
1291.11	0.0183085
1291.67	0.00797463
1292.22	0.0354695
1292.78	0.0203047
1293.33	0.00199421
1293.89	0.00485628
1294.44	0.016834
1295	0.037489
1295.56	0.0388854
1296.11	0.0370466
1296.67	0.0133136
1297.22	0.0209934
1297.78	0.0114345
1298.33	0.0188679
1298.89	0.00732161
1299.44	0.0275178
1300	0.0425277
1300.56	0.00709787
1301.11	0.0147369
1301.67	0.0146465
1302.22	0.024075
1302.78	0.0204235
1303.33	0.038234
1303.89	0.00296336
1304.44	0.0223822
1305	0.0101804
1305.56	0.00268262
1306.11	0.0097697
1306.67	0.00660994
1307.22	0.0365485
1307.78	0.0203294
1308.33	0.0314475
1308.89	0.0149712
1309.44	0.00895477
1310	0.000423352
1310.56	0.0270896
1311.11	0.000706793
1311.67	0.0193932
1312.22	0.0178493
1312.78	0.0327933
1313.33	0.00840997
1313.89	0.00418731
1314.44	0.0173703
1315	0.0204767
1315.56	0.0215555
1316.11	0.035318
1316.67	0.00185768
1317.22	0.00376492
1317.78	0.0274754
1318.33	0.00445705
1318.89	0.0170053
1319.44	0.0320013
1320	0.0585395
1320.56	0.0162143
1321.11	0.0131193
1321.67	0.0073513
1322.22	0.0151678
1322.78	0.0045392
1323.33	0.041144
1323.89	0.011041
1324.44	0.0134319
1325	0.0302943
1325.56	0.00364903
1326.11	0.00886094
1326.67	0.0185636
1327.22	0.0527247
1327.78	0.00105756
1328.33	0.0203357
1328.89	0.00651144
1329.44	0.00926038
1330	0.0145889
1330.56	0.0347219
1331.11	0.0358371
1331.67	0.0240959
1332.22	0.0336659
1332.78	0.00782792
1333.33	0.00526913
1333.89	0.0041593
1334.44	0.0633307
1335	0.0123282
1335.56	0.00197323
1336.11	0.00657877
1336.67	0.00304137
1337.22	0.0149199
1337.78	0.00733467
1338.33	0.0443742
1338.89	0.0146833
1339.44	0.0238001
1340	0.0152086
1340.56	0.00226173
1341.11	0.0191937
1341.67	0.0251016
1342.22	0.00562008
1342.78	0.000800432
1343.33	0.0172211
1343.89	0.0106481
1344.44	0.00506636
1345	0.0347697
1345.56	0.0170524
1346.11	0.0247217
1346.67	0.00877537
1347.22	0.0347364
1347.78	0.0205125
1348.33	0.026609
1348.89	0.00481223
1349.44	0.00139016
1350	0.00731256
1350.56	0.0241158
1351.11	0.0239864
1351.67	0.00676034
1352.22	0.0633169
1352.78	0.00478889
1353.33	0.017638
1353.89	0.00750584
1354.44	0.0389824
1355	0.0360358
1355.56	0.0283925
1356.11	0.0151201
1356.67	0.0233489
1357.22	0.0130783
1357.78	0.0277481
1358.33	0.036796
1358.89	0.0484476
1359.44	0.0462796
1360	0.000113724
1360.56	0.0286587
1361.11	0.000988306
1361.67	0.0352374
1362.22	0.0115991
1362.78	0.0167629
1363.33	0.0167054
1363.89	0.016893
1364.44	0.0266407
1365	0.0203121
1365.56	0.0198643
1366.11	0.031157
1366.67	0.000604925
1367.22	0.0265285
1367.78	0.0242868
1368.33	0.0156252
1368.89	0.0131244
1369.44	0.0321021
1370	0.0401841
1370.56	0.0115458
1371.11	0.013993
1371.67	0.0288121
1372.22	0.0232842
1372.78	0.0021468
1373.33	0.0314326
1373.89	0.0185721
1374.44	0.00191671
1375	0.00140703
1375.56	0.0240375
1376.11	0.0311919
1376.67	0.0212264
1377.22	0.0528117
1377.78	0.0282415
1378.33	0.00825821
1378.89	0.0226518
1379.44	0.0197941
1380	0.0263391
1380.56	0.0240227
1381.11	0.0175947
1381.67	0.025396
1382.22	0.0189691
1382.78	0.0129526
1383.33	0.00499346
1383.89	0.0363852
1384.44	0.0368171
1385	0.0375403
1385.56	0.0034914
1386.11	0.0443364
1386.67	0.0165245
1387.22	0.0374051
1387.78	0.0089278
1388.33	0.00925891
1388.89	0.0385073
1389.44	0.00556923
1390	0.0460129
1390.56	0.0133138
1391.11	0.0422161
1391.67	0.0166692
1392.22	0.0179293
1392.78	0.00497284
1393.33	0.0448253
1393.89	0.0388636
1394.44	0.0124261
1395	0.00957496
1395.56	0.0198224
1396.11	0.0426254
1396.67	0.00384198
1397.22	0.0373739
1397.78	0.0460334
1398.33	0.0599451
1398.89	0.0183438
1399.44	0.0105854
1400	0.0103942
1400.56	0.0244005
1401.11	0.0413926
1401.67	0.0336259
1402.22	0.00747098
1402.78	0.0182595
1403.33	0.0127171
1403.89	0.00865956
1404.44	0.0151185
1405	0.0573764
1405.56	0.00443085
1406.11	0.00472378
1406.67	0.0144908
1407.22	0.0188563
1407.78	0.0106714
1408.33	0.0260264
1408.89	0.0503191
1409.44	0.030748
1410	0.017246
1410.56	0.0216856
1411.11	0.00821995
1411.67	0.00717505
1412.22	0.0347307
1412.78	0.00321486
1413.33	0.00311041
1413.89	0.00760874
1414.44	0.00768445
1415	0.00402367
1415.56	0.000414818
1416.11	0.0418151
1416.67	0.000509039
1417.22	0.00322793
1417.78	0.0392384
1418.33	0.0148279
1418.89	0.00775616
1419.44	0.0119024
1420	0.0230845
1420.56	0.025338
1421.11	0.0264516
1421.67	0.0240673
1422.22	0.00906316
1422.78	0.0251535
1423.33	0.050836
1423.89	0.00113414
1424.44	0.00555767
1425	0.0488137
1425.56	0.0195295
1426.11	0.00267057
1426.67	0.022543
1427.22	0.0228881
1427.78	0.00863201
1428.33	0.0134731
1428.89	0.0487508
1429.44	0.00512215
1430	0.0260403
1430.56	0.0240664
1431.11	0.0119641
1431.67	0.0191116
1432.22	0.0617793
1432.78	0.017479
1433.33	0.0182406
1433.89	0.0239984
1434.44	0.026957
1435	0.053169
1435.56	0.0212591
1436.11	0.0265268
1436.67	0.0259318
1437.22	0.0611269
1437.78	0.00537225
1438.33	0.0164785
1438.89	0.029162
1439.44	0.0362979
1440	0.00465027
1440.56	0.0140555
1441.11	0.0430431
1441.67	0.00842985
1442.22	0.0532477
1442.78	0.0110269
1443.33	0.0268219
1443.89	0.0526166
1444.44	0.0116576
1445	0.0266903
1445.56	0.0173186
1446.11	0.0391558
1446.67	0.0101219
1447.22	0.0501408
1447.78	0.00791762
1448.33	0.0398842
1448.89	0.00317407
1449.44	0.0326217
1450	0.00949901
1450.56	0.015403
1451.11	0.0204365
1451.67	0.00514147
1452.22	0.00713384
1452.78	0.0063088
1453.33	0.0105056
1453.89	0.00546354
1454.44	0.0191543
1455	0.0539047
1455.56	0.0121337
1456.11	0.0200272
1456.67	0.0502476
1457.22	0.0138161
1457.78	0.0141044
1458.33	0.0458229
1458.89	0.0379842
1459.44	0.0336667
1460	0.00957991
1460.56	0.0313739
1461.11	0.0588756
1461.67	0.0326462
1462.22	0.0506813
1462.78	0.0204118
1463.33	0.026729
1463.89	0.0207034
1464.44	0.0258968
1465	0.0446988
1465.56	0.00403524
1466.11	0.0760268
1466.67	0.0214301
1467.22	0.0280208
1467.78	0.0342181
1468.33	0.0161153
1468.89	0.00805131
1469.44	0.0810024
1470	0.00232245
1470.56	0.0242027
1471.11	0.00917957
1471.67	0.00146897
1472.22	0.00942368
1472.78	0.00933615
1473.33	0.0740037
1473.89	0.00059585
1474.44	0.00683894
1475	0.0176486
1475.56	0.0362305
1476.11	0.0642478
1476.67	0.0348377
1477.22	0.0122865
1477.78	0.00980178
1478.33	0.0120601
1478.89	0.018197
1479.44	0.00357108
1480	0.0201593
1480.56	0.020409
1481.11	0.0311311
1481.67	0.0356688
1482.22	0.0708933
1482.78	0.0228908
1483.33	0.0131472
1483.89	0.00414662
1484.44	0.0135939
1485	0.00904411
1485.56	0.0212375
1486.11	0.00506717
1486.67	0.0481546
1487.22	0.0475872
1487.78	0.0182883
1488.33	0.0234389
1488.89	0.0623976
1489.44	0.0187834
1490	0.0471966
1490.56	0.00272072
1491.11	0.00545459
1491.67	0.0101235
1492.22	0.0299401
1492.78	0.00609555
1493.33	0.0100537
1493.89	0.0854372
1494.44	0.0138215
1495	0.0137015
1495.56	0.0196246
1496.11	0.00650488
1496.67	0.00233629
1497.22	0.0718841
1497.78	0.0342339
1498.33	0.0153521
1498.89	0.0495436
1499.44	0.0163633
1500	0.0214588
1500.56	0.0226094
1501.11	0.0526252
1501.67	0.0589195
1502.22	0.0064054
1502.78	0.0165668
1503.33	0.0406448
1503.89	0.0343997
1504.44	0.0002215
1505	0.0810466
1505.56	0.0104517
1506.11	0.0206996
1506.67	0.0150785
1507.22	0.0321497
1507.78	0.0174758
1508.33	0.067214
1508.89	0.010687
1509.44	0.0127931
1510	0.0183316
1510.56	0.0348019
1511.11	0.0540655
1511.67	0.0364948
1512.22	0.0349082
1512.78	0.0208986
1513.33	0.000437903
1513.89	0.0838511
1514.44	0.0110832
1515	0.0210935
1515.56	0.0135688
1516.11	0.00850636
1516.67	0.0178509
1517.22	0.00746923
1517.78	0.0175605
1518.33	0.000340238
1518.89	0.0934334
1519.44	0.00224623
1520	0.0476978
1520.56	0.00970019
1521.11	0.0721481
1521.67	0.0164096
1522.22	0.0381873
1522.78	0.0507766
1523.33	0.0256592
1523.89	0.0102221
1524.44	0.0151784
1525	0.0457986
1525.56	0.0684374
1526.11	0.0395929
1526.67	0.0833455
1527.22	0.0398424
1527.78	0.0479367
1528.33	0.0612194
1528.89	0.0471753
1529.44	0.0422542
1530	0.0514322
1530.56	0.038305
1531.11	0.0509565
1531.67	0.0393178
1532.22	0.0410336
1532.78	0.00585491
1533.33	0.0275019
1533.89	0.0284323
1534.44	0.0163925
1535	0.0247226
1535.56	0.0136558
1536.11	0.0312283
1536.67	0.0461276
1537.22	0.0181833
1537.78	0.00726762
1538.33	0.00608711
1538.89	0.00987771
1539.44	0.0186223
1540	0.0362689
1540.56	0.0470497
1541.11	0.0546718
1541.67	0.00420712
1542.22	0.0674334
1542.78	0.0330303
1543.33	0.00887442
1543.89	0.0794566
1544.44	0.00635212
1545	0.0517992
1545.56	0.035503
1546.11	0.0869966
1546.67	0.0332238
1547.22	0.00099011
1547.78	0.0415556
1548.33	0.0349901
1548.89	0.0621634
1549.44	0.0448515
1550	0.0217894
1550.56	0.0619958
1551.11	0.104373
1551.67	0.0140917
1552.22	0.108791
1552.78	0.0957179
1553.33	0.0433278
1553.89	0.0371768
1554.44	0.0171912
1555	0.0706919
1555.56	0.0130491
1556.11	0.00608764
1556.67	0.0721593
1557.22	0.0575334
1557.78	0.0796561
1558.33	0.0412636
1558.89	0.0513798
1559.44	0.0248302
1560	0.0396122
1560.56	0.0118206
1561.11	0.0457506
1561.67	0.0222792
1562.22	0.0340271
1562.78	0.111307
1563.33	0.0199808
1563.89	0.0632737
1564.44	0.0340129
1565	0.0128232
1565.56	0.0380053
1566.11	0.0549001
1566.67	0.0391451
1567.22	0.0711271
1567.78	0.0386152
1568.33	0.0596349
1568.89	0.0452883
1569.44	0.029167
1570	0.0822681
1570.56	0.0483771
1571.11	0.0598289
1571.67	0.0455322
1572.22	0.0467768
1572.78	0.0389294
1573.33	0.0552157
1573.89	0.0357147
1574.44	0.0100016
1575	0.125514
1575.56	0.0567925
1576.11	0.0270174
1576.67	0.0425967
1577.22	0.00590758
1577.78	0.0819122
1578.33	0.11959
1578.89	0.0320704
1579.44	0.0652885
1580	0.0198364
1580.56	0.0116614
1581.11	0.0312189
1581.67	0.0403615
1582.22	0.106626
1582.78	0.0413685
1583.33	0.0664204
1583.89	0.0464444
1584.44	0.0566344
1585	0.00357396
1585.56	0.0298062
1586.11	0.0436628
1586.67	0.0480875
1587.22	0.0459078
1587.78	0.0281356
1588.33	0.0792807
1588.89	0.0178141
1589.44	0.0313901
1590	0.00517111
1590.56	0.0340435
1591.11	0.0173355
1591.67	0.0565076
1592.22	0.0124399
1592.78	0.0780745
1593.33	0.0132074
1593.89	0.00329963
1594.44	0.00924037
1595	0.0483351
1595.56	0.0750951
1596.11	0.0062799
1596.67	0.0339183
1597.22	0.0237877
1597.78	0.0628078
1598.33	0.12844
1598.89	0.112896
1599.44	0.0763819
1600	0.0236205
1600.56	0.022248
1601.11	0.00746857
1601.67	0.0307702
1602.22	0.0517724
1602.78	0.00390316
1603.33	0.0250955
1603.89	0.0687974
1604.44	0.0464529
1605	0.0583563
1605.56	0.0179307
1606.11	0.000983389
1606.67	0.0104221
1607.22	0.0793052
1607.78	0.0315389
1608.33	0.061855
1608.89	0.00696597
1609.44	0.0737587
1610	0.237731
1610.56	0.0680907
1611.11	0.0711345
1611.67	0.0191797
1612.22	0.115179
1612.78	0.0265087
1613.33	0.0482309
1613.89	0.052732
1614.44	0.0307719
1615	0.0695905
1615.56	0.154471
1616.11	0.0295293
1616.67	0.000856982
1617.22	0.0684047
1617.78	0.038148
1618.33	0.0445584
1618.89	0.0397506
1619.44	0.037275
1620	0.177908
1620.56	0.116063
1621.11	0.00129505
1621.67	0.0355643
1622.22	0.0410662
1622.78	0.0289257
1623.33	0.0874097
1623.89	0.0671911
1624.44	0.0305696
1625	0.139284
1625.56	0.0620949
1626.11	0.0481991
1626.67	0.0481314
1627.22	0.00380114
1627.78	0.00626466
1628.33	0.0293164
1628.89	0.0138688
1629.44	0.0597875
1630	0.0292726
1630.56	0.0524214
1631.11	0.0755809
1631.67	0.0183763
1632.22	0.0206068
1632.78	0.0128994
1633.33	0.128619
1633.89	0.00988107
1634.44	0.14022
1635	0.0923848
1635.56	0.0143807
1636.11	0.116882
1636.67	0.123516
1637.22	0.143385
1637.78	0.0279336
1638.33	0.0336567
1638.89	0.130882
1639.44	0.0653837
1640	0.169632
1640.56	0.103231
1641.11	0.159048
1641.67	0.0745638
1642.22	0.111539
1642.78	0.0211006
1643.33	0.0469231
1643.89	0.139435
1644.44	0.0743206
1645	0.0405402
1645.56	0.0876587
1646.11	0.0354523
1646.67	0.0289373
1647.22	0.155638
1647.78	0.0242781
1648.33	0.0741203
1648.89	0.0487986
1649.44	0.0377677
1650	0.0304623
1650.56	0.00293888
1651.11	0.0484809
1651.67	0.0481045
1652.22	0.0419612
1652.78	0.0368616
1653.33	0.173742
1653.89	0.027233
1654.44	0.0207005
1655	0.0765453
1655.56	0.0763947
1656.11	0.124732
1656.67	0.0134939
1657.22	0.124839
1657.78	0.106174
1658.33	0.0319905
1658.89	0.0718089
1659.44	0.0158235
1660	0.0276139
1660.56	0.0460833
1661.11	0.160269
1661.67	0.0657185
1662.22	0.0260754
1662.78	0.0435161
1663.33	0.149899
1663.89	0.0996977
1664.44	0.0556541
1665	0.118792
1665.56	0.248883
1666.11	0.0287232
1666.67	0.0542206
1667.22	0.0955608
1667.78	0.159323
1668.33	0.0898272
1668.89	0.111892
1669.44	0.0663663
1670	0.166354
1670.56	0.268762
1671.11	0.109593
1671.67	0.0650945
1672.22	0.142571
1672.78	0.161917
1673.33	0.156248
1673.89	0.0999085
1674.44	0.046956
1675	0.0275178
1675.56	0.181933
1676.11	0.0537801
1676.67	0.0380264
1677.22	0.159741
1677.78	0.0254715
1678.33	0.083125
1678.89	0.2213
1679.44	0.0157075
1680	0.227802
1680.56	0.257145
1681.11	0.167481
1681.67	0.0831477
1682.22	0.223782
1682.78	0.0960592
1683.33	0.0707264
1683.89	0.037141
1684.44	0.214923
1685	0.0512367
1685.56	0.129489
1686.11	0.00840939
1686.67	0.222354
1687.22	0.0687317
1687.78	0.124237
1688.33	0.0988787
1688.89	0.33348
1689.44	0.106145
1690	0.109051
1690.56	0.154008
1691.11	0.020378
1691.67	0.0708365
1692.22	0.241871
1692.78	0.00312949
1693.33	0.021186
1693.89	0.0145726
1694.44	0.0716619
1695	0.0239626
1695.56	0.0531383
1696.11	0.0905395
1696.67	0.176241
1697.22	0.185527
1697.78	0.0090977
1698.33	0.0362754
1698.89	0.132427
1699.44	0.0103091
1700	0.0162182
1700.56	0.0885409
1701.11	0.122603
1701.67	0.128591
1702.22	0.175268
1702.78	0.233537
1703.33	0.0131294
1703.89	0.206002
1704.44	0.0397475
1705	0.150543
1705.56	0.181998
1706.11	0.12045
1706.67	0.118079
1707.22	0.196593
1707.78	0.0410755
1708.33	0.113163
1708.89	0.0480112
1709.44	0.176324
1710	0.144591
1710.56	0.00180196
1711.11	0.150337
1711.67	0.130868
1712.22	0.0342296
1712.78	0.166307
1713.33	0.207814
1713.89	0.0764108
1714.44	0.392729
1715	0.401394
1715.56	0.0822974
1716.11	0.0985247
1716.67	0.0205391
1717.22	0.0556722
1717.78	0.0159074
1718.33	0.110199
1718.89	0.095114
1719.44	0.188928
1720	0.160947
1720.56	0.126664
1721.11	0.212067
1721.67	0.0176902
1722.22	0.0351913
1722.78	0.0155237
1723.33	0.0429515
1723.89	0.257604
1724.44	0.297062
1725	0.0682908
1725.56	0.0755752
1726.11	0.141647
1726.67	0.107768
1727.22	0.239338
1727.78	0.151862
1728.33	0.164038
1728.89	0.326499
1729.44	0.531974
1730	0.10682
1730.56	0.355447
1731.11	0.255633
1731.67	0.191043
1732.22	0.2669
1732.78	0.394583
1733.33	0.130425
1733.89	0.154614
1734.44	0.0840413
1735	0.0210643
1735.56	0.107447
1736.11	0.272545
1736.67	0.0102388
1737.22	0.191042
1737.78	0.575298
1738.33	0.0103562
1738.89	0.251529
1739.44	0.229662
1740	0.313338
1740.56	0.056755
1741.11	0.256774
1741.67	0.139609
1742.22	0.112285
1742.78	0.0266726
1743.33	0.299953
1743.89	0.409234
1744.44	0.0124403
1745	0.0204875
1745.56	0.194993
1746.11	0.089565
1746.67	0.0587756
1747.22	0.0861569
1747.78	0.266602
1748.33	0.0615534
1748.89	0.0623416
1749.44	0.0512703
1750	0.0392071
1750.56	0.0986992
1751.11	0.135544
1751.67	0.0374674
1752.22	0.388624
1752.78	0.0369898
1753.33	0.0116107
1753.89	0.435783
1754.44	0.0499379
1755	0.296665
1755.56	0.228532
1756.11	0.57725
1756.67	0.157463
1757.22	0.751042
1757.78	0.0619101
1758.33	0.0265003
1758.89	0.355887
1759.44	0.112219
1760	0.172812
1760.56	0.468967
1761.11	0.190192
1761.67	0.0588605
1762.22	0.284268
1762.78	0.537814
1763.33	0.218926
1763.89	0.300308
1764.44	0.15206
1765	0.564265
1765.56	0.200489
1766.11	0.286213
1766.67	0.211291
1767.22	0.707357
1767.78	0.629815
1768.33	0.491609
1768.89	0.113362
1769.44	0.429634
1770	0.412238
1770.56	0.104281
1771.11	0.00859453
1771.67	0.348433
1772.22	0.397907
1772.78	0.481213
1773.33	0.031517
1773.89	0.0453315
1774.44	0.2394
1775	0.20968
1775.56	0.205585
1776.11	0.254863
1776.67	0.522093
1777.22	0.947568
1777.78	0.0446563
1778.33	0.52712
1778.89	0.344089
1779.44	0.691947
1780	0.804198
1780.56	0.120749
1781.11	0.507913
1781.67	0.786991
1782.22	0.542311
1782.78	0.30718
1783.33	0.442796
1783.89	0.457621
1784.44	0.0366349
1785	0.878508
1785.56	0.212922
1786.11	0.14378
1786.67	0.567641
1787.22	0.277761
1787.78	0.237245
1788.33	0.0956355
1788.89	0.401721
1789.44	0.445461
1790	0.520144
1790.56	0.486821
1791.11	0.268632
1791.67	1.1118
1792.22	0.894584
1792.78	1.12081
1793.33	0.275407
1793.89	0.286949
1794.44	0.352756
1795	0.592668
1795.56	0.497434
1796.11	0.627063
1796.67	0.223949
1797.22	0.203533
1797.78	0.465633
1798.33	0.152635
1798.89	0.113085
1799.44	0.697645
1800	0.29197
1800.56	0.328967
1801.11	0.0872676
1801.67	0.299822
1802.22	0.752646
1802.78	0.513331
1803.33	0.377283
1803.89	0.961334
1804.44	0.216456
1805	0.0438673
1805.56	0.348882
1806.11	0.929457
1806.67	0.10245
1807.22	0.562172
1807.78	0.381549
1808.33	0.637158
1808.89	0.3459
1809.44	0.145307
1810	0.119054
1810.56	0.461065
1811.11	0.206393
1811.67	1.13643
1812.22	0.0208341
1812.78	0.496942
1813.33	0.0226341
1813.89	0.0053489
1814.44	0.833948
1815	0.0576661
1815.56	0.766545
1816.11	0.192658
1816.67	0.302184
1817.22	0.409712
1817.78	0.352498
1818.33	0.517522
1818.89	0.11308
1819.44	0.34403
1820	0.174094
1820.56	0.0322492
1821.11	0.205327
1821.67	0.742958
1822.22	0.47732
1822.78	0.634473
1823.33	0.376895
1823.89	0.284742
1824.44	0.0562872
1825	0.366611
1825.56	0.343957
1826.11	0.032191
1826.67	0.0495773
1827.22	0.818362
1827.78	0.699776
1828.33	0.578837
1828.89	0.135908
1829.44	0.737275
1830	0.231425
1830.56	0.120984
1831.11	0.262915
1831.67	0.212081
1832.22	0.646427
1832.78	0.344728
1833.33	0.119604
1833.89	1.57874
1834.44	0.506249
1835	1.04944
1835.56	1.34818
1836.11	0.368261
1836.67	1.8715
1837.22	0.575708
1837.78	1.44951
1838.33	0.468484
1838.89	0.0499655
1839.44	0.727375
1840	0.431259
1840.56	1.79741
1841.11	1.13131
1841.67	0.592342
1842.22	1.62262
1842.78	0.583686
1843.33	0.496477
1843.89	1.15092
1844.44	0.75871
1845	0.107809
1845.56	2.03367
1846.11	0.866772
1846.67	0.423601
1847.22	0.120634
1847.78	0.478792
1848.33	0.551933
1848.89	1.19124
1849.44	0.782052
1850	0.173237
1850.56	0.431172
1851.11	0.0308155
1851.67	1.33257
1852.22	1.92302
1852.78	0.132682
1853.33	1.29062
1853.89	0.299173
1854.44	1.58435
1855	0.986225
1855.56	1.0396
1856.11	0.108478
1856.67	1.59015
1857.22	1.04038
1857.78	1.74554
1858.33	1.80754
1858.89	0.751684
1859.44	1.53913
1860	0.111626
1860.56	0.835057
1861.11	0.378678
1861.67	0.340537
1862.22	0.813211
1862.78	0.146125
1863.33	0.795042
1863.89	0.815557
1864.44	0.775191
1865	0.548199
1865.56	1.35596
1866.11	1.6565
1866.67	1.16139
1867.22	0.0343439
1867.78	0.51859
1868.33	0.47795
1868.89	0.7992
1869.44	0.100652
1870	1.46872
1870.56	0.843297
1871.11	0.503497
1871.67	1.07624
1872.22	0.744823
1872.78	1.57666
1873.33	1.85632
1873.89	0.966989
1874.44	1.06965
1875	2.31834
1875.56	1.71464
1876.11	0.101524
1876.67	0.943306
1877.22	0.525233
1877.78	0.556019
1878.33	0.145781
1878.89	0.531236
1879.44	0.923895
1880	1.06108
1880.56	0.951444
1881.11	0.029243
1881.67	0.0923719
1882.22	1.79795
1882.78	0.931863
1883.33	2.34043
1883.89	1.30767
1884.44	0.39028
1885	1.83604
1885.56	1.10163
1886.11	0.316576
1886.67	0.536224
1887.22	2.19411
1887.78	0.243102
1888.33	0.279051
1888.89	1.09401
1889.44	0.806247
1890	0.430893
1890.56	1.00734
1891.11	0.467749
1891.67	1.36331
1892.22	0.362875
1892.78	2.75115
1893.33	0.579384
1893.89	0.332819
1894.44	0.461626
1895	0.381269
1895.56	3.57309
1896.11	0.330602
1896.67	1.8135
1897.22	1.47131
1897.78	1.3311
1898.33	0.0676225
1898.89	1.52155
1899.44	0.548344
1900	1.25225
1900.56	0.717916
1901.11	0.94461
1901.67	1.78427
1902.22	0.37476
1902.78	1.22732
1903.33	0.905718
1903.89	2.83981
1904.44	0.491388
1905	0.651961
1905.56	0.525496
1906.11	0.0125045
1906.67	1.46261
1907.22	1.99064
1907.78	1.49974
1908.33	0.401734
1908.89	0.269862
1909.44	0.908079
1910	1.85009
1910.56	0.975411
1911.11	1.19738
1911.67	0.940276
1912.22	1.26627
1912.78	0.0548615
1913.33	1.27426
1913.89	0.292873
1914.44	5.1629
1915	0.571753
1915.56	1.68641
1916.11	2.91387
1916.67	1.49744
1917.22	1.96001
1917.78	1.17607
1918.33	1.35486
1918.89	0.178481
1919.44	1.85739
1920	1.41446
1920.56	5.42517
1921.11	0.114185
1921.67	0.368343
1922.22	0.94963
1922.78	0.561068
1923.33	2.68426
1923.89	0.85335
1924.44	0.107485
1925	0.950049
1925.56	0.343121
1926.11	1.08996
1926.67	1.86529
1927.22	1.03767
1927.78	1.54168
1928.33	1.59374
1928.89	0.784795
1929.44	1.70977
1930	4.08377
1930.56	2.81574
1931.11	4.63794
1931.67	1.12047
1932.22	0.995476
1932.78	0.908993
1933.33	0.891099
1933.89	4.44769
1934.44	0.382399
1935	2.26997
1935.56	0.377956
1936.11	3.67933
1936.67	1.5082
1937.22	1.39439
1937.78	0.17675
1938.33	2.04946
1938.89	0.0394121
1939.44	0.762909
1940	0.685195
1940.56	0.20501
1941.11	3.10728
1941.67	1.99755
1942.22	2.22221
1942.78	1.40839
1943.33	4.62074
1943.89	0.623132
1944.44	0.066294
1945	2.52975
1945.56	3.34152
1946.11	2.08067
1946.67	0.718155
1947.22	2.07432
1947.78	1.72188
1948.33	2.08174
1948.89	1.7294
1949.44	3.71899
1950	0.893753
1950.56	0.914703
1951.11	2.888
1951.67	1.31497
1952.22	0.109382
1952.78	3.06462
1953.33	2.23348
1953.89	0.201089
1954.44	4.13294
1955	2.09701
1955.56	2.24285
1956.11	1.36876
1956.67	0.620969
1957.22	6.49679
1957.78	0.713542
1958.33	2.1812
1958.89	0.25771
1959.44	3.2039
1960	0.731148
1960.56	2.00996
1961.11	2.20718
1961.67	0.465833
1962.22	2.18001
1962.78	0.564175
1963.33	1.64387
1963.89	2.5594
1964.44	2.21115
1965	1.61496
1965.56	1.06525
1966.11	4.80627
1966.67	3.44943
1967.22	1.42566
1967.78	0.427863
1968.33	2.49195
1968.89	3.2362
1969.44	1.79411
1970	0.690309
1970.56	1.89986
1971.11	1.33244
1971.67	0.117761
1972.22	1.76446
1972.78	0.724921
1973.33	2.5623
1973.89	0.97579
1974.44	0.187371
1975	3.71704
1975.56	6.23782
1976.11	1.92762
1976.67	1.73128
1977.22	1.84982
1977.78	4.85947
1978.33	4.34986
1978.89	0.95706
1979.44	0.663322
1980	3.08544
1980.56	1.89413
1981.11	2.63058
1981.67	0.401914
1982.22	0.680342
1982.78	1.8329
1983.33	1.24217
1983.89	0.830199
1984.44	0.438939
1985	3.86121
1985.56	0.500678
1986.11	1.67975
1986.67	1.18741
1987.22	3.2817
1987.78	0.415456
1988.33	1.40781
1988.89	1.1588
1989.44	0.981208
1990	3.52678
1990.56	0.430251
1991.11	1.536
1991.67	0.221733
1992.22	2.09411
1992.78	0.415555
1993.33	0.391583
1993.89	1.1709
1994.44	0.676663
1995	0.933531
1995.56	2.16156
1996.11	0.424608
1996.67	2.96858
1997.22	1.10189
1997.78	0.325437
1998.33	0.0564982
1998.89	0.211906
1999.44	0.165479
2000	2.58404
