t	etaU
0	3.90544e-15
0.555556	0.163784
1.11111	0.718062
1.66667	0.738479
2.22222	2.30401
2.77778	0.446901
3.33333	1.42936
3.88889	2.09857
4.44444	1.96932
5	0.131514
5.55556	0.504173
6.11111	0.112002
6.66667	2.46179
7.22222	0.89999
7.77778	2.13394
8.33333	1.3099
8.88889	0.780298
9.44444	0.371902
10	1.92332
10.5556	1.54706
11.1111	0.746576
11.6667	0.135091
12.2222	0.470056
12.7778	1.49883
13.3333	0.761123
13.8889	0.0780716
14.4444	2.49917
15	0.343365
15.5556	2.15167
16.1111	1.52087
16.6667	0.482836
17.2222	0.481631
17.7778	2.68453
18.3333	0.26797
18.8889	0.566254
19.4444	1.29128
20	2.05405
20.5556	0.257182
21.1111	0.668876
21.6667	2.91061
22.2222	2.96444
22.7778	2.40692
23.3333	0.569001
23.8889	0.526255
24.4444	0.111914
25	2.56109
25.5556	1.58058
26.1111	0.433166
26.6667	0.656419
27.2222	0.208083
27.7778	0.0492948
28.3333	0.634227
28.8889	0.882343
29.4444	0.226822
30	1.23323
30.5556	2.13777
31.1111	0.231042
31.6667	0.215638
32.2222	1.18477
32.7778	2.87033
33.3333	0.579953
33.8889	0.447912
34.4444	0.189762
35	0.319943
35.5556	0.612426
36.1111	1.39622
36.6667	1.02668
37.2222	0.839043
37.7778	1.09815
38.3333	2.01637
38.8889	0.454824
39.4444	0.811953
40	1.3667
40.5556	0.663398
41.1111	0.788034
41.6667	0.0384699
42.2222	0.0331519
42.7778	0.393489
43.3333	0.702132
43.8889	0.305367
44.4444	0.440834
45	0.3677
45.5556	0.28691
46.1111	0.170483
46.6667	0.137919
47.2222	0.925735
47.7778	1.35018
48.3333	1.53668
48.8889	1.28473
49.4444	1.33385
50	0.641517
50.5556	0.283489
51.1111	0.164383
51.6667	2.05607
52.2222	0.202647
52.7778	0.729133
53.3333	0.640937
53.8889	0.986698
54.4444	0.360858
55	0.794639
55.5556	0.253263
56.1111	0.0258436
56.6667	0.510741
57.2222	1.48252
57.7778	1.27229
58.3333	1.72117
58.8889	0.854862
59.4444	0.722611
60	0.550846
60.5556	0.220279
61.1111	1.33187
61.6667	0.162443
62.2222	1.5729
62.7778	2.05775
63.3333	0.706288
63.8889	0.645293
64.4444	0.334928
65	0.118505
65.5556	0.549309
66.1111	0.633172
66.6667	1.45008
67.2222	1.83976
67.7778	0.79114
68.3333	1.10914
68.8889	0.577246
69.4444	0.257009
70	0.298902
70.5556	0.668929
71.1111	0.544716
71.6667	1.72779
72.2222	0.0920803
72.7778	0.275574
73.3333	0.0271982
73.8889	1.77257
74.4444	1.05548
75	0.305719
75.5556	1.28298
76.1111	0.426958
76.6667	0.152409
77.2222	1.3918
77.7778	0.284126
78.3333	0.695228
78.8889	1.90489
79.4444	0.528675
80	0.863391
80.5556	1.84152
81.1111	1.03398
81.6667	0.969914
82.2222	0.0767305
82.7778	0.543693
83.3333	0.414261
83.8889	2.13118
84.4444	1.67329
85	0.212067
85.5556	1.94493
86.1111	0.269469
86.6667	0.958908
87.2222	1.92261
87.7778	0.554035
88.3333	0.00361636
88.8889	0.746214
89.4444	0.14871
90	0.31048
90.5556	0.135665
91.1111	0.43116
91.6667	1.33453
92.2222	0.436826
92.7778	1.07111
93.3333	0.719945
93.8889	2.25232
94.4444	1.05373
95	1.65004
95.5556	0.161304
96.1111	0.614361
96.6667	0.411253
97.2222	2.13998
97.7778	0.847561
98.3333	1.02372
98.8889	1.72531
99.4444	0.227573
100	0.28082
100.556	1.59354
101.111	0.0326292
101.667	0.878995
102.222	0.901671
102.778	0.324914
103.333	0.727749
103.889	0.820569
104.444	0.518295
105	0.14685
105.556	0.177476
106.111	0.498908
106.667	0.204006
107.222	0.798278
107.778	1.3326
108.333	0.931604
108.889	0.443368
109.444	0.933711
110	0.300383
110.556	0.576287
111.111	0.694725
111.667	0.76987
112.222	0.106799
112.778	0.0913313
113.333	1.06836
113.889	1.34321
114.444	0.343087
115	0.0172525
115.556	0.304366
116.111	1.49341
116.667	0.369179
117.222	0.751779
117.778	1.05342
118.333	0.586563
118.889	0.128187
119.444	0.148259
120	0.178382
120.556	0.197337
121.111	0.727807
121.667	1.2681
122.222	0.224734
122.778	0.599062
123.333	0.335701
123.889	0.423447
124.444	0.359457
125	1.20203
125.556	1.29883
126.111	1.29405
126.667	0.954692
127.222	0.120054
127.778	0.528867
128.333	0.568276
128.889	0.102289
129.444	0.283986
130	0.118472
130.556	0.573042
131.111	0.420902
131.667	0.762003
132.222	0.669449
132.778	0.116411
133.333	0.943504
133.889	0.119121
134.444	0.444796
135	0.149709
135.556	1.14259
136.111	0.257513
136.667	0.364254
137.222	1.01801
137.778	0.237101
138.333	0.268329
138.889	1.53942
139.444	0.0381679
140	0.897492
140.556	0.718055
141.111	1.23557
141.667	0.178943
142.222	0.876931
142.778	1.85572
143.333	1.23809
143.889	0.0227878
144.444	0.455375
145	0.0158745
145.556	1.00629
146.111	0.375046
146.667	0.664567
147.222	0.35534
147.778	0.220957
148.333	1.36513
148.889	0.218172
149.444	0.531056
150	0.793289
150.556	0.318964
151.111	0.83128
151.667	0.315603
152.222	1.06467
152.778	0.215828
153.333	0.214679
153.889	0.035109
154.444	0.0743229
155	0.616744
155.556	0.655146
156.111	1.19141
156.667	1.36945
157.222	0.63768
157.778	0.365372
158.333	0.279341
158.889	0.283362
159.444	0.784258
160	1.06951
160.556	0.112592
161.111	0.931417
161.667	0.173464
162.222	0.305472
162.778	0.219458
163.333	0.799391
163.889	0.622436
164.444	0.230179
165	0.465074
165.556	0.0473045
166.111	0.173305
166.667	0.989755
167.222	0.100161
167.778	0.596831
168.333	0.913348
168.889	0.514919
169.444	0.856898
170	0.594196
170.556	0.427278
171.111	0.5236
171.667	0.272939
172.222	0.143847
172.778	0.394161
173.333	0.71435
173.889	0.723823
174.444	0.790877
175	0.088561
175.556	0.453367
176.111	0.50305
176.667	0.155699
177.222	0.206572
177.778	0.834237
178.333	0.126983
178.889	0.234612
179.444	0.337099
180	0.389168
180.556	1.13601
181.111	0.241721
181.667	0.507032
182.222	0.0547311
182.778	0.311505
183.333	0.0599217
183.889	1.13295
184.444	0.177205
185	0.996273
185.556	0.360768
186.111	0.398152
186.667	0.0293173
187.222	0.424138
187.778	0.279194
188.333	0.317512
188.889	0.443647
189.444	0.430386
190	0.3437
190.556	0.544004
191.111	0.116184
191.667	0.0255985
192.222	0.360786
192.778	0.848292
193.333	0.974106
193.889	0.0153456
194.444	0.251346
195	0.254146
195.556	0.0277077
196.111	0.378212
196.667	0.0433519
197.222	0.220343
197.778	0.245872
198.333	0.507355
198.889	0.290791
199.444	0.148412
200	0.377972
200.556	0.313986
201.111	0.13451
201.667	0.153084
202.222	0.00148631
202.778	0.452016
203.333	0.450412
203.889	0.314364
204.444	0.109459
205	0.334661
205.556	0.201207
206.111	0.271484
206.667	0.564731
207.222	0.101491
207.778	0.128846
208.333	0.151491
208.889	0.138342
209.444	0.530479
210	0.242995
210.556	0.249175
211.111	0.653552
211.667	0.573485
212.222	0.222227
212.778	0.0616789
213.333	1.2418
213.889	0.298736
214.444	0.600458
215	0.49476
215.556	0.0189937
216.111	0.418219
216.667	0.321801
217.222	0.0567248
217.778	0.301021
218.333	0.325703
218.889	0.404381
219.444	0.0646062
220	0.0826331
220.556	0.715514
221.111	0.00844596
221.667	0.10596
222.222	0.329345
222.778	0.0138208
223.333	1.15946
223.889	0.0296469
224.444	0.13443
225	0.579633
225.556	0.400604
226.111	0.116549
226.667	0.292412
227.222	0.111287
227.778	0.135234
228.333	0.172574
228.889	0.0840686
229.444	0.014957
230	0.0996669
230.556	0.123499
231.111	0.0109857
231.667	0.455449
232.222	0.259509
232.778	0.183637
233.333	0.307939
233.889	0.0348578
234.444	0.17043
235	0.0534145
235.556	0.00103916
236.111	0.208081
236.667	0.31438
237.222	0.201839
237.778	0.337717
238.333	0.206065
238.889	0.0688703
239.444	0.0582072
240	0.118482
240.556	0.223291
241.111	0.0949764
241.667	0.06724
242.222	0.0983733
242.778	0.213861
243.333	0.410227
243.889	0.176006
244.444	0.289006
245	0.00571363
245.556	0.250297
246.111	0.0930448
246.667	0.430022
247.222	0.1903
247.778	0.270051
248.333	0.0437652
248.889	0.173654
249.444	0.307373
250	0.0706345
250.556	0.0244815
251.111	0.196569
251.667	0.10683
252.222	0.057453
252.778	0.64333
253.333	0.0147539
253.889	0.00596668
254.444	0.065169
255	0.0310572
255.556	0.0383505
256.111	0.43539
256.667	0.0176567
257.222	0.1191
257.778	0.160031
258.333	0.117777
258.889	0.0912419
259.444	0.126636
260	0.212856
260.556	0.160263
261.111	0.160927
261.667	0.436118
262.222	0.116393
262.778	0.270992
263.333	0.202746
263.889	0.0773596
264.444	0.0346927
265	0.303702
265.556	0.13257
266.111	0.0360539
266.667	0.096879
267.222	0.132397
267.778	0.0783826
268.333	0.29818
268.889	0.144977
269.444	0.0963973
270	0.0593924
270.556	0.0906564
271.111	0.285269
271.667	0.0750837
272.222	0.105571
272.778	0.103269
273.333	0.0757262
273.889	0.112146
274.444	0.0130217
275	0.0166025
275.556	0.0850266
276.111	0.335245
276.667	0.0261146
277.222	0.0754485
277.778	0.187789
278.333	0.028963
278.889	0.100961
279.444	0.154325
280	0.100926
280.556	0.0229091
281.111	0.0986855
281.667	0.0245373
282.222	0.0431146
282.778	0.0750692
283.333	0.0826376
283.889	0.219735
284.444	0.0372041
285	0.254897
285.556	0.304597
286.111	0.121406
286.667	0.0313134
287.222	0.194008
287.778	0.01438
288.333	0.180309
288.889	0.228305
289.444	0.106876
290	0.0446669
290.556	0.0920606
291.111	0.0850549
291.667	0.0927641
292.222	0.113969
292.778	0.0122166
293.333	0.0168402
293.889	0.215807
294.444	0.21137
295	0.0203662
295.556	0.0248502
296.111	0.135836
296.667	0.0365588
297.222	0.243681
297.778	0.114964
298.333	0.120557
298.889	0.00836215
299.444	0.124216
300	0.0251143
300.556	0.0802667
301.111	0.0363958
301.667	0.226862
302.222	0.235932
302.778	0.118474
303.333	0.187851
303.889	0.110571
304.444	0.175776
305	0.015774
305.556	0.0716683
306.111	0.119037
306.667	0.040424
307.222	0.0782948
307.778	0.0278618
308.333	0.099051
308.889	0.0324796
309.444	0.0182723
310	0.107777
310.556	0.0281011
311.111	0.0636748
311.667	0.101278
312.222	0.20309
312.778	0.0340559
313.333	0.0693911
313.889	0.102436
314.444	0.0254438
315	0.0361733
315.556	0.146848
316.111	0.117897
316.667	0.130372
317.222	0.12784
317.778	0.1457
318.333	0.0121995
318.889	0.20285
319.444	0.0124141
320	0.14474
320.556	0.0088596
321.111	0.121406
321.667	0.0452493
322.222	0.104263
322.778	0.128021
323.333	0.0491856
323.889	0.112388
324.444	0.0417744
325	0.0633657
325.556	0.0970085
326.111	0.164583
326.667	0.0856193
327.222	0.0657727
327.778	0.110688
328.333	0.0380122
328.889	0.0856112
329.444	0.0950365
330	0.261214
330.556	0.121993
331.111	0.0338972
331.667	0.200367
332.222	0.026677
332.778	0.0164235
333.333	0.122651
333.889	0.19832
334.444	0.00770244
335	0.00490608
335.556	0.0240231
336.111	0.0315799
336.667	0.187717
337.222	0.17796
337.778	0.0607919
338.333	0.0999438
338.889	0.0392105
339.444	0.00300541
340	0.0869046
340.556	0.00527335
341.111	0.0438735
341.667	0.1224
342.222	0.03253
342.778	0.00175498
343.333	0.02248
343.889	0.0733837
344.444	0.114493
345	0.0329361
345.556	0.0240584
346.111	0.138312
346.667	0.0253894
347.222	0.0172068
347.778	0.161451
348.333	0.0612033
348.889	0.107096
349.444	0.0377917
350	0.0102418
350.556	0.0308203
351.111	0.00783438
351.667	0.0858299
352.222	0.216523
352.778	0.0360987
353.333	0.0529639
353.889	0.0339812
354.444	0.130558
355	0.0361865
355.556	0.0291308
356.111	0.0177674
356.667	0.0323033
357.222	0.051543
357.778	0.0775645
358.333	0.130597
358.889	0.000513101
359.444	0.0314437
360	0.0887723
360.556	0.0480179
361.111	0.00445903
361.667	0.0396623
362.222	0.113745
362.778	0.0190453
363.333	0.0225696
363.889	0.0840652
364.444	0.0325268
365	0.0576184
365.556	0.0156282
366.111	0.086011
366.667	0.0386083
367.222	0.100044
367.778	0.126198
368.333	0.0107264
368.889	0.030254
369.444	0.0169679
370	0.0120255
370.556	0.114836
371.111	0.114705
371.667	0.0846337
372.222	0.127893
372.778	0.0670829
373.333	0.0341344
373.889	0.0670223
374.444	0.011704
375	0.0517302
375.556	0.0185493
376.111	0.03405
376.667	0.044877
377.222	0.132309
377.778	0.0814814
378.333	0.0518736
378.889	0.00530871
379.444	0.0582511
380	0.110635
380.556	0.0449305
381.111	0.00525899
381.667	0.0147058
382.222	0.0161884
382.778	0.0411371
383.333	0.00584364
383.889	0.026933
384.444	0.0107117
385	0.0288934
385.556	0.0831363
386.111	0.0267596
386.667	0.0672527
387.222	0.061699
387.778	0.0331214
388.333	0.0326944
388.889	0.0616634
389.444	0.0181281
390	0.0068969
390.556	0.115663
391.111	0.0207105
391.667	0.0316373
392.222	0.00563235
392.778	0.0955396
393.333	0.106963
393.889	0.0428363
394.444	0.00654714
395	0.0661297
395.556	0.0732916
396.111	0.0652391
396.667	0.0417042
397.222	0.0778943
397.778	0.0158476
398.333	0.00204066
398.889	0.0117921
399.444	0.0581734
400	0.0117669
400.556	0.0935869
401.111	0.0451175
401.667	0.0746756
402.222	0.0386798
402.778	0.0575608
403.333	0.0549219
403.889	0.00357944
404.444	0.0181982
405	0.0129021
405.556	0.00663039
406.111	0.0491571
406.667	0.0381776
407.222	0.0478991
407.778	0.0105199
408.333	0.0291139
408.889	0.0491345
409.444	0.111193
410	0.02315
410.556	0.0509731
411.111	0.0345684
411.667	0.0565849
412.222	0.00211798
412.778	0.0157571
413.333	0.0322693
413.889	0.0495827
414.444	0.0526379
415	0.0415015
415.556	0.0328284
416.111	0.0378902
416.667	0.0299507
417.222	0.0167915
417.778	0.0133069
418.333	0.0285291
418.889	0.0171494
419.444	0.00199207
420	0.0244675
420.556	0.0568414
421.111	0.0121811
421.667	0.00448531
422.222	0.0517168
422.778	0.0210346
423.333	0.0515807
423.889	0.0244611
424.444	0.0459433
425	0.0399438
425.556	0.0245481
426.111	0.0533032
426.667	0.0315309
427.222	0.0487589
427.778	0.0278598
428.333	0.00679361
428.889	0.0231867
429.444	0.0510989
430	0.012166
430.556	0.0391551
431.111	0.00238617
431.667	0.0308971
432.222	0.0260592
432.778	0.0473655
433.333	0.030844
433.889	0.00755436
434.444	0.0650187
435	0.00335563
435.556	0.0508164
436.111	0.010762
436.667	0.01402
437.222	0.00896501
437.778	0.0656152
438.333	0.0359272
438.889	0.0168355
439.444	0.0216192
440	0.0451262
440.556	0.0409018
441.111	0.00788131
441.667	0.035186
442.222	0.0346187
442.778	0.0485348
443.333	0.00187125
443.889	0.0483851
444.444	0.00146792
445	0.0218342
445.556	0.0571781
446.111	0.0304831
446.667	0.0796863
447.222	0.0690197
447.778	0.0273287
448.333	0.0216193
448.889	0.0129478
449.444	0.0289424
450	0.0459051
450.556	0.0628876
451.111	0.0561627
451.667	0.0119041
452.222	0.0346527
452.778	0.0395108
453.333	0.0220763
453.889	0.0392817
454.444	4.33641e-05
455	0.0731655
455.556	0.0463344
456.111	0.0509609
456.667	0.0484667
457.222	0.00312722
457.778	0.0199449
458.333	0.00224525
458.889	0.0215903
459.444	0.0228414
460	0.0205234
460.556	0.0397686
461.111	0.0331544
461.667	0.0342224
462.222	0.0395251
462.778	0.0476605
463.333	0.0258274
463.889	0.0100215
464.444	0.00315914
465	0.0122782
465.556	0.0250565
466.111	0.072821
466.667	0.0289656
467.222	0.0153134
467.778	0.00833148
468.333	0.0168923
468.889	0.0716607
469.444	0.0221176
470	0.0100744
470.556	0.0228342
471.111	0.0584565
471.667	0.0237597
472.222	0.00568926
472.778	0.0179336
473.333	0.0252849
473.889	0.00473669
474.444	0.00801705
475	0.0365088
475.556	0.0302422
476.111	0.0456501
476.667	0.0529264
477.222	0.0279893
477.778	0.0224143
478.333	0.0144229
478.889	0.0150867
479.444	0.00400237
480	0.00542222
480.556	0.0192569
481.111	0.0155383
481.667	0.00660549
482.222	0.027754
482.778	0.0211677
483.333	0.00367932
483.889	0.0464973
484.444	0.0337261
485	0.0515535
485.556	0.000439041
486.111	0.0100932
486.667	0.0151339
487.222	0.0292703
487.778	0.00758207
488.333	0.00822506
488.889	0.00488131
489.444	0.0187439
490	0.0161909
490.556	0.0171601
491.111	0.0239128
491.667	0.0324194
492.222	0.0212456
492.778	0.00251716
493.333	0.0549668
493.889	0.0231146
494.444	0.0263616
495	0.0595222
495.556	0.0540633
496.111	0.026473
496.667	0.0054377
497.222	0.0610402
497.778	0.000783035
498.333	0.017702
498.889	0.0490102
499.444	0.0237778
500	0.0123708
500.556	0.0316725
501.111	0.0306874
501.667	0.024833
502.222	0.0325004
502.778	0.0105771
503.333	0.0204145
503.889	0.0108609
504.444	0.0167313
505	0.0140937
505.556	0.0432572
506.111	0.014352
506.667	0.0148579
507.222	0.0381158
507.778	0.000704818
508.333	0.0372238
508.889	0.00617601
509.444	0.031432
510	0.0192052
510.556	0.0152163
511.111	0.00128674
511.667	0.000452233
512.222	0.0203578
512.778	0.00960243
513.333	0.0219416
513.889	0.0198241
514.444	0.0560299
515	0.0511895
515.556	0.00252862
516.111	0.0134483
516.667	0.0191372
517.222	0.0182597
517.778	0.0269736
518.333	0.0410967
518.889	0.00677414
519.444	0.0367453
520	0.0153609
520.556	0.00888766
521.111	0.00782647
521.667	0.0361416
522.222	0.0405406
522.778	0.00563953
523.333	0.0130581
523.889	0.0150316
524.444	0.0280553
525	0.000246897
525.556	0.0055812
526.111	0.00115056
526.667	0.0161554
527.222	0.0156151
527.778	0.0270032
528.333	0.0130803
528.889	0.00139346
529.444	0.0187603
530	0.0266561
530.556	0.00147399
531.111	0.0352005
531.667	0.0105742
532.222	0.0106226
532.778	0.00771557
533.333	0.0101457
533.889	0.0235729
534.444	0.0121321
535	0.0016598
535.556	0.0348833
536.111	0.0252105
536.667	0.00634091
537.222	0.0181762
537.778	0.0193318
538.333	0.0219094
538.889	0.00510696
539.444	0.0131941
540	0.0268954
540.556	0.00476223
541.111	0.0357334
541.667	0.00456017
542.222	0.0172813
542.778	0.0296074
543.333	0.017769
543.889	0.019005
544.444	0.005501
545	0.0135644
545.556	0.00828336
546.111	0.0125065
546.667	0.00713695
547.222	0.00262728
547.778	0.0173899
548.333	0.0167088
548.889	0.0188846
549.444	0.000565117
550	0.00395064
550.556	0.000255158
551.111	0.013095
551.667	0.0107522
552.222	0.015658
552.778	0.0303632
553.333	0.0173312
553.889	0.019341
554.444	0.0213544
555	0.0300636
555.556	0.0310498
556.111	0.0180433
556.667	0.0115799
557.222	0.0316183
557.778	0.00614735
558.333	7.28055e-05
558.889	0.0280731
559.444	0.0149057
560	0.0074712
560.556	0.0110936
561.111	0.02086
561.667	0.013802
562.222	0.0177712
562.778	0.0131358
563.333	0.0158399
563.889	0.0187988
564.444	0.00170829
565	0.0172517
565.556	0.0389325
566.111	0.0197759
566.667	0.00163861
567.222	0.012922
567.778	0.00131638
568.333	0.0191185
568.889	0.00247146
569.444	0.00346
570	0.00229953
570.556	0.00922544
571.111	0.00504335
571.667	0.0177018
572.222	0.00716654
572.778	0.0265224
573.333	0.0058276
573.889	0.00849337
574.444	0.0143103
575	0.0325877
575.556	0.0155427
576.111	0.0137417
576.667	0.00653977
577.222	0.0347583
577.778	0.0210734
578.333	0.0138083
578.889	0.0169655
579.444	0.0173455
580	0.0328719
580.556	0.0146711
581.111	0.00206844
581.667	0.00808801
582.222	0.0268947
582.778	0.0359504
583.333	0.00517215
583.889	0.0122161
584.444	0.00130025
585	0.0110745
585.556	0.0283862
586.111	0.00204955
586.667	0.00653802
587.222	0.0304166
587.778	0.0116005
588.333	0.00144198
588.889	0.00569828
589.444	0.0139431
590	0.0184325
590.556	0.0109222
591.111	0.00779048
591.667	0.0090901
592.222	0.022389
592.778	0.0374717
593.333	0.00622868
593.889	0.00443376
594.444	0.0265773
595	0.0121393
595.556	0.0105298
596.111	0.00183891
596.667	0.00960635
597.222	0.0185561
597.778	0.000637899
598.333	0.00715477
598.889	0.00819181
599.444	0.00554245
600	0.0233886
600.556	0.0140255
601.111	0.00211051
601.667	0.0163508
602.222	0.0406837
602.778	0.0126322
603.333	0.0112387
603.889	0.018571
604.444	0.0338521
605	0.0203172
605.556	0.00469826
606.111	0.00914996
606.667	0.015455
607.222	0.0496419
607.778	0.00991166
608.333	0.00830397
608.889	0.00786271
609.444	0.000472478
610	0.0115387
610.556	0.00893111
611.111	0.0227075
611.667	0.015867
612.222	0.0373978
612.778	0.00576573
613.333	0.00706211
613.889	0.00141414
614.444	0.0346699
615	0.00552113
615.556	0.0054034
616.111	0.0159434
616.667	0.000415918
617.222	0.0298383
617.778	0.00284998
618.333	0.0114692
618.889	0.0111019
619.444	0.0223922
620	0.0176179
620.556	0.0257961
621.111	0.0125482
621.667	0.0190019
622.222	0.0457297
622.778	0.00134566
623.333	0.00447977
623.889	0.00222926
624.444	0.0115272
625	0.0138182
625.556	0.0211013
626.111	0.00941986
626.667	0.00532635
627.222	0.0203798
627.778	0.00915447
628.333	9.56881e-05
628.889	0.0029339
629.444	0.0188471
630	0.0267101
630.556	0.0240283
631.111	0.0151921
631.667	0.0220214
632.222	0.0316289
632.778	0.0114761
633.333	0.00288572
633.889	0.00823884
634.444	0.0252397
635	0.0114139
635.556	0.001386
636.111	0.00833717
636.667	0.0196838
637.222	0.0136319
637.778	0.03441
638.333	0.00396228
638.889	0.0268318
639.444	0.0156684
640	0.00162455
640.556	0.0141714
641.111	0.00219055
641.667	0.0368859
642.222	0.0106028
642.778	0.00561391
643.333	0.014632
643.889	0.0184945
644.444	0.0334302
645	0.00631076
645.556	0.00168781
646.111	0.018242
646.667	0.0135149
647.222	0.0112523
647.778	0.00863167
648.333	0.000381692
648.889	0.0202122
649.444	0.0230272
650	0.00563229
650.556	0.00782465
651.111	0.0123506
651.667	0.0333416
652.222	0.0015099
652.778	0.0011845
653.333	0.00193566
653.889	0.000765588
654.444	0.0231097
655	0.00813058
655.556	0.000803114
656.111	0.00582127
656.667	0.0347568
657.222	0.0123157
657.778	0.0116446
658.333	0.00779438
658.889	0.0171768
659.444	0.00839684
660	0.0191935
660.556	8.79693e-05
661.111	0.00116952
661.667	0.0363477
662.222	0.01346
662.778	0.00565854
663.333	0.0049313
663.889	0.00995731
664.444	0.00302677
665	0.0322224
665.556	0.00820052
666.111	0.0222339
666.667	0.0218809
667.222	0.00466627
667.778	0.00316883
668.333	0.00102843
668.889	0.0374828
669.444	0.00563816
670	0.00249244
670.556	0.00622
671.111	0.0108232
671.667	0.0178504
672.222	0.020607
672.778	0.00126418
673.333	0.0135631
673.889	0.00758846
674.444	0.00805386
675	0.00425937
675.556	0.010557
676.111	0.0319176
676.667	0.0163667
677.222	0.00442072
677.778	0.0123813
678.333	0.0111952
678.889	0.019174
679.444	0.00341502
680	0.00108204
680.556	0.00224885
681.111	0.00635304
681.667	0.0123376
682.222	0.00916983
682.778	0.00738966
683.333	0.0086269
683.889	0.0134061
684.444	0.00126491
685	0.0169062
685.556	0.00964861
686.111	0.0216155
686.667	0.0149175
687.222	0.00116254
687.778	0.0030201
688.333	0.00636416
688.889	0.0293329
689.444	0.00877978
690	0.00676755
690.556	0.00195849
691.111	0.00873675
691.667	0.00393305
692.222	0.0297172
692.778	0.000451078
693.333	0.0213035
693.889	0.0147849
694.444	0.0100427
695	0.00476307
695.556	0.00918287
696.111	0.0389069
696.667	0.000104218
697.222	0.00984121
697.778	0.00505081
698.333	0.00145148
698.889	0.00280237
699.444	0.013461
700	0.00466532
700.556	0.0181601
701.111	0.011062
701.667	0.00320101
702.222	0.0102316
702.778	0.00791175
703.333	0.0207326
703.889	0.00690904
704.444	0.00330475
705	0.00838501
705.556	0.00208906
706.111	0.0126606
706.667	0.00150384
707.222	0.00298045
707.778	0.00748056
708.333	0.00303076
708.889	0.0125198
709.444	0.0232597
710	0.0139866
710.556	0.00491786
711.111	0.00301994
711.667	0.00340656
712.222	0.0206083
712.778	0.00650385
713.333	0.026684
713.889	0.0178387
714.444	0.00385189
715	0.00668459
715.556	0.00407545
716.111	0.0237873
716.667	0.00739638
717.222	0.0154967
717.778	0.00787563
718.333	0.011579
718.889	0.00352152
719.444	0.0267389
720	0.00037494
720.556	0.0135043
721.111	0.00988207
721.667	0.00973509
722.222	0.0157913
722.778	0.00108443
723.333	0.0300971
723.889	0.00379363
724.444	0.00218188
725	0.013287
725.556	0.00749607
726.111	0.0121178
726.667	0.0111254
727.222	0.00373397
727.778	0.0101444
728.333	0.00773242
728.889	0.00988946
729.444	0.0172159
730	0.00140536
730.556	0.0201118
731.111	0.00653416
731.667	0.000901135
732.222	0.0145523
732.778	0.00297712
733.333	0.0212483
733.889	0.0041743
734.444	0.00622791
735	0.00953934
735.556	0.00899105
736.111	0.00809859
736.667	0.0201021
737.222	0.00720995
737.778	0.00113108
738.333	0.0115236
738.889	0.00802093
739.444	0.021873
740	0.00819171
740.556	0.0119741
741.111	0.017898
741.667	0.0172717
742.222	0.00688684
742.778	0.00822661
743.333	0.0254085
743.889	0.00643124
744.444	0.00497413
745	0.00693356
745.556	0.00413997
746.111	0.0160036
746.667	0.0316466
747.222	0.000521213
747.778	0.0148264
748.333	0.0102234
748.889	0.013699
749.444	0.0152029
750	0.00853355
750.556	0.0237832
751.111	0.0044409
751.667	0.0120867
752.222	0.00470021
752.778	0.00734604
753.333	0.0105799
753.889	0.0172232
754.444	0.00152191
755	0.00312706
755.556	0.00169457
756.111	0.000637463
756.667	0.0209445
757.222	0.000700952
757.778	0.0190419
758.333	0.00275478
758.889	0.0119073
759.444	0.0155002
760	0.000885863
760.556	0.0137847
761.111	0.00845905
761.667	0.000211361
762.222	0.00287552
762.778	0.000107546
763.333	0.00852653
763.889	0.0113065
764.444	0.00291049
765	0.00255449
765.556	0.00508361
766.111	0.00287019
766.667	0.0314744
767.222	0.0025374
767.778	0.0199316
768.333	0.00994042
768.889	0.010532
769.444	0.00661803
770	0.0124328
770.556	0.0239471
771.111	0.0108718
771.667	0.00837663
772.222	0.0105288
772.778	0.00297023
773.333	0.00233772
773.889	0.0394696
774.444	0.00446527
775	0.00246253
775.556	0.0191021
776.111	0.0157866
776.667	0.0141565
777.222	0.0125764
777.778	0.0296325
778.333	0.00593029
778.889	0.0162549
779.444	0.000857837
780	0.00498373
780.556	0.0138115
781.111	0.0269452
781.667	0.00613574
782.222	0.00178443
782.778	0.0101942
783.333	0.00493677
783.889	0.0227004
784.444	0.00320176
785	0.0179127
785.556	0.00165092
786.111	0.0171479
786.667	0.0130906
787.222	0.00875363
787.778	0.0163135
788.333	0.00361353
788.889	0.00239702
789.444	2.87106e-05
790	0.00110216
790.556	0.00919563
791.111	0.0173977
791.667	0.00204638
792.222	0.000188572
792.778	0.0038039
793.333	0.00433459
793.889	0.027406
794.444	0.00477406
795	0.0149318
795.556	0.011507
796.111	0.00979004
796.667	0.0133342
797.222	0.00650914
797.778	0.019487
798.333	0.00718072
798.889	0.0151516
799.444	0.0134067
800	0.000831319
800.556	0.00631133
801.111	0.0255085
801.667	0.00561361
802.222	0.00163596
802.778	0.00852751
803.333	0.0155452
803.889	0.0223851
804.444	0.00950076
805	0.0227828
805.556	0.00985277
806.111	0.0137745
806.667	0.00485805
807.222	0.00512926
807.778	0.0169527
808.333	0.017867
808.889	0.00492387
809.444	0.00301844
810	0.0107423
810.556	0.0124279
811.111	0.0238451
811.667	0.00263161
812.222	0.0171977
812.778	0.00633108
813.333	0.0133047
813.889	0.00847893
814.444	0.0015537
815	0.0238262
815.556	0.00454449
816.111	0.000449882
816.667	0.00172646
817.222	0.00124141
817.778	0.00431007
818.333	0.0193042
818.889	0.00173784
819.444	0.00277302
820	0.0030016
820.556	0.00368192
821.111	0.0210547
821.667	0.0017026
822.222	0.0102558
822.778	0.00322673
823.333	0.0141421
823.889	0.0120208
824.444	0.00580805
825	0.0195734
825.556	0.00492491
826.111	0.00613717
826.667	0.0114109
827.222	0.000922374
827.778	0.00843002
828.333	0.0241811
828.889	0.00841483
829.444	0.00215573
830	0.00790749
830.556	0.0213776
831.111	0.0218279
831.667	0.0114008
832.222	0.0232242
832.778	0.00392941
833.333	0.0124528
833.889	0.00762532
834.444	0.0042751
835	0.0162676
835.556	0.0226632
836.111	0.00504915
836.667	0.00254393
837.222	0.00226919
837.778	0.0139356
838.333	0.0207441
838.889	0.00853007
839.444	0.0102182
840	0.00467339
840.556	0.013909
841.111	0.0102048
841.667	0.0025139
842.222	0.0125532
842.778	0.0101032
843.333	0.00163904
843.889	0.00360941
844.444	0.00199529
845	0.00299877
845.556	0.0103324
846.111	0.00615015
846.667	0.00231805
847.222	0.00282074
847.778	0.0035841
848.333	0.0203692
848.889	0.000693798
849.444	0.00264095
850	0.000145547
850.556	0.013049
851.111	0.0113186
851.667	0.00354522
852.222	0.0172819
852.778	0.00599398
853.333	0.00556254
853.889	0.00798484
854.444	0.000644388
855	0.00662291
855.556	0.0262494
856.111	0.0069607
856.667	0.00538656
857.222	0.00429051
857.778	0.0166286
858.333	0.0184031
858.889	0.0119701
859.444	0.0191315
860	0.00279072
860.556	0.0144427
861.111	0.00414679
861.667	0.00491546
862.222	0.0152423
862.778	0.0204708
863.333	0.0074583
863.889	0.00785565
864.444	0.00454115
865	0.00644299
865.556	0.0131583
866.111	0.0120607
866.667	0.0128946
867.222	0.00697499
867.778	0.0154644
868.333	0.00950781
868.889	0.00207085
869.444	0.0138965
870	0.0121827
870.556	0.00290788
871.111	0.000321917
871.667	0.000941908
872.222	0.00667586
872.778	0.00833412
873.333	0.00621551
873.889	0.00197503
874.444	0.00892159
875	0.0108005
875.556	0.0181555
876.111	0.00211596
876.667	0.00469029
877.222	0.00158127
877.778	0.00688044
878.333	0.0133587
878.889	0.00847481
879.444	0.0162121
880	0.00729598
880.556	0.00548888
881.111	0.00953336
881.667	0.00349542
882.222	0.00928307
882.778	0.0252014
883.333	0.0101158
883.889	0.00731396
884.444	0.0049189
885	0.0118708
885.556	0.0175682
886.111	0.0131356
886.667	0.0168693
887.222	0.005537
887.778	0.0230185
888.333	0.00159201
888.889	0.00170717
889.444	0.0209013
890	0.0154265
890.556	0.00796048
891.111	0.009454
891.667	0.00397477
892.222	0.00868249
892.778	0.018606
893.333	0.0156451
893.889	0.00636874
894.444	0.00616279
895	0.0185788
895.556	0.0072956
896.111	0.000947157
896.667	0.0179032
897.222	0.00931097
897.778	0.000925918
898.333	0.001437
898.889	0.00152551
899.444	0.00480964
900	0.0109804
900.556	0.00325648
901.111	0.00506727
901.667	0.00612425
902.222	0.00486145
902.778	0.0172865
903.333	0.00621198
903.889	0.00508609
904.444	0.000669462
905	0.0118231
905.556	0.0114849
906.111	0.0100201
906.667	0.0193855
907.222	0.00883603
907.778	0.0103551
908.333	0.00591835
908.889	0.0033132
909.444	0.0130777
910	0.018316
910.556	0.00979319
911.111	0.00899362
911.667	0.00438316
912.222	0.0145718
912.778	0.0217948
913.333	0.0165938
913.889	0.0153933
914.444	0.00457
915	0.0188831
915.556	0.00277133
916.111	0.00128593
916.667	0.0235464
917.222	0.0176876
917.778	0.00968941
918.333	0.0091221
918.889	0.00538881
919.444	0.00786829
920	0.0170673
920.556	0.0205696
921.111	0.00675679
921.667	0.0044486
922.222	0.017377
922.778	0.00219686
923.333	0.00133563
923.889	0.0182408
924.444	0.0123779
925	0.00249838
925.556	0.000456541
926.111	0.00338545
926.667	0.00496827
927.222	0.0133823
927.778	0.0101534
928.333	0.00122326
928.889	0.00359813
929.444	0.00412257
930	0.0145473
930.556	0.00928081
931.111	0.00282128
931.667	0.00864403
932.222	0.0132279
932.778	0.0150506
933.333	0.00381706
933.889	0.0148322
934.444	0.00579381
935	0.00553956
935.556	0.00820013
936.111	0.000478216
936.667	0.013302
937.222	0.0168085
937.778	0.0100642
938.333	0.00845909
938.889	0.00283015
939.444	0.0155325
940	0.0197147
940.556	0.0164026
941.111	0.0154186
941.667	0.00216271
942.222	0.0169064
942.778	0.00312105
943.333	0.000597536
943.889	0.0255767
944.444	0.0192274
945	0.00610817
945.556	0.0120649
946.111	0.00782847
946.667	0.0058617
947.222	0.0191488
947.778	0.020069
948.333	0.00452781
948.889	0.00151267
949.444	0.0205148
950	0.00451469
950.556	0.00499572
951.111	0.0164438
951.667	0.0152895
952.222	0.00315527
952.778	0.0012683
953.333	0.00688756
953.889	0.0091417
954.444	0.0103289
955	0.0123672
955.556	0.000132952
956.111	0.00343334
956.667	0.00473212
957.222	0.0131795
957.778	0.0087471
958.333	0.0018841
958.889	0.00905626
959.444	0.0118695
960	0.0110967
960.556	0.00267883
961.111	0.0123678
961.667	0.00280518
962.222	0.00342283
962.778	0.00185126
963.333	0.00338134
963.889	0.00990294
964.444	0.0156348
965	0.00829636
965.556	0.00839486
966.111	0.000822804
966.667	0.00923381
967.222	0.0174943
967.778	0.0161258
968.333	0.0108273
968.889	0.00278144
969.444	0.019302
970	0.00148147
970.556	0.00218621
971.111	0.0204349
971.667	0.0182415
972.222	0.00263415
972.778	0.00884306
973.333	0.00927259
973.889	0.000323
974.444	0.0183344
975	0.021732
975.556	0.00603436
976.111	0.00440619
976.667	0.0186534
977.222	0.00483403
977.778	0.00609939
978.333	0.0157791
978.889	0.0177869
979.444	0.0031849
980	0.00047419
980.556	0.00861398
981.111	0.00838369
981.667	0.00925955
982.222	0.012578
982.778	0.00138511
983.333	0.00175718
983.889	0.0064003
984.444	0.00586285
985	0.00904711
985.556	0.00217671
986.111	0.0106851
986.667	0.00940042
987.222	0.0125451
987.778	0.00244597
988.333	0.00951199
988.889	0.00770322
989.444	0.00535015
990	0.000656705
990.556	0.00132284
991.111	0.0127713
991.667	0.0123827
992.222	0.00903669
992.778	0.00993333
993.333	0.00304033
993.889	0.00578138
994.444	0.0171206
995	0.0151188
995.556	0.00811437
996.111	0.00354812
996.667	0.0212543
997.222	0.00293368
997.778	0.00453693
998.333	0.0205806
998.889	0.0193805
999.444	0.00236329
1000	0.0105384
1000.56	0.0105384
1001.11	0.00236329
1001.67	0.0193805
1002.22	0.0205806
1002.78	0.00453693
1003.33	0.00293368
1003.89	0.0212543
1004.44	0.00354812
1005	0.00811437
1005.56	0.0151188
1006.11	0.0171206
1006.67	0.00578138
1007.22	0.00304033
1007.78	0.00993333
1008.33	0.00903669
1008.89	0.0123827
1009.44	0.0127713
1010	0.00132284
1010.56	0.000656705
1011.11	0.00535015
1011.67	0.00770322
1012.22	0.00951199
1012.78	0.00244597
1013.33	0.0125451
1013.89	0.00940042
1014.44	0.0106851
1015	0.00217671
1015.56	0.00904711
1016.11	0.00586285
1016.67	0.0064003
1017.22	0.00175718
1017.78	0.00138511
1018.33	0.012578
1018.89	0.00925955
1019.44	0.00838369
1020	0.00861398
1020.56	0.00047419
1021.11	0.0031849
1021.67	0.0177869
1022.22	0.0157791
1022.78	0.00609939
1023.33	0.00483403
1023.89	0.0186534
1024.44	0.00440619
1025	0.00603436
1025.56	0.021732
1026.11	0.0183344
1026.67	0.000323
1027.22	0.00927259
1027.78	0.00884306
1028.33	0.00263415
1028.89	0.0182415
1029.44	0.0204349
1030	0.00218621
1030.56	0.00148147
1031.11	0.019302
1031.67	0.00278144
1032.22	0.0108273
1032.78	0.0161258
1033.33	0.0174943
1033.89	0.00923381
1034.44	0.000822804
1035	0.00839486
1035.56	0.00829636
1036.11	0.0156348
1036.67	0.00990294
1037.22	0.00338134
1037.78	0.00185126
1038.33	0.00342283
1038.89	0.00280518
1039.44	0.0123678
1040	0.00267883
1040.56	0.0110967
1041.11	0.0118695
1041.67	0.00905626
1042.22	0.0018841
1042.78	0.0087471
1043.33	0.0131795
1043.89	0.00473212
1044.44	0.00343334
1045	0.000132952
1045.56	0.0123672
1046.11	0.0103289
1046.67	0.0091417
1047.22	0.00688756
1047.78	0.0012683
1048.33	0.00315527
1048.89	0.0152895
1049.44	0.0164438
1050	0.00499572
1050.56	0.00451469
1051.11	0.0205148
1051.67	0.00151267
1052.22	0.00452781
1052.78	0.020069
1053.33	0.0191488
1053.89	0.0058617
1054.44	0.00782847
1055	0.0120649
1055.56	0.00610817
1056.11	0.0192274
1056.67	0.0255767
1057.22	0.000597536
1057.78	0.00312105
1058.33	0.0169064
1058.89	0.00216271
1059.44	0.0154186
1060	0.0164026
1060.56	0.0197147
1061.11	0.0155325
1061.67	0.00283015
1062.22	0.00845909
1062.78	0.0100642
1063.33	0.0168085
1063.89	0.013302
1064.44	0.000478216
1065	0.00820013
1065.56	0.00553956
1066.11	0.00579381
1066.67	0.0148322
1067.22	0.00381706
1067.78	0.0150506
1068.33	0.0132279
1068.89	0.00864403
1069.44	0.00282128
1070	0.00928081
1070.56	0.0145473
1071.11	0.00412257
1071.67	0.00359813
1072.22	0.00122326
1072.78	0.0101534
1073.33	0.0133823
1073.89	0.00496827
1074.44	0.00338545
1075	0.000456541
1075.56	0.00249838
1076.11	0.0123779
1076.67	0.0182408
1077.22	0.00133563
1077.78	0.00219686
1078.33	0.017377
1078.89	0.0044486
1079.44	0.00675679
1080	0.0205696
1080.56	0.0170673
1081.11	0.00786829
1081.67	0.00538881
1082.22	0.0091221
1082.78	0.00968941
1083.33	0.0176876
1083.89	0.0235464
1084.44	0.00128593
1085	0.00277133
1085.56	0.0188831
1086.11	0.00457
1086.67	0.0153933
1087.22	0.0165938
1087.78	0.0217948
1088.33	0.0145718
1088.89	0.00438316
1089.44	0.00899362
1090	0.00979319
1090.56	0.018316
1091.11	0.0130777
1091.67	0.0033132
1092.22	0.00591835
1092.78	0.0103551
1093.33	0.00883603
1093.89	0.0193855
1094.44	0.0100201
1095	0.0114849
1095.56	0.0118231
1096.11	0.000669462
1096.67	0.00508609
1097.22	0.00621198
1097.78	0.0172865
1098.33	0.00486145
1098.89	0.00612425
1099.44	0.00506727
1100	0.00325648
1100.56	0.0109804
1101.11	0.00480964
1101.67	0.00152551
1102.22	0.001437
1102.78	0.000925918
1103.33	0.00931097
1103.89	0.0179032
1104.44	0.000947157
1105	0.0072956
1105.56	0.0185788
1106.11	0.00616279
1106.67	0.00636874
1107.22	0.0156451
1107.78	0.018606
1108.33	0.00868249
1108.89	0.00397477
1109.44	0.009454
1110	0.00796048
1110.56	0.0154265
1111.11	0.0209013
1111.67	0.00170717
1112.22	0.00159201
1112.78	0.0230185
1113.33	0.005537
1113.89	0.0168693
1114.44	0.0131356
1115	0.0175682
1115.56	0.0118708
1116.11	0.0049189
1116.67	0.00731396
1117.22	0.0101158
1117.78	0.0252014
1118.33	0.00928307
1118.89	0.00349542
1119.44	0.00953336
1120	0.00548888
1120.56	0.00729598
1121.11	0.0162121
1121.67	0.00847481
1122.22	0.0133587
1122.78	0.00688044
1123.33	0.00158127
1123.89	0.00469029
1124.44	0.00211596
1125	0.0181555
1125.56	0.0108005
1126.11	0.00892159
1126.67	0.00197503
1127.22	0.00621551
1127.78	0.00833412
1128.33	0.00667586
1128.89	0.000941908
1129.44	0.000321917
1130	0.00290788
1130.56	0.0121827
1131.11	0.0138965
1131.67	0.00207085
1132.22	0.00950781
1132.78	0.0154644
1133.33	0.00697499
1133.89	0.0128946
1134.44	0.0120607
1135	0.0131583
1135.56	0.00644299
1136.11	0.00454115
1136.67	0.00785565
1137.22	0.0074583
1137.78	0.0204708
1138.33	0.0152423
1138.89	0.00491546
1139.44	0.00414679
1140	0.0144427
1140.56	0.00279072
1141.11	0.0191315
1141.67	0.0119701
1142.22	0.0184031
1142.78	0.0166286
1143.33	0.00429051
1143.89	0.00538656
1144.44	0.0069607
1145	0.0262494
1145.56	0.00662291
1146.11	0.000644388
1146.67	0.00798484
1147.22	0.00556254
1147.78	0.00599398
1148.33	0.0172819
1148.89	0.00354522
1149.44	0.0113186
1150	0.013049
1150.56	0.000145547
1151.11	0.00264095
1151.67	0.000693798
1152.22	0.0203692
1152.78	0.0035841
1153.33	0.00282074
1153.89	0.00231805
1154.44	0.00615015
1155	0.0103324
1155.56	0.00299877
1156.11	0.00199529
1156.67	0.00360941
1157.22	0.00163904
1157.78	0.0101032
1158.33	0.0125532
1158.89	0.0025139
1159.44	0.0102048
1160	0.013909
1160.56	0.00467339
1161.11	0.0102182
1161.67	0.00853007
1162.22	0.0207441
1162.78	0.0139356
1163.33	0.00226919
1163.89	0.00254393
1164.44	0.00504915
1165	0.0226632
1165.56	0.0162676
1166.11	0.0042751
1166.67	0.00762532
1167.22	0.0124528
1167.78	0.00392941
1168.33	0.0232242
1168.89	0.0114008
1169.44	0.0218279
1170	0.0213776
1170.56	0.00790749
1171.11	0.00215573
1171.67	0.00841483
1172.22	0.0241811
1172.78	0.00843002
1173.33	0.000922374
1173.89	0.0114109
1174.44	0.00613717
1175	0.00492491
1175.56	0.0195734
1176.11	0.00580805
1176.67	0.0120208
1177.22	0.0141421
1177.78	0.00322673
1178.33	0.0102558
1178.89	0.0017026
1179.44	0.0210547
1180	0.00368192
1180.56	0.0030016
1181.11	0.00277302
1181.67	0.00173784
1182.22	0.0193042
1182.78	0.00431007
1183.33	0.00124141
1183.89	0.00172646
1184.44	0.000449882
1185	0.00454449
1185.56	0.0238262
1186.11	0.0015537
1186.67	0.00847893
1187.22	0.0133047
1187.78	0.00633108
1188.33	0.0171977
1188.89	0.00263161
1189.44	0.0238451
1190	0.0124279
1190.56	0.0107423
1191.11	0.00301844
1191.67	0.00492387
1192.22	0.017867
1192.78	0.0169527
1193.33	0.00512926
1193.89	0.00485805
1194.44	0.0137745
1195	0.00985277
1195.56	0.0227828
1196.11	0.00950076
1196.67	0.0223851
1197.22	0.0155452
1197.78	0.00852751
1198.33	0.00163596
1198.89	0.00561361
1199.44	0.0255085
1200	0.00631133
1200.56	0.000831319
1201.11	0.0134067
1201.67	0.0151516
1202.22	0.00718072
1202.78	0.019487
1203.33	0.00650914
1203.89	0.0133342
1204.44	0.00979004
1205	0.011507
1205.56	0.0149318
1206.11	0.00477406
1206.67	0.027406
1207.22	0.00433459
1207.78	0.0038039
1208.33	0.000188572
1208.89	0.00204638
1209.44	0.0173977
1210	0.00919563
1210.56	0.00110216
1211.11	2.87106e-05
1211.67	0.00239702
1212.22	0.00361353
1212.78	0.0163135
1213.33	0.00875363
1213.89	0.0130906
1214.44	0.0171479
1215	0.00165092
1215.56	0.0179127
1216.11	0.00320176
1216.67	0.0227004
1217.22	0.00493677
1217.78	0.0101942
1218.33	0.00178443
1218.89	0.00613574
1219.44	0.0269452
1220	0.0138115
1220.56	0.00498373
1221.11	0.000857837
1221.67	0.0162549
1222.22	0.00593029
1222.78	0.0296325
1223.33	0.0125764
1223.89	0.0141565
1224.44	0.0157866
1225	0.0191021
1225.56	0.00246253
1226.11	0.00446527
1226.67	0.0394696
1227.22	0.00233772
1227.78	0.00297023
1228.33	0.0105288
1228.89	0.00837663
1229.44	0.0108718
1230	0.0239471
1230.56	0.0124328
1231.11	0.00661803
1231.67	0.010532
1232.22	0.00994042
1232.78	0.0199316
1233.33	0.0025374
1233.89	0.0314744
1234.44	0.00287019
1235	0.00508361
1235.56	0.00255449
1236.11	0.00291049
1236.67	0.0113065
1237.22	0.00852653
1237.78	0.000107546
1238.33	0.00287552
1238.89	0.000211361
1239.44	0.00845905
1240	0.0137847
1240.56	0.000885863
1241.11	0.0155002
1241.67	0.0119073
1242.22	0.00275478
1242.78	0.0190419
1243.33	0.000700952
1243.89	0.0209445
1244.44	0.000637463
1245	0.00169457
1245.56	0.00312706
1246.11	0.00152191
1246.67	0.0172232
1247.22	0.0105799
1247.78	0.00734604
1248.33	0.00470021
1248.89	0.0120867
1249.44	0.0044409
1250	0.0237832
1250.56	0.00853355
1251.11	0.0152029
1251.67	0.013699
1252.22	0.0102234
1252.78	0.0148264
1253.33	0.000521213
1253.89	0.0316466
1254.44	0.0160036
1255	0.00413997
1255.56	0.00693356
1256.11	0.00497413
1256.67	0.00643124
1257.22	0.0254085
1257.78	0.00822661
1258.33	0.00688684
1258.89	0.0172717
1259.44	0.017898
1260	0.0119741
1260.56	0.00819171
1261.11	0.021873
1261.67	0.00802093
1262.22	0.0115236
1262.78	0.00113108
1263.33	0.00720995
1263.89	0.0201021
1264.44	0.00809859
1265	0.00899105
1265.56	0.00953934
1266.11	0.00622791
1266.67	0.0041743
1267.22	0.0212483
1267.78	0.00297712
1268.33	0.0145523
1268.89	0.000901135
1269.44	0.00653416
1270	0.0201118
1270.56	0.00140536
1271.11	0.0172159
1271.67	0.00988946
1272.22	0.00773242
1272.78	0.0101444
1273.33	0.00373397
1273.89	0.0111254
1274.44	0.0121178
1275	0.00749607
1275.56	0.013287
1276.11	0.00218188
1276.67	0.00379363
1277.22	0.0300971
1277.78	0.00108443
1278.33	0.0157913
1278.89	0.00973509
1279.44	0.00988207
1280	0.0135043
1280.56	0.00037494
1281.11	0.0267389
1281.67	0.00352152
1282.22	0.011579
1282.78	0.00787563
1283.33	0.0154967
1283.89	0.00739638
1284.44	0.0237873
1285	0.00407545
1285.56	0.00668459
1286.11	0.00385189
1286.67	0.0178387
1287.22	0.026684
1287.78	0.00650385
1288.33	0.0206083
1288.89	0.00340656
1289.44	0.00301994
1290	0.00491786
1290.56	0.0139866
1291.11	0.0232597
1291.67	0.0125198
1292.22	0.00303076
1292.78	0.00748056
1293.33	0.00298045
1293.89	0.00150384
1294.44	0.0126606
1295	0.00208906
1295.56	0.00838501
1296.11	0.00330475
1296.67	0.00690904
1297.22	0.0207326
1297.78	0.00791175
1298.33	0.0102316
1298.89	0.00320101
1299.44	0.011062
1300	0.0181601
1300.56	0.00466532
1301.11	0.013461
1301.67	0.00280237
1302.22	0.00145148
1302.78	0.00505081
1303.33	0.00984121
1303.89	0.000104218
1304.44	0.0389069
1305	0.00918287
1305.56	0.00476307
1306.11	0.0100427
1306.67	0.0147849
1307.22	0.0213035
1307.78	0.000451078
1308.33	0.0297172
1308.89	0.00393305
1309.44	0.00873675
1310	0.00195849
1310.56	0.00676755
1311.11	0.00877978
1311.67	0.0293329
1312.22	0.00636416
1312.78	0.0030201
1313.33	0.00116254
1313.89	0.0149175
1314.44	0.0216155
1315	0.00964861
1315.56	0.0169062
1316.11	0.00126491
1316.67	0.0134061
1317.22	0.0086269
1317.78	0.00738966
1318.33	0.00916983
1318.89	0.0123376
1319.44	0.00635304
1320	0.00224885
1320.56	0.00108204
1321.11	0.00341502
1321.67	0.019174
1322.22	0.0111952
1322.78	0.0123813
1323.33	0.00442072
1323.89	0.0163667
1324.44	0.0319176
1325	0.010557
1325.56	0.00425937
1326.11	0.00805386
1326.67	0.00758846
1327.22	0.0135631
1327.78	0.00126418
1328.33	0.020607
1328.89	0.0178504
1329.44	0.0108232
1330	0.00622
1330.56	0.00249244
1331.11	0.00563816
1331.67	0.0374828
1332.22	0.00102843
1332.78	0.00316883
1333.33	0.00466627
1333.89	0.0218809
1334.44	0.0222339
1335	0.00820052
1335.56	0.0322224
1336.11	0.00302677
1336.67	0.00995731
1337.22	0.0049313
1337.78	0.00565854
1338.33	0.01346
1338.89	0.0363477
1339.44	0.00116952
1340	8.79693e-05
1340.56	0.0191935
1341.11	0.00839684
1341.67	0.0171768
1342.22	0.00779438
1342.78	0.0116446
1343.33	0.0123157
1343.89	0.0347568
1344.44	0.00582127
1345	0.000803114
1345.56	0.00813058
1346.11	0.0231097
1346.67	0.000765588
1347.22	0.00193566
1347.78	0.0011845
1348.33	0.0015099
1348.89	0.0333416
1349.44	0.0123506
1350	0.00782465
1350.56	0.00563229
1351.11	0.0230272
1351.67	0.0202122
1352.22	0.000381692
1352.78	0.00863167
1353.33	0.0112523
1353.89	0.0135149
1354.44	0.018242
1355	0.00168781
1355.56	0.00631076
1356.11	0.0334302
1356.67	0.0184945
1357.22	0.014632
1357.78	0.00561391
1358.33	0.0106028
1358.89	0.0368859
1359.44	0.00219055
1360	0.0141714
1360.56	0.00162455
1361.11	0.0156684
1361.67	0.0268318
1362.22	0.00396228
1362.78	0.03441
1363.33	0.0136319
1363.89	0.0196838
1364.44	0.00833717
1365	0.001386
1365.56	0.0114139
1366.11	0.0252397
1366.67	0.00823884
1367.22	0.00288572
1367.78	0.0114761
1368.33	0.0316289
1368.89	0.0220214
1369.44	0.0151921
1370	0.0240283
1370.56	0.0267101
1371.11	0.0188471
1371.67	0.0029339
1372.22	9.56881e-05
1372.78	0.00915447
1373.33	0.0203798
1373.89	0.00532635
1374.44	0.00941986
1375	0.0211013
1375.56	0.0138182
1376.11	0.0115272
1376.67	0.00222926
1377.22	0.00447977
1377.78	0.00134566
1378.33	0.0457297
1378.89	0.0190019
1379.44	0.0125482
1380	0.0257961
1380.56	0.0176179
1381.11	0.0223922
1381.67	0.0111019
1382.22	0.0114692
1382.78	0.00284998
1383.33	0.0298383
1383.89	0.000415918
1384.44	0.0159434
1385	0.0054034
1385.56	0.00552113
1386.11	0.0346699
1386.67	0.00141414
1387.22	0.00706211
1387.78	0.00576573
1388.33	0.0373978
1388.89	0.015867
1389.44	0.0227075
1390	0.00893111
1390.56	0.0115387
1391.11	0.000472478
1391.67	0.00786271
1392.22	0.00830397
1392.78	0.00991166
1393.33	0.0496419
1393.89	0.015455
1394.44	0.00914996
1395	0.00469826
1395.56	0.0203172
1396.11	0.0338521
1396.67	0.018571
1397.22	0.0112387
1397.78	0.0126322
1398.33	0.0406837
1398.89	0.0163508
1399.44	0.00211051
1400	0.0140255
1400.56	0.0233886
1401.11	0.00554245
1401.67	0.00819181
1402.22	0.00715477
1402.78	0.000637899
1403.33	0.0185561
1403.89	0.00960635
1404.44	0.00183891
1405	0.0105298
1405.56	0.0121393
1406.11	0.0265773
1406.67	0.00443376
1407.22	0.00622868
1407.78	0.0374717
1408.33	0.022389
1408.89	0.0090901
1409.44	0.00779048
1410	0.0109222
1410.56	0.0184325
1411.11	0.0139431
1411.67	0.00569828
1412.22	0.00144198
1412.78	0.0116005
1413.33	0.0304166
1413.89	0.00653802
1414.44	0.00204955
1415	0.0283862
1415.56	0.0110745
1416.11	0.00130025
1416.67	0.0122161
1417.22	0.00517215
1417.78	0.0359504
1418.33	0.0268947
1418.89	0.00808801
1419.44	0.00206844
1420	0.0146711
1420.56	0.0328719
1421.11	0.0173455
1421.67	0.0169655
1422.22	0.0138083
1422.78	0.0210734
1423.33	0.0347583
1423.89	0.00653977
1424.44	0.0137417
1425	0.0155427
1425.56	0.0325877
1426.11	0.0143103
1426.67	0.00849337
1427.22	0.0058276
1427.78	0.0265224
1428.33	0.00716654
1428.89	0.0177018
1429.44	0.00504335
1430	0.00922544
1430.56	0.00229953
1431.11	0.00346
1431.67	0.00247146
1432.22	0.0191185
1432.78	0.00131638
1433.33	0.012922
1433.89	0.00163861
1434.44	0.0197759
1435	0.0389325
1435.56	0.0172517
1436.11	0.00170829
1436.67	0.0187988
1437.22	0.0158399
1437.78	0.0131358
1438.33	0.0177712
1438.89	0.013802
1439.44	0.02086
1440	0.0110936
1440.56	0.0074712
1441.11	0.0149057
1441.67	0.0280731
1442.22	7.28055e-05
1442.78	0.00614735
1443.33	0.0316183
1443.89	0.0115799
1444.44	0.0180433
1445	0.0310498
1445.56	0.0300636
1446.11	0.0213544
1446.67	0.019341
1447.22	0.0173312
1447.78	0.0303632
1448.33	0.015658
1448.89	0.0107522
1449.44	0.013095
1450	0.000255158
1450.56	0.00395064
1451.11	0.000565117
1451.67	0.0188846
1452.22	0.0167088
1452.78	0.0173899
1453.33	0.00262728
1453.89	0.00713695
1454.44	0.0125065
1455	0.00828336
1455.56	0.0135644
1456.11	0.005501
1456.67	0.019005
1457.22	0.017769
1457.78	0.0296074
1458.33	0.0172813
1458.89	0.00456017
1459.44	0.0357334
1460	0.00476223
1460.56	0.0268954
1461.11	0.0131941
1461.67	0.00510696
1462.22	0.0219094
1462.78	0.0193318
1463.33	0.0181762
1463.89	0.00634091
1464.44	0.0252105
1465	0.0348833
1465.56	0.0016598
1466.11	0.0121321
1466.67	0.0235729
1467.22	0.0101457
1467.78	0.00771557
1468.33	0.0106226
1468.89	0.0105742
1469.44	0.0352005
1470	0.00147399
1470.56	0.0266561
1471.11	0.0187603
1471.67	0.00139346
1472.22	0.0130803
1472.78	0.0270032
1473.33	0.0156151
1473.89	0.0161554
1474.44	0.00115056
1475	0.0055812
1475.56	0.000246897
1476.11	0.0280553
1476.67	0.0150316
1477.22	0.0130581
1477.78	0.00563953
1478.33	0.0405406
1478.89	0.0361416
1479.44	0.00782647
1480	0.00888766
1480.56	0.0153609
1481.11	0.0367453
1481.67	0.00677414
1482.22	0.0410967
1482.78	0.0269736
1483.33	0.0182597
1483.89	0.0191372
1484.44	0.0134483
1485	0.00252862
1485.56	0.0511895
1486.11	0.0560299
1486.67	0.0198241
1487.22	0.0219416
1487.78	0.00960243
1488.33	0.0203578
1488.89	0.000452233
1489.44	0.00128674
1490	0.0152163
1490.56	0.0192052
1491.11	0.031432
1491.67	0.00617601
1492.22	0.0372238
1492.78	0.000704818
1493.33	0.0381158
1493.89	0.0148579
1494.44	0.014352
1495	0.0432572
1495.56	0.0140937
1496.11	0.0167313
1496.67	0.0108609
1497.22	0.0204145
1497.78	0.0105771
1498.33	0.0325004
1498.89	0.024833
1499.44	0.0306874
1500	0.0316725
1500.56	0.0123708
1501.11	0.0237778
1501.67	0.0490102
1502.22	0.017702
1502.78	0.000783035
1503.33	0.0610402
1503.89	0.0054377
1504.44	0.026473
1505	0.0540633
1505.56	0.0595222
1506.11	0.0263616
1506.67	0.0231146
1507.22	0.0549668
1507.78	0.00251716
1508.33	0.0212456
1508.89	0.0324194
1509.44	0.0239128
1510	0.0171601
1510.56	0.0161909
1511.11	0.0187439
1511.67	0.00488131
1512.22	0.00822506
1512.78	0.00758207
1513.33	0.0292703
1513.89	0.0151339
1514.44	0.0100932
1515	0.000439041
1515.56	0.0515535
1516.11	0.0337261
1516.67	0.0464973
1517.22	0.00367932
1517.78	0.0211677
1518.33	0.027754
1518.89	0.00660549
1519.44	0.0155383
1520	0.0192569
1520.56	0.00542222
1521.11	0.00400237
1521.67	0.0150867
1522.22	0.0144229
1522.78	0.0224143
1523.33	0.0279893
1523.89	0.0529264
1524.44	0.0456501
1525	0.0302422
1525.56	0.0365088
1526.11	0.00801705
1526.67	0.00473669
1527.22	0.0252849
1527.78	0.0179336
1528.33	0.00568926
1528.89	0.0237597
1529.44	0.0584565
1530	0.0228342
1530.56	0.0100744
1531.11	0.0221176
1531.67	0.0716607
1532.22	0.0168923
1532.78	0.00833148
1533.33	0.0153134
1533.89	0.0289656
1534.44	0.072821
1535	0.0250565
1535.56	0.0122782
1536.11	0.00315914
1536.67	0.0100215
1537.22	0.0258274
1537.78	0.0476605
1538.33	0.0395251
1538.89	0.0342224
1539.44	0.0331544
1540	0.0397686
1540.56	0.0205234
1541.11	0.0228414
1541.67	0.0215903
1542.22	0.00224525
1542.78	0.0199449
1543.33	0.00312722
1543.89	0.0484667
1544.44	0.0509609
1545	0.0463344
1545.56	0.0731655
1546.11	4.33641e-05
1546.67	0.0392817
1547.22	0.0220763
1547.78	0.0395108
1548.33	0.0346527
1548.89	0.0119041
1549.44	0.0561627
1550	0.0628876
1550.56	0.0459051
1551.11	0.0289424
1551.67	0.0129478
1552.22	0.0216193
1552.78	0.0273287
1553.33	0.0690197
1553.89	0.0796863
1554.44	0.0304831
1555	0.0571781
1555.56	0.0218342
1556.11	0.00146792
1556.67	0.0483851
1557.22	0.00187125
1557.78	0.0485348
1558.33	0.0346187
1558.89	0.035186
1559.44	0.00788131
1560	0.0409018
1560.56	0.0451262
1561.11	0.0216192
1561.67	0.0168355
1562.22	0.0359272
1562.78	0.0656152
1563.33	0.00896501
1563.89	0.01402
1564.44	0.010762
1565	0.0508164
1565.56	0.00335563
1566.11	0.0650187
1566.67	0.00755436
1567.22	0.030844
1567.78	0.0473655
1568.33	0.0260592
1568.89	0.0308971
1569.44	0.00238617
1570	0.0391551
1570.56	0.012166
1571.11	0.0510989
1571.67	0.0231867
1572.22	0.00679361
1572.78	0.0278598
1573.33	0.0487589
1573.89	0.0315309
1574.44	0.0533032
1575	0.0245481
1575.56	0.0399438
1576.11	0.0459433
1576.67	0.0244611
1577.22	0.0515807
1577.78	0.0210346
1578.33	0.0517168
1578.89	0.00448531
1579.44	0.0121811
1580	0.0568414
1580.56	0.0244675
1581.11	0.00199207
1581.67	0.0171494
1582.22	0.0285291
1582.78	0.0133069
1583.33	0.0167915
1583.89	0.0299507
1584.44	0.0378902
1585	0.0328284
1585.56	0.0415015
1586.11	0.0526379
1586.67	0.0495827
1587.22	0.0322693
1587.78	0.0157571
1588.33	0.00211798
1588.89	0.0565849
1589.44	0.0345684
1590	0.0509731
1590.56	0.02315
1591.11	0.111193
1591.67	0.0491345
1592.22	0.0291139
1592.78	0.0105199
1593.33	0.0478991
1593.89	0.0381776
1594.44	0.0491571
1595	0.00663039
1595.56	0.0129021
1596.11	0.0181982
1596.67	0.00357944
1597.22	0.0549219
1597.78	0.0575608
1598.33	0.0386798
1598.89	0.0746756
1599.44	0.0451175
1600	0.0935869
1600.56	0.0117669
1601.11	0.0581734
1601.67	0.0117921
1602.22	0.00204066
1602.78	0.0158476
1603.33	0.0778943
1603.89	0.0417042
1604.44	0.0652391
1605	0.0732916
1605.56	0.0661297
1606.11	0.00654714
1606.67	0.0428363
1607.22	0.106963
1607.78	0.0955396
1608.33	0.00563235
1608.89	0.0316373
1609.44	0.0207105
1610	0.115663
1610.56	0.0068969
1611.11	0.0181281
1611.67	0.0616634
1612.22	0.0326944
1612.78	0.0331214
1613.33	0.061699
1613.89	0.0672527
1614.44	0.0267596
1615	0.0831363
1615.56	0.0288934
1616.11	0.0107117
1616.67	0.026933
1617.22	0.00584364
1617.78	0.0411371
1618.33	0.0161884
1618.89	0.0147058
1619.44	0.00525899
1620	0.0449305
1620.56	0.110635
1621.11	0.0582511
1621.67	0.00530871
1622.22	0.0518736
1622.78	0.0814814
1623.33	0.132309
1623.89	0.044877
1624.44	0.03405
1625	0.0185493
1625.56	0.0517302
1626.11	0.011704
1626.67	0.0670223
1627.22	0.0341344
1627.78	0.0670829
1628.33	0.127893
1628.89	0.0846337
1629.44	0.114705
1630	0.114836
1630.56	0.0120255
1631.11	0.0169679
1631.67	0.030254
1632.22	0.0107264
1632.78	0.126198
1633.33	0.100044
1633.89	0.0386083
1634.44	0.086011
1635	0.0156282
1635.56	0.0576184
1636.11	0.0325268
1636.67	0.0840652
1637.22	0.0225696
1637.78	0.0190453
1638.33	0.113745
1638.89	0.0396623
1639.44	0.00445903
1640	0.0480179
1640.56	0.0887723
1641.11	0.0314437
1641.67	0.000513101
1642.22	0.130597
1642.78	0.0775645
1643.33	0.051543
1643.89	0.0323033
1644.44	0.0177674
1645	0.0291308
1645.56	0.0361865
1646.11	0.130558
1646.67	0.0339812
1647.22	0.0529639
1647.78	0.0360987
1648.33	0.216523
1648.89	0.0858299
1649.44	0.00783438
1650	0.0308203
1650.56	0.0102418
1651.11	0.0377917
1651.67	0.107096
1652.22	0.0612033
1652.78	0.161451
1653.33	0.0172068
1653.89	0.0253894
1654.44	0.138312
1655	0.0240584
1655.56	0.0329361
1656.11	0.114493
1656.67	0.0733837
1657.22	0.02248
1657.78	0.00175498
1658.33	0.03253
1658.89	0.1224
1659.44	0.0438735
1660	0.00527335
1660.56	0.0869046
1661.11	0.00300541
1661.67	0.0392105
1662.22	0.0999438
1662.78	0.0607919
1663.33	0.17796
1663.89	0.187717
1664.44	0.0315799
1665	0.0240231
1665.56	0.00490608
1666.11	0.00770244
1666.67	0.19832
1667.22	0.122651
1667.78	0.0164235
1668.33	0.026677
1668.89	0.200367
1669.44	0.0338972
1670	0.121993
1670.56	0.261214
1671.11	0.0950365
1671.67	0.0856112
1672.22	0.0380122
1672.78	0.110688
1673.33	0.0657727
1673.89	0.0856193
1674.44	0.164583
1675	0.0970085
1675.56	0.0633657
1676.11	0.0417744
1676.67	0.112388
1677.22	0.0491856
1677.78	0.128021
1678.33	0.104263
1678.89	0.0452493
1679.44	0.121406
1680	0.0088596
1680.56	0.14474
1681.11	0.0124141
1681.67	0.20285
1682.22	0.0121995
1682.78	0.1457
1683.33	0.12784
1683.89	0.130372
1684.44	0.117897
1685	0.146848
1685.56	0.0361733
1686.11	0.0254438
1686.67	0.102436
1687.22	0.0693911
1687.78	0.0340559
1688.33	0.20309
1688.89	0.101278
1689.44	0.0636748
1690	0.0281011
1690.56	0.107777
1691.11	0.0182723
1691.67	0.0324796
1692.22	0.099051
1692.78	0.0278618
1693.33	0.0782948
1693.89	0.040424
1694.44	0.119037
1695	0.0716683
1695.56	0.015774
1696.11	0.175776
1696.67	0.110571
1697.22	0.187851
1697.78	0.118474
1698.33	0.235932
1698.89	0.226862
1699.44	0.0363958
1700	0.0802667
1700.56	0.0251143
1701.11	0.124216
1701.67	0.00836215
1702.22	0.120557
1702.78	0.114964
1703.33	0.243681
1703.89	0.0365588
1704.44	0.135836
1705	0.0248502
1705.56	0.0203662
1706.11	0.21137
1706.67	0.215807
1707.22	0.0168402
1707.78	0.0122166
1708.33	0.113969
1708.89	0.0927641
1709.44	0.0850549
1710	0.0920606
1710.56	0.0446669
1711.11	0.106876
1711.67	0.228305
1712.22	0.180309
1712.78	0.01438
1713.33	0.194008
1713.89	0.0313134
1714.44	0.121406
1715	0.304597
1715.56	0.254897
1716.11	0.0372041
1716.67	0.219735
1717.22	0.0826376
1717.78	0.0750692
1718.33	0.0431146
1718.89	0.0245373
1719.44	0.0986855
1720	0.0229091
1720.56	0.100926
1721.11	0.154325
1721.67	0.100961
1722.22	0.028963
1722.78	0.187789
1723.33	0.0754485
1723.89	0.0261146
1724.44	0.335245
1725	0.0850266
1725.56	0.0166025
1726.11	0.0130217
1726.67	0.112146
1727.22	0.0757262
1727.78	0.103269
1728.33	0.105571
1728.89	0.0750837
1729.44	0.285269
1730	0.0906564
1730.56	0.0593924
1731.11	0.0963973
1731.67	0.144977
1732.22	0.29818
1732.78	0.0783826
1733.33	0.132397
1733.89	0.096879
1734.44	0.0360539
1735	0.13257
1735.56	0.303702
1736.11	0.0346927
1736.67	0.0773596
1737.22	0.202746
1737.78	0.270992
1738.33	0.116393
1738.89	0.436118
1739.44	0.160927
1740	0.160263
1740.56	0.212856
1741.11	0.126636
1741.67	0.0912419
1742.22	0.117777
1742.78	0.160031
1743.33	0.1191
1743.89	0.0176567
1744.44	0.43539
1745	0.0383505
1745.56	0.0310572
1746.11	0.065169
1746.67	0.00596668
1747.22	0.0147539
1747.78	0.64333
1748.33	0.057453
1748.89	0.10683
1749.44	0.196569
1750	0.0244815
1750.56	0.0706345
1751.11	0.307373
1751.67	0.173654
1752.22	0.0437652
1752.78	0.270051
1753.33	0.1903
1753.89	0.430022
1754.44	0.0930448
1755	0.250297
1755.56	0.00571363
1756.11	0.289006
1756.67	0.176006
1757.22	0.410227
1757.78	0.213861
1758.33	0.0983733
1758.89	0.06724
1759.44	0.0949764
1760	0.223291
1760.56	0.118482
1761.11	0.0582072
1761.67	0.0688703
1762.22	0.206065
1762.78	0.337717
1763.33	0.201839
1763.89	0.31438
1764.44	0.208081
1765	0.00103916
1765.56	0.0534145
1766.11	0.17043
1766.67	0.0348578
1767.22	0.307939
1767.78	0.183637
1768.33	0.259509
1768.89	0.455449
1769.44	0.0109857
1770	0.123499
1770.56	0.0996669
1771.11	0.014957
1771.67	0.0840686
1772.22	0.172574
1772.78	0.135234
1773.33	0.111287
1773.89	0.292412
1774.44	0.116549
1775	0.400604
1775.56	0.579633
1776.11	0.13443
1776.67	0.0296469
1777.22	1.15946
1777.78	0.0138208
1778.33	0.329345
1778.89	0.10596
1779.44	0.00844596
1780	0.715514
1780.56	0.0826331
1781.11	0.0646062
1781.67	0.404381
1782.22	0.325703
1782.78	0.301021
1783.33	0.0567248
1783.89	0.321801
1784.44	0.418219
1785	0.0189937
1785.56	0.49476
1786.11	0.600458
1786.67	0.298736
1787.22	1.2418
1787.78	0.0616789
1788.33	0.222227
1788.89	0.573485
1789.44	0.653552
1790	0.249175
1790.56	0.242995
1791.11	0.530479
1791.67	0.138342
1792.22	0.151491
1792.78	0.128846
1793.33	0.101491
1793.89	0.564731
1794.44	0.271484
1795	0.201207
1795.56	0.334661
1796.11	0.109459
1796.67	0.314364
1797.22	0.450412
1797.78	0.452016
1798.33	0.00148631
1798.89	0.153084
1799.44	0.13451
1800	0.313986
1800.56	0.377972
1801.11	0.148412
1801.67	0.290791
1802.22	0.507355
1802.78	0.245872
1803.33	0.220343
1803.89	0.0433519
1804.44	0.378212
1805	0.0277077
1805.56	0.254146
1806.11	0.251346
1806.67	0.0153456
1807.22	0.974106
1807.78	0.848292
1808.33	0.360786
1808.89	0.0255985
1809.44	0.116184
1810	0.544004
1810.56	0.3437
1811.11	0.430386
1811.67	0.443647
1812.22	0.317512
1812.78	0.279194
1813.33	0.424138
1813.89	0.0293173
1814.44	0.398152
1815	0.360768
1815.56	0.996273
1816.11	0.177205
1816.67	1.13295
1817.22	0.0599217
1817.78	0.311505
1818.33	0.0547311
1818.89	0.507032
1819.44	0.241721
1820	1.13601
1820.56	0.389168
1821.11	0.337099
1821.67	0.234612
1822.22	0.126983
1822.78	0.834237
1823.33	0.206572
1823.89	0.155699
1824.44	0.50305
1825	0.453367
1825.56	0.088561
1826.11	0.790877
1826.67	0.723823
1827.22	0.71435
1827.78	0.394161
1828.33	0.143847
1828.89	0.272939
1829.44	0.5236
1830	0.427278
1830.56	0.594196
1831.11	0.856898
1831.67	0.514919
1832.22	0.913348
1832.78	0.596831
1833.33	0.100161
1833.89	0.989755
1834.44	0.173305
1835	0.0473045
1835.56	0.465074
1836.11	0.230179
1836.67	0.622436
1837.22	0.799391
1837.78	0.219458
1838.33	0.305472
1838.89	0.173464
1839.44	0.931417
1840	0.112592
1840.56	1.06951
1841.11	0.784258
1841.67	0.283362
1842.22	0.279341
1842.78	0.365372
1843.33	0.63768
1843.89	1.36945
1844.44	1.19141
1845	0.655146
1845.56	0.616744
1846.11	0.0743229
1846.67	0.035109
1847.22	0.214679
1847.78	0.215828
1848.33	1.06467
1848.89	0.315603
1849.44	0.83128
1850	0.318964
1850.56	0.793289
1851.11	0.531056
1851.67	0.218172
1852.22	1.36513
1852.78	0.220957
1853.33	0.35534
1853.89	0.664567
1854.44	0.375046
1855	1.00629
1855.56	0.0158745
1856.11	0.455375
1856.67	0.0227878
1857.22	1.23809
1857.78	1.85572
1858.33	0.876931
1858.89	0.178943
1859.44	1.23557
1860	0.718055
1860.56	0.897492
1861.11	0.0381679
1861.67	1.53942
1862.22	0.268329
1862.78	0.237101
1863.33	1.01801
1863.89	0.364254
1864.44	0.257513
1865	1.14259
1865.56	0.149709
1866.11	0.444796
1866.67	0.119121
1867.22	0.943504
1867.78	0.116411
1868.33	0.669449
1868.89	0.762003
1869.44	0.420902
1870	0.573042
1870.56	0.118472
1871.11	0.283986
1871.67	0.102289
1872.22	0.568276
1872.78	0.528867
1873.33	0.120054
1873.89	0.954692
1874.44	1.29405
1875	1.29883
1875.56	1.20203
1876.11	0.359457
1876.67	0.423447
1877.22	0.335701
1877.78	0.599062
1878.33	0.224734
1878.89	1.2681
1879.44	0.727807
1880	0.197337
1880.56	0.178382
1881.11	0.148259
1881.67	0.128187
1882.22	0.586563
1882.78	1.05342
1883.33	0.751779
1883.89	0.369179
1884.44	1.49341
1885	0.304366
1885.56	0.0172525
1886.11	0.343087
1886.67	1.34321
1887.22	1.06836
1887.78	0.0913313
1888.33	0.106799
1888.89	0.76987
1889.44	0.694725
1890	0.576287
1890.56	0.300383
1891.11	0.933711
1891.67	0.443368
1892.22	0.931604
1892.78	1.3326
1893.33	0.798278
1893.89	0.204006
1894.44	0.498908
1895	0.177476
1895.56	0.14685
1896.11	0.518295
1896.67	0.820569
1897.22	0.727749
1897.78	0.324914
1898.33	0.901671
1898.89	0.878995
1899.44	0.0326292
1900	1.59354
1900.56	0.28082
1901.11	0.227573
1901.67	1.72531
1902.22	1.02372
1902.78	0.847561
1903.33	2.13998
1903.89	0.411253
1904.44	0.614361
1905	0.161304
1905.56	1.65004
1906.11	1.05373
1906.67	2.25232
1907.22	0.719945
1907.78	1.07111
1908.33	0.436826
1908.89	1.33453
1909.44	0.43116
1910	0.135665
1910.56	0.31048
1911.11	0.14871
1911.67	0.746214
1912.22	0.00361636
1912.78	0.554035
1913.33	1.92261
1913.89	0.958908
1914.44	0.269469
1915	1.94493
1915.56	0.212067
1916.11	1.67329
1916.67	2.13118
1917.22	0.414261
1917.78	0.543693
1918.33	0.0767305
1918.89	0.969914
1919.44	1.03398
1920	1.84152
1920.56	0.863391
1921.11	0.528675
1921.67	1.90489
1922.22	0.695228
1922.78	0.284126
1923.33	1.3918
1923.89	0.152409
1924.44	0.426958
1925	1.28298
1925.56	0.305719
1926.11	1.05548
1926.67	1.77257
1927.22	0.0271982
1927.78	0.275574
1928.33	0.0920803
1928.89	1.72779
1929.44	0.544716
1930	0.668929
1930.56	0.298902
1931.11	0.257009
1931.67	0.577246
1932.22	1.10914
1932.78	0.79114
1933.33	1.83976
1933.89	1.45008
1934.44	0.633172
1935	0.549309
1935.56	0.118505
1936.11	0.334928
1936.67	0.645293
1937.22	0.706288
1937.78	2.05775
1938.33	1.5729
1938.89	0.162443
1939.44	1.33187
1940	0.220279
1940.56	0.550846
1941.11	0.722611
1941.67	0.854862
1942.22	1.72117
1942.78	1.27229
1943.33	1.48252
1943.89	0.510741
1944.44	0.0258436
1945	0.253263
1945.56	0.794639
1946.11	0.360858
1946.67	0.986698
1947.22	0.640937
1947.78	0.729133
1948.33	0.202647
1948.89	2.05607
1949.44	0.164383
1950	0.283489
1950.56	0.641517
1951.11	1.33385
1951.67	1.28473
1952.22	1.53668
1952.78	1.35018
1953.33	0.925735
1953.89	0.137919
1954.44	0.170483
1955	0.28691
1955.56	0.3677
1956.11	0.440834
1956.67	0.305367
1957.22	0.702132
1957.78	0.393489
1958.33	0.0331519
1958.89	0.0384699
1959.44	0.788034
1960	0.663398
1960.56	1.3667
1961.11	0.811953
1961.67	0.454824
1962.22	2.01637
1962.78	1.09815
1963.33	0.839043
1963.89	1.02668
1964.44	1.39622
1965	0.612426
1965.56	0.319943
1966.11	0.189762
1966.67	0.447912
1967.22	0.579953
1967.78	2.87033
1968.33	1.18477
1968.89	0.215638
1969.44	0.231042
1970	2.13777
1970.56	1.23323
1971.11	0.226822
1971.67	0.882343
1972.22	0.634227
1972.78	0.0492948
1973.33	0.208083
1973.89	0.656419
1974.44	0.433166
1975	1.58058
1975.56	2.56109
1976.11	0.111914
1976.67	0.526255
1977.22	0.569001
1977.78	2.40692
1978.33	2.96444
1978.89	2.91061
1979.44	0.668876
1980	0.257182
1980.56	2.05405
1981.11	1.29128
1981.67	0.566254
1982.22	0.26797
1982.78	2.68453
1983.33	0.481631
1983.89	0.482836
1984.44	1.52087
1985	2.15167
1985.56	0.343365
1986.11	2.49917
1986.67	0.0780716
1987.22	0.761123
1987.78	1.49883
1988.33	0.470056
1988.89	0.135091
1989.44	0.746576
1990	1.54706
1990.56	1.92332
1991.11	0.371902
1991.67	0.780298
1992.22	1.3099
1992.78	2.13394
1993.33	0.89999
1993.89	2.46179
1994.44	0.112002
1995	0.504173
1995.56	0.131514
1996.11	1.96932
1996.67	2.09857
1997.22	1.42936
1997.78	0.446901
1998.33	2.30401
1998.89	0.738479
1999.44	0.718062
2000	0.163784
