t	etaU
0	6.88812e-15
0.555556	2.09202
1.11111	2.38956
1.66667	1.23935
2.22222	0.690977
2.77778	2.28031
3.33333	0.044394
3.88889	0.591654
4.44444	0.279847
5	0.39189
5.55556	2.02872
6.11111	0.979547
6.66667	1.78797
7.22222	1.64526
7.77778	2.32466
8.33333	1.0204
8.88889	3.03335
9.44444	1.24243
10	1.17349
10.5556	0.562237
11.1111	0.400649
11.6667	1.52272
12.2222	0.670248
12.7778	2.27056
13.3333	1.99491
13.8889	1.45578
14.4444	2.09246
15	2.09961
15.5556	1.01643
16.1111	0.160547
16.6667	1.91748
17.2222	0.441039
17.7778	0.753764
18.3333	0.318491
18.8889	1.16135
19.4444	1.35442
20	0.854203
20.5556	1.16472
21.1111	0.842139
21.6667	1.084
22.2222	1.07911
22.7778	0.394679
23.3333	0.348632
23.8889	0.40856
24.4444	1.25531
25	2.24714
25.5556	0.282127
26.1111	0.95042
26.6667	0.58815
27.2222	0.116147
27.7778	1.41263
28.3333	0.724534
28.8889	1.4779
29.4444	0.571877
30	0.959377
30.5556	1.38058
31.1111	2.44756
31.6667	0.989371
32.2222	0.556192
32.7778	2.44371
33.3333	1.20144
33.8889	0.227546
34.4444	1.93624
35	0.281435
35.5556	0.128098
36.1111	1.93734
36.6667	1.36624
37.2222	0.400081
37.7778	1.97223
38.3333	1.61848
38.8889	0.173924
39.4444	0.229739
40	1.81062
40.5556	0.173962
41.1111	2.12854
41.6667	0.410507
42.2222	1.17408
42.7778	0.131267
43.3333	2.08154
43.8889	2.84284
44.4444	1.60468
45	0.951183
45.5556	0.298637
46.1111	1.79388
46.6667	0.93255
47.2222	0.27601
47.7778	1.85906
48.3333	1.22545
48.8889	0.416276
49.4444	1.15175
50	0.262122
50.5556	0.498944
51.1111	1.55814
51.6667	0.541952
52.2222	0.408338
52.7778	0.4952
53.3333	1.92989
53.8889	0.383996
54.4444	2.79866
55	2.50035
55.5556	1.14963
56.1111	0.988119
56.6667	0.493269
57.2222	0.197885
57.7778	0.456398
58.3333	1.34904
58.8889	0.625746
59.4444	1.77031
60	0.958471
60.5556	0.000586144
61.1111	0.629926
61.6667	2.92862
62.2222	0.231234
62.7778	0.643051
63.3333	1.54137
63.8889	1.39493
64.4444	2.84745
65	1.1765
65.5556	2.64421
66.1111	0.218051
66.6667	0.570853
67.2222	0.157684
67.7778	0.623335
68.3333	1.73499
68.8889	0.0914905
69.4444	0.938866
70	1.97559
70.5556	2.03974
71.1111	0.704363
71.6667	2.19276
72.2222	1.15771
72.7778	1.14634
73.3333	0.869957
73.8889	0.330176
74.4444	0.910687
75	1.06649
75.5556	0.414359
76.1111	0.746055
76.6667	0.584636
77.2222	0.798202
77.7778	0.142191
78.3333	0.691097
78.8889	1.06031
79.4444	0.208587
80	0.263843
80.5556	1.23311
81.1111	1.16648
81.6667	0.641645
82.2222	0.182678
82.7778	0.647745
83.3333	0.141526
83.8889	0.427548
84.4444	1.88668
85	0.266169
85.5556	0.700846
86.1111	0.195851
86.6667	1.04531
87.2222	0.62444
87.7778	0.0880389
88.3333	0.00670398
88.8889	0.0802795
89.4444	0.00125604
90	0.435201
90.5556	1.17665
91.1111	0.574805
91.6667	0.792186
92.2222	0.596285
92.7778	0.575498
93.3333	0.895372
93.8889	0.974665
94.4444	2.06346
95	0.628149
95.5556	0.0838268
96.1111	0.786452
96.6667	1.35676
97.2222	0.341518
97.7778	2.20871
98.3333	0.197923
98.8889	0.3305
99.4444	0.415136
100	0.198696
100.556	1.5848
101.111	0.151122
101.667	1.52326
102.222	1.09594
102.778	0.69576
103.333	0.47735
103.889	0.0478885
104.444	0.0279453
105	0.992145
105.556	1.22314
106.111	0.174047
106.667	1.88135
107.222	0.228521
107.778	1.05947
108.333	0.518135
108.889	0.0116907
109.444	0.276958
110	0.611821
110.556	1.08018
111.111	1.40305
111.667	0.736625
112.222	0.447602
112.778	0.132398
113.333	0.701778
113.889	0.371005
114.444	0.716331
115	1.35372
115.556	0.271626
116.111	0.0589103
116.667	1.38128
117.222	0.0769047
117.778	0.555619
118.333	0.369509
118.889	0.653224
119.444	0.0843818
120	0.325799
120.556	1.0691
121.111	0.473725
121.667	0.62619
122.222	0.264096
122.778	0.581503
123.333	1.03946
123.889	0.0380633
124.444	0.179905
125	0.375025
125.556	0.0508247
126.111	0.260248
126.667	0.0402539
127.222	0.269632
127.778	0.0280172
128.333	0.204936
128.889	0.310729
129.444	0.97871
130	0.192312
130.556	0.561751
131.111	0.069213
131.667	0.132448
132.222	0.590186
132.778	0.791019
133.333	0.0979662
133.889	0.0682152
134.444	0.692563
135	0.0579126
135.556	1.00258
136.111	0.28328
136.667	0.0690343
137.222	0.0740003
137.778	1.50711
138.333	0.431104
138.889	0.162979
139.444	0.748769
140	0.177765
140.556	0.781827
141.111	0.54921
141.667	0.382415
142.222	0.843548
142.778	0.52326
143.333	0.0749352
143.889	0.0416637
144.444	0.396508
145	0.403579
145.556	0.0365246
146.111	0.55251
146.667	0.136129
147.222	0.720088
147.778	0.134068
148.333	0.889868
148.889	0.610088
149.444	0.160847
150	0.238471
150.556	0.367048
151.111	0.173806
151.667	0.101743
152.222	0.00834266
152.778	0.567679
153.333	0.0177658
153.889	0.439816
154.444	1.53533
155	0.0113197
155.556	0.472287
156.111	0.671308
156.667	0.0229186
157.222	0.821721
157.778	0.0692054
158.333	0.0951213
158.889	0.263046
159.444	0.993609
160	0.148812
160.556	0.00918405
161.111	0.331468
161.667	0.41611
162.222	0.703124
162.778	0.120213
163.333	0.0394819
163.889	1.4033
164.444	0.529242
165	0.235651
165.556	0.875696
166.111	0.60325
166.667	0.481892
167.222	0.241684
167.778	1.21204
168.333	0.507834
168.889	0.215818
169.444	0.0451722
170	0.243583
170.556	0.172802
171.111	0.573149
171.667	0.539838
172.222	1.81095
172.778	0.0760061
173.333	0.407083
173.889	0.472449
174.444	0.137795
175	0.457108
175.556	0.251522
176.111	0.355578
176.667	0.555948
177.222	0.706075
177.778	0.734398
178.333	0.0896334
178.889	0.318788
179.444	0.264523
180	0.655391
180.556	0.0219329
181.111	0.0976605
181.667	0.122208
182.222	0.57702
182.778	0.361515
183.333	0.101052
183.889	1.30529
184.444	0.962649
185	1.01475
185.556	0.00297189
186.111	0.51565
186.667	0.812587
187.222	0.0824254
187.778	0.0615681
188.333	0.353438
188.889	0.219541
189.444	0.0159542
190	0.185922
190.556	0.334662
191.111	0.071084
191.667	0.393038
192.222	0.82553
192.778	0.499335
193.333	0.535709
193.889	0.287489
194.444	0.77918
195	0.463452
195.556	0.150831
196.111	0.310377
196.667	0.739443
197.222	0.18204
197.778	0.29516
198.333	0.134998
198.889	0.540294
199.444	0.355483
200	0.624422
200.556	0.417673
201.111	0.46722
201.667	0.322432
202.222	0.453678
202.778	0.196348
203.333	0.238087
203.889	0.158833
204.444	0.0680786
205	0.552569
205.556	0.140624
206.111	0.139888
206.667	0.25434
207.222	0.822807
207.778	0.68111
208.333	0.457477
208.889	0.0201754
209.444	0.242471
210	0.799426
210.556	0.0310361
211.111	0.159183
211.667	0.0529086
212.222	0.105864
212.778	0.233638
213.333	0.85659
213.889	0.328391
214.444	0.42412
215	0.366037
215.556	0.426527
216.111	0.296554
216.667	0.450043
217.222	0.509363
217.778	0.161062
218.333	0.0043107
218.889	0.0316385
219.444	0.280343
220	0.00503203
220.556	0.363324
221.111	0.449973
221.667	0.13685
222.222	0.379204
222.778	0.419169
223.333	0.524634
223.889	0.633059
224.444	0.713323
225	0.443733
225.556	0.291587
226.111	0.12205
226.667	0.533483
227.222	0.173686
227.778	0.519308
228.333	0.0805384
228.889	0.296624
229.444	0.371512
230	0.089499
230.556	0.277622
231.111	0.244003
231.667	0.110706
232.222	0.214681
232.778	0.540062
233.333	0.1028
233.889	0.451295
234.444	0.490959
235	0.150474
235.556	0.103741
236.111	0.171898
236.667	0.254131
237.222	0.307689
237.778	0.209757
238.333	0.307002
238.889	0.121088
239.444	0.691518
240	0.0165275
240.556	0.195566
241.111	0.3869
241.667	0.661053
242.222	0.0120145
242.778	0.237794
243.333	0.0778599
243.889	0.0614288
244.444	0.0972261
245	0.0956824
245.556	0.083956
246.111	0.0123289
246.667	0.330271
247.222	0.305891
247.778	0.171182
248.333	0.136483
248.889	0.292031
249.444	0.129681
250	0.464236
250.556	0.135451
251.111	0.102127
251.667	0.00671784
252.222	0.0213103
252.778	0.531415
253.333	0.225547
253.889	0.186999
254.444	0.146869
255	0.297825
255.556	0.0164257
256.111	0.00054634
256.667	0.534386
257.222	0.199865
257.778	0.26185
258.333	0.0952893
258.889	0.0464146
259.444	0.0384364
260	0.282649
260.556	0.231034
261.111	0.406471
261.667	0.494937
262.222	0.0723844
262.778	0.215524
263.333	0.0185411
263.889	0.319571
264.444	0.432688
265	0.0333978
265.556	0.0633047
266.111	0.00973193
266.667	0.0652007
267.222	0.0640508
267.778	0.314798
268.333	0.113315
268.889	0.174985
269.444	0.330403
270	0.0441276
270.556	0.793555
271.111	0.256501
271.667	0.119789
272.222	0.054684
272.778	0.124636
273.333	0.00914638
273.889	0.330371
274.444	0.147989
275	0.0411067
275.556	0.320507
276.111	0.0297073
276.667	0.0118993
277.222	0.260457
277.778	0.45455
278.333	0.115224
278.889	0.211228
279.444	0.0889425
280	0.207615
280.556	0.221269
281.111	0.272615
281.667	0.0157342
282.222	0.00649732
282.778	0.118746
283.333	0.164989
283.889	0.0247013
284.444	0.0660895
285	0.070521
285.556	0.037936
286.111	0.14
286.667	0.0148815
287.222	0.0128023
287.778	0.0140926
288.333	0.0285436
288.889	0.200487
289.444	0.295202
290	0.0533029
290.556	0.148334
291.111	0.0447176
291.667	0.343963
292.222	0.0624502
292.778	0.342453
293.333	0.0613995
293.889	0.280415
294.444	0.00422847
295	0.0900692
295.556	0.155104
296.111	0.235347
296.667	0.181693
297.222	0.238228
297.778	0.295253
298.333	0.102936
298.889	0.152499
299.444	0.0141893
300	0.037941
300.556	0.2186
301.111	0.0420383
301.667	0.159989
302.222	0.289211
302.778	0.0738008
303.333	0.14306
303.889	0.00374319
304.444	0.0770401
305	0.0326402
305.556	0.107879
306.111	0.150226
306.667	0.24633
307.222	0.121476
307.778	0.0399325
308.333	0.205321
308.889	0.0267304
309.444	0.106572
310	0.124121
310.556	0.263185
311.111	0.035627
311.667	0.0524166
312.222	0.082369
312.778	0.111667
313.333	0.113858
313.889	0.0183499
314.444	0.0427121
315	0.0979309
315.556	0.0559944
316.111	0.0250989
316.667	0.08939
317.222	0.0660531
317.778	0.148415
318.333	0.116943
318.889	0.0634019
319.444	0.0653638
320	0.309678
320.556	0.0507552
321.111	0.00804482
321.667	0.029874
322.222	0.169594
322.778	0.0516122
323.333	0.0859837
323.889	0.0251017
324.444	0.0441711
325	0.0032186
325.556	0.132681
326.111	0.0244118
326.667	0.0237579
327.222	0.163926
327.778	0.0662956
328.333	0.0603308
328.889	0.0778542
329.444	0.27115
330	0.0592103
330.556	0.145852
331.111	0.117977
331.667	0.0596862
332.222	0.0364068
332.778	0.0976842
333.333	0.167227
333.889	0.141344
334.444	0.17914
335	0.111367
335.556	0.061349
336.111	0.0747317
336.667	0.185274
337.222	0.041192
337.778	0.0396159
338.333	0.169104
338.889	0.0676085
339.444	0.0167707
340	0.129834
340.556	0.0179471
341.111	0.0521016
341.667	0.0118645
342.222	0.0676595
342.778	0.0915499
343.333	0.0115979
343.889	0.0464908
344.444	0.10511
345	0.118874
345.556	0.029311
346.111	0.0303603
346.667	0.129115
347.222	0.0092385
347.778	0.157449
348.333	0.0105469
348.889	0.0389727
349.444	0.0650029
350	0.244821
350.556	0.0238178
351.111	0.0217831
351.667	0.179309
352.222	0.0201663
352.778	0.02054
353.333	0.0537683
353.889	0.06061
354.444	0.0117942
355	0.0602696
355.556	0.149078
356.111	0.0700456
356.667	0.0406384
357.222	0.0892969
357.778	0.0229388
358.333	0.023789
358.889	0.0894031
359.444	0.00969585
360	0.0318911
360.556	0.00915752
361.111	0.0211288
361.667	0.0147027
362.222	0.0813277
362.778	0.013305
363.333	0.116191
363.889	0.0552642
364.444	0.107196
365	0.116675
365.556	0.0145783
366.111	0.00625119
366.667	0.0453681
367.222	0.0578415
367.778	0.154731
368.333	0.0274895
368.889	0.0387292
369.444	0.0990775
370	0.031918
370.556	0.0650721
371.111	0.111128
371.667	0.00760227
372.222	0.0359488
372.778	0.0759943
373.333	0.0422721
373.889	0.0321048
374.444	0.0880319
375	0.0925333
375.556	0.0483666
376.111	0.0515143
376.667	0.0237473
377.222	0.0191094
377.778	0.105233
378.333	0.032265
378.889	0.0170375
379.444	0.00540344
380	0.0510527
380.556	0.049837
381.111	4.0115e-05
381.667	0.0157154
382.222	0.057556
382.778	0.0276094
383.333	0.0290269
383.889	0.121542
384.444	0.0754746
385	0.0189183
385.556	0.112859
386.111	0.0500042
386.667	0.0426589
387.222	0.107498
387.778	0.0558527
388.333	0.0251849
388.889	0.00211604
389.444	0.0811492
390	0.0523017
390.556	0.0119957
391.111	0.0489373
391.667	0.0319664
392.222	0.0183307
392.778	0.0175546
393.333	0.0315323
393.889	0.00177277
394.444	0.00610054
395	0.060814
395.556	0.00733936
396.111	0.0537234
396.667	0.102731
397.222	0.0404974
397.778	0.0842989
398.333	0.0212615
398.889	0.0412764
399.444	0.00727081
400	0.0186626
400.556	0.0176126
401.111	0.0396895
401.667	0.00175161
402.222	0.0574658
402.778	0.013954
403.333	0.0116842
403.889	0.0814178
404.444	0.0565507
405	0.0160086
405.556	0.00473521
406.111	0.0538077
406.667	0.0706026
407.222	0.0197441
407.778	0.098597
408.333	0.0441269
408.889	0.0173175
409.444	0.0315473
410	0.064475
410.556	0.0352516
411.111	0.0405132
411.667	0.123556
412.222	0.0168707
412.778	0.0206041
413.333	0.00831401
413.889	0.070928
414.444	0.0990339
415	0.0517888
415.556	0.043226
416.111	0.06043
416.667	0.0280016
417.222	0.0501963
417.778	0.0954451
418.333	0.0292892
418.889	0.0591475
419.444	0.0144118
420	0.0320234
420.556	0.0139253
421.111	0.0673223
421.667	0.00362019
422.222	0.0617744
422.778	9.25223e-05
423.333	0.0619648
423.889	0.0273303
424.444	0.0051686
425	0.033173
425.556	0.0571521
426.111	0.0240394
426.667	0.020218
427.222	0.0198612
427.778	0.00977082
428.333	0.0540344
428.889	0.0340152
429.444	0.0140859
430	0.00296419
430.556	0.0354161
431.111	0.0515207
431.667	0.0531021
432.222	0.0131903
432.778	0.083178
433.333	0.0443237
433.889	0.0565104
434.444	0.0412421
435	0.0162922
435.556	0.0398037
436.111	0.0444582
436.667	0.0106617
437.222	0.0436663
437.778	0.0169316
438.333	0.0311914
438.889	0.0423487
439.444	0.0434973
440	0.0291325
440.556	0.0144547
441.111	0.0753544
441.667	0.0327541
442.222	0.0636033
442.778	0.0621191
443.333	0.0791239
443.889	0.00685236
444.444	0.0110271
445	0.00251362
445.556	0.0751154
446.111	0.0314057
446.667	0.0669876
447.222	0.0683682
447.778	0.0475483
448.333	0.0208602
448.889	0.00368905
449.444	0.0521817
450	0.0193584
450.556	0.0534576
451.111	0.0333814
451.667	0.015019
452.222	0.0830735
452.778	0.0267913
453.333	0.0296287
453.889	0.0129942
454.444	0.0537535
455	0.0273978
455.556	0.0151348
456.111	0.0114213
456.667	0.00135466
457.222	0.0291391
457.778	0.02335
458.333	0.0213181
458.889	0.0252235
459.444	0.0197787
460	0.00581542
460.556	0.0435504
461.111	0.0105669
461.667	0.0078218
462.222	0.00304595
462.778	0.0321339
463.333	0.0141303
463.889	0.0126913
464.444	0.00627897
465	0.0280786
465.556	0.0257018
466.111	0.0248215
466.667	0.0507273
467.222	0.0681907
467.778	0.0015133
468.333	0.0474099
468.889	0.0312783
469.444	0.0199102
470	0.0336608
470.556	0.0333461
471.111	0.0164828
471.667	0.00301946
472.222	0.0870604
472.778	0.00861071
473.333	0.00247743
473.889	0.0137978
474.444	0.0536834
475	0.0206363
475.556	0.0279963
476.111	0.033679
476.667	0.0134009
477.222	0.0568938
477.778	0.0852613
478.333	0.0301517
478.889	0.0327656
479.444	0.0489037
480	0.0142973
480.556	0.00785024
481.111	0.0280006
481.667	0.0824874
482.222	0.0101785
482.778	0.00658372
483.333	0.0291965
483.889	0.0104409
484.444	0.0207174
485	0.0718807
485.556	0.0625568
486.111	0.0467764
486.667	0.0458354
487.222	0.00544224
487.778	0.00332679
488.333	0.0318549
488.889	0.00241504
489.444	0.0479332
490	0.00971584
490.556	0.0209799
491.111	0.0277807
491.667	0.01971
492.222	0.0348429
492.778	0.0145747
493.333	0.00341926
493.889	0.0318014
494.444	0.00533901
495	0.0397722
495.556	0.0205731
496.111	0.00320157
496.667	0.027296
497.222	0.00546176
497.778	0.0112782
498.333	0.00518026
498.889	0.0231661
499.444	0.0312866
500	0.0246138
500.556	0.0167962
501.111	0.0143942
501.667	0.0230147
502.222	0.013527
502.778	0.00206093
503.333	0.0297196
503.889	0.00781185
504.444	0.0174373
505	0.023432
505.556	0.0547028
506.111	0.0232754
506.667	0.0350748
507.222	0.0298687
507.778	0.00538966
508.333	0.0327623
508.889	0.0313326
509.444	0.0305749
510	0.01514
510.556	0.0309089
511.111	0.0489433
511.667	0.0351402
512.222	0.0319459
512.778	0.0219574
513.333	0.0445303
513.889	0.0170153
514.444	0.053006
515	0.00740224
515.556	0.00619866
516.111	0.0280615
516.667	0.0207375
517.222	0.020957
517.778	0.0303592
518.333	0.010873
518.889	0.0302185
519.444	0.00569432
520	0.00349241
520.556	0.0210475
521.111	0.00240777
521.667	0.0367854
522.222	0.00767889
522.778	0.00593816
523.333	0.0351212
523.889	0.0136041
524.444	0.0433757
525	0.0168118
525.556	0.00174588
526.111	0.00458009
526.667	0.00792924
527.222	0.0240502
527.778	0.00969972
528.333	0.00311739
528.889	0.0127114
529.444	0.0162873
530	0.00391809
530.556	0.0154003
531.111	0.0247879
531.667	0.000283395
532.222	0.0432786
532.778	0.0102625
533.333	0.0272995
533.889	0.00286072
534.444	0.0321215
535	0.00515732
535.556	0.0448723
536.111	0.0277767
536.667	0.0183063
537.222	0.00912775
537.778	0.0281873
538.333	0.0466466
538.889	0.0320011
539.444	0.0389617
540	0.0247286
540.556	0.0368229
541.111	0.0054719
541.667	0.00955435
542.222	0.0219076
542.778	0.0108722
543.333	0.0507232
543.889	0.0122018
544.444	0.00377111
545	0.0135536
545.556	0.0557675
546.111	0.0100807
546.667	0.034184
547.222	0.0278214
547.778	0.0416015
548.333	0.00470604
548.889	0.0292213
549.444	0.00043685
550	0.0228603
550.556	0.0398644
551.111	0.0248291
551.667	0.0243417
552.222	0.00418535
552.778	0.00519098
553.333	0.0305219
553.889	0.00344207
554.444	0.000126404
555	0.02925
555.556	0.0328157
556.111	0.00249896
556.667	0.0044429
557.222	0.00188981
557.778	0.00503915
558.333	0.00630762
558.889	0.00765032
559.444	0.0413135
560	0.0151175
560.556	0.00194673
561.111	0.0113786
561.667	0.0135589
562.222	0.00125413
562.778	0.00300619
563.333	0.0459769
563.889	0.0175608
564.444	0.000163918
565	0.0290119
565.556	0.00558244
566.111	0.0205994
566.667	0.0213041
567.222	0.0222044
567.778	0.0117913
568.333	0.0227654
568.889	0.00239486
569.444	0.00802169
570	0.0118845
570.556	0.0377205
571.111	0.0222984
571.667	0.00460413
572.222	0.0151461
572.778	0.00759021
573.333	0.0119698
573.889	0.0167074
574.444	0.0401358
575	0.0327728
575.556	0.000291694
576.111	0.000535682
576.667	0.0205149
577.222	0.0208038
577.778	0.000786532
578.333	0.032748
578.889	0.00767613
579.444	0.0336758
580	0.0256365
580.556	0.036275
581.111	0.0229271
581.667	0.0169744
582.222	0.010806
582.778	0.0177091
583.333	0.0107013
583.889	0.00509558
584.444	0.048786
585	0.00438251
585.556	0.0417398
586.111	0.0274609
586.667	0.044465
587.222	0.00903376
587.778	0.0143274
588.333	0.0126667
588.889	0.016155
589.444	0.0312339
590	0.0315482
590.556	0.0062951
591.111	0.0186149
591.667	0.0458733
592.222	0.0163557
592.778	0.0161308
593.333	0.0196974
593.889	0.022951
594.444	0.00248876
595	0.00734727
595.556	0.0188173
596.111	0.0162655
596.667	0.0206033
597.222	0.00892041
597.778	0.0375265
598.333	0.0146662
598.889	0.00595596
599.444	0.0191507
600	0.0138253
600.556	0.0122293
601.111	0.00668629
601.667	0.0049643
602.222	0.0250639
602.778	0.0123086
603.333	0.0172044
603.889	0.0201836
604.444	0.0192039
605	0.0280876
605.556	0.0298676
606.111	0.0261273
606.667	0.00402092
607.222	0.0102785
607.778	0.00747949
608.333	0.019581
608.889	0.00768963
609.444	0.0446042
610	0.0298849
610.556	0.000567857
611.111	0.00714619
611.667	0.0214736
612.222	0.0168319
612.778	0.0133628
613.333	0.0412505
613.889	0.0158276
614.444	0.0068528
615	0.0196078
615.556	0.0255298
616.111	0.0209179
616.667	0.0399197
617.222	0.0404078
617.778	0.016358
618.333	0.00893351
618.889	0.0280843
619.444	0.0100129
620	0.00521394
620.556	0.0475121
621.111	0.0420151
621.667	0.000844627
622.222	0.000292238
622.778	0.0220297
623.333	0.0314448
623.889	0.0263336
624.444	0.0194817
625	0.0222376
625.556	0.00309253
626.111	0.0214514
626.667	0.019673
627.222	0.00799295
627.778	0.00625328
628.333	0.0315656
628.889	0.00816363
629.444	0.0203755
630	0.006604
630.556	0.0109481
631.111	0.00208194
631.667	0.00522862
632.222	0.0272596
632.778	0.000298758
633.333	0.02296
633.889	0.0146856
634.444	0.0166149
635	0.0131428
635.556	0.00370209
636.111	0.0118316
636.667	0.0224482
637.222	0.038854
637.778	0.0114199
638.333	0.0207897
638.889	0.0251868
639.444	0.00701457
640	0.0138701
640.556	0.0342148
641.111	0.0379794
641.667	0.0051419
642.222	0.0203668
642.778	0.0194801
643.333	0.0247009
643.889	0.0303302
644.444	0.0519175
645	0.0234452
645.556	0.00922667
646.111	0.0249166
646.667	0.0155144
647.222	0.00516052
647.778	0.0250364
648.333	0.0401313
648.889	0.0079471
649.444	0.0196597
650	0.0290194
650.556	0.0165373
651.111	0.00287272
651.667	0.0386963
652.222	0.035718
652.778	0.00154709
653.333	0.0261268
653.889	0.0119358
654.444	0.0162354
655	0.00678493
655.556	0.0423467
656.111	0.0200578
656.667	0.00131747
657.222	0.016324
657.778	0.00475378
658.333	0.00410819
658.889	0.0104039
659.444	0.0385562
660	0.0146831
660.556	0.00382597
661.111	0.00295407
661.667	0.0210999
662.222	0.00902339
662.778	0.00662406
663.333	0.0176118
663.889	0.022072
664.444	0.00227408
665	0.0121682
665.556	0.00736989
666.111	0.0226257
666.667	0.00322494
667.222	0.0218718
667.778	0.0185809
668.333	0.0300753
668.889	0.000737311
669.444	0.0194082
670	0.0142412
670.556	0.0055386
671.111	0.026442
671.667	0.0340335
672.222	0.0326498
672.778	0.00389969
673.333	0.0349201
673.889	0.0197347
674.444	0.01529
675	0.0184834
675.556	0.0426659
676.111	0.0113183
676.667	0.0105215
677.222	0.0314598
677.778	0.0146082
678.333	0.0105574
678.889	0.0324055
679.444	0.0195694
680	0.0325127
680.556	0.0356483
681.111	0.0122956
681.667	0.00311016
682.222	0.0159727
682.778	0.0301574
683.333	0.0296444
683.889	0.00361754
684.444	0.0206116
685	0.0229336
685.556	0.0148637
686.111	0.00662109
686.667	0.024211
687.222	0.0285514
687.778	0.00746256
688.333	0.0179243
688.889	0.0118747
689.444	0.0125881
690	0.0125144
690.556	0.018704
691.111	0.0243319
691.667	0.000337612
692.222	0.00643453
692.778	0.00779864
693.333	0.0118186
693.889	0.0162067
694.444	0.018098
695	0.0161089
695.556	0.00573042
696.111	0.0022859
696.667	0.00874721
697.222	0.00886388
697.778	0.00137264
698.333	0.0390053
698.889	0.0235352
699.444	0.0107347
700	0.00462437
700.556	0.0232185
701.111	0.0152771
701.667	0.0107035
702.222	0.0375267
702.778	0.0248949
703.333	0.00327668
703.889	0.00529894
704.444	0.0239862
705	0.010686
705.556	0.0258408
706.111	0.0297021
706.667	0.0122216
707.222	0.00152774
707.778	0.0165695
708.333	0.0151354
708.889	0.00403838
709.444	0.021546
710	0.0315621
710.556	0.00602657
711.111	0.00234545
711.667	0.0169185
712.222	0.0290063
712.778	0.00744741
713.333	0.013977
713.889	0.0233034
714.444	0.0245486
715	0.00736066
715.556	0.00992235
716.111	0.0197836
716.667	0.00142099
717.222	0.0232036
717.778	0.0165557
718.333	0.0169357
718.889	0.00612665
719.444	0.0239355
720	0.00271146
720.556	0.00231782
721.111	0.0136855
721.667	0.018302
722.222	0.022282
722.778	0.00759756
723.333	0.015434
723.889	0.0189015
724.444	0.0111375
725	0.000811888
725.556	0.0330176
726.111	0.0238838
726.667	0.00157629
727.222	0.0218776
727.778	0.0181744
728.333	0.00321246
728.889	0.0152783
729.444	0.029108
730	0.0336234
730.556	0.00535009
731.111	0.0224814
731.667	0.0127756
732.222	0.00127945
732.778	0.0255041
733.333	0.0376481
733.889	0.0155914
734.444	0.00672438
735	0.0254344
735.556	0.0125075
736.111	0.0038529
736.667	0.0247384
737.222	0.0357298
737.778	0.00946459
738.333	0.0202235
738.889	0.0156515
739.444	0.0101722
740	0.00508262
740.556	0.0223581
741.111	0.0252772
741.667	0.0014922
742.222	0.00928095
742.778	0.00540691
743.333	0.0148521
743.889	0.000746789
744.444	0.0251145
745	0.0170581
745.556	0.00970018
746.111	0.00639236
746.667	0.0148547
747.222	0.0116775
747.778	0.000953416
748.333	0.0240656
748.889	0.0294528
749.444	0.00834159
750	0.0099862
750.556	0.0165429
751.111	0.0274369
751.667	0.00467422
752.222	0.0172748
752.778	0.029804
753.333	0.0143101
753.889	0.00228558
754.444	0.0145331
755	0.0252776
755.556	0.00758185
756.111	0.0270194
756.667	0.0267637
757.222	0.023887
757.778	0.0088087
758.333	0.032869
758.889	0.0152733
759.444	0.0102494
760	0.0359506
760.556	0.0325334
761.111	0.0148797
761.667	0.00874159
762.222	0.0369516
762.778	0.0136516
763.333	0.0185437
763.889	0.0268848
764.444	0.03287
765	0.00733271
765.556	0.0198636
766.111	0.0184644
766.667	0.00683079
767.222	0.0220947
767.778	0.025792
768.333	0.0207475
768.889	0.0151444
769.444	0.0198543
770	0.0108268
770.556	0.00199165
771.111	0.00852863
771.667	0.0241325
772.222	0.0220247
772.778	0.00626326
773.333	0.00930852
773.889	0.0135658
774.444	0.00479613
775	0.00213768
775.556	0.012643
776.111	0.0261934
776.667	0.00335053
777.222	0.00396625
777.778	0.00803928
778.333	0.0151377
778.889	0.00424949
779.444	0.0206996
780	0.0315397
780.556	0.0133897
781.111	0.00541665
781.667	0.0146111
782.222	0.0223063
782.778	0.00473954
783.333	0.0346183
783.889	0.0305371
784.444	0.0178154
785	0.00900503
785.556	0.0242284
786.111	0.0224082
786.667	0.00968703
787.222	0.0362317
787.778	0.0336014
788.333	0.00198942
788.889	0.00922104
789.444	0.0271499
790	0.0145932
790.556	0.023874
791.111	0.0361379
791.667	0.0289464
792.222	0.00147324
792.778	0.0161437
793.333	0.0203085
793.889	0.00647099
794.444	0.0272699
795	0.0307643
795.556	0.0171501
796.111	0.00416828
796.667	0.016255
797.222	0.0194792
797.778	0.00280826
798.333	0.016817
798.889	0.0277473
799.444	0.011942
800	0.00475922
800.556	0.0081874
801.111	0.0213957
801.667	0.00423738
802.222	0.00880856
802.778	0.0158293
803.333	0.0242422
803.889	0.00622601
804.444	0.00600063
805	0.0170567
805.556	0.00805405
806.111	0.0117952
806.667	0.0192811
807.222	0.0254121
807.778	0.0138933
808.333	0.0214185
808.889	0.0173791
809.444	0.00903873
810	0.0035403
810.556	0.0260558
811.111	0.0335958
811.667	0.00906627
812.222	0.0167179
812.778	0.0245163
813.333	0.00477459
813.889	0.0113172
814.444	0.0342537
815	0.0342346
815.556	0.00280496
816.111	0.0169274
816.667	0.0240262
817.222	0.0112318
817.778	0.0232719
818.333	0.0376038
818.889	0.0321059
819.444	0.005758
820	0.0253115
820.556	0.0174048
821.111	0.00381399
821.667	0.0238589
822.222	0.0365936
822.778	0.0147224
823.333	0.00419403
823.889	0.0185281
824.444	0.0150864
825	0.00212139
825.556	0.0185577
826.111	0.0328479
826.667	0.0148206
827.222	0.0101083
827.778	0.0115542
828.333	0.0132744
828.889	0.00317748
829.444	0.0186832
830	0.0238075
830.556	0.0116756
831.111	0.000729932
831.667	0.00670606
832.222	0.01159
832.778	0.0047098
833.333	0.0205546
833.889	0.0198917
834.444	0.0140697
835	0.00814844
835.556	0.0114535
836.111	0.0175217
836.667	0.00698099
837.222	0.0131809
837.778	0.0311086
838.333	0.0203569
838.889	0.00829692
839.444	0.0165299
840	0.029064
840.556	0.00091999
841.111	0.0184206
841.667	0.0329969
842.222	0.0250439
842.778	0.00292538
843.333	0.0220159
843.889	0.0273151
844.444	0.00281185
845	0.0248285
845.556	0.0289222
846.111	0.0239857
846.667	0.0047022
847.222	0.0313767
847.778	0.0141084
848.333	0.00318707
848.889	0.0261647
849.444	0.0272655
850	0.0186221
850.556	0.00798486
851.111	0.0267373
851.667	0.0140076
852.222	0.0140193
852.778	0.0217898
853.333	0.0303871
853.889	0.0120909
854.444	0.0115819
855	0.0149344
855.556	0.00777508
856.111	0.00661287
856.667	0.0188115
857.222	0.0211756
857.778	0.0132606
858.333	0.00778844
858.889	0.0143794
859.444	0.00385031
860	6.39423e-05
860.556	0.0196818
861.111	0.0214255
861.667	0.0115623
862.222	0.000277742
862.778	0.0152025
863.333	0.0122062
863.889	0.00213854
864.444	0.01723
865	0.0362342
865.556	0.0201428
866.111	0.00135206
866.667	0.0154142
867.222	0.0223343
867.778	0.00126925
868.333	0.0261464
868.889	0.0331225
869.444	0.0172106
870	0.00637638
870.556	0.0224789
871.111	0.0203391
871.667	0.000944127
872.222	0.0342172
872.778	0.0306647
873.333	0.01414
873.889	0.0124307
874.444	0.0258592
875	0.0179213
875.556	0.0105502
876.111	0.0313741
876.667	0.0319153
877.222	0.00697741
877.778	0.010262
878.333	0.0194204
878.889	0.0108723
879.444	0.0182782
880	0.0276583
880.556	0.0222715
881.111	0.00310339
881.667	0.0150883
882.222	0.0171948
882.778	0.00480343
883.333	0.0143241
883.889	0.0263996
884.444	0.0153646
885	0.0131736
885.556	0.00947001
886.111	0.0180608
886.667	0.00487747
887.222	0.00746143
887.778	0.0218462
888.333	0.0228558
888.889	0.0117659
889.444	0.00281586
890	0.0204106
890.556	0.00765613
891.111	0.0055908
891.667	0.0181544
892.222	0.0282172
892.778	0.014415
893.333	0.00517733
893.889	0.01941
894.444	0.0142498
895	0.00381693
895.556	0.0252697
896.111	0.0293085
896.667	0.0217553
897.222	0.0126768
897.778	0.0248777
898.333	0.0141266
898.889	0.00588294
899.444	0.0352447
900	0.0362081
900.556	0.00923608
901.111	0.0173599
901.667	0.0264688
902.222	0.00739482
902.778	0.0174229
903.333	0.0345684
903.889	0.0326332
904.444	0.0027039
905	0.0213051
905.556	0.0203032
906.111	0.00497762
906.667	0.0206709
907.222	0.0317496
907.778	0.0181126
908.333	0.00218456
908.889	0.0184555
909.444	0.0112597
910	0.000983287
910.556	0.0180146
911.111	0.0297861
911.667	0.0125735
912.222	0.0010659
912.778	0.00881103
913.333	0.0120352
913.889	0.00209011
914.444	0.013402
915	0.0197538
915.556	0.0192677
916.111	0.00164139
916.667	0.00116425
917.222	0.0150039
917.778	0.00905865
918.333	0.0104617
918.889	0.0198335
919.444	0.0193858
920	0.0104025
920.556	0.00612479
921.111	0.0176377
921.667	0.0131885
922.222	0.00997211
922.778	0.0287088
923.333	0.0235108
923.889	0.0172058
924.444	0.0113978
925	0.0242746
925.556	0.0103386
926.111	0.0152688
926.667	0.0323697
927.222	0.0291282
927.778	0.00491169
928.333	0.0174646
928.889	0.0289171
929.444	0.00196041
930	0.0218942
930.556	0.0360771
931.111	0.0269573
931.667	0.000472496
932.222	0.0248187
932.778	0.0210032
933.333	0.000218019
933.889	0.030318
934.444	0.033038
935	0.018492
935.556	0.0046027
936.111	0.0253951
936.667	0.011912
937.222	0.00549738
937.778	0.0234211
938.333	0.0242626
938.889	0.0138514
939.444	0.00894627
940	0.0150411
940.556	0.00982274
941.111	0.00883045
941.667	0.0153347
942.222	0.022463
942.778	0.0144445
943.333	0.00266428
943.889	0.00863184
944.444	0.00738089
945	0.00234259
945.556	0.0140443
946.111	0.0213763
946.667	0.0182674
947.222	0.00465529
947.778	0.0143818
948.333	0.011085
948.889	0.00744038
949.444	0.0110862
950	0.0280944
950.556	0.0225508
951.111	0.00261402
951.667	0.0163501
952.222	0.0207539
952.778	0.00522366
953.333	0.014565
953.889	0.0366152
954.444	0.0261472
955	0.00136564
955.556	0.0229406
956.111	0.0227552
956.667	0.00151292
957.222	0.0279484
957.778	0.0375097
958.333	0.0201778
958.889	0.00669277
959.444	0.0269318
960	0.0161578
960.556	0.00336486
961.111	0.0317495
961.667	0.0324945
962.222	0.0114631
962.778	0.010798
963.333	0.0211467
963.889	0.0166349
964.444	0.013735
965	0.0266794
965.556	0.0273833
966.111	0.00731896
966.667	0.0116803
967.222	0.016672
967.778	0.0116642
968.333	0.0111353
968.889	0.0216684
969.444	0.0220665
970	0.00885572
970.556	0.00335089
971.111	0.0132723
971.667	0.00673956
972.222	0.00321811
972.778	0.0218649
973.333	0.016056
973.889	0.014833
974.444	5.55204e-05
975	0.0129488
975.556	0.0145939
976.111	0.000207994
976.667	0.017568
977.222	0.0267083
977.778	0.0202035
978.333	0.000439679
978.889	0.0184626
979.444	0.0193231
980	0.00166433
980.556	0.0220456
981.111	0.0336061
981.667	0.0191889
982.222	0.00522924
982.778	0.0238538
983.333	0.0171782
983.889	0.00145234
984.444	0.0291225
985	0.0324562
985.556	0.0170919
986.111	0.0136827
986.667	0.0274401
987.222	0.014515
987.778	0.0100595
988.333	0.0314362
988.889	0.0334729
989.444	0.00803834
990	0.0158703
990.556	0.0247265
991.111	0.00945219
991.667	0.0166793
992.222	0.0299163
992.778	0.0262319
993.333	0.00481877
993.889	0.0150115
994.444	0.018496
995	0.00377343
995.556	0.0138886
996.111	0.0273828
996.667	0.0153088
997.222	0.00724433
997.778	0.00952461
998.333	0.0118629
998.889	0.00490081
999.444	0.00730066
1000	0.0207646
1000.56	0.0207646
1001.11	0.00730066
1001.67	0.00490081
1002.22	0.0118629
1002.78	0.00952461
1003.33	0.00724433
1003.89	0.0153088
1004.44	0.0273828
1005	0.0138886
1005.56	0.00377343
1006.11	0.018496
1006.67	0.0150115
1007.22	0.00481877
1007.78	0.0262319
1008.33	0.0299163
1008.89	0.0166793
1009.44	0.00945219
1010	0.0247265
1010.56	0.0158703
1011.11	0.00803834
1011.67	0.0334729
1012.22	0.0314362
1012.78	0.0100595
1013.33	0.014515
1013.89	0.0274401
1014.44	0.0136827
1015	0.0170919
1015.56	0.0324562
1016.11	0.0291225
1016.67	0.00145234
1017.22	0.0171782
1017.78	0.0238538
1018.33	0.00522924
1018.89	0.0191889
1019.44	0.0336061
1020	0.0220456
1020.56	0.00166433
1021.11	0.0193231
1021.67	0.0184626
1022.22	0.000439679
1022.78	0.0202035
1023.33	0.0267083
1023.89	0.017568
1024.44	0.000207994
1025	0.0145939
1025.56	0.0129488
1026.11	5.55204e-05
1026.67	0.014833
1027.22	0.016056
1027.78	0.0218649
1028.33	0.00321811
1028.89	0.00673956
1029.44	0.0132723
1030	0.00335089
1030.56	0.00885572
1031.11	0.0220665
1031.67	0.0216684
1032.22	0.0111353
1032.78	0.0116642
1033.33	0.016672
1033.89	0.0116803
1034.44	0.00731896
1035	0.0273833
1035.56	0.0266794
1036.11	0.013735
1036.67	0.0166349
1037.22	0.0211467
1037.78	0.010798
1038.33	0.0114631
1038.89	0.0324945
1039.44	0.0317495
1040	0.00336486
1040.56	0.0161578
1041.11	0.0269318
1041.67	0.00669277
1042.22	0.0201778
1042.78	0.0375097
1043.33	0.0279484
1043.89	0.00151292
1044.44	0.0227552
1045	0.0229406
1045.56	0.00136564
1046.11	0.0261472
1046.67	0.0366152
1047.22	0.014565
1047.78	0.00522366
1048.33	0.0207539
1048.89	0.0163501
1049.44	0.00261402
1050	0.0225508
1050.56	0.0280944
1051.11	0.0110862
1051.67	0.00744038
1052.22	0.011085
1052.78	0.0143818
1053.33	0.00465529
1053.89	0.0182674
1054.44	0.0213763
1055	0.0140443
1055.56	0.00234259
1056.11	0.00738089
1056.67	0.00863184
1057.22	0.00266428
1057.78	0.0144445
1058.33	0.022463
1058.89	0.0153347
1059.44	0.00883045
1060	0.00982274
1060.56	0.0150411
1061.11	0.00894627
1061.67	0.0138514
1062.22	0.0242626
1062.78	0.0234211
1063.33	0.00549738
1063.89	0.011912
1064.44	0.0253951
1065	0.0046027
1065.56	0.018492
1066.11	0.033038
1066.67	0.030318
1067.22	0.000218019
1067.78	0.0210032
1068.33	0.0248187
1068.89	0.000472496
1069.44	0.0269573
1070	0.0360771
1070.56	0.0218942
1071.11	0.00196041
1071.67	0.0289171
1072.22	0.0174646
1072.78	0.00491169
1073.33	0.0291282
1073.89	0.0323697
1074.44	0.0152688
1075	0.0103386
1075.56	0.0242746
1076.11	0.0113978
1076.67	0.0172058
1077.22	0.0235108
1077.78	0.0287088
1078.33	0.00997211
1078.89	0.0131885
1079.44	0.0176377
1080	0.00612479
1080.56	0.0104025
1081.11	0.0193858
1081.67	0.0198335
1082.22	0.0104617
1082.78	0.00905865
1083.33	0.0150039
1083.89	0.00116425
1084.44	0.00164139
1085	0.0192677
1085.56	0.0197538
1086.11	0.013402
1086.67	0.00209011
1087.22	0.0120352
1087.78	0.00881103
1088.33	0.0010659
1088.89	0.0125735
1089.44	0.0297861
1090	0.0180146
1090.56	0.000983287
1091.11	0.0112597
1091.67	0.0184555
1092.22	0.00218456
1092.78	0.0181126
1093.33	0.0317496
1093.89	0.0206709
1094.44	0.00497762
1095	0.0203032
1095.56	0.0213051
1096.11	0.0027039
1096.67	0.0326332
1097.22	0.0345684
1097.78	0.0174229
1098.33	0.00739482
1098.89	0.0264688
1099.44	0.0173599
1100	0.00923608
1100.56	0.0362081
1101.11	0.0352447
1101.67	0.00588294
1102.22	0.0141266
1102.78	0.0248777
1103.33	0.0126768
1103.89	0.0217553
1104.44	0.0293085
1105	0.0252697
1105.56	0.00381693
1106.11	0.0142498
1106.67	0.01941
1107.22	0.00517733
1107.78	0.014415
1108.33	0.0282172
1108.89	0.0181544
1109.44	0.0055908
1110	0.00765613
1110.56	0.0204106
1111.11	0.00281586
1111.67	0.0117659
1112.22	0.0228558
1112.78	0.0218462
1113.33	0.00746143
1113.89	0.00487747
1114.44	0.0180608
1115	0.00947001
1115.56	0.0131736
1116.11	0.0153646
1116.67	0.0263996
1117.22	0.0143241
1117.78	0.00480343
1118.33	0.0171948
1118.89	0.0150883
1119.44	0.00310339
1120	0.0222715
1120.56	0.0276583
1121.11	0.0182782
1121.67	0.0108723
1122.22	0.0194204
1122.78	0.010262
1123.33	0.00697741
1123.89	0.0319153
1124.44	0.0313741
1125	0.0105502
1125.56	0.0179213
1126.11	0.0258592
1126.67	0.0124307
1127.22	0.01414
1127.78	0.0306647
1128.33	0.0342172
1128.89	0.000944127
1129.44	0.0203391
1130	0.0224789
1130.56	0.00637638
1131.11	0.0172106
1131.67	0.0331225
1132.22	0.0261464
1132.78	0.00126925
1133.33	0.0223343
1133.89	0.0154142
1134.44	0.00135206
1135	0.0201428
1135.56	0.0362342
1136.11	0.01723
1136.67	0.00213854
1137.22	0.0122062
1137.78	0.0152025
1138.33	0.000277742
1138.89	0.0115623
1139.44	0.0214255
1140	0.0196818
1140.56	6.39423e-05
1141.11	0.00385031
1141.67	0.0143794
1142.22	0.00778844
1142.78	0.0132606
1143.33	0.0211756
1143.89	0.0188115
1144.44	0.00661287
1145	0.00777508
1145.56	0.0149344
1146.11	0.0115819
1146.67	0.0120909
1147.22	0.0303871
1147.78	0.0217898
1148.33	0.0140193
1148.89	0.0140076
1149.44	0.0267373
1150	0.00798486
1150.56	0.0186221
1151.11	0.0272655
1151.67	0.0261647
1152.22	0.00318707
1152.78	0.0141084
1153.33	0.0313767
1153.89	0.0047022
1154.44	0.0239857
1155	0.0289222
1155.56	0.0248285
1156.11	0.00281185
1156.67	0.0273151
1157.22	0.0220159
1157.78	0.00292538
1158.33	0.0250439
1158.89	0.0329969
1159.44	0.0184206
1160	0.00091999
1160.56	0.029064
1161.11	0.0165299
1161.67	0.00829692
1162.22	0.0203569
1162.78	0.0311086
1163.33	0.0131809
1163.89	0.00698099
1164.44	0.0175217
1165	0.0114535
1165.56	0.00814844
1166.11	0.0140697
1166.67	0.0198917
1167.22	0.0205546
1167.78	0.0047098
1168.33	0.01159
1168.89	0.00670606
1169.44	0.000729932
1170	0.0116756
1170.56	0.0238075
1171.11	0.0186832
1171.67	0.00317748
1172.22	0.0132744
1172.78	0.0115542
1173.33	0.0101083
1173.89	0.0148206
1174.44	0.0328479
1175	0.0185577
1175.56	0.00212139
1176.11	0.0150864
1176.67	0.0185281
1177.22	0.00419403
1177.78	0.0147224
1178.33	0.0365936
1178.89	0.0238589
1179.44	0.00381399
1180	0.0174048
1180.56	0.0253115
1181.11	0.005758
1181.67	0.0321059
1182.22	0.0376038
1182.78	0.0232719
1183.33	0.0112318
1183.89	0.0240262
1184.44	0.0169274
1185	0.00280496
1185.56	0.0342346
1186.11	0.0342537
1186.67	0.0113172
1187.22	0.00477459
1187.78	0.0245163
1188.33	0.0167179
1188.89	0.00906627
1189.44	0.0335958
1190	0.0260558
1190.56	0.0035403
1191.11	0.00903873
1191.67	0.0173791
1192.22	0.0214185
1192.78	0.0138933
1193.33	0.0254121
1193.89	0.0192811
1194.44	0.0117952
1195	0.00805405
1195.56	0.0170567
1196.11	0.00600063
1196.67	0.00622601
1197.22	0.0242422
1197.78	0.0158293
1198.33	0.00880856
1198.89	0.00423738
1199.44	0.0213957
1200	0.0081874
1200.56	0.00475922
1201.11	0.011942
1201.67	0.0277473
1202.22	0.016817
1202.78	0.00280826
1203.33	0.0194792
1203.89	0.016255
1204.44	0.00416828
1205	0.0171501
1205.56	0.0307643
1206.11	0.0272699
1206.67	0.00647099
1207.22	0.0203085
1207.78	0.0161437
1208.33	0.00147324
1208.89	0.0289464
1209.44	0.0361379
1210	0.023874
1210.56	0.0145932
1211.11	0.0271499
1211.67	0.00922104
1212.22	0.00198942
1212.78	0.0336014
1213.33	0.0362317
1213.89	0.00968703
1214.44	0.0224082
1215	0.0242284
1215.56	0.00900503
1216.11	0.0178154
1216.67	0.0305371
1217.22	0.0346183
1217.78	0.00473954
1218.33	0.0223063
1218.89	0.0146111
1219.44	0.00541665
1220	0.0133897
1220.56	0.0315397
1221.11	0.0206996
1221.67	0.00424949
1222.22	0.0151377
1222.78	0.00803928
1223.33	0.00396625
1223.89	0.00335053
1224.44	0.0261934
1225	0.012643
1225.56	0.00213768
1226.11	0.00479613
1226.67	0.0135658
1227.22	0.00930852
1227.78	0.00626326
1228.33	0.0220247
1228.89	0.0241325
1229.44	0.00852863
1230	0.00199165
1230.56	0.0108268
1231.11	0.0198543
1231.67	0.0151444
1232.22	0.0207475
1232.78	0.025792
1233.33	0.0220947
1233.89	0.00683079
1234.44	0.0184644
1235	0.0198636
1235.56	0.00733271
1236.11	0.03287
1236.67	0.0268848
1237.22	0.0185437
1237.78	0.0136516
1238.33	0.0369516
1238.89	0.00874159
1239.44	0.0148797
1240	0.0325334
1240.56	0.0359506
1241.11	0.0102494
1241.67	0.0152733
1242.22	0.032869
1242.78	0.0088087
1243.33	0.023887
1243.89	0.0267637
1244.44	0.0270194
1245	0.00758185
1245.56	0.0252776
1246.11	0.0145331
1246.67	0.00228558
1247.22	0.0143101
1247.78	0.029804
1248.33	0.0172748
1248.89	0.00467422
1249.44	0.0274369
1250	0.0165429
1250.56	0.0099862
1251.11	0.00834159
1251.67	0.0294528
1252.22	0.0240656
1252.78	0.000953416
1253.33	0.0116775
1253.89	0.0148547
1254.44	0.00639236
1255	0.00970018
1255.56	0.0170581
1256.11	0.0251145
1256.67	0.000746789
1257.22	0.0148521
1257.78	0.00540691
1258.33	0.00928095
1258.89	0.0014922
1259.44	0.0252772
1260	0.0223581
1260.56	0.00508262
1261.11	0.0101722
1261.67	0.0156515
1262.22	0.0202235
1262.78	0.00946459
1263.33	0.0357298
1263.89	0.0247384
1264.44	0.0038529
1265	0.0125075
1265.56	0.0254344
1266.11	0.00672438
1266.67	0.0155914
1267.22	0.0376481
1267.78	0.0255041
1268.33	0.00127945
1268.89	0.0127756
1269.44	0.0224814
1270	0.00535009
1270.56	0.0336234
1271.11	0.029108
1271.67	0.0152783
1272.22	0.00321246
1272.78	0.0181744
1273.33	0.0218776
1273.89	0.00157629
1274.44	0.0238838
1275	0.0330176
1275.56	0.000811888
1276.11	0.0111375
1276.67	0.0189015
1277.22	0.015434
1277.78	0.00759756
1278.33	0.022282
1278.89	0.018302
1279.44	0.0136855
1280	0.00231782
1280.56	0.00271146
1281.11	0.0239355
1281.67	0.00612665
1282.22	0.0169357
1282.78	0.0165557
1283.33	0.0232036
1283.89	0.00142099
1284.44	0.0197836
1285	0.00992235
1285.56	0.00736066
1286.11	0.0245486
1286.67	0.0233034
1287.22	0.013977
1287.78	0.00744741
1288.33	0.0290063
1288.89	0.0169185
1289.44	0.00234545
1290	0.00602657
1290.56	0.0315621
1291.11	0.021546
1291.67	0.00403838
1292.22	0.0151354
1292.78	0.0165695
1293.33	0.00152774
1293.89	0.0122216
1294.44	0.0297021
1295	0.0258408
1295.56	0.010686
1296.11	0.0239862
1296.67	0.00529894
1297.22	0.00327668
1297.78	0.0248949
1298.33	0.0375267
1298.89	0.0107035
1299.44	0.0152771
1300	0.0232185
1300.56	0.00462437
1301.11	0.0107347
1301.67	0.0235352
1302.22	0.0390053
1302.78	0.00137264
1303.33	0.00886388
1303.89	0.00874721
1304.44	0.0022859
1305	0.00573042
1305.56	0.0161089
1306.11	0.018098
1306.67	0.0162067
1307.22	0.0118186
1307.78	0.00779864
1308.33	0.00643453
1308.89	0.000337612
1309.44	0.0243319
1310	0.018704
1310.56	0.0125144
1311.11	0.0125881
1311.67	0.0118747
1312.22	0.0179243
1312.78	0.00746256
1313.33	0.0285514
1313.89	0.024211
1314.44	0.00662109
1315	0.0148637
1315.56	0.0229336
1316.11	0.0206116
1316.67	0.00361754
1317.22	0.0296444
1317.78	0.0301574
1318.33	0.0159727
1318.89	0.00311016
1319.44	0.0122956
1320	0.0356483
1320.56	0.0325127
1321.11	0.0195694
1321.67	0.0324055
1322.22	0.0105574
1322.78	0.0146082
1323.33	0.0314598
1323.89	0.0105215
1324.44	0.0113183
1325	0.0426659
1325.56	0.0184834
1326.11	0.01529
1326.67	0.0197347
1327.22	0.0349201
1327.78	0.00389969
1328.33	0.0326498
1328.89	0.0340335
1329.44	0.026442
1330	0.0055386
1330.56	0.0142412
1331.11	0.0194082
1331.67	0.000737311
1332.22	0.0300753
1332.78	0.0185809
1333.33	0.0218718
1333.89	0.00322494
1334.44	0.0226257
1335	0.00736989
1335.56	0.0121682
1336.11	0.00227408
1336.67	0.022072
1337.22	0.0176118
1337.78	0.00662406
1338.33	0.00902339
1338.89	0.0210999
1339.44	0.00295407
1340	0.00382597
1340.56	0.0146831
1341.11	0.0385562
1341.67	0.0104039
1342.22	0.00410819
1342.78	0.00475378
1343.33	0.016324
1343.89	0.00131747
1344.44	0.0200578
1345	0.0423467
1345.56	0.00678493
1346.11	0.0162354
1346.67	0.0119358
1347.22	0.0261268
1347.78	0.00154709
1348.33	0.035718
1348.89	0.0386963
1349.44	0.00287272
1350	0.0165373
1350.56	0.0290194
1351.11	0.0196597
1351.67	0.0079471
1352.22	0.0401313
1352.78	0.0250364
1353.33	0.00516052
1353.89	0.0155144
1354.44	0.0249166
1355	0.00922667
1355.56	0.0234452
1356.11	0.0519175
1356.67	0.0303302
1357.22	0.0247009
1357.78	0.0194801
1358.33	0.0203668
1358.89	0.0051419
1359.44	0.0379794
1360	0.0342148
1360.56	0.0138701
1361.11	0.00701457
1361.67	0.0251868
1362.22	0.0207897
1362.78	0.0114199
1363.33	0.038854
1363.89	0.0224482
1364.44	0.0118316
1365	0.00370209
1365.56	0.0131428
1366.11	0.0166149
1366.67	0.0146856
1367.22	0.02296
1367.78	0.000298758
1368.33	0.0272596
1368.89	0.00522862
1369.44	0.00208194
1370	0.0109481
1370.56	0.006604
1371.11	0.0203755
1371.67	0.00816363
1372.22	0.0315656
1372.78	0.00625328
1373.33	0.00799295
1373.89	0.019673
1374.44	0.0214514
1375	0.00309253
1375.56	0.0222376
1376.11	0.0194817
1376.67	0.0263336
1377.22	0.0314448
1377.78	0.0220297
1378.33	0.000292238
1378.89	0.000844627
1379.44	0.0420151
1380	0.0475121
1380.56	0.00521394
1381.11	0.0100129
1381.67	0.0280843
1382.22	0.00893351
1382.78	0.016358
1383.33	0.0404078
1383.89	0.0399197
1384.44	0.0209179
1385	0.0255298
1385.56	0.0196078
1386.11	0.0068528
1386.67	0.0158276
1387.22	0.0412505
1387.78	0.0133628
1388.33	0.0168319
1388.89	0.0214736
1389.44	0.00714619
1390	0.000567857
1390.56	0.0298849
1391.11	0.0446042
1391.67	0.00768963
1392.22	0.019581
1392.78	0.00747949
1393.33	0.0102785
1393.89	0.00402092
1394.44	0.0261273
1395	0.0298676
1395.56	0.0280876
1396.11	0.0192039
1396.67	0.0201836
1397.22	0.0172044
1397.78	0.0123086
1398.33	0.0250639
1398.89	0.0049643
1399.44	0.00668629
1400	0.0122293
1400.56	0.0138253
1401.11	0.0191507
1401.67	0.00595596
1402.22	0.0146662
1402.78	0.0375265
1403.33	0.00892041
1403.89	0.0206033
1404.44	0.0162655
1405	0.0188173
1405.56	0.00734727
1406.11	0.00248876
1406.67	0.022951
1407.22	0.0196974
1407.78	0.0161308
1408.33	0.0163557
1408.89	0.0458733
1409.44	0.0186149
1410	0.0062951
1410.56	0.0315482
1411.11	0.0312339
1411.67	0.016155
1412.22	0.0126667
1412.78	0.0143274
1413.33	0.00903376
1413.89	0.044465
1414.44	0.0274609
1415	0.0417398
1415.56	0.00438251
1416.11	0.048786
1416.67	0.00509558
1417.22	0.0107013
1417.78	0.0177091
1418.33	0.010806
1418.89	0.0169744
1419.44	0.0229271
1420	0.036275
1420.56	0.0256365
1421.11	0.0336758
1421.67	0.00767613
1422.22	0.032748
1422.78	0.000786532
1423.33	0.0208038
1423.89	0.0205149
1424.44	0.000535682
1425	0.000291694
1425.56	0.0327728
1426.11	0.0401358
1426.67	0.0167074
1427.22	0.0119698
1427.78	0.00759021
1428.33	0.0151461
1428.89	0.00460413
1429.44	0.0222984
1430	0.0377205
1430.56	0.0118845
1431.11	0.00802169
1431.67	0.00239486
1432.22	0.0227654
1432.78	0.0117913
1433.33	0.0222044
1433.89	0.0213041
1434.44	0.0205994
1435	0.00558244
1435.56	0.0290119
1436.11	0.000163918
1436.67	0.0175608
1437.22	0.0459769
1437.78	0.00300619
1438.33	0.00125413
1438.89	0.0135589
1439.44	0.0113786
1440	0.00194673
1440.56	0.0151175
1441.11	0.0413135
1441.67	0.00765032
1442.22	0.00630762
1442.78	0.00503915
1443.33	0.00188981
1443.89	0.0044429
1444.44	0.00249896
1445	0.0328157
1445.56	0.02925
1446.11	0.000126404
1446.67	0.00344207
1447.22	0.0305219
1447.78	0.00519098
1448.33	0.00418535
1448.89	0.0243417
1449.44	0.0248291
1450	0.0398644
1450.56	0.0228603
1451.11	0.00043685
1451.67	0.0292213
1452.22	0.00470604
1452.78	0.0416015
1453.33	0.0278214
1453.89	0.034184
1454.44	0.0100807
1455	0.0557675
1455.56	0.0135536
1456.11	0.00377111
1456.67	0.0122018
1457.22	0.0507232
1457.78	0.0108722
1458.33	0.0219076
1458.89	0.00955435
1459.44	0.0054719
1460	0.0368229
1460.56	0.0247286
1461.11	0.0389617
1461.67	0.0320011
1462.22	0.0466466
1462.78	0.0281873
1463.33	0.00912775
1463.89	0.0183063
1464.44	0.0277767
1465	0.0448723
1465.56	0.00515732
1466.11	0.0321215
1466.67	0.00286072
1467.22	0.0272995
1467.78	0.0102625
1468.33	0.0432786
1468.89	0.000283395
1469.44	0.0247879
1470	0.0154003
1470.56	0.00391809
1471.11	0.0162873
1471.67	0.0127114
1472.22	0.00311739
1472.78	0.00969972
1473.33	0.0240502
1473.89	0.00792924
1474.44	0.00458009
1475	0.00174588
1475.56	0.0168118
1476.11	0.0433757
1476.67	0.0136041
1477.22	0.0351212
1477.78	0.00593816
1478.33	0.00767889
1478.89	0.0367854
1479.44	0.00240777
1480	0.0210475
1480.56	0.00349241
1481.11	0.00569432
1481.67	0.0302185
1482.22	0.010873
1482.78	0.0303592
1483.33	0.020957
1483.89	0.0207375
1484.44	0.0280615
1485	0.00619866
1485.56	0.00740224
1486.11	0.053006
1486.67	0.0170153
1487.22	0.0445303
1487.78	0.0219574
1488.33	0.0319459
1488.89	0.0351402
1489.44	0.0489433
1490	0.0309089
1490.56	0.01514
1491.11	0.0305749
1491.67	0.0313326
1492.22	0.0327623
1492.78	0.00538966
1493.33	0.0298687
1493.89	0.0350748
1494.44	0.0232754
1495	0.0547028
1495.56	0.023432
1496.11	0.0174373
1496.67	0.00781185
1497.22	0.0297196
1497.78	0.00206093
1498.33	0.013527
1498.89	0.0230147
1499.44	0.0143942
1500	0.0167962
1500.56	0.0246138
1501.11	0.0312866
1501.67	0.0231661
1502.22	0.00518026
1502.78	0.0112782
1503.33	0.00546176
1503.89	0.027296
1504.44	0.00320157
1505	0.0205731
1505.56	0.0397722
1506.11	0.00533901
1506.67	0.0318014
1507.22	0.00341926
1507.78	0.0145747
1508.33	0.0348429
1508.89	0.01971
1509.44	0.0277807
1510	0.0209799
1510.56	0.00971584
1511.11	0.0479332
1511.67	0.00241504
1512.22	0.0318549
1512.78	0.00332679
1513.33	0.00544224
1513.89	0.0458354
1514.44	0.0467764
1515	0.0625568
1515.56	0.0718807
1516.11	0.0207174
1516.67	0.0104409
1517.22	0.0291965
1517.78	0.00658372
1518.33	0.0101785
1518.89	0.0824874
1519.44	0.0280006
1520	0.00785024
1520.56	0.0142973
1521.11	0.0489037
1521.67	0.0327656
1522.22	0.0301517
1522.78	0.0852613
1523.33	0.0568938
1523.89	0.0134009
1524.44	0.033679
1525	0.0279963
1525.56	0.0206363
1526.11	0.0536834
1526.67	0.0137978
1527.22	0.00247743
1527.78	0.00861071
1528.33	0.0870604
1528.89	0.00301946
1529.44	0.0164828
1530	0.0333461
1530.56	0.0336608
1531.11	0.0199102
1531.67	0.0312783
1532.22	0.0474099
1532.78	0.0015133
1533.33	0.0681907
1533.89	0.0507273
1534.44	0.0248215
1535	0.0257018
1535.56	0.0280786
1536.11	0.00627897
1536.67	0.0126913
1537.22	0.0141303
1537.78	0.0321339
1538.33	0.00304595
1538.89	0.0078218
1539.44	0.0105669
1540	0.0435504
1540.56	0.00581542
1541.11	0.0197787
1541.67	0.0252235
1542.22	0.0213181
1542.78	0.02335
1543.33	0.0291391
1543.89	0.00135466
1544.44	0.0114213
1545	0.0151348
1545.56	0.0273978
1546.11	0.0537535
1546.67	0.0129942
1547.22	0.0296287
1547.78	0.0267913
1548.33	0.0830735
1548.89	0.015019
1549.44	0.0333814
1550	0.0534576
1550.56	0.0193584
1551.11	0.0521817
1551.67	0.00368905
1552.22	0.0208602
1552.78	0.0475483
1553.33	0.0683682
1553.89	0.0669876
1554.44	0.0314057
1555	0.0751154
1555.56	0.00251362
1556.11	0.0110271
1556.67	0.00685236
1557.22	0.0791239
1557.78	0.0621191
1558.33	0.0636033
1558.89	0.0327541
1559.44	0.0753544
1560	0.0144547
1560.56	0.0291325
1561.11	0.0434973
1561.67	0.0423487
1562.22	0.0311914
1562.78	0.0169316
1563.33	0.0436663
1563.89	0.0106617
1564.44	0.0444582
1565	0.0398037
1565.56	0.0162922
1566.11	0.0412421
1566.67	0.0565104
1567.22	0.0443237
1567.78	0.083178
1568.33	0.0131903
1568.89	0.0531021
1569.44	0.0515207
1570	0.0354161
1570.56	0.00296419
1571.11	0.0140859
1571.67	0.0340152
1572.22	0.0540344
1572.78	0.00977082
1573.33	0.0198612
1573.89	0.020218
1574.44	0.0240394
1575	0.0571521
1575.56	0.033173
1576.11	0.0051686
1576.67	0.0273303
1577.22	0.0619648
1577.78	9.25223e-05
1578.33	0.0617744
1578.89	0.00362019
1579.44	0.0673223
1580	0.0139253
1580.56	0.0320234
1581.11	0.0144118
1581.67	0.0591475
1582.22	0.0292892
1582.78	0.0954451
1583.33	0.0501963
1583.89	0.0280016
1584.44	0.06043
1585	0.043226
1585.56	0.0517888
1586.11	0.0990339
1586.67	0.070928
1587.22	0.00831401
1587.78	0.0206041
1588.33	0.0168707
1588.89	0.123556
1589.44	0.0405132
1590	0.0352516
1590.56	0.064475
1591.11	0.0315473
1591.67	0.0173175
1592.22	0.0441269
1592.78	0.098597
1593.33	0.0197441
1593.89	0.0706026
1594.44	0.0538077
1595	0.00473521
1595.56	0.0160086
1596.11	0.0565507
1596.67	0.0814178
1597.22	0.0116842
1597.78	0.013954
1598.33	0.0574658
1598.89	0.00175161
1599.44	0.0396895
1600	0.0176126
1600.56	0.0186626
1601.11	0.00727081
1601.67	0.0412764
1602.22	0.0212615
1602.78	0.0842989
1603.33	0.0404974
1603.89	0.102731
1604.44	0.0537234
1605	0.00733936
1605.56	0.060814
1606.11	0.00610054
1606.67	0.00177277
1607.22	0.0315323
1607.78	0.0175546
1608.33	0.0183307
1608.89	0.0319664
1609.44	0.0489373
1610	0.0119957
1610.56	0.0523017
1611.11	0.0811492
1611.67	0.00211604
1612.22	0.0251849
1612.78	0.0558527
1613.33	0.107498
1613.89	0.0426589
1614.44	0.0500042
1615	0.112859
1615.56	0.0189183
1616.11	0.0754746
1616.67	0.121542
1617.22	0.0290269
1617.78	0.0276094
1618.33	0.057556
1618.89	0.0157154
1619.44	4.0115e-05
1620	0.049837
1620.56	0.0510527
1621.11	0.00540344
1621.67	0.0170375
1622.22	0.032265
1622.78	0.105233
1623.33	0.0191094
1623.89	0.0237473
1624.44	0.0515143
1625	0.0483666
1625.56	0.0925333
1626.11	0.0880319
1626.67	0.0321048
1627.22	0.0422721
1627.78	0.0759943
1628.33	0.0359488
1628.89	0.00760227
1629.44	0.111128
1630	0.0650721
1630.56	0.031918
1631.11	0.0990775
1631.67	0.0387292
1632.22	0.0274895
1632.78	0.154731
1633.33	0.0578415
1633.89	0.0453681
1634.44	0.00625119
1635	0.0145783
1635.56	0.116675
1636.11	0.107196
1636.67	0.0552642
1637.22	0.116191
1637.78	0.013305
1638.33	0.0813277
1638.89	0.0147027
1639.44	0.0211288
1640	0.00915752
1640.56	0.0318911
1641.11	0.00969585
1641.67	0.0894031
1642.22	0.023789
1642.78	0.0229388
1643.33	0.0892969
1643.89	0.0406384
1644.44	0.0700456
1645	0.149078
1645.56	0.0602696
1646.11	0.0117942
1646.67	0.06061
1647.22	0.0537683
1647.78	0.02054
1648.33	0.0201663
1648.89	0.179309
1649.44	0.0217831
1650	0.0238178
1650.56	0.244821
1651.11	0.0650029
1651.67	0.0389727
1652.22	0.0105469
1652.78	0.157449
1653.33	0.0092385
1653.89	0.129115
1654.44	0.0303603
1655	0.029311
1655.56	0.118874
1656.11	0.10511
1656.67	0.0464908
1657.22	0.0115979
1657.78	0.0915499
1658.33	0.0676595
1658.89	0.0118645
1659.44	0.0521016
1660	0.0179471
1660.56	0.129834
1661.11	0.0167707
1661.67	0.0676085
1662.22	0.169104
1662.78	0.0396159
1663.33	0.041192
1663.89	0.185274
1664.44	0.0747317
1665	0.061349
1665.56	0.111367
1666.11	0.17914
1666.67	0.141344
1667.22	0.167227
1667.78	0.0976842
1668.33	0.0364068
1668.89	0.0596862
1669.44	0.117977
1670	0.145852
1670.56	0.0592103
1671.11	0.27115
1671.67	0.0778542
1672.22	0.0603308
1672.78	0.0662956
1673.33	0.163926
1673.89	0.0237579
1674.44	0.0244118
1675	0.132681
1675.56	0.0032186
1676.11	0.0441711
1676.67	0.0251017
1677.22	0.0859837
1677.78	0.0516122
1678.33	0.169594
1678.89	0.029874
1679.44	0.00804482
1680	0.0507552
1680.56	0.309678
1681.11	0.0653638
1681.67	0.0634019
1682.22	0.116943
1682.78	0.148415
1683.33	0.0660531
1683.89	0.08939
1684.44	0.0250989
1685	0.0559944
1685.56	0.0979309
1686.11	0.0427121
1686.67	0.0183499
1687.22	0.113858
1687.78	0.111667
1688.33	0.082369
1688.89	0.0524166
1689.44	0.035627
1690	0.263185
1690.56	0.124121
1691.11	0.106572
1691.67	0.0267304
1692.22	0.205321
1692.78	0.0399325
1693.33	0.121476
1693.89	0.24633
1694.44	0.150226
1695	0.107879
1695.56	0.0326402
1696.11	0.0770401
1696.67	0.00374319
1697.22	0.14306
1697.78	0.0738008
1698.33	0.289211
1698.89	0.159989
1699.44	0.0420383
1700	0.2186
1700.56	0.037941
1701.11	0.0141893
1701.67	0.152499
1702.22	0.102936
1702.78	0.295253
1703.33	0.238228
1703.89	0.181693
1704.44	0.235347
1705	0.155104
1705.56	0.0900692
1706.11	0.00422847
1706.67	0.280415
1707.22	0.0613995
1707.78	0.342453
1708.33	0.0624502
1708.89	0.343963
1709.44	0.0447176
1710	0.148334
1710.56	0.0533029
1711.11	0.295202
1711.67	0.200487
1712.22	0.0285436
1712.78	0.0140926
1713.33	0.0128023
1713.89	0.0148815
1714.44	0.14
1715	0.037936
1715.56	0.070521
1716.11	0.0660895
1716.67	0.0247013
1717.22	0.164989
1717.78	0.118746
1718.33	0.00649732
1718.89	0.0157342
1719.44	0.272615
1720	0.221269
1720.56	0.207615
1721.11	0.0889425
1721.67	0.211228
1722.22	0.115224
1722.78	0.45455
1723.33	0.260457
1723.89	0.0118993
1724.44	0.0297073
1725	0.320507
1725.56	0.0411067
1726.11	0.147989
1726.67	0.330371
1727.22	0.00914638
1727.78	0.124636
1728.33	0.054684
1728.89	0.119789
1729.44	0.256501
1730	0.793555
1730.56	0.0441276
1731.11	0.330403
1731.67	0.174985
1732.22	0.113315
1732.78	0.314798
1733.33	0.0640508
1733.89	0.0652007
1734.44	0.00973193
1735	0.0633047
1735.56	0.0333978
1736.11	0.432688
1736.67	0.319571
1737.22	0.0185411
1737.78	0.215524
1738.33	0.0723844
1738.89	0.494937
1739.44	0.406471
1740	0.231034
1740.56	0.282649
1741.11	0.0384364
1741.67	0.0464146
1742.22	0.0952893
1742.78	0.26185
1743.33	0.199865
1743.89	0.534386
1744.44	0.00054634
1745	0.0164257
1745.56	0.297825
1746.11	0.146869
1746.67	0.186999
1747.22	0.225547
1747.78	0.531415
1748.33	0.0213103
1748.89	0.00671784
1749.44	0.102127
1750	0.135451
1750.56	0.464236
1751.11	0.129681
1751.67	0.292031
1752.22	0.136483
1752.78	0.171182
1753.33	0.305891
1753.89	0.330271
1754.44	0.0123289
1755	0.083956
1755.56	0.0956824
1756.11	0.0972261
1756.67	0.0614288
1757.22	0.0778599
1757.78	0.237794
1758.33	0.0120145
1758.89	0.661053
1759.44	0.3869
1760	0.195566
1760.56	0.0165275
1761.11	0.691518
1761.67	0.121088
1762.22	0.307002
1762.78	0.209757
1763.33	0.307689
1763.89	0.254131
1764.44	0.171898
1765	0.103741
1765.56	0.150474
1766.11	0.490959
1766.67	0.451295
1767.22	0.1028
1767.78	0.540062
1768.33	0.214681
1768.89	0.110706
1769.44	0.244003
1770	0.277622
1770.56	0.089499
1771.11	0.371512
1771.67	0.296624
1772.22	0.0805384
1772.78	0.519308
1773.33	0.173686
1773.89	0.533483
1774.44	0.12205
1775	0.291587
1775.56	0.443733
1776.11	0.713323
1776.67	0.633059
1777.22	0.524634
1777.78	0.419169
1778.33	0.379204
1778.89	0.13685
1779.44	0.449973
1780	0.363324
1780.56	0.00503203
1781.11	0.280343
1781.67	0.0316385
1782.22	0.0043107
1782.78	0.161062
1783.33	0.509363
1783.89	0.450043
1784.44	0.296554
1785	0.426527
1785.56	0.366037
1786.11	0.42412
1786.67	0.328391
1787.22	0.85659
1787.78	0.233638
1788.33	0.105864
1788.89	0.0529086
1789.44	0.159183
1790	0.0310361
1790.56	0.799426
1791.11	0.242471
1791.67	0.0201754
1792.22	0.457477
1792.78	0.68111
1793.33	0.822807
1793.89	0.25434
1794.44	0.139888
1795	0.140624
1795.56	0.552569
1796.11	0.0680786
1796.67	0.158833
1797.22	0.238087
1797.78	0.196348
1798.33	0.453678
1798.89	0.322432
1799.44	0.46722
1800	0.417673
1800.56	0.624422
1801.11	0.355483
1801.67	0.540294
1802.22	0.134998
1802.78	0.29516
1803.33	0.18204
1803.89	0.739443
1804.44	0.310377
1805	0.150831
1805.56	0.463452
1806.11	0.77918
1806.67	0.287489
1807.22	0.535709
1807.78	0.499335
1808.33	0.82553
1808.89	0.393038
1809.44	0.071084
1810	0.334662
1810.56	0.185922
1811.11	0.0159542
1811.67	0.219541
1812.22	0.353438
1812.78	0.0615681
1813.33	0.0824254
1813.89	0.812587
1814.44	0.51565
1815	0.00297189
1815.56	1.01475
1816.11	0.962649
1816.67	1.30529
1817.22	0.101052
1817.78	0.361515
1818.33	0.57702
1818.89	0.122208
1819.44	0.0976605
1820	0.0219329
1820.56	0.655391
1821.11	0.264523
1821.67	0.318788
1822.22	0.0896334
1822.78	0.734398
1823.33	0.706075
1823.89	0.555948
1824.44	0.355578
1825	0.251522
1825.56	0.457108
1826.11	0.137795
1826.67	0.472449
1827.22	0.407083
1827.78	0.0760061
1828.33	1.81095
1828.89	0.539838
1829.44	0.573149
1830	0.172802
1830.56	0.243583
1831.11	0.0451722
1831.67	0.215818
1832.22	0.507834
1832.78	1.21204
1833.33	0.241684
1833.89	0.481892
1834.44	0.60325
1835	0.875696
1835.56	0.235651
1836.11	0.529242
1836.67	1.4033
1837.22	0.0394819
1837.78	0.120213
1838.33	0.703124
1838.89	0.41611
1839.44	0.331468
1840	0.00918405
1840.56	0.148812
1841.11	0.993609
1841.67	0.263046
1842.22	0.0951213
1842.78	0.0692054
1843.33	0.821721
1843.89	0.0229186
1844.44	0.671308
1845	0.472287
1845.56	0.0113197
1846.11	1.53533
1846.67	0.439816
1847.22	0.0177658
1847.78	0.567679
1848.33	0.00834266
1848.89	0.101743
1849.44	0.173806
1850	0.367048
1850.56	0.238471
1851.11	0.160847
1851.67	0.610088
1852.22	0.889868
1852.78	0.134068
1853.33	0.720088
1853.89	0.136129
1854.44	0.55251
1855	0.0365246
1855.56	0.403579
1856.11	0.396508
1856.67	0.0416637
1857.22	0.0749352
1857.78	0.52326
1858.33	0.843548
1858.89	0.382415
1859.44	0.54921
1860	0.781827
1860.56	0.177765
1861.11	0.748769
1861.67	0.162979
1862.22	0.431104
1862.78	1.50711
1863.33	0.0740003
1863.89	0.0690343
1864.44	0.28328
1865	1.00258
1865.56	0.0579126
1866.11	0.692563
1866.67	0.0682152
1867.22	0.0979662
1867.78	0.791019
1868.33	0.590186
1868.89	0.132448
1869.44	0.069213
1870	0.561751
1870.56	0.192312
1871.11	0.97871
1871.67	0.310729
1872.22	0.204936
1872.78	0.0280172
1873.33	0.269632
1873.89	0.0402539
1874.44	0.260248
1875	0.0508247
1875.56	0.375025
1876.11	0.179905
1876.67	0.0380633
1877.22	1.03946
1877.78	0.581503
1878.33	0.264096
1878.89	0.62619
1879.44	0.473725
1880	1.0691
1880.56	0.325799
1881.11	0.0843818
1881.67	0.653224
1882.22	0.369509
1882.78	0.555619
1883.33	0.0769047
1883.89	1.38128
1884.44	0.0589103
1885	0.271626
1885.56	1.35372
1886.11	0.716331
1886.67	0.371005
1887.22	0.701778
1887.78	0.132398
1888.33	0.447602
1888.89	0.736625
1889.44	1.40305
1890	1.08018
1890.56	0.611821
1891.11	0.276958
1891.67	0.0116907
1892.22	0.518135
1892.78	1.05947
1893.33	0.228521
1893.89	1.88135
1894.44	0.174047
1895	1.22314
1895.56	0.992145
1896.11	0.0279453
1896.67	0.0478885
1897.22	0.47735
1897.78	0.69576
1898.33	1.09594
1898.89	1.52326
1899.44	0.151122
1900	1.5848
1900.56	0.198696
1901.11	0.415136
1901.67	0.3305
1902.22	0.197923
1902.78	2.20871
1903.33	0.341518
1903.89	1.35676
1904.44	0.786452
1905	0.0838268
1905.56	0.628149
1906.11	2.06346
1906.67	0.974665
1907.22	0.895372
1907.78	0.575498
1908.33	0.596285
1908.89	0.792186
1909.44	0.574805
1910	1.17665
1910.56	0.435201
1911.11	0.00125604
1911.67	0.0802795
1912.22	0.00670398
1912.78	0.0880389
1913.33	0.62444
1913.89	1.04531
1914.44	0.195851
1915	0.700846
1915.56	0.266169
1916.11	1.88668
1916.67	0.427548
1917.22	0.141526
1917.78	0.647745
1918.33	0.182678
1918.89	0.641645
1919.44	1.16648
1920	1.23311
1920.56	0.263843
1921.11	0.208587
1921.67	1.06031
1922.22	0.691097
1922.78	0.142191
1923.33	0.798202
1923.89	0.584636
1924.44	0.746055
1925	0.414359
1925.56	1.06649
1926.11	0.910687
1926.67	0.330176
1927.22	0.869957
1927.78	1.14634
1928.33	1.15771
1928.89	2.19276
1929.44	0.704363
1930	2.03974
1930.56	1.97559
1931.11	0.938866
1931.67	0.0914905
1932.22	1.73499
1932.78	0.623335
1933.33	0.157684
1933.89	0.570853
1934.44	0.218051
1935	2.64421
1935.56	1.1765
1936.11	2.84745
1936.67	1.39493
1937.22	1.54137
1937.78	0.643051
1938.33	0.231234
1938.89	2.92862
1939.44	0.629926
1940	0.000586144
1940.56	0.958471
1941.11	1.77031
1941.67	0.625746
1942.22	1.34904
1942.78	0.456398
1943.33	0.197885
1943.89	0.493269
1944.44	0.988119
1945	1.14963
1945.56	2.50035
1946.11	2.79866
1946.67	0.383996
1947.22	1.92989
1947.78	0.4952
1948.33	0.408338
1948.89	0.541952
1949.44	1.55814
1950	0.498944
1950.56	0.262122
1951.11	1.15175
1951.67	0.416276
1952.22	1.22545
1952.78	1.85906
1953.33	0.27601
1953.89	0.93255
1954.44	1.79388
1955	0.298637
1955.56	0.951183
1956.11	1.60468
1956.67	2.84284
1957.22	2.08154
1957.78	0.131267
1958.33	1.17408
1958.89	0.410507
1959.44	2.12854
1960	0.173962
1960.56	1.81062
1961.11	0.229739
1961.67	0.173924
1962.22	1.61848
1962.78	1.97223
1963.33	0.400081
1963.89	1.36624
1964.44	1.93734
1965	0.128098
1965.56	0.281435
1966.11	1.93624
1966.67	0.227546
1967.22	1.20144
1967.78	2.44371
1968.33	0.556192
1968.89	0.989371
1969.44	2.44756
1970	1.38058
1970.56	0.959377
1971.11	0.571877
1971.67	1.4779
1972.22	0.724534
1972.78	1.41263
1973.33	0.116147
1973.89	0.58815
1974.44	0.95042
1975	0.282127
1975.56	2.24714
1976.11	1.25531
1976.67	0.40856
1977.22	0.348632
1977.78	0.394679
1978.33	1.07911
1978.89	1.084
1979.44	0.842139
1980	1.16472
1980.56	0.854203
1981.11	1.35442
1981.67	1.16135
1982.22	0.318491
1982.78	0.753764
1983.33	0.441039
1983.89	1.91748
1984.44	0.160547
1985	1.01643
1985.56	2.09961
1986.11	2.09246
1986.67	1.45578
1987.22	1.99491
1987.78	2.27056
1988.33	0.670248
1988.89	1.52272
1989.44	0.400649
1990	0.562237
1990.56	1.17349
1991.11	1.24243
1991.67	3.03335
1992.22	1.0204
1992.78	2.32466
1993.33	1.64526
1993.89	1.78797
1994.44	0.979547
1995	2.02872
1995.56	0.39189
1996.11	0.279847
1996.67	0.591654
1997.22	0.044394
1997.78	2.28031
1998.33	0.690977
1998.89	1.23935
1999.44	2.38956
2000	2.09202
