t	etaU
0	1.86811e-14
0.555556	0.946366
1.11111	0.000216241
1.66667	0.0733467
2.22222	1.34098
2.77778	1.44127
3.33333	1.04812
3.88889	1.11174
4.44444	3.12426
5	0.913695
5.55556	0.960724
6.11111	1.35892
6.66667	0.939211
7.22222	1.99639
7.77778	1.04181
8.33333	1.48989
8.88889	1.56748
9.44444	1.63279
10	0.371071
10.5556	1.73272
11.1111	2.20134
11.6667	0.337061
12.2222	1.41819
12.7778	1.24307
13.3333	1.51379
13.8889	1.32538
14.4444	1.01684
15	0.234532
15.5556	0.74102
16.1111	0.604575
16.6667	3.16574
17.2222	2.31681
17.7778	0.155678
18.3333	0.290126
18.8889	0.148045
19.4444	1.02107
20	0.864234
20.5556	2.64702
21.1111	2.62105
21.6667	0.575381
22.2222	0.356129
22.7778	0.545969
23.3333	0.332756
23.8889	3.80462
24.4444	1.67561
25	1.53081
25.5556	1.40581
26.1111	0.793195
26.6667	1.10478
27.2222	0.838739
27.7778	0.857173
28.3333	2.62799
28.8889	0.965032
29.4444	2.25365
30	2.56093
30.5556	2.45303
31.1111	0.572426
31.6667	1.04383
32.2222	1.46972
32.7778	1.87253
33.3333	1.57032
33.8889	0.545448
34.4444	1.83557
35	1.36234
35.5556	1.91442
36.1111	0.900063
36.6667	2.59155
37.2222	3.65643
37.7778	0.33169
38.3333	0.883347
38.8889	1.96343
39.4444	0.924773
40	1.3922
40.5556	2.09581
41.1111	1.54481
41.6667	1.32909
42.2222	1.31445
42.7778	1.64754
43.3333	3.48949
43.8889	0.641238
44.4444	1.00276
45	0.67158
45.5556	1.82346
46.1111	0.645633
46.6667	3.25988
47.2222	1.502
47.7778	0.419781
48.3333	1.40012
48.8889	0.260337
49.4444	0.773171
50	2.53624
50.5556	3.12991
51.1111	0.0555619
51.6667	1.00219
52.2222	0.271876
52.7778	1.31728
53.3333	2.87827
53.8889	0.327452
54.4444	5.11335
55	6.27929
55.5556	2.20108
56.1111	2.8825
56.6667	3.4721
57.2222	0.423889
57.7778	0.229041
58.3333	3.1359
58.8889	2.21422
59.4444	0.662812
60	4.87282
60.5556	1.98048
61.1111	2.24444
61.6667	0.384524
62.2222	1.61672
62.7778	3.8633
63.3333	0.557327
63.8889	0.116968
64.4444	3.79392
65	6.05117
65.5556	1.24505
66.1111	3.42373
66.6667	2.888
67.2222	5.4719
67.7778	3.45054
68.3333	12.1067
68.8889	1.83444
69.4444	7.01102
70	16.2099
70.5556	8.06534
71.1111	8.32995
71.6667	26.5162
72.2222	2.85552
72.7778	11.9834
73.3333	5.32586
73.8889	7.62561
74.4444	1.8271
75	1.14876
75.5556	0.252209
76.1111	2.60307
76.6667	3.44372
77.2222	1.00365
77.7778	0.263793
78.3333	7.42644
78.8889	2.79119
79.4444	3.73186
80	1.70837
80.5556	4.39324
81.1111	0.22613
81.6667	0.183505
82.2222	2.72918
82.7778	1.0301
83.3333	0.359097
83.8889	1.08706
84.4444	0.966106
85	0.445711
85.5556	3.00125
86.1111	1.33468
86.6667	1.1931
87.2222	0.0455923
87.7778	0.84192
88.3333	0.058963
88.8889	0.906489
89.4444	3.0526
90	2.34017
90.5556	5.62397
91.1111	1.30187
91.6667	0.653889
92.2222	2.10086
92.7778	0.951365
93.3333	0.298664
93.8889	1.72706
94.4444	2.94237
95	0.739278
95.5556	0.216854
96.1111	0.998612
96.6667	1.05005
97.2222	1.11629
97.7778	0.356852
98.3333	0.779321
98.8889	2.44611
99.4444	0.661176
100	0.704259
100.556	1.23627
101.111	0.156632
101.667	1.51012
102.222	0.652595
102.778	0.495241
103.333	0.803824
103.889	0.893365
104.444	0.877084
105	2.57102
105.556	0.68059
106.111	1.20413
106.667	1.59853
107.222	1.15905
107.778	1.38585
108.333	0.842176
108.889	1.31547
109.444	0.831243
110	1.50276
110.556	1.19757
111.111	0.375286
111.667	0.18929
112.222	0.851589
112.778	1.61691
113.333	0.885286
113.889	2.24075
114.444	0.499088
115	0.104189
115.556	0.188272
116.111	0.548453
116.667	0.506034
117.222	0.989991
117.778	1.42004
118.333	0.690918
118.889	1.78724
119.444	0.869845
120	0.659448
120.556	0.743154
121.111	0.0445345
121.667	0.548597
122.222	0.434666
122.778	0.314899
123.333	1.78067
123.889	0.482633
124.444	0.0535865
125	0.776307
125.556	1.05577
126.111	0.312316
126.667	0.0881558
127.222	0.493564
127.778	0.355349
128.333	0.12369
128.889	0.98475
129.444	0.106005
130	0.0382088
130.556	0.00842688
131.111	0.628716
131.667	0.452287
132.222	0.0833692
132.778	1.133
133.333	1.41527
133.889	0.172913
134.444	1.05704
135	0.117276
135.556	0.812612
136.111	0.989521
136.667	0.424562
137.222	0.549038
137.778	0.560957
138.333	0.324325
138.889	0.141457
139.444	0.358583
140	0.201918
140.556	0.805138
141.111	1.54344
141.667	0.85933
142.222	0.707007
142.778	0.952647
143.333	0.305091
143.889	1.17711
144.444	0.043396
145	0.200582
145.556	0.601538
146.111	0.079541
146.667	0.715518
147.222	0.720482
147.778	0.159638
148.333	2.26073
148.889	0.966652
149.444	0.892576
150	0.344278
150.556	0.325713
151.111	1.0502
151.667	0.004494
152.222	0.928205
152.778	0.0570148
153.333	0.541345
153.889	0.161695
154.444	1.57693
155	0.614755
155.556	0.549725
156.111	0.0634404
156.667	0.0451811
157.222	0.556811
157.778	2.07268
158.333	0.111252
158.889	0.0439797
159.444	0.506905
160	0.490694
160.556	0.369797
161.111	0.100364
161.667	0.285308
162.222	0.654761
162.778	0.663498
163.333	0.0908609
163.889	0.111102
164.444	0.187777
165	0.386474
165.556	0.207498
166.111	0.345513
166.667	0.298124
167.222	0.607175
167.778	0.718278
168.333	0.214391
168.889	0.96905
169.444	0.390751
170	0.546228
170.556	0.0677017
171.111	0.0220141
171.667	0.0597012
172.222	0.353121
172.778	0.0865596
173.333	0.32722
173.889	0.223823
174.444	0.853401
175	0.562708
175.556	0.0710229
176.111	0.461644
176.667	0.371544
177.222	0.527077
177.778	1.52595
178.333	0.439791
178.889	0.0435418
179.444	0.368804
180	0.259323
180.556	0.054659
181.111	0.714629
181.667	0.550837
182.222	0.201994
182.778	0.0699515
183.333	0.301586
183.889	0.729086
184.444	1.30237
185	0.930803
185.556	0.242278
186.111	0.590171
186.667	0.248576
187.222	0.368572
187.778	0.00765862
188.333	0.135609
188.889	0.220501
189.444	0.0373303
190	0.374739
190.556	0.349157
191.111	0.0561876
191.667	0.765425
192.222	0.0864307
192.778	0.0157643
193.333	0.452226
193.889	0.456113
194.444	0.0937147
195	0.48832
195.556	0.51708
196.111	0.336778
196.667	0.376015
197.222	0.328512
197.778	0.0285364
198.333	0.225845
198.889	0.0227381
199.444	0.148718
200	0.0190264
200.556	0.0953838
201.111	0.099928
201.667	0.177797
202.222	0.592626
202.778	0.220345
203.333	0.0833972
203.889	0.190452
204.444	0.384585
205	0.133581
205.556	0.214591
206.111	0.327961
206.667	0.308771
207.222	0.330422
207.778	0.0715557
208.333	0.20319
208.889	0.0163477
209.444	0.692333
210	0.0830324
210.556	0.19211
211.111	0.0298412
211.667	0.325325
212.222	0.0803451
212.778	0.0391467
213.333	0.226376
213.889	0.0266644
214.444	0.146868
215	0.212648
215.556	0.232696
216.111	0.210574
216.667	0.116014
217.222	0.0675111
217.778	0.206216
218.333	0.395182
218.889	0.175806
219.444	0.129254
220	0.213303
220.556	0.0400457
221.111	0.601198
221.667	0.340057
222.222	0.318925
222.778	0.0258177
223.333	0.490999
223.889	0.170589
224.444	0.173303
225	0.185299
225.556	0.028963
226.111	0.24267
226.667	0.16829
227.222	0.432843
227.778	0.0408977
228.333	0.297871
228.889	0.163081
229.444	0.0943334
230	0.0442734
230.556	0.364234
231.111	0.282531
231.667	0.104303
232.222	0.123628
232.778	0.267899
233.333	0.0672397
233.889	0.162958
234.444	0.0988746
235	0.13172
235.556	0.102442
236.111	0.0247476
236.667	0.102407
237.222	0.147306
237.778	0.000339195
238.333	0.0941014
238.889	0.166697
239.444	0.0303574
240	0.433944
240.556	0.3766
241.111	0.171667
241.667	0.0488985
242.222	0.155184
242.778	0.0557107
243.333	0.186185
243.889	0.0947795
244.444	0.167563
245	0.533523
245.556	0.312966
246.111	0.120238
246.667	0.339023
247.222	0.0325607
247.778	0.108701
248.333	0.340323
248.889	0.143201
249.444	0.138436
250	0.239609
250.556	0.243554
251.111	0.207681
251.667	0.183673
252.222	0.0554568
252.778	0.189014
253.333	0.259434
253.889	0.272547
254.444	0.100315
255	0.140611
255.556	0.0223917
256.111	0.0361104
256.667	0.0271392
257.222	0.295121
257.778	0.164934
258.333	0.0438316
258.889	0.307446
259.444	0.0429616
260	0.223463
260.556	0.369652
261.111	0.00716035
261.667	0.219859
262.222	0.108161
262.778	0.154569
263.333	0.0834606
263.889	0.0117449
264.444	0.00967383
265	0.121447
265.556	0.342262
266.111	0.00945099
266.667	0.108293
267.222	0.0663449
267.778	0.00659671
268.333	0.146921
268.889	0.00414997
269.444	0.218791
270	0.229633
270.556	0.195302
271.111	0.330287
271.667	0.0751943
272.222	0.329763
272.778	0.103348
273.333	0.159223
273.889	0.234223
274.444	0.193485
275	0.196846
275.556	0.166262
276.111	0.177187
276.667	0.109603
277.222	0.18736
277.778	0.123756
278.333	0.11378
278.889	0.0532536
279.444	0.272382
280	0.122245
280.556	0.109838
281.111	0.215656
281.667	0.00270375
282.222	0.135209
282.778	0.00334067
283.333	0.104866
283.889	0.347888
284.444	0.058387
285	0.296799
285.556	0.0845051
286.111	0.216551
286.667	0.0564656
287.222	0.0915561
287.778	0.230078
288.333	0.0440189
288.889	0.0123445
289.444	0.0661783
290	0.0218459
290.556	0.14672
291.111	0.095989
291.667	0.101611
292.222	0.129704
292.778	0.123172
293.333	0.135694
293.889	0.0113736
294.444	0.0207061
295	0.183712
295.556	0.0170235
296.111	0.0297025
296.667	0.167117
297.222	0.165871
297.778	0.0564667
298.333	0.0276767
298.889	0.0236193
299.444	0.137605
300	0.0912555
300.556	0.157192
301.111	0.190142
301.667	0.00483348
302.222	0.0356559
302.778	0.104762
303.333	0.209161
303.889	0.278525
304.444	0.00980943
305	0.0715044
305.556	0.105728
306.111	0.24562
306.667	0.147327
307.222	0.0475692
307.778	0.157248
308.333	0.0501294
308.889	0.220524
309.444	0.0946266
310	0.0498451
310.556	0.0633352
311.111	0.162347
311.667	0.175115
312.222	0.220279
312.778	0.0316997
313.333	0.0858108
313.889	0.123955
314.444	0.00607766
315	0.27276
315.556	0.175381
316.111	0.0741282
316.667	0.00177334
317.222	0.0159329
317.778	0.00589552
318.333	0.191078
318.889	0.159913
319.444	0.17694
320	0.160866
320.556	0.00722513
321.111	0.125286
321.667	0.151967
322.222	0.00709649
322.778	0.00168877
323.333	0.060567
323.889	0.13016
324.444	0.0445524
325	0.119832
325.556	0.00381222
326.111	0.0193066
326.667	0.193128
327.222	0.0198999
327.778	0.0486797
328.333	0.0746169
328.889	0.157637
329.444	0.0381862
330	0.0544714
330.556	0.0395937
331.111	0.148045
331.667	0.18945
332.222	0.0289473
332.778	0.174391
333.333	0.0786887
333.889	0.197274
334.444	0.151785
335	0.379823
335.556	0.129344
336.111	0.0444308
336.667	0.0571989
337.222	0.0602325
337.778	0.064335
338.333	0.0886045
338.889	0.123406
339.444	0.131253
340	0.0912906
340.556	0.0426454
341.111	0.147994
341.667	0.0278024
342.222	0.014374
342.778	0.124077
343.333	0.0145381
343.889	0.0671554
344.444	0.113172
345	0.034154
345.556	0.123233
346.111	0.135764
346.667	0.140907
347.222	0.00557688
347.778	0.0480936
348.333	0.0618954
348.889	0.0606499
349.444	0.140246
350	0.0069361
350.556	0.0903762
351.111	0.208606
351.667	0.174531
352.222	0.114896
352.778	0.120217
353.333	0.11411
353.889	0.186761
354.444	0.127267
355	0.0897789
355.556	0.0538273
356.111	0.166489
356.667	0.0784014
357.222	0.0854851
357.778	0.0307623
358.333	0.118207
358.889	0.082275
359.444	0.250221
360	0.0111282
360.556	0.107323
361.111	0.0533476
361.667	0.0032033
362.222	0.0885294
362.778	0.0294887
363.333	0.180456
363.889	0.0146951
364.444	0.0699439
365	0.0907265
365.556	0.128091
366.111	0.0208012
366.667	0.0451969
367.222	0.0107006
367.778	0.127859
368.333	0.00354148
368.889	0.0359692
369.444	0.197086
370	0.0196164
370.556	0.100125
371.111	0.109815
371.667	0.0866098
372.222	0.10699
372.778	0.0919086
373.333	0.0356359
373.889	0.106331
374.444	0.0149713
375	0.00762846
375.556	0.0554223
376.111	0.0763311
376.667	0.0741696
377.222	0.0357961
377.778	0.0565588
378.333	0.047922
378.889	0.0362348
379.444	0.0101739
380	0.00422809
380.556	0.0146318
381.111	0.092747
381.667	0.0350529
382.222	0.0716769
382.778	0.132703
383.333	0.015821
383.889	0.118243
384.444	0.0230989
385	0.0731317
385.556	0.150707
386.111	0.0434454
386.667	0.0723365
387.222	0.0113996
387.778	0.0714146
388.333	0.0144691
388.889	0.0209447
389.444	0.0800783
390	0.0469416
390.556	0.103324
391.111	0.138665
391.667	0.091454
392.222	0.0204987
392.778	0.182538
393.333	0.01632
393.889	0.074855
394.444	0.0500577
395	0.0466064
395.556	0.0530533
396.111	0.0693191
396.667	0.103421
397.222	0.0910302
397.778	0.0622712
398.333	0.10403
398.889	0.0927934
399.444	0.0457366
400	0.0772628
400.556	0.0751161
401.111	0.0988565
401.667	0.0613876
402.222	0.128969
402.778	0.10498
403.333	0.076318
403.889	0.0703851
404.444	0.0851467
405	0.0441668
405.556	0.128493
406.111	0.0075792
406.667	0.0444747
407.222	0.016388
407.778	0.0251449
408.333	0.103261
408.889	0.00694676
409.444	0.0262104
410	0.129232
410.556	0.0771089
411.111	0.112218
411.667	0.0380381
412.222	0.0275096
412.778	0.121726
413.333	0.0294754
413.889	0.0489004
414.444	0.0160407
415	0.0200205
415.556	0.173915
416.111	0.0231457
416.667	0.0321962
417.222	0.117628
417.778	0.0469536
418.333	0.10244
418.889	0.00063476
419.444	0.00869074
420	0.167166
420.556	0.0440091
421.111	0.0696178
421.667	0.00514415
422.222	0.094691
422.778	0.171338
423.333	0.0256674
423.889	0.0580654
424.444	0.137498
425	0.0600091
425.556	0.00830105
426.111	0.0570697
426.667	0.0061772
427.222	0.107894
427.778	0.0376594
428.333	0.124645
428.889	0.0229723
429.444	0.0426556
430	0.129612
430.556	0.0208632
431.111	0.0494258
431.667	0.128544
432.222	0.0742507
432.778	0.0540702
433.333	0.0566753
433.889	0.0086273
434.444	0.0783414
435	0.016469
435.556	0.0750844
436.111	0.00249165
436.667	0.0864535
437.222	0.106807
437.778	0.0497077
438.333	0.0260905
438.889	0.0783785
439.444	0.0237497
440	0.127714
440.556	0.0333058
441.111	0.0408835
441.667	0.061887
442.222	0.0377419
442.778	0.163513
443.333	0.0668272
443.889	0.00337486
444.444	0.134168
445	0.0633588
445.556	0.0316256
446.111	0.0130537
446.667	0.0570708
447.222	0.124413
447.778	0.0543452
448.333	0.033277
448.889	0.0512532
449.444	0.146081
450	0.131037
450.556	0.00610959
451.111	0.0823298
451.667	0.0861741
452.222	0.00453575
452.778	0.0459642
453.333	0.00498366
453.889	0.0590396
454.444	0.139481
455	0.00823224
455.556	0.0845829
456.111	0.0287036
456.667	0.12158
457.222	0.0952096
457.778	0.0327593
458.333	0.0734586
458.889	0.0522979
459.444	0.00188897
460	0.0792627
460.556	0.0361826
461.111	0.0287719
461.667	0.109251
462.222	0.0461272
462.778	0.112654
463.333	0.0668096
463.889	0.0437762
464.444	0.0693251
465	0.036545
465.556	0.0584619
466.111	0.0470421
466.667	0.00606953
467.222	0.14735
467.778	0.0398641
468.333	0.0468082
468.889	0.0611643
469.444	0.0772159
470	0.0919152
470.556	0.0624256
471.111	0.00879145
471.667	0.063016
472.222	0.0464091
472.778	0.0574823
473.333	0.0615117
473.889	0.0049688
474.444	0.167742
475	0.00134229
475.556	0.0130851
476.111	0.0855157
476.667	0.0890468
477.222	0.144585
477.778	0.0581865
478.333	0.0423491
478.889	0.0908341
479.444	0.0961015
480	0.0745771
480.556	0.00309284
481.111	0.0235626
481.667	0.15333
482.222	0.00765267
482.778	0.0412472
483.333	0.059038
483.889	0.0297687
484.444	0.081323
485	0.027081
485.556	0.0976789
486.111	0.111644
486.667	0.0972204
487.222	0.113324
487.778	0.00331444
488.333	0.0194195
488.889	0.114004
489.444	0.0463642
490	0.0250384
490.556	0.0281061
491.111	0.0128465
491.667	0.0691111
492.222	0.04047
492.778	0.0462634
493.333	0.103371
493.889	0.0822934
494.444	0.0766814
495	0.00486895
495.556	0.0459733
496.111	0.0598953
496.667	0.00476584
497.222	0.103899
497.778	0.0333618
498.333	0.0110406
498.889	0.0576847
499.444	0.07774
500	0.0404461
500.556	0.0779773
501.111	0.00238208
501.667	0.103482
502.222	0.00691961
502.778	0.0653469
503.333	0.0314054
503.889	0.047839
504.444	0.101027
505	0.0401053
505.556	0.0395718
506.111	0.0993873
506.667	0.109046
507.222	0.0250595
507.778	0.0777465
508.333	0.00201063
508.889	0.129593
509.444	0.0400061
510	0.0118993
510.556	0.0149254
511.111	0.0637555
511.667	0.131631
512.222	0.0161732
512.778	0.041238
513.333	0.134434
513.889	0.0547593
514.444	0.0417996
515	0.0147913
515.556	0.0240221
516.111	0.104303
516.667	0.0155692
517.222	0.051159
517.778	0.0294643
518.333	0.0976403
518.889	0.0880992
519.444	0.0183144
520	0.014679
520.556	0.153177
521.111	0.00797692
521.667	0.0512198
522.222	0.00521096
522.778	0.034427
523.333	0.0870878
523.889	0.0297604
524.444	0.110284
525	0.0253263
525.556	0.0394916
526.111	0.0587621
526.667	0.0428785
527.222	0.035507
527.778	0.0892794
528.333	0.0157618
528.889	0.0662646
529.444	0.00987897
530	0.0339216
530.556	0.066553
531.111	0.0798951
531.667	0.138918
532.222	0.0513273
532.778	0.00717002
533.333	0.0968065
533.889	0.0379692
534.444	0.0198881
535	0.0590293
535.556	0.0291935
536.111	0.116645
536.667	0.00203112
537.222	0.00878755
537.778	0.0411387
538.333	0.0980715
538.889	0.0969167
539.444	0.073907
540	0.0117877
540.556	0.0899155
541.111	0.045405
541.667	0.0044564
542.222	0.0036315
542.778	0.00132069
543.333	0.127454
543.889	0.00818289
544.444	0.0522139
545	0.0555149
545.556	0.0898339
546.111	0.0569473
546.667	0.0495179
547.222	0.00872842
547.778	0.10512
548.333	0.00910165
548.889	0.0432225
549.444	0.0241451
550	0.0281817
550.556	0.102602
551.111	0.0355897
551.667	0.070281
552.222	0.0800944
552.778	0.0594718
553.333	0.033259
553.889	0.00627468
554.444	0.00697266
555	0.106942
555.556	0.00402482
556.111	0.101518
556.667	0.0262936
557.222	0.0386332
557.778	0.103049
558.333	0.0559245
558.889	0.075827
559.444	0.098739
560	0.0206057
560.556	0.0581259
561.111	0.0377971
561.667	0.0186029
562.222	0.0389913
562.778	0.00975485
563.333	0.12739
563.889	0.016804
564.444	0.0364512
565	0.0886928
565.556	0.0390377
566.111	0.0380805
566.667	0.0976832
567.222	0.0124232
567.778	0.0861039
568.333	0.0479575
568.889	0.0153014
569.444	0.00894896
570	0.0217043
570.556	0.148175
571.111	0.0336457
571.667	0.00563396
572.222	0.0644418
572.778	0.0488743
573.333	0.0163434
573.889	0.0638495
574.444	0.0202075
575	0.115129
575.556	0.0480035
576.111	0.0502164
576.667	0.0245733
577.222	0.0687523
577.778	0.116107
578.333	0.0153863
578.889	0.0316413
579.444	0.0689368
580	0.0226499
580.556	0.0163195
581.111	7.24744e-05
581.667	0.0241317
582.222	0.113321
582.778	0.0128215
583.333	0.0792717
583.889	0.0216121
584.444	0.0686511
585	0.102886
585.556	0.00896341
586.111	0.0604123
586.667	0.0736233
587.222	0.00600272
587.778	0.0488304
588.333	0.0512091
588.889	0.0211906
589.444	0.0921528
590	0.0187332
590.556	0.0972304
591.111	0.0329616
591.667	0.0553294
592.222	0.0390697
592.778	0.0186551
593.333	0.0703783
593.889	0.0796631
594.444	0.0148088
595	0.0929599
595.556	0.0635025
596.111	0.00367865
596.667	0.0709161
597.222	0.0292584
597.778	0.118909
598.333	0.0468376
598.889	0.00908674
599.444	0.021746
600	0.0255257
600.556	0.0445945
601.111	0.0434723
601.667	0.00240749
602.222	0.13396
602.778	0.0429214
603.333	0.00915652
603.889	0.051554
604.444	0.0477917
605	0.0886658
605.556	0.0411322
606.111	0.0455529
606.667	0.0600392
607.222	0.0385637
607.778	0.0488828
608.333	0.00906432
608.889	0.00166137
609.444	0.142198
610	0.00349232
610.556	0.00798447
611.111	0.0470818
611.667	0.0535391
612.222	0.0498301
612.778	0.0117119
613.333	0.0808627
613.889	0.0822045
614.444	0.0585916
615	0.0752348
615.556	0.0357637
616.111	0.0163391
616.667	0.11901
617.222	0.0334105
617.778	0.0515696
618.333	0.0367047
618.889	0.0416692
619.444	0.0343041
620	0.017829
620.556	0.0702495
621.111	0.097909
621.667	0.0316692
622.222	0.0866722
622.778	0.0451878
623.333	0.0247026
623.889	0.0822222
624.444	0.0167949
625	0.0780258
625.556	0.0371939
626.111	0.0139057
626.667	0.0267921
627.222	0.0368747
627.778	0.0490452
628.333	0.0829376
628.889	0.0149509
629.444	0.111393
630	0.0016209
630.556	0.0282893
631.111	0.0338587
631.667	0.0131041
632.222	0.0897503
632.778	0.0227751
633.333	0.0387826
633.889	0.0610465
634.444	0.0518485
635	0.0360318
635.556	0.0537024
636.111	0.0202509
636.667	0.11249
637.222	0.0272308
637.778	0.0076455
638.333	0.0270391
638.889	0.0347291
639.444	0.0829584
640	0.00314411
640.556	0.0520615
641.111	0.120573
641.667	0.0629783
642.222	0.0310525
642.778	0.00651612
643.333	0.0181879
643.889	0.0850684
644.444	0.0322218
645	0.0659399
645.556	0.0155461
646.111	0.0445623
646.667	0.0612814
647.222	0.0117761
647.778	0.0421075
648.333	0.141398
648.889	0.0253456
649.444	0.0497069
650	0.00936038
650.556	0.0159119
651.111	0.0648369
651.667	0.0251888
652.222	0.0988218
652.778	0.0212992
653.333	0.0406912
653.889	0.0540316
654.444	0.0349982
655	0.00994255
655.556	0.104242
656.111	0.00640799
656.667	0.0525653
657.222	0.00103239
657.778	0.0174172
658.333	0.0506326
658.889	0.026009
659.444	0.110663
660	0.0351629
660.556	0.00228109
661.111	0.0708556
661.667	0.0447247
662.222	0.00306837
662.778	0.0625055
663.333	0.0213272
663.889	0.0746268
664.444	0.015217
665	0.0079509
665.556	0.0310768
666.111	0.0662
666.667	0.0876029
667.222	0.0392019
667.778	0.0180746
668.333	0.0984339
668.889	0.0375504
669.444	0.00494499
670	0.00561486
670.556	0.0176464
671.111	0.088907
671.667	0.0217381
672.222	0.0527852
672.778	0.0395654
673.333	0.0699273
673.889	0.0558447
674.444	0.035999
675	0.0212185
675.556	0.107476
676.111	0.00911281
676.667	0.0290326
677.222	0.0270134
677.778	0.00385778
678.333	0.0855567
678.889	0.00229249
679.444	0.0881117
680	0.0537372
680.556	0.0558465
681.111	0.0232315
681.667	0.00851848
682.222	0.0172654
682.778	0.0982621
683.333	0.0177543
683.889	0.0690718
684.444	0.0262108
685	0.0188647
685.556	0.077223
686.111	0.0261739
686.667	0.0850505
687.222	0.064128
687.778	0.0223198
688.333	0.0329747
688.889	0.0254599
689.444	0.0184121
690	0.0416463
690.556	0.0270799
691.111	0.089206
691.667	0.0037776
692.222	0.0235317
692.778	0.0617789
693.333	0.0454116
693.889	0.0586879
694.444	0.0782284
695	0.0181747
695.556	0.0754876
696.111	0.0326767
696.667	0.0251329
697.222	0.00560209
697.778	0.00950762
698.333	0.107351
698.889	0.0197278
699.444	0.0096767
700	0.051781
700.556	0.0545898
701.111	0.0238653
701.667	0.0574837
702.222	0.032818
702.778	0.0947435
703.333	0.0186657
703.889	0.0359099
704.444	0.0119092
705	0.0271348
705.556	0.106746
706.111	0.0277425
706.667	0.0434137
707.222	0.061404
707.778	0.0301324
708.333	0.0103941
708.889	0.0153893
709.444	0.0370838
710	0.0935165
710.556	0.00189874
711.111	0.0547338
711.667	0.00408992
712.222	0.0561145
712.778	0.0870854
713.333	0.00826124
713.889	0.062295
714.444	0.0583647
715	0.00200618
715.556	0.0210361
716.111	0.0305663
716.667	0.032876
717.222	0.0699311
717.778	0.014045
718.333	0.078833
718.889	0.0317334
719.444	0.0493708
720	0.0486258
720.556	0.0107145
721.111	0.0477173
721.667	0.0673863
722.222	0.0175619
722.778	0.065284
723.333	0.0561557
723.889	0.0203994
724.444	0.0375925
725	0.000519659
725.556	0.0919345
726.111	0.0524343
726.667	0.00555621
727.222	0.0292871
727.778	0.0272409
728.333	0.035954
728.889	0.0467721
729.444	0.0390174
730	0.105363
730.556	0.0396294
731.111	0.0085622
731.667	0.0246917
732.222	0.027393
732.778	0.092647
733.333	0.0546315
733.889	0.0397326
734.444	0.0242212
735	0.0356327
735.556	0.0259876
736.111	0.00912039
736.667	0.0359009
737.222	0.118603
737.778	0.00461866
738.333	0.0197535
738.889	0.0252525
739.444	0.0489802
740	0.0708374
740.556	0.0290348
741.111	0.0720418
741.667	0.0473647
742.222	0.0200131
742.778	0.0395855
743.333	0.0283077
743.889	0.0156719
744.444	0.0928635
745	0.0221156
745.556	0.0378798
746.111	0.038019
746.667	0.041937
747.222	0.0326963
747.778	0.00657696
748.333	0.0667313
748.889	0.0678647
749.444	0.00544525
750	0.0768715
750.556	0.0424913
751.111	0.00782216
751.667	0.0580563
752.222	0.0253617
752.778	0.067533
753.333	0.050882
753.889	0.00662251
754.444	0.00792722
755	0.0344465
755.556	0.0443322
756.111	0.0691623
756.667	0.0106517
757.222	0.105142
757.778	0.0183925
758.333	0.0252116
758.889	0.026589
759.444	0.00014694
760	0.0848429
760.556	0.0417707
761.111	0.0451026
761.667	0.0270626
762.222	0.0505899
762.778	0.0257535
763.333	0.0461717
763.889	0.0213219
764.444	0.106377
765	0.0203094
765.556	0.00756462
766.111	0.0122097
766.667	0.0216142
767.222	0.0711297
767.778	0.023026
768.333	0.0689451
768.889	0.0594185
769.444	0.0467312
770	0.0269644
770.556	0.00667091
771.111	0.00899412
771.667	0.0802972
772.222	0.0433605
772.778	0.0312524
773.333	0.0202844
773.889	0.0268594
774.444	0.0451423
775	0.00816662
775.556	0.0581983
776.111	0.0956207
776.667	0.019566
777.222	0.0504297
777.778	0.0136598
778.333	0.00458034
778.889	0.042111
779.444	0.0386821
780	0.0727047
780.556	0.0303421
781.111	0.00879907
781.667	0.0323126
782.222	0.0290546
782.778	0.0310424
783.333	0.094998
783.889	0.0119483
784.444	0.0667384
785	0.00279144
785.556	0.0161316
786.111	0.0221752
786.667	0.00260291
787.222	0.104821
787.778	0.0378712
788.333	0.0251847
788.889	0.0365866
789.444	0.0425834
790	0.00352845
790.556	0.0669145
791.111	0.0338984
791.667	0.0732613
792.222	0.0222937
792.778	0.0029546
793.333	0.00706375
793.889	0.0344602
794.444	0.0871001
795	0.0366494
795.556	0.0353515
796.111	0.0636679
796.667	0.0345622
797.222	0.00712641
797.778	0.0159366
798.333	0.0345482
798.889	0.0680711
799.444	0.0360809
800	0.0320675
800.556	0.0201243
801.111	0.045844
801.667	0.0554248
802.222	0.0289606
802.778	0.0326723
803.333	0.0898567
803.889	0.00504134
804.444	0.0266708
805	0.0139907
805.556	0.0132785
806.111	0.0529117
806.667	0.0240817
807.222	0.0724455
807.778	0.0379707
808.333	0.0286137
808.889	0.0264359
809.444	0.00530309
810	0.0165108
810.556	0.0862046
811.111	0.0323813
811.667	0.0509766
812.222	0.0134492
812.778	0.00784139
813.333	0.0381103
813.889	0.00396246
814.444	0.0981814
815	0.0545535
815.556	0.00273518
816.111	0.0172761
816.667	0.0165781
817.222	0.00821676
817.778	0.0566277
818.333	0.0484683
818.889	0.0696109
819.444	0.00494015
820	0.0147518
820.556	0.0317627
821.111	0.0354288
821.667	0.0793287
822.222	0.0592062
822.778	0.0296452
823.333	0.0411905
823.889	0.023947
824.444	0.0106889
825	0.0113718
825.556	0.04375
826.111	0.0803236
826.667	0.0248534
827.222	0.0107006
827.778	0.0349462
828.333	0.0415371
828.889	0.039973
829.444	0.0535479
830	0.0342858
830.556	0.0676624
831.111	0.00783703
831.667	0.0273829
832.222	0.0141735
832.778	0.00516844
833.333	0.079031
833.889	0.0276284
834.444	0.0531905
835	0.0397914
835.556	0.0241804
836.111	0.00588552
836.667	0.0230763
837.222	0.0358824
837.778	0.0789674
838.333	0.0182086
838.889	0.0504913
839.444	0.0147043
840	0.0293291
840.556	0.0583418
841.111	0.0125788
841.667	0.0738785
842.222	0.0553344
842.778	0.00772701
843.333	0.00100672
843.889	0.0134916
844.444	0.0241527
845	0.060143
845.556	0.0393943
846.111	0.0711298
846.667	0.0103683
847.222	0.0351175
847.778	0.0367482
848.333	0.00279333
848.889	0.0640876
849.444	0.0639294
850	0.0330288
850.556	0.026389
851.111	0.0336302
851.667	0.0218026
852.222	0.0242711
852.778	0.036392
853.333	0.078712
853.889	0.0384172
854.444	0.0133745
855	0.0190956
855.556	0.0132346
856.111	0.0323146
856.667	0.0548624
857.222	0.043488
857.778	0.0668425
858.333	0.0243955
858.889	0.0209529
859.444	0.00556905
860	0.000189651
860.556	0.0743736
861.111	0.044742
861.667	0.0383098
862.222	0.0203931
862.778	0.00837654
863.333	0.00325925
863.889	0.0194939
864.444	0.0414554
865	0.084462
865.556	0.00751384
866.111	0.0307054
866.667	0.00512313
867.222	0.0327813
867.778	0.054276
868.333	0.0345413
868.889	0.072092
869.444	0.0350828
870	0.00840351
870.556	0.00632317
871.111	0.0221303
871.667	0.0307163
872.222	0.0763916
872.778	0.0407446
873.333	0.0464201
873.889	0.0236648
874.444	0.0374696
875	0.0228881
875.556	0.014456
876.111	0.0747777
876.667	0.056591
877.222	0.0202484
877.778	0.0331123
878.333	0.0373394
878.889	0.0164314
879.444	0.0483836
880	0.0438275
880.556	0.0573905
881.111	0.0396469
881.667	0.00893322
882.222	0.00567364
882.778	0.00613473
883.333	0.0452369
883.889	0.055547
884.444	0.029341
885	0.0680711
885.556	0.0242954
886.111	0.00100315
886.667	0.0193146
887.222	0.015044
887.778	0.0634113
888.333	0.0468508
888.889	0.0425873
889.444	0.00398538
890	0.0131485
890.556	0.0156335
891.111	0.0342846
891.667	0.0301815
892.222	0.08601
892.778	0.0162808
893.333	0.00611024
893.889	0.00697373
894.444	0.0153022
895	0.0491389
895.556	0.0338788
896.111	0.0768058
896.667	0.0323343
897.222	0.00944921
897.778	0.0108754
898.333	0.00401806
898.889	0.0266607
899.444	0.0727339
900	0.0548013
900.556	0.0253328
901.111	0.0137821
901.667	0.0244221
902.222	0.0261201
902.778	0.0170049
903.333	0.0772107
903.889	0.0636036
904.444	0.000595105
905	0.0251918
905.556	0.0239337
906.111	0.0110258
906.667	0.0452592
907.222	0.0611414
907.778	0.0541366
908.333	0.0244036
908.889	0.00341402
909.444	0.00558154
910	0.00294554
910.556	0.0494673
911.111	0.072164
911.667	0.0191053
912.222	0.0502675
912.778	0.0110086
913.333	0.0024482
913.889	0.0184507
914.444	0.0296197
915	0.0703318
915.556	0.0292626
916.111	0.0374921
916.667	0.0108117
917.222	0.0160536
917.778	0.012258
918.333	0.049634
918.889	0.0332497
919.444	0.067608
920	0.025567
920.556	0.00403555
921.111	0.000366909
921.667	0.00612217
922.222	0.0644971
922.778	0.0345054
923.333	0.0648315
923.889	0.0345946
924.444	0.0170578
925	0.00039473
925.556	0.0133958
926.111	0.038139
926.667	0.063509
927.222	0.0576153
927.778	0.0219362
928.333	0.000566868
928.889	0.0261284
929.444	0.0368884
930	0.0250036
930.556	0.0651669
931.111	0.0692732
931.667	0.00347067
932.222	0.00876387
932.778	0.0157409
933.333	0.0250264
933.889	0.0418272
934.444	0.0614165
935	0.0560056
935.556	0.00975923
936.111	0.0120278
936.667	0.00952304
937.222	0.0138523
937.778	0.039264
938.333	0.0794956
938.889	0.0250185
939.444	0.028862
940	0.0141962
940.556	0.00648966
941.111	0.0196618
941.667	0.0306101
942.222	0.0789553
942.778	0.0282948
943.333	0.0205711
943.889	0.00374509
944.444	0.000658871
945	0.0118931
945.556	0.0535903
946.111	0.05038
946.667	0.051456
947.222	0.0157607
947.778	0.00356287
948.333	0.00266846
948.889	0.00735287
949.444	0.071985
950	0.045141
950.556	0.0493697
951.111	0.0266782
951.667	0.00914089
952.222	0.00210749
952.778	0.0104967
953.333	0.0561947
953.889	0.0580503
954.444	0.0458916
955	0.0191348
955.556	0.00420642
956.111	0.0287333
956.667	0.039505
957.222	0.0453074
957.778	0.0588589
958.333	0.0559955
958.889	0.00190662
959.444	0.002785
960	0.0229119
960.556	0.038348
961.111	0.0530115
961.667	0.051023
962.222	0.0513159
962.778	0.0086749
963.333	0.0192597
963.889	0.00362069
964.444	0.033568
965	0.0434509
965.556	0.0693521
966.111	0.0274734
966.667	0.0277487
967.222	0.0227723
967.778	0.00896249
968.333	0.0357804
968.889	0.0316336
969.444	0.0729593
970	0.030953
970.556	0.0142953
971.111	0.00911183
971.667	0.00856034
972.222	0.0240423
972.778	0.0467679
973.333	0.053662
973.889	0.0460332
974.444	0.00521836
975	0.00618315
975.556	0.0184264
976.111	0.00340068
976.667	0.0623321
977.222	0.0518611
977.778	0.0452018
978.333	0.0129482
978.889	0.00757857
979.444	0.00933019
980	0.00943084
980.556	0.0596389
981.111	0.0632458
981.667	0.0414136
982.222	0.00448344
982.778	0.00376597
983.333	0.0151671
983.889	0.0332374
984.444	0.0563198
985	0.0616432
985.556	0.0405909
986.111	0.00634139
986.667	0.00990699
987.222	0.0166774
987.778	0.0386802
988.333	0.0639885
988.889	0.052923
989.444	0.0372534
990	0.00373228
990.556	0.00452639
991.111	0.00429114
991.667	0.0389608
992.222	0.0553227
992.778	0.0602368
993.333	0.0193934
993.889	0.0237846
994.444	0.0177546
995	0.00573378
995.556	0.046448
996.111	0.0422346
996.667	0.0632213
997.222	0.0175922
997.778	0.0193308
998.333	0.0159713
998.889	0.00754624
999.444	0.0415162
1000	0.0480837
1000.56	0.0480837
1001.11	0.0415162
1001.67	0.00754624
1002.22	0.0159713
1002.78	0.0193308
1003.33	0.0175922
1003.89	0.0632213
1004.44	0.0422346
1005	0.046448
1005.56	0.00573378
1006.11	0.0177546
1006.67	0.0237846
1007.22	0.0193934
1007.78	0.0602368
1008.33	0.0553227
1008.89	0.0389608
1009.44	0.00429114
1010	0.00452639
1010.56	0.00373228
1011.11	0.0372534
1011.67	0.052923
1012.22	0.0639885
1012.78	0.0386802
1013.33	0.0166774
1013.89	0.00990699
1014.44	0.00634139
1015	0.0405909
1015.56	0.0616432
1016.11	0.0563198
1016.67	0.0332374
1017.22	0.0151671
1017.78	0.00376597
1018.33	0.00448344
1018.89	0.0414136
1019.44	0.0632458
1020	0.0596389
1020.56	0.00943084
1021.11	0.00933019
1021.67	0.00757857
1022.22	0.0129482
1022.78	0.0452018
1023.33	0.0518611
1023.89	0.0623321
1024.44	0.00340068
1025	0.0184264
1025.56	0.00618315
1026.11	0.00521836
1026.67	0.0460332
1027.22	0.053662
1027.78	0.0467679
1028.33	0.0240423
1028.89	0.00856034
1029.44	0.00911183
1030	0.0142953
1030.56	0.030953
1031.11	0.0729593
1031.67	0.0316336
1032.22	0.0357804
1032.78	0.00896249
1033.33	0.0227723
1033.89	0.0277487
1034.44	0.0274734
1035	0.0693521
1035.56	0.0434509
1036.11	0.033568
1036.67	0.00362069
1037.22	0.0192597
1037.78	0.0086749
1038.33	0.0513159
1038.89	0.051023
1039.44	0.0530115
1040	0.038348
1040.56	0.0229119
1041.11	0.002785
1041.67	0.00190662
1042.22	0.0559955
1042.78	0.0588589
1043.33	0.0453074
1043.89	0.039505
1044.44	0.0287333
1045	0.00420642
1045.56	0.0191348
1046.11	0.0458916
1046.67	0.0580503
1047.22	0.0561947
1047.78	0.0104967
1048.33	0.00210749
1048.89	0.00914089
1049.44	0.0266782
1050	0.0493697
1050.56	0.045141
1051.11	0.071985
1051.67	0.00735287
1052.22	0.00266846
1052.78	0.00356287
1053.33	0.0157607
1053.89	0.051456
1054.44	0.05038
1055	0.0535903
1055.56	0.0118931
1056.11	0.000658871
1056.67	0.00374509
1057.22	0.0205711
1057.78	0.0282948
1058.33	0.0789553
1058.89	0.0306101
1059.44	0.0196618
1060	0.00648966
1060.56	0.0141962
1061.11	0.028862
1061.67	0.0250185
1062.22	0.0794956
1062.78	0.039264
1063.33	0.0138523
1063.89	0.00952304
1064.44	0.0120278
1065	0.00975923
1065.56	0.0560056
1066.11	0.0614165
1066.67	0.0418272
1067.22	0.0250264
1067.78	0.0157409
1068.33	0.00876387
1068.89	0.00347067
1069.44	0.0692732
1070	0.0651669
1070.56	0.0250036
1071.11	0.0368884
1071.67	0.0261284
1072.22	0.000566868
1072.78	0.0219362
1073.33	0.0576153
1073.89	0.063509
1074.44	0.038139
1075	0.0133958
1075.56	0.00039473
1076.11	0.0170578
1076.67	0.0345946
1077.22	0.0648315
1077.78	0.0345054
1078.33	0.0644971
1078.89	0.00612217
1079.44	0.000366909
1080	0.00403555
1080.56	0.025567
1081.11	0.067608
1081.67	0.0332497
1082.22	0.049634
1082.78	0.012258
1083.33	0.0160536
1083.89	0.0108117
1084.44	0.0374921
1085	0.0292626
1085.56	0.0703318
1086.11	0.0296197
1086.67	0.0184507
1087.22	0.0024482
1087.78	0.0110086
1088.33	0.0502675
1088.89	0.0191053
1089.44	0.072164
1090	0.0494673
1090.56	0.00294554
1091.11	0.00558154
1091.67	0.00341402
1092.22	0.0244036
1092.78	0.0541366
1093.33	0.0611414
1093.89	0.0452592
1094.44	0.0110258
1095	0.0239337
1095.56	0.0251918
1096.11	0.000595105
1096.67	0.0636036
1097.22	0.0772107
1097.78	0.0170049
1098.33	0.0261201
1098.89	0.0244221
1099.44	0.0137821
1100	0.0253328
1100.56	0.0548013
1101.11	0.0727339
1101.67	0.0266607
1102.22	0.00401806
1102.78	0.0108754
1103.33	0.00944921
1103.89	0.0323343
1104.44	0.0768058
1105	0.0338788
1105.56	0.0491389
1106.11	0.0153022
1106.67	0.00697373
1107.22	0.00611024
1107.78	0.0162808
1108.33	0.08601
1108.89	0.0301815
1109.44	0.0342846
1110	0.0156335
1110.56	0.0131485
1111.11	0.00398538
1111.67	0.0425873
1112.22	0.0468508
1112.78	0.0634113
1113.33	0.015044
1113.89	0.0193146
1114.44	0.00100315
1115	0.0242954
1115.56	0.0680711
1116.11	0.029341
1116.67	0.055547
1117.22	0.0452369
1117.78	0.00613473
1118.33	0.00567364
1118.89	0.00893322
1119.44	0.0396469
1120	0.0573905
1120.56	0.0438275
1121.11	0.0483836
1121.67	0.0164314
1122.22	0.0373394
1122.78	0.0331123
1123.33	0.0202484
1123.89	0.056591
1124.44	0.0747777
1125	0.014456
1125.56	0.0228881
1126.11	0.0374696
1126.67	0.0236648
1127.22	0.0464201
1127.78	0.0407446
1128.33	0.0763916
1128.89	0.0307163
1129.44	0.0221303
1130	0.00632317
1130.56	0.00840351
1131.11	0.0350828
1131.67	0.072092
1132.22	0.0345413
1132.78	0.054276
1133.33	0.0327813
1133.89	0.00512313
1134.44	0.0307054
1135	0.00751384
1135.56	0.084462
1136.11	0.0414554
1136.67	0.0194939
1137.22	0.00325925
1137.78	0.00837654
1138.33	0.0203931
1138.89	0.0383098
1139.44	0.044742
1140	0.0743736
1140.56	0.000189651
1141.11	0.00556905
1141.67	0.0209529
1142.22	0.0243955
1142.78	0.0668425
1143.33	0.043488
1143.89	0.0548624
1144.44	0.0323146
1145	0.0132346
1145.56	0.0190956
1146.11	0.0133745
1146.67	0.0384172
1147.22	0.078712
1147.78	0.036392
1148.33	0.0242711
1148.89	0.0218026
1149.44	0.0336302
1150	0.026389
1150.56	0.0330288
1151.11	0.0639294
1151.67	0.0640876
1152.22	0.00279333
1152.78	0.0367482
1153.33	0.0351175
1153.89	0.0103683
1154.44	0.0711298
1155	0.0393943
1155.56	0.060143
1156.11	0.0241527
1156.67	0.0134916
1157.22	0.00100672
1157.78	0.00772701
1158.33	0.0553344
1158.89	0.0738785
1159.44	0.0125788
1160	0.0583418
1160.56	0.0293291
1161.11	0.0147043
1161.67	0.0504913
1162.22	0.0182086
1162.78	0.0789674
1163.33	0.0358824
1163.89	0.0230763
1164.44	0.00588552
1165	0.0241804
1165.56	0.0397914
1166.11	0.0531905
1166.67	0.0276284
1167.22	0.079031
1167.78	0.00516844
1168.33	0.0141735
1168.89	0.0273829
1169.44	0.00783703
1170	0.0676624
1170.56	0.0342858
1171.11	0.0535479
1171.67	0.039973
1172.22	0.0415371
1172.78	0.0349462
1173.33	0.0107006
1173.89	0.0248534
1174.44	0.0803236
1175	0.04375
1175.56	0.0113718
1176.11	0.0106889
1176.67	0.023947
1177.22	0.0411905
1177.78	0.0296452
1178.33	0.0592062
1178.89	0.0793287
1179.44	0.0354288
1180	0.0317627
1180.56	0.0147518
1181.11	0.00494015
1181.67	0.0696109
1182.22	0.0484683
1182.78	0.0566277
1183.33	0.00821676
1183.89	0.0165781
1184.44	0.0172761
1185	0.00273518
1185.56	0.0545535
1186.11	0.0981814
1186.67	0.00396246
1187.22	0.0381103
1187.78	0.00784139
1188.33	0.0134492
1188.89	0.0509766
1189.44	0.0323813
1190	0.0862046
1190.56	0.0165108
1191.11	0.00530309
1191.67	0.0264359
1192.22	0.0286137
1192.78	0.0379707
1193.33	0.0724455
1193.89	0.0240817
1194.44	0.0529117
1195	0.0132785
1195.56	0.0139907
1196.11	0.0266708
1196.67	0.00504134
1197.22	0.0898567
1197.78	0.0326723
1198.33	0.0289606
1198.89	0.0554248
1199.44	0.045844
1200	0.0201243
1200.56	0.0320675
1201.11	0.0360809
1201.67	0.0680711
1202.22	0.0345482
1202.78	0.0159366
1203.33	0.00712641
1203.89	0.0345622
1204.44	0.0636679
1205	0.0353515
1205.56	0.0366494
1206.11	0.0871001
1206.67	0.0344602
1207.22	0.00706375
1207.78	0.0029546
1208.33	0.0222937
1208.89	0.0732613
1209.44	0.0338984
1210	0.0669145
1210.56	0.00352845
1211.11	0.0425834
1211.67	0.0365866
1212.22	0.0251847
1212.78	0.0378712
1213.33	0.104821
1213.89	0.00260291
1214.44	0.0221752
1215	0.0161316
1215.56	0.00279144
1216.11	0.0667384
1216.67	0.0119483
1217.22	0.094998
1217.78	0.0310424
1218.33	0.0290546
1218.89	0.0323126
1219.44	0.00879907
1220	0.0303421
1220.56	0.0727047
1221.11	0.0386821
1221.67	0.042111
1222.22	0.00458034
1222.78	0.0136598
1223.33	0.0504297
1223.89	0.019566
1224.44	0.0956207
1225	0.0581983
1225.56	0.00816662
1226.11	0.0451423
1226.67	0.0268594
1227.22	0.0202844
1227.78	0.0312524
1228.33	0.0433605
1228.89	0.0802972
1229.44	0.00899412
1230	0.00667091
1230.56	0.0269644
1231.11	0.0467312
1231.67	0.0594185
1232.22	0.0689451
1232.78	0.023026
1233.33	0.0711297
1233.89	0.0216142
1234.44	0.0122097
1235	0.00756462
1235.56	0.0203094
1236.11	0.106377
1236.67	0.0213219
1237.22	0.0461717
1237.78	0.0257535
1238.33	0.0505899
1238.89	0.0270626
1239.44	0.0451026
1240	0.0417707
1240.56	0.0848429
1241.11	0.00014694
1241.67	0.026589
1242.22	0.0252116
1242.78	0.0183925
1243.33	0.105142
1243.89	0.0106517
1244.44	0.0691623
1245	0.0443322
1245.56	0.0344465
1246.11	0.00792722
1246.67	0.00662251
1247.22	0.050882
1247.78	0.067533
1248.33	0.0253617
1248.89	0.0580563
1249.44	0.00782216
1250	0.0424913
1250.56	0.0768715
1251.11	0.00544525
1251.67	0.0678647
1252.22	0.0667313
1252.78	0.00657696
1253.33	0.0326963
1253.89	0.041937
1254.44	0.038019
1255	0.0378798
1255.56	0.0221156
1256.11	0.0928635
1256.67	0.0156719
1257.22	0.0283077
1257.78	0.0395855
1258.33	0.0200131
1258.89	0.0473647
1259.44	0.0720418
1260	0.0290348
1260.56	0.0708374
1261.11	0.0489802
1261.67	0.0252525
1262.22	0.0197535
1262.78	0.00461866
1263.33	0.118603
1263.89	0.0359009
1264.44	0.00912039
1265	0.0259876
1265.56	0.0356327
1266.11	0.0242212
1266.67	0.0397326
1267.22	0.0546315
1267.78	0.092647
1268.33	0.027393
1268.89	0.0246917
1269.44	0.0085622
1270	0.0396294
1270.56	0.105363
1271.11	0.0390174
1271.67	0.0467721
1272.22	0.035954
1272.78	0.0272409
1273.33	0.0292871
1273.89	0.00555621
1274.44	0.0524343
1275	0.0919345
1275.56	0.000519659
1276.11	0.0375925
1276.67	0.0203994
1277.22	0.0561557
1277.78	0.065284
1278.33	0.0175619
1278.89	0.0673863
1279.44	0.0477173
1280	0.0107145
1280.56	0.0486258
1281.11	0.0493708
1281.67	0.0317334
1282.22	0.078833
1282.78	0.014045
1283.33	0.0699311
1283.89	0.032876
1284.44	0.0305663
1285	0.0210361
1285.56	0.00200618
1286.11	0.0583647
1286.67	0.062295
1287.22	0.00826124
1287.78	0.0870854
1288.33	0.0561145
1288.89	0.00408992
1289.44	0.0547338
1290	0.00189874
1290.56	0.0935165
1291.11	0.0370838
1291.67	0.0153893
1292.22	0.0103941
1292.78	0.0301324
1293.33	0.061404
1293.89	0.0434137
1294.44	0.0277425
1295	0.106746
1295.56	0.0271348
1296.11	0.0119092
1296.67	0.0359099
1297.22	0.0186657
1297.78	0.0947435
1298.33	0.032818
1298.89	0.0574837
1299.44	0.0238653
1300	0.0545898
1300.56	0.051781
1301.11	0.0096767
1301.67	0.0197278
1302.22	0.107351
1302.78	0.00950762
1303.33	0.00560209
1303.89	0.0251329
1304.44	0.0326767
1305	0.0754876
1305.56	0.0181747
1306.11	0.0782284
1306.67	0.0586879
1307.22	0.0454116
1307.78	0.0617789
1308.33	0.0235317
1308.89	0.0037776
1309.44	0.089206
1310	0.0270799
1310.56	0.0416463
1311.11	0.0184121
1311.67	0.0254599
1312.22	0.0329747
1312.78	0.0223198
1313.33	0.064128
1313.89	0.0850505
1314.44	0.0261739
1315	0.077223
1315.56	0.0188647
1316.11	0.0262108
1316.67	0.0690718
1317.22	0.0177543
1317.78	0.0982621
1318.33	0.0172654
1318.89	0.00851848
1319.44	0.0232315
1320	0.0558465
1320.56	0.0537372
1321.11	0.0881117
1321.67	0.00229249
1322.22	0.0855567
1322.78	0.00385778
1323.33	0.0270134
1323.89	0.0290326
1324.44	0.00911281
1325	0.107476
1325.56	0.0212185
1326.11	0.035999
1326.67	0.0558447
1327.22	0.0699273
1327.78	0.0395654
1328.33	0.0527852
1328.89	0.0217381
1329.44	0.088907
1330	0.0176464
1330.56	0.00561486
1331.11	0.00494499
1331.67	0.0375504
1332.22	0.0984339
1332.78	0.0180746
1333.33	0.0392019
1333.89	0.0876029
1334.44	0.0662
1335	0.0310768
1335.56	0.0079509
1336.11	0.015217
1336.67	0.0746268
1337.22	0.0213272
1337.78	0.0625055
1338.33	0.00306837
1338.89	0.0447247
1339.44	0.0708556
1340	0.00228109
1340.56	0.0351629
1341.11	0.110663
1341.67	0.026009
1342.22	0.0506326
1342.78	0.0174172
1343.33	0.00103239
1343.89	0.0525653
1344.44	0.00640799
1345	0.104242
1345.56	0.00994255
1346.11	0.0349982
1346.67	0.0540316
1347.22	0.0406912
1347.78	0.0212992
1348.33	0.0988218
1348.89	0.0251888
1349.44	0.0648369
1350	0.0159119
1350.56	0.00936038
1351.11	0.0497069
1351.67	0.0253456
1352.22	0.141398
1352.78	0.0421075
1353.33	0.0117761
1353.89	0.0612814
1354.44	0.0445623
1355	0.0155461
1355.56	0.0659399
1356.11	0.0322218
1356.67	0.0850684
1357.22	0.0181879
1357.78	0.00651612
1358.33	0.0310525
1358.89	0.0629783
1359.44	0.120573
1360	0.0520615
1360.56	0.00314411
1361.11	0.0829584
1361.67	0.0347291
1362.22	0.0270391
1362.78	0.0076455
1363.33	0.0272308
1363.89	0.11249
1364.44	0.0202509
1365	0.0537024
1365.56	0.0360318
1366.11	0.0518485
1366.67	0.0610465
1367.22	0.0387826
1367.78	0.0227751
1368.33	0.0897503
1368.89	0.0131041
1369.44	0.0338587
1370	0.0282893
1370.56	0.0016209
1371.11	0.111393
1371.67	0.0149509
1372.22	0.0829376
1372.78	0.0490452
1373.33	0.0368747
1373.89	0.0267921
1374.44	0.0139057
1375	0.0371939
1375.56	0.0780258
1376.11	0.0167949
1376.67	0.0822222
1377.22	0.0247026
1377.78	0.0451878
1378.33	0.0866722
1378.89	0.0316692
1379.44	0.097909
1380	0.0702495
1380.56	0.017829
1381.11	0.0343041
1381.67	0.0416692
1382.22	0.0367047
1382.78	0.0515696
1383.33	0.0334105
1383.89	0.11901
1384.44	0.0163391
1385	0.0357637
1385.56	0.0752348
1386.11	0.0585916
1386.67	0.0822045
1387.22	0.0808627
1387.78	0.0117119
1388.33	0.0498301
1388.89	0.0535391
1389.44	0.0470818
1390	0.00798447
1390.56	0.00349232
1391.11	0.142198
1391.67	0.00166137
1392.22	0.00906432
1392.78	0.0488828
1393.33	0.0385637
1393.89	0.0600392
1394.44	0.0455529
1395	0.0411322
1395.56	0.0886658
1396.11	0.0477917
1396.67	0.051554
1397.22	0.00915652
1397.78	0.0429214
1398.33	0.13396
1398.89	0.00240749
1399.44	0.0434723
1400	0.0445945
1400.56	0.0255257
1401.11	0.021746
1401.67	0.00908674
1402.22	0.0468376
1402.78	0.118909
1403.33	0.0292584
1403.89	0.0709161
1404.44	0.00367865
1405	0.0635025
1405.56	0.0929599
1406.11	0.0148088
1406.67	0.0796631
1407.22	0.0703783
1407.78	0.0186551
1408.33	0.0390697
1408.89	0.0553294
1409.44	0.0329616
1410	0.0972304
1410.56	0.0187332
1411.11	0.0921528
1411.67	0.0211906
1412.22	0.0512091
1412.78	0.0488304
1413.33	0.00600272
1413.89	0.0736233
1414.44	0.0604123
1415	0.00896341
1415.56	0.102886
1416.11	0.0686511
1416.67	0.0216121
1417.22	0.0792717
1417.78	0.0128215
1418.33	0.113321
1418.89	0.0241317
1419.44	7.24744e-05
1420	0.0163195
1420.56	0.0226499
1421.11	0.0689368
1421.67	0.0316413
1422.22	0.0153863
1422.78	0.116107
1423.33	0.0687523
1423.89	0.0245733
1424.44	0.0502164
1425	0.0480035
1425.56	0.115129
1426.11	0.0202075
1426.67	0.0638495
1427.22	0.0163434
1427.78	0.0488743
1428.33	0.0644418
1428.89	0.00563396
1429.44	0.0336457
1430	0.148175
1430.56	0.0217043
1431.11	0.00894896
1431.67	0.0153014
1432.22	0.0479575
1432.78	0.0861039
1433.33	0.0124232
1433.89	0.0976832
1434.44	0.0380805
1435	0.0390377
1435.56	0.0886928
1436.11	0.0364512
1436.67	0.016804
1437.22	0.12739
1437.78	0.00975485
1438.33	0.0389913
1438.89	0.0186029
1439.44	0.0377971
1440	0.0581259
1440.56	0.0206057
1441.11	0.098739
1441.67	0.075827
1442.22	0.0559245
1442.78	0.103049
1443.33	0.0386332
1443.89	0.0262936
1444.44	0.101518
1445	0.00402482
1445.56	0.106942
1446.11	0.00697266
1446.67	0.00627468
1447.22	0.033259
1447.78	0.0594718
1448.33	0.0800944
1448.89	0.070281
1449.44	0.0355897
1450	0.102602
1450.56	0.0281817
1451.11	0.0241451
1451.67	0.0432225
1452.22	0.00910165
1452.78	0.10512
1453.33	0.00872842
1453.89	0.0495179
1454.44	0.0569473
1455	0.0898339
1455.56	0.0555149
1456.11	0.0522139
1456.67	0.00818289
1457.22	0.127454
1457.78	0.00132069
1458.33	0.0036315
1458.89	0.0044564
1459.44	0.045405
1460	0.0899155
1460.56	0.0117877
1461.11	0.073907
1461.67	0.0969167
1462.22	0.0980715
1462.78	0.0411387
1463.33	0.00878755
1463.89	0.00203112
1464.44	0.116645
1465	0.0291935
1465.56	0.0590293
1466.11	0.0198881
1466.67	0.0379692
1467.22	0.0968065
1467.78	0.00717002
1468.33	0.0513273
1468.89	0.138918
1469.44	0.0798951
1470	0.066553
1470.56	0.0339216
1471.11	0.00987897
1471.67	0.0662646
1472.22	0.0157618
1472.78	0.0892794
1473.33	0.035507
1473.89	0.0428785
1474.44	0.0587621
1475	0.0394916
1475.56	0.0253263
1476.11	0.110284
1476.67	0.0297604
1477.22	0.0870878
1477.78	0.034427
1478.33	0.00521096
1478.89	0.0512198
1479.44	0.00797692
1480	0.153177
1480.56	0.014679
1481.11	0.0183144
1481.67	0.0880992
1482.22	0.0976403
1482.78	0.0294643
1483.33	0.051159
1483.89	0.0155692
1484.44	0.104303
1485	0.0240221
1485.56	0.0147913
1486.11	0.0417996
1486.67	0.0547593
1487.22	0.134434
1487.78	0.041238
1488.33	0.0161732
1488.89	0.131631
1489.44	0.0637555
1490	0.0149254
1490.56	0.0118993
1491.11	0.0400061
1491.67	0.129593
1492.22	0.00201063
1492.78	0.0777465
1493.33	0.0250595
1493.89	0.109046
1494.44	0.0993873
1495	0.0395718
1495.56	0.0401053
1496.11	0.101027
1496.67	0.047839
1497.22	0.0314054
1497.78	0.0653469
1498.33	0.00691961
1498.89	0.103482
1499.44	0.00238208
1500	0.0779773
1500.56	0.0404461
1501.11	0.07774
1501.67	0.0576847
1502.22	0.0110406
1502.78	0.0333618
1503.33	0.103899
1503.89	0.00476584
1504.44	0.0598953
1505	0.0459733
1505.56	0.00486895
1506.11	0.0766814
1506.67	0.0822934
1507.22	0.103371
1507.78	0.0462634
1508.33	0.04047
1508.89	0.0691111
1509.44	0.0128465
1510	0.0281061
1510.56	0.0250384
1511.11	0.0463642
1511.67	0.114004
1512.22	0.0194195
1512.78	0.00331444
1513.33	0.113324
1513.89	0.0972204
1514.44	0.111644
1515	0.0976789
1515.56	0.027081
1516.11	0.081323
1516.67	0.0297687
1517.22	0.059038
1517.78	0.0412472
1518.33	0.00765267
1518.89	0.15333
1519.44	0.0235626
1520	0.00309284
1520.56	0.0745771
1521.11	0.0961015
1521.67	0.0908341
1522.22	0.0423491
1522.78	0.0581865
1523.33	0.144585
1523.89	0.0890468
1524.44	0.0855157
1525	0.0130851
1525.56	0.00134229
1526.11	0.167742
1526.67	0.0049688
1527.22	0.0615117
1527.78	0.0574823
1528.33	0.0464091
1528.89	0.063016
1529.44	0.00879145
1530	0.0624256
1530.56	0.0919152
1531.11	0.0772159
1531.67	0.0611643
1532.22	0.0468082
1532.78	0.0398641
1533.33	0.14735
1533.89	0.00606953
1534.44	0.0470421
1535	0.0584619
1535.56	0.036545
1536.11	0.0693251
1536.67	0.0437762
1537.22	0.0668096
1537.78	0.112654
1538.33	0.0461272
1538.89	0.109251
1539.44	0.0287719
1540	0.0361826
1540.56	0.0792627
1541.11	0.00188897
1541.67	0.0522979
1542.22	0.0734586
1542.78	0.0327593
1543.33	0.0952096
1543.89	0.12158
1544.44	0.0287036
1545	0.0845829
1545.56	0.00823224
1546.11	0.139481
1546.67	0.0590396
1547.22	0.00498366
1547.78	0.0459642
1548.33	0.00453575
1548.89	0.0861741
1549.44	0.0823298
1550	0.00610959
1550.56	0.131037
1551.11	0.146081
1551.67	0.0512532
1552.22	0.033277
1552.78	0.0543452
1553.33	0.124413
1553.89	0.0570708
1554.44	0.0130537
1555	0.0316256
1555.56	0.0633588
1556.11	0.134168
1556.67	0.00337486
1557.22	0.0668272
1557.78	0.163513
1558.33	0.0377419
1558.89	0.061887
1559.44	0.0408835
1560	0.0333058
1560.56	0.127714
1561.11	0.0237497
1561.67	0.0783785
1562.22	0.0260905
1562.78	0.0497077
1563.33	0.106807
1563.89	0.0864535
1564.44	0.00249165
1565	0.0750844
1565.56	0.016469
1566.11	0.0783414
1566.67	0.0086273
1567.22	0.0566753
1567.78	0.0540702
1568.33	0.0742507
1568.89	0.128544
1569.44	0.0494258
1570	0.0208632
1570.56	0.129612
1571.11	0.0426556
1571.67	0.0229723
1572.22	0.124645
1572.78	0.0376594
1573.33	0.107894
1573.89	0.0061772
1574.44	0.0570697
1575	0.00830105
1575.56	0.0600091
1576.11	0.137498
1576.67	0.0580654
1577.22	0.0256674
1577.78	0.171338
1578.33	0.094691
1578.89	0.00514415
1579.44	0.0696178
1580	0.0440091
1580.56	0.167166
1581.11	0.00869074
1581.67	0.00063476
1582.22	0.10244
1582.78	0.0469536
1583.33	0.117628
1583.89	0.0321962
1584.44	0.0231457
1585	0.173915
1585.56	0.0200205
1586.11	0.0160407
1586.67	0.0489004
1587.22	0.0294754
1587.78	0.121726
1588.33	0.0275096
1588.89	0.0380381
1589.44	0.112218
1590	0.0771089
1590.56	0.129232
1591.11	0.0262104
1591.67	0.00694676
1592.22	0.103261
1592.78	0.0251449
1593.33	0.016388
1593.89	0.0444747
1594.44	0.0075792
1595	0.128493
1595.56	0.0441668
1596.11	0.0851467
1596.67	0.0703851
1597.22	0.076318
1597.78	0.10498
1598.33	0.128969
1598.89	0.0613876
1599.44	0.0988565
1600	0.0751161
1600.56	0.0772628
1601.11	0.0457366
1601.67	0.0927934
1602.22	0.10403
1602.78	0.0622712
1603.33	0.0910302
1603.89	0.103421
1604.44	0.0693191
1605	0.0530533
1605.56	0.0466064
1606.11	0.0500577
1606.67	0.074855
1607.22	0.01632
1607.78	0.182538
1608.33	0.0204987
1608.89	0.091454
1609.44	0.138665
1610	0.103324
1610.56	0.0469416
1611.11	0.0800783
1611.67	0.0209447
1612.22	0.0144691
1612.78	0.0714146
1613.33	0.0113996
1613.89	0.0723365
1614.44	0.0434454
1615	0.150707
1615.56	0.0731317
1616.11	0.0230989
1616.67	0.118243
1617.22	0.015821
1617.78	0.132703
1618.33	0.0716769
1618.89	0.0350529
1619.44	0.092747
1620	0.0146318
1620.56	0.00422809
1621.11	0.0101739
1621.67	0.0362348
1622.22	0.047922
1622.78	0.0565588
1623.33	0.0357961
1623.89	0.0741696
1624.44	0.0763311
1625	0.0554223
1625.56	0.00762846
1626.11	0.0149713
1626.67	0.106331
1627.22	0.0356359
1627.78	0.0919086
1628.33	0.10699
1628.89	0.0866098
1629.44	0.109815
1630	0.100125
1630.56	0.0196164
1631.11	0.197086
1631.67	0.0359692
1632.22	0.00354148
1632.78	0.127859
1633.33	0.0107006
1633.89	0.0451969
1634.44	0.0208012
1635	0.128091
1635.56	0.0907265
1636.11	0.0699439
1636.67	0.0146951
1637.22	0.180456
1637.78	0.0294887
1638.33	0.0885294
1638.89	0.0032033
1639.44	0.0533476
1640	0.107323
1640.56	0.0111282
1641.11	0.250221
1641.67	0.082275
1642.22	0.118207
1642.78	0.0307623
1643.33	0.0854851
1643.89	0.0784014
1644.44	0.166489
1645	0.0538273
1645.56	0.0897789
1646.11	0.127267
1646.67	0.186761
1647.22	0.11411
1647.78	0.120217
1648.33	0.114896
1648.89	0.174531
1649.44	0.208606
1650	0.0903762
1650.56	0.0069361
1651.11	0.140246
1651.67	0.0606499
1652.22	0.0618954
1652.78	0.0480936
1653.33	0.00557688
1653.89	0.140907
1654.44	0.135764
1655	0.123233
1655.56	0.034154
1656.11	0.113172
1656.67	0.0671554
1657.22	0.0145381
1657.78	0.124077
1658.33	0.014374
1658.89	0.0278024
1659.44	0.147994
1660	0.0426454
1660.56	0.0912906
1661.11	0.131253
1661.67	0.123406
1662.22	0.0886045
1662.78	0.064335
1663.33	0.0602325
1663.89	0.0571989
1664.44	0.0444308
1665	0.129344
1665.56	0.379823
1666.11	0.151785
1666.67	0.197274
1667.22	0.0786887
1667.78	0.174391
1668.33	0.0289473
1668.89	0.18945
1669.44	0.148045
1670	0.0395937
1670.56	0.0544714
1671.11	0.0381862
1671.67	0.157637
1672.22	0.0746169
1672.78	0.0486797
1673.33	0.0198999
1673.89	0.193128
1674.44	0.0193066
1675	0.00381222
1675.56	0.119832
1676.11	0.0445524
1676.67	0.13016
1677.22	0.060567
1677.78	0.00168877
1678.33	0.00709649
1678.89	0.151967
1679.44	0.125286
1680	0.00722513
1680.56	0.160866
1681.11	0.17694
1681.67	0.159913
1682.22	0.191078
1682.78	0.00589552
1683.33	0.0159329
1683.89	0.00177334
1684.44	0.0741282
1685	0.175381
1685.56	0.27276
1686.11	0.00607766
1686.67	0.123955
1687.22	0.0858108
1687.78	0.0316997
1688.33	0.220279
1688.89	0.175115
1689.44	0.162347
1690	0.0633352
1690.56	0.0498451
1691.11	0.0946266
1691.67	0.220524
1692.22	0.0501294
1692.78	0.157248
1693.33	0.0475692
1693.89	0.147327
1694.44	0.24562
1695	0.105728
1695.56	0.0715044
1696.11	0.00980943
1696.67	0.278525
1697.22	0.209161
1697.78	0.104762
1698.33	0.0356559
1698.89	0.00483348
1699.44	0.190142
1700	0.157192
1700.56	0.0912555
1701.11	0.137605
1701.67	0.0236193
1702.22	0.0276767
1702.78	0.0564667
1703.33	0.165871
1703.89	0.167117
1704.44	0.0297025
1705	0.0170235
1705.56	0.183712
1706.11	0.0207061
1706.67	0.0113736
1707.22	0.135694
1707.78	0.123172
1708.33	0.129704
1708.89	0.101611
1709.44	0.095989
1710	0.14672
1710.56	0.0218459
1711.11	0.0661783
1711.67	0.0123445
1712.22	0.0440189
1712.78	0.230078
1713.33	0.0915561
1713.89	0.0564656
1714.44	0.216551
1715	0.0845051
1715.56	0.296799
1716.11	0.058387
1716.67	0.347888
1717.22	0.104866
1717.78	0.00334067
1718.33	0.135209
1718.89	0.00270375
1719.44	0.215656
1720	0.109838
1720.56	0.122245
1721.11	0.272382
1721.67	0.0532536
1722.22	0.11378
1722.78	0.123756
1723.33	0.18736
1723.89	0.109603
1724.44	0.177187
1725	0.166262
1725.56	0.196846
1726.11	0.193485
1726.67	0.234223
1727.22	0.159223
1727.78	0.103348
1728.33	0.329763
1728.89	0.0751943
1729.44	0.330287
1730	0.195302
1730.56	0.229633
1731.11	0.218791
1731.67	0.00414997
1732.22	0.146921
1732.78	0.00659671
1733.33	0.0663449
1733.89	0.108293
1734.44	0.00945099
1735	0.342262
1735.56	0.121447
1736.11	0.00967383
1736.67	0.0117449
1737.22	0.0834606
1737.78	0.154569
1738.33	0.108161
1738.89	0.219859
1739.44	0.00716035
1740	0.369652
1740.56	0.223463
1741.11	0.0429616
1741.67	0.307446
1742.22	0.0438316
1742.78	0.164934
1743.33	0.295121
1743.89	0.0271392
1744.44	0.0361104
1745	0.0223917
1745.56	0.140611
1746.11	0.100315
1746.67	0.272547
1747.22	0.259434
1747.78	0.189014
1748.33	0.0554568
1748.89	0.183673
1749.44	0.207681
1750	0.243554
1750.56	0.239609
1751.11	0.138436
1751.67	0.143201
1752.22	0.340323
1752.78	0.108701
1753.33	0.0325607
1753.89	0.339023
1754.44	0.120238
1755	0.312966
1755.56	0.533523
1756.11	0.167563
1756.67	0.0947795
1757.22	0.186185
1757.78	0.0557107
1758.33	0.155184
1758.89	0.0488985
1759.44	0.171667
1760	0.3766
1760.56	0.433944
1761.11	0.0303574
1761.67	0.166697
1762.22	0.0941014
1762.78	0.000339195
1763.33	0.147306
1763.89	0.102407
1764.44	0.0247476
1765	0.102442
1765.56	0.13172
1766.11	0.0988746
1766.67	0.162958
1767.22	0.0672397
1767.78	0.267899
1768.33	0.123628
1768.89	0.104303
1769.44	0.282531
1770	0.364234
1770.56	0.0442734
1771.11	0.0943334
1771.67	0.163081
1772.22	0.297871
1772.78	0.0408977
1773.33	0.432843
1773.89	0.16829
1774.44	0.24267
1775	0.028963
1775.56	0.185299
1776.11	0.173303
1776.67	0.170589
1777.22	0.490999
1777.78	0.0258177
1778.33	0.318925
1778.89	0.340057
1779.44	0.601198
1780	0.0400457
1780.56	0.213303
1781.11	0.129254
1781.67	0.175806
1782.22	0.395182
1782.78	0.206216
1783.33	0.0675111
1783.89	0.116014
1784.44	0.210574
1785	0.232696
1785.56	0.212648
1786.11	0.146868
1786.67	0.0266644
1787.22	0.226376
1787.78	0.0391467
1788.33	0.0803451
1788.89	0.325325
1789.44	0.0298412
1790	0.19211
1790.56	0.0830324
1791.11	0.692333
1791.67	0.0163477
1792.22	0.20319
1792.78	0.0715557
1793.33	0.330422
1793.89	0.308771
1794.44	0.327961
1795	0.214591
1795.56	0.133581
1796.11	0.384585
1796.67	0.190452
1797.22	0.0833972
1797.78	0.220345
1798.33	0.592626
1798.89	0.177797
1799.44	0.099928
1800	0.0953838
1800.56	0.0190264
1801.11	0.148718
1801.67	0.0227381
1802.22	0.225845
1802.78	0.0285364
1803.33	0.328512
1803.89	0.376015
1804.44	0.336778
1805	0.51708
1805.56	0.48832
1806.11	0.0937147
1806.67	0.456113
1807.22	0.452226
1807.78	0.0157643
1808.33	0.0864307
1808.89	0.765425
1809.44	0.0561876
1810	0.349157
1810.56	0.374739
1811.11	0.0373303
1811.67	0.220501
1812.22	0.135609
1812.78	0.00765862
1813.33	0.368572
1813.89	0.248576
1814.44	0.590171
1815	0.242278
1815.56	0.930803
1816.11	1.30237
1816.67	0.729086
1817.22	0.301586
1817.78	0.0699515
1818.33	0.201994
1818.89	0.550837
1819.44	0.714629
1820	0.054659
1820.56	0.259323
1821.11	0.368804
1821.67	0.0435418
1822.22	0.439791
1822.78	1.52595
1823.33	0.527077
1823.89	0.371544
1824.44	0.461644
1825	0.0710229
1825.56	0.562708
1826.11	0.853401
1826.67	0.223823
1827.22	0.32722
1827.78	0.0865596
1828.33	0.353121
1828.89	0.0597012
1829.44	0.0220141
1830	0.0677017
1830.56	0.546228
1831.11	0.390751
1831.67	0.96905
1832.22	0.214391
1832.78	0.718278
1833.33	0.607175
1833.89	0.298124
1834.44	0.345513
1835	0.207498
1835.56	0.386474
1836.11	0.187777
1836.67	0.111102
1837.22	0.0908609
1837.78	0.663498
1838.33	0.654761
1838.89	0.285308
1839.44	0.100364
1840	0.369797
1840.56	0.490694
1841.11	0.506905
1841.67	0.0439797
1842.22	0.111252
1842.78	2.07268
1843.33	0.556811
1843.89	0.0451811
1844.44	0.0634404
1845	0.549725
1845.56	0.614755
1846.11	1.57693
1846.67	0.161695
1847.22	0.541345
1847.78	0.0570148
1848.33	0.928205
1848.89	0.004494
1849.44	1.0502
1850	0.325713
1850.56	0.344278
1851.11	0.892576
1851.67	0.966652
1852.22	2.26073
1852.78	0.159638
1853.33	0.720482
1853.89	0.715518
1854.44	0.079541
1855	0.601538
1855.56	0.200582
1856.11	0.043396
1856.67	1.17711
1857.22	0.305091
1857.78	0.952647
1858.33	0.707007
1858.89	0.85933
1859.44	1.54344
1860	0.805138
1860.56	0.201918
1861.11	0.358583
1861.67	0.141457
1862.22	0.324325
1862.78	0.560957
1863.33	0.549038
1863.89	0.424562
1864.44	0.989521
1865	0.812612
1865.56	0.117276
1866.11	1.05704
1866.67	0.172913
1867.22	1.41527
1867.78	1.133
1868.33	0.0833692
1868.89	0.452287
1869.44	0.628716
1870	0.00842688
1870.56	0.0382088
1871.11	0.106005
1871.67	0.98475
1872.22	0.12369
1872.78	0.355349
1873.33	0.493564
1873.89	0.0881558
1874.44	0.312316
1875	1.05577
1875.56	0.776307
1876.11	0.0535865
1876.67	0.482633
1877.22	1.78067
1877.78	0.314899
1878.33	0.434666
1878.89	0.548597
1879.44	0.0445345
1880	0.743154
1880.56	0.659448
1881.11	0.869845
1881.67	1.78724
1882.22	0.690918
1882.78	1.42004
1883.33	0.989991
1883.89	0.506034
1884.44	0.548453
1885	0.188272
1885.56	0.104189
1886.11	0.499088
1886.67	2.24075
1887.22	0.885286
1887.78	1.61691
1888.33	0.851589
1888.89	0.18929
1889.44	0.375286
1890	1.19757
1890.56	1.50276
1891.11	0.831243
1891.67	1.31547
1892.22	0.842176
1892.78	1.38585
1893.33	1.15905
1893.89	1.59853
1894.44	1.20413
1895	0.68059
1895.56	2.57102
1896.11	0.877084
1896.67	0.893365
1897.22	0.803824
1897.78	0.495241
1898.33	0.652595
1898.89	1.51012
1899.44	0.156632
1900	1.23627
1900.56	0.704259
1901.11	0.661176
1901.67	2.44611
1902.22	0.779321
1902.78	0.356852
1903.33	1.11629
1903.89	1.05005
1904.44	0.998612
1905	0.216854
1905.56	0.739278
1906.11	2.94237
1906.67	1.72706
1907.22	0.298664
1907.78	0.951365
1908.33	2.10086
1908.89	0.653889
1909.44	1.30187
1910	5.62397
1910.56	2.34017
1911.11	3.0526
1911.67	0.906489
1912.22	0.058963
1912.78	0.84192
1913.33	0.0455923
1913.89	1.1931
1914.44	1.33468
1915	3.00125
1915.56	0.445711
1916.11	0.966106
1916.67	1.08706
1917.22	0.359097
1917.78	1.0301
1918.33	2.72918
1918.89	0.183505
1919.44	0.22613
1920	4.39324
1920.56	1.70837
1921.11	3.73186
1921.67	2.79119
1922.22	7.42644
1922.78	0.263793
1923.33	1.00365
1923.89	3.44372
1924.44	2.60307
1925	0.252209
1925.56	1.14876
1926.11	1.8271
1926.67	7.62561
1927.22	5.32586
1927.78	11.9834
1928.33	2.85552
1928.89	26.5162
1929.44	8.32995
1930	8.06534
1930.56	16.2099
1931.11	7.01102
1931.67	1.83444
1932.22	12.1067
1932.78	3.45054
1933.33	5.4719
1933.89	2.888
1934.44	3.42373
1935	1.24505
1935.56	6.05117
1936.11	3.79392
1936.67	0.116968
1937.22	0.557327
1937.78	3.8633
1938.33	1.61672
1938.89	0.384524
1939.44	2.24444
1940	1.98048
1940.56	4.87282
1941.11	0.662812
1941.67	2.21422
1942.22	3.1359
1942.78	0.229041
1943.33	0.423889
1943.89	3.4721
1944.44	2.8825
1945	2.20108
1945.56	6.27929
1946.11	5.11335
1946.67	0.327452
1947.22	2.87827
1947.78	1.31728
1948.33	0.271876
1948.89	1.00219
1949.44	0.0555619
1950	3.12991
1950.56	2.53624
1951.11	0.773171
1951.67	0.260337
1952.22	1.40012
1952.78	0.419781
1953.33	1.502
1953.89	3.25988
1954.44	0.645633
1955	1.82346
1955.56	0.67158
1956.11	1.00276
1956.67	0.641238
1957.22	3.48949
1957.78	1.64754
1958.33	1.31445
1958.89	1.32909
1959.44	1.54481
1960	2.09581
1960.56	1.3922
1961.11	0.924773
1961.67	1.96343
1962.22	0.883347
1962.78	0.33169
1963.33	3.65643
1963.89	2.59155
1964.44	0.900063
1965	1.91442
1965.56	1.36234
1966.11	1.83557
1966.67	0.545448
1967.22	1.57032
1967.78	1.87253
1968.33	1.46972
1968.89	1.04383
1969.44	0.572426
1970	2.45303
1970.56	2.56093
1971.11	2.25365
1971.67	0.965032
1972.22	2.62799
1972.78	0.857173
1973.33	0.838739
1973.89	1.10478
1974.44	0.793195
1975	1.40581
1975.56	1.53081
1976.11	1.67561
1976.67	3.80462
1977.22	0.332756
1977.78	0.545969
1978.33	0.356129
1978.89	0.575381
1979.44	2.62105
1980	2.64702
1980.56	0.864234
1981.11	1.02107
1981.67	0.148045
1982.22	0.290126
1982.78	0.155678
1983.33	2.31681
1983.89	3.16574
1984.44	0.604575
1985	0.74102
1985.56	0.234532
1986.11	1.01684
1986.67	1.32538
1987.22	1.51379
1987.78	1.24307
1988.33	1.41819
1988.89	0.337061
1989.44	2.20134
1990	1.73272
1990.56	0.371071
1991.11	1.63279
1991.67	1.56748
1992.22	1.48989
1992.78	1.04181
1993.33	1.99639
1993.89	0.939211
1994.44	1.35892
1995	0.960724
1995.56	0.913695
1996.11	3.12426
1996.67	1.11174
1997.22	1.04812
1997.78	1.44127
1998.33	1.34098
1998.89	0.0733467
1999.44	0.000216241
2000	0.946366
