t	etaU
0	1.32178e-14
0.555556	1.16985
1.11111	1.07852
1.66667	0.417606
2.22222	0.989255
2.77778	0.0955019
3.33333	0.12792
3.88889	1.38071
4.44444	3.13565
5	1.60498
5.55556	0.484557
6.11111	0.781089
6.66667	0.868912
7.22222	0.463229
7.77778	1.29342
8.33333	0.191117
8.88889	0.803829
9.44444	0.44661
10	0.224567
10.5556	0.579145
11.1111	1.42511
11.6667	0.249761
12.2222	0.0672514
12.7778	0.983228
13.3333	0.444615
13.8889	0.951485
14.4444	1.99515
15	2.48565
15.5556	0.838167
16.1111	1.52252
16.6667	2.4056
17.2222	0.560981
17.7778	0.631549
18.3333	1.9392
18.8889	0.599805
19.4444	1.21552
20	0.494982
20.5556	0.750679
21.1111	2.15716
21.6667	1.61828
22.2222	0.0534668
22.7778	0.406889
23.3333	1.64574
23.8889	0.301853
24.4444	1.20658
25	0.058467
25.5556	0.0239704
26.1111	0.797397
26.6667	0.477754
27.2222	0.406035
27.7778	1.91672
28.3333	1.44237
28.8889	0.218507
29.4444	0.893635
30	0.384135
30.5556	0.549755
31.1111	2.72211
31.6667	2.72684
32.2222	1.4994
32.7778	1.7537
33.3333	0.474989
33.8889	0.664204
34.4444	0.381939
35	0.56699
35.5556	0.244367
36.1111	0.977657
36.6667	0.680499
37.2222	1.19676
37.7778	0.618061
38.3333	0.331885
38.8889	0.557007
39.4444	0.512052
40	1.46499
40.5556	0.15789
41.1111	1.2023
41.6667	0.934093
42.2222	1.05538
42.7778	1.07585
43.3333	0.925047
43.8889	1.81792
44.4444	1.14941
45	0.000586275
45.5556	1.97107
46.1111	1.99125
46.6667	0.990064
47.2222	1.21848
47.7778	0.587664
48.3333	2.23013
48.8889	0.573493
49.4444	0.151237
50	2.58269
50.5556	0.630927
51.1111	1.8159
51.6667	0.246447
52.2222	0.638435
52.7778	0.968332
53.3333	0.216824
53.8889	0.191761
54.4444	1.41515
55	1.90119
55.5556	0.748013
56.1111	0.0480398
56.6667	1.26407
57.2222	0.909718
57.7778	0.360855
58.3333	0.345749
58.8889	2.045
59.4444	0.234724
60	0.820956
60.5556	1.79224
61.1111	1.45707
61.6667	0.51593
62.2222	1.11273
62.7778	0.283761
63.3333	0.60468
63.8889	0.655857
64.4444	0.523094
65	1.30281
65.5556	1.17993
66.1111	1.33109
66.6667	1.17723
67.2222	2.5425
67.7778	2.20377
68.3333	0.892258
68.8889	0.228747
69.4444	1.86207
70	0.248246
70.5556	1.67457
71.1111	0.411732
71.6667	0.637397
72.2222	0.207305
72.7778	0.788331
73.3333	0.369708
73.8889	0.818003
74.4444	1.01424
75	0.145521
75.5556	1.0468
76.1111	0.452052
76.6667	0.133087
77.2222	0.0440162
77.7778	0.577295
78.3333	0.130041
78.8889	0.546974
79.4444	0.899728
80	0.323765
80.5556	0.764178
81.1111	1.81003
81.6667	1.53363
82.2222	0.971768
82.7778	1.38333
83.3333	0.810495
83.8889	2.30811
84.4444	0.087512
85	0.285862
85.5556	1.0454
86.1111	0.0317845
86.6667	0.889336
87.2222	1.57897
87.7778	1.16227
88.3333	0.812135
88.8889	0.039645
89.4444	1.28018
90	0.0909273
90.5556	0.661717
91.1111	2.15258
91.6667	1.12955
92.2222	1.48801
92.7778	0.621656
93.3333	1.51791
93.8889	0.3152
94.4444	0.434214
95	0.758142
95.5556	1.17005
96.1111	0.634369
96.6667	1.70325
97.2222	0.993464
97.7778	0.627011
98.3333	0.296435
98.8889	0.354148
99.4444	1.58963
100	1.05259
100.556	0.679715
101.111	0.20907
101.667	1.1064
102.222	1.35942
102.778	1.49916
103.333	0.785062
103.889	0.307781
104.444	1.0745
105	2.14632
105.556	0.814333
106.111	0.90328
106.667	0.0373508
107.222	0.110803
107.778	0.312312
108.333	0.726814
108.889	0.856762
109.444	0.938148
110	0.00628661
110.556	0.886359
111.111	1.19409
111.667	0.226748
112.222	1.84012
112.778	0.744373
113.333	0.872239
113.889	0.236651
114.444	0.873094
115	1.17825
115.556	0.891491
116.111	0.653419
116.667	1.67662
117.222	0.107145
117.778	1.21894
118.333	0.181972
118.889	0.204653
119.444	0.0289408
120	0.515698
120.556	1.58733
121.111	0.209358
121.667	1.45579
122.222	0.288896
122.778	0.0266705
123.333	0.118475
123.889	0.616561
124.444	0.740689
125	1.27222
125.556	0.100422
126.111	0.845779
126.667	0.0768436
127.222	0.577298
127.778	0.283932
128.333	0.997343
128.889	0.624375
129.444	0.0654915
130	1.89806
130.556	1.53603
131.111	0.591077
131.667	0.109907
132.222	0.484291
132.778	0.67148
133.333	0.000812997
133.889	0.780306
134.444	1.08466
135	0.633044
135.556	0.495904
136.111	0.478705
136.667	1.16255
137.222	1.14437
137.778	1.88554
138.333	0.486815
138.889	0.51731
139.444	0.407655
140	0.32013
140.556	0.804505
141.111	1.00022
141.667	0.377684
142.222	0.42862
142.778	0.350428
143.333	1.30893
143.889	0.11125
144.444	0.160263
145	1.39529
145.556	1.19961
146.111	1.09985
146.667	0.608344
147.222	0.213031
147.778	0.00309432
148.333	0.421208
148.889	1.91374
149.444	0.856824
150	0.188582
150.556	0.370075
151.111	0.636178
151.667	0.915787
152.222	0.894553
152.778	0.228712
153.333	0.580728
153.889	0.939007
154.444	1.29825
155	0.351346
155.556	0.779713
156.111	0.61453
156.667	1.61706
157.222	0.962275
157.778	0.802652
158.333	0.608116
158.889	0.61582
159.444	0.548748
160	0.558849
160.556	0.900064
161.111	1.11315
161.667	0.980912
162.222	0.052428
162.778	0.0228387
163.333	0.578372
163.889	0.444614
164.444	0.0814693
165	0.655504
165.556	0.581777
166.111	0.563107
166.667	0.640939
167.222	0.411455
167.778	1.36315
168.333	1.20629
168.889	0.839036
169.444	0.241629
170	0.186172
170.556	0.263635
171.111	0.222749
171.667	0.584538
172.222	1.1938
172.778	0.360984
173.333	0.38855
173.889	1.07632
174.444	0.628581
175	0.357935
175.556	1.13443
176.111	0.580276
176.667	0.169718
177.222	1.0239
177.778	0.713481
178.333	0.494667
178.889	1.1748
179.444	0.395065
180	0.261449
180.556	0.209223
181.111	0.0425577
181.667	1.14347
182.222	0.30571
182.778	1.14501
183.333	1.18336
183.889	1.04815
184.444	0.018663
185	0.132267
185.556	0.0176209
186.111	0.388494
186.667	0.869916
187.222	0.831684
187.778	0.15022
188.333	1.33305
188.889	1.10779
189.444	0.439522
190	0.886765
190.556	0.397209
191.111	0.99194
191.667	1.02539
192.222	0.0869249
192.778	0.326306
193.333	0.115918
193.889	0.0628558
194.444	0.200061
195	0.335859
195.556	0.542722
196.111	0.0729988
196.667	0.229928
197.222	0.142978
197.778	1.17601
198.333	0.00620327
198.889	1.38302
199.444	0.660122
200	0.0564966
200.556	0.276385
201.111	1.05782
201.667	0.940777
202.222	0.123826
202.778	0.782157
203.333	0.0189813
203.889	0.0806552
204.444	0.174298
205	1.74556
205.556	1.13701
206.111	0.509714
206.667	0.276929
207.222	0.0447261
207.778	0.20838
208.333	0.778668
208.889	1.16932
209.444	1.51338
210	0.27735
210.556	0.272947
211.111	0.404075
211.667	0.0502152
212.222	0.236022
212.778	1.51089
213.333	0.789083
213.889	0.558856
214.444	0.663641
215	1.61222
215.556	1.45001
216.111	1.07634
216.667	0.259878
217.222	1.05426
217.778	1.26486
218.333	0.459147
218.889	0.251729
219.444	0.493918
220	0.450494
220.556	0.410487
221.111	0.925695
221.667	0.243429
222.222	0.193356
222.778	0.515095
223.333	1.06976
223.889	0.426239
224.444	0.944261
225	0.850497
225.556	0.821155
226.111	0.163893
226.667	0.0682638
227.222	0.307049
227.778	0.103245
228.333	0.883221
228.889	0.0471802
229.444	0.261268
230	0.112982
230.556	0.523795
231.111	0.889308
231.667	0.503763
232.222	0.775233
232.778	0.918638
233.333	0.223522
233.889	0.540455
234.444	0.123165
235	0.22884
235.556	0.45899
236.111	1.06646
236.667	0.287801
237.222	0.365745
237.778	1.21471
238.333	0.201618
238.889	0.0107302
239.444	0.260453
240	0.0885618
240.556	0.348311
241.111	0.0327972
241.667	0.187686
242.222	0.772108
242.778	0.180386
243.333	0.12339
243.889	0.0761814
244.444	0.0626899
245	0.433513
245.556	0.122604
246.111	0.0900088
246.667	0.188828
247.222	0.694475
247.778	0.385912
248.333	0.154886
248.889	0.257145
249.444	0.0133218
250	0.177421
250.556	0.33721
251.111	0.50548
251.667	0.0138782
252.222	0.117239
252.778	0.806443
253.333	0.118154
253.889	0.158109
254.444	0.423217
255	0.207856
255.556	0.0661993
256.111	0.234511
256.667	0.17894
257.222	0.164064
257.778	0.154057
258.333	0.595704
258.889	0.0568176
259.444	0.110951
260	0.493668
260.556	0.103958
261.111	0.098997
261.667	0.554751
262.222	0.259489
262.778	0.102459
263.333	0.380146
263.889	0.118681
264.444	0.0981766
265	0.100074
265.556	0.302034
266.111	0.550804
266.667	0.349562
267.222	0.00825849
267.778	0.116285
268.333	0.163867
268.889	0.326039
269.444	0.383044
270	0.783154
270.556	0.70947
271.111	0.364439
271.667	0.332446
272.222	0.0364931
272.778	0.164073
273.333	0.597698
273.889	0.0607155
274.444	0.10325
275	0.180912
275.556	0.229394
276.111	0.740486
276.667	0.309345
277.222	0.0226393
277.778	0.112446
278.333	0.37567
278.889	0.472335
279.444	0.228308
280	0.406102
280.556	0.245523
281.111	0.154508
281.667	0.315578
282.222	0.161272
282.778	0.665088
283.333	0.289719
283.889	0.084256
284.444	0.320175
285	0.074316
285.556	0.280634
286.111	0.0527986
286.667	0.155472
287.222	0.454946
287.778	0.0747367
288.333	0.247672
288.889	0.224821
289.444	0.27605
290	0.00466595
290.556	0.29029
291.111	0.0725903
291.667	0.207327
292.222	0.0132635
292.778	0.00644785
293.333	0.210704
293.889	0.276246
294.444	0.212419
295	0.0597529
295.556	0.0485306
296.111	0.3086
296.667	0.240561
297.222	0.367014
297.778	0.0497547
298.333	0.0922862
298.889	0.0319179
299.444	0.268101
300	0.0940827
300.556	0.284565
301.111	0.125044
301.667	0.16467
302.222	0.344654
302.778	0.0364768
303.333	0.087922
303.889	0.180805
304.444	0.195893
305	0.415034
305.556	0.34987
306.111	0.300623
306.667	0.246371
307.222	0.280138
307.778	0.398102
308.333	0.238797
308.889	0.0427261
309.444	0.245815
310	0.135747
310.556	0.263312
311.111	0.526186
311.667	0.176185
312.222	0.254212
312.778	0.425447
313.333	0.0349065
313.889	0.0957511
314.444	0.548791
315	0.384008
315.556	0.0569022
316.111	0.114265
316.667	0.126165
317.222	0.104909
317.778	0.367773
318.333	0.211326
318.889	0.0885692
319.444	0.330005
320	0.0737813
320.556	0.000361776
321.111	0.0816744
321.667	0.238149
322.222	0.0127868
322.778	0.0593339
323.333	0.0945353
323.889	0.274428
324.444	0.106337
325	0.0513782
325.556	0.0583786
326.111	0.116538
326.667	0.141242
327.222	0.364396
327.778	0.107264
328.333	0.375004
328.889	0.0370174
329.444	0.246813
330	0.295876
330.556	0.0331008
331.111	0.0683261
331.667	0.0818988
332.222	0.0713073
332.778	0.01759
333.333	0.0538325
333.889	0.372849
334.444	0.036828
335	0.140635
335.556	0.315827
336.111	0.242794
336.667	0.0678825
337.222	0.141623
337.778	0.0196039
338.333	0.107114
338.889	0.208437
339.444	0.260829
340	0.0214476
340.556	0.156954
341.111	0.0979913
341.667	0.25793
342.222	0.160769
342.778	0.0545214
343.333	0.0806193
343.889	0.383103
344.444	0.0684937
345	0.225352
345.556	0.234383
346.111	0.209968
346.667	0.125841
347.222	0.0884808
347.778	0.0360827
348.333	0.110429
348.889	0.230353
349.444	0.144898
350	0.0856323
350.556	0.105497
351.111	0.0701567
351.667	0.0908837
352.222	0.366211
352.778	0.063645
353.333	0.00442535
353.889	0.167037
354.444	0.206108
355	0.0495815
355.556	0.133139
356.111	0.0724927
356.667	0.0251877
357.222	0.227278
357.778	0.017885
358.333	0.0862482
358.889	0.0959286
359.444	0.0187471
360	0.022943
360.556	0.259024
361.111	0.0102943
361.667	0.157567
362.222	0.00631286
362.778	0.10806
363.333	0.164231
363.889	0.0724157
364.444	0.0169324
365	0.100946
365.556	0.0242232
366.111	0.193106
366.667	0.0286926
367.222	0.0168007
367.778	0.0217495
368.333	0.0693225
368.889	0.0501984
369.444	0.124519
370	0.00126663
370.556	0.136564
371.111	0.104972
371.667	0.0816459
372.222	0.0636079
372.778	0.100755
373.333	0.181103
373.889	0.0402612
374.444	0.0401853
375	0.0207175
375.556	0.0219005
376.111	0.0242265
376.667	0.255572
377.222	0.0669304
377.778	0.0910271
378.333	0.0512427
378.889	0.130955
379.444	0.114447
380	0.00825039
380.556	0.0699965
381.111	0.0508645
381.667	0.0954065
382.222	0.0894041
382.778	0.120666
383.333	0.00445586
383.889	0.034765
384.444	0.0547436
385	0.126472
385.556	0.154668
386.111	0.0485978
386.667	0.054874
387.222	0.156257
387.778	0.0205517
388.333	0.0971391
388.889	0.132135
389.444	0.200409
390	0.0509598
390.556	0.117206
391.111	0.0216837
391.667	0.0377671
392.222	0.109113
392.778	0.00288966
393.333	0.0295076
393.889	0.0578423
394.444	0.0553174
395	0.0383511
395.556	0.114124
396.111	0.00184735
396.667	0.0153958
397.222	0.175132
397.778	0.304189
398.333	0.121382
398.889	0.0489161
399.444	0.0674303
400	0.140559
400.556	0.130322
401.111	0.0497011
401.667	0.189487
402.222	0.0195778
402.778	0.0607453
403.333	0.0476112
403.889	0.0428467
404.444	0.000438417
405	0.0883841
405.556	0.00271051
406.111	0.0150497
406.667	0.0111352
407.222	0.0444632
407.778	0.178107
408.333	0.00922225
408.889	0.0674046
409.444	0.0213331
410	0.0180371
410.556	0.0298756
411.111	0.0257095
411.667	0.0952385
412.222	0.0808014
412.778	0.0634873
413.333	0.0609684
413.889	0.0397764
414.444	0.037137
415	0.104837
415.556	0.0624483
416.111	0.091141
416.667	0.0303089
417.222	0.118779
417.778	0.0142838
418.333	0.00812528
418.889	0.106564
419.444	0.0537825
420	0.00628227
420.556	0.0418349
421.111	0.00244283
421.667	0.158016
422.222	0.0785351
422.778	0.183359
423.333	0.0361351
423.889	0.087598
424.444	0.0698905
425	0.0773076
425.556	0.10758
426.111	0.060859
426.667	0.0802509
427.222	0.147167
427.778	0.0553881
428.333	0.0429627
428.889	0.0322739
429.444	0.108517
430	0.0452167
430.556	0.00569886
431.111	0.0555206
431.667	0.0480332
432.222	0.0813998
432.778	0.1103
433.333	0.098524
433.889	0.00120154
434.444	0.114826
435	0.107318
435.556	0.0270384
436.111	0.0552762
436.667	0.0688527
437.222	0.110851
437.778	0.00680701
438.333	0.0714688
438.889	0.159817
439.444	0.0982536
440	0.12414
440.556	0.0361386
441.111	0.0812793
441.667	0.0317324
442.222	0.089787
442.778	0.05336
443.333	0.0437537
443.889	0.0440087
444.444	0.131172
445	0.0776076
445.556	0.109003
446.111	0.0143809
446.667	0.0387468
447.222	0.0984741
447.778	0.0329254
448.333	0.113242
448.889	0.0186353
449.444	0.137781
450	0.0859907
450.556	0.0360899
451.111	0.124779
451.667	0.094957
452.222	0.0514973
452.778	0.0149299
453.333	0.0403188
453.889	0.100718
454.444	0.110048
455	0.0870237
455.556	0.035367
456.111	0.0044611
456.667	0.118823
457.222	0.0719433
457.778	0.0749407
458.333	0.00907299
458.889	0.0371631
459.444	0.00481339
460	0.0178551
460.556	0.00542242
461.111	0.035426
461.667	0.112819
462.222	0.0576006
462.778	0.0221467
463.333	0.0728771
463.889	0.0846835
464.444	0.10547
465	0.0501413
465.556	0.036482
466.111	0.0272494
466.667	0.113957
467.222	0.0310622
467.778	0.0530695
468.333	0.00942012
468.889	0.18198
469.444	0.0841761
470	0.0350911
470.556	0.0125623
471.111	0.0182327
471.667	0.0819965
472.222	0.0234228
472.778	0.0782043
473.333	0.00869883
473.889	0.0460028
474.444	0.0861794
475	0.012113
475.556	0.0222289
476.111	0.099384
476.667	0.0323004
477.222	0.0335647
477.778	0.0225669
478.333	0.075774
478.889	0.0287614
479.444	0.0559007
480	0.0874648
480.556	0.0218655
481.111	0.0625492
481.667	0.120806
482.222	0.0425066
482.778	0.00228008
483.333	0.0194925
483.889	0.02084
484.444	0.0344034
485	0.038862
485.556	0.0168455
486.111	0.030279
486.667	0.100558
487.222	0.102928
487.778	0.0472606
488.333	0.0278223
488.889	0.0547637
489.444	0.0145907
490	0.00282913
490.556	0.0145157
491.111	0.00380178
491.667	0.0299501
492.222	0.0513813
492.778	0.0155379
493.333	0.0238523
493.889	0.114724
494.444	0.0662966
495	0.000909223
495.556	0.0554371
496.111	0.0405916
496.667	0.024741
497.222	0.0741002
497.778	0.0189637
498.333	0.00375825
498.889	0.067255
499.444	0.0445733
500	0.0231798
500.556	0.0866632
501.111	0.0443828
501.667	0.104725
502.222	0.0185824
502.778	0.0254547
503.333	0.00715768
503.889	0.0526733
504.444	0.107732
505	0.0185818
505.556	0.0224268
506.111	0.0789537
506.667	0.106137
507.222	0.0628495
507.778	0.0586059
508.333	0.0279758
508.889	0.0338943
509.444	0.0150095
510	0.0531301
510.556	0.00345554
511.111	0.00811624
511.667	0.106789
512.222	0.0161879
512.778	0.0216541
513.333	0.0267175
513.889	0.0813432
514.444	0.0259513
515	0.0329966
515.556	0.000193885
516.111	0.0142871
516.667	0.0619224
517.222	0.0348814
517.778	0.00228426
518.333	0.0642225
518.889	0.0881613
519.444	0.0319573
520	0.073165
520.556	0.00648781
521.111	0.051548
521.667	0.00665831
522.222	0.00704229
522.778	0.0012038
523.333	0.0318188
523.889	0.0153274
524.444	0.0204069
525	0.0252679
525.556	0.0521898
526.111	0.0570769
526.667	0.0195844
527.222	0.0885686
527.778	0.0515117
528.333	0.0107805
528.889	0.0157502
529.444	0.0289691
530	0.0360247
530.556	0.025844
531.111	0.070863
531.667	0.0829189
532.222	0.0262891
532.778	0.0464871
533.333	0.0252046
533.889	0.0476796
534.444	0.0203875
535	0.0638723
535.556	0.00669514
536.111	0.0667528
536.667	0.0566407
537.222	0.028028
537.778	0.0152855
538.333	0.0552775
538.889	0.0665699
539.444	0.0505108
540	0.0671372
540.556	0.0128108
541.111	0.0513873
541.667	0.0221806
542.222	0.0123133
542.778	0.0355247
543.333	0.0409207
543.889	0.0641261
544.444	0.0133683
545	0.00378311
545.556	0.000927159
546.111	0.0688073
546.667	0.0311411
547.222	0.0620846
547.778	0.0171228
548.333	0.0292968
548.889	0.0646039
549.444	0.0187546
550	4.6775e-05
550.556	0.02338
551.111	0.105605
551.667	0.00641294
552.222	0.081357
552.778	0.00488011
553.333	0.0352231
553.889	0.0220448
554.444	0.0428525
555	0.0124628
555.556	0.0170148
556.111	0.126143
556.667	0.0106627
557.222	0.0625856
557.778	0.0217005
558.333	0.0697165
558.889	0.0196246
559.444	0.0727633
560	0.00144396
560.556	0.0103986
561.111	0.0830267
561.667	0.0393325
562.222	0.0221174
562.778	0.0151205
563.333	0.0435981
563.889	0.0375535
564.444	0.0598933
565	0.0399446
565.556	0.0385018
566.111	0.0677344
566.667	0.0590739
567.222	0.0371036
567.778	0.0176372
568.333	0.0531317
568.889	0.0193011
569.444	0.0278224
570	0.032274
570.556	0.0538509
571.111	0.0289153
571.667	0.063048
572.222	0.0109597
572.778	0.0188067
573.333	0.00706006
573.889	0.00793099
574.444	0.0543573
575	0.00165166
575.556	0.0747654
576.111	0.0604673
576.667	0.0613923
577.222	0.0316821
577.778	0.0420863
578.333	0.0345748
578.889	0.0370774
579.444	0.0253042
580	0.0304246
580.556	0.0608662
581.111	0.0114038
581.667	0.0288913
582.222	0.0291288
582.778	0.0484522
583.333	0.0614012
583.889	0.0322369
584.444	0.0511815
585	0.00747783
585.556	0.0404203
586.111	0.0199686
586.667	0.0202573
587.222	0.0183406
587.778	0.0579079
588.333	0.0421353
588.889	0.0186719
589.444	0.0219248
590	0.0275323
590.556	0.0755672
591.111	0.0213058
591.667	0.0812751
592.222	0.00452344
592.778	0.0268017
593.333	0.0406135
593.889	0.0423365
594.444	0.00706287
595	0.0195091
595.556	0.0506952
596.111	0.0154919
596.667	0.0776581
597.222	0.0150105
597.778	0.0306311
598.333	0.0122269
598.889	0.0777694
599.444	0.015153
600	0.00196992
600.556	0.0467105
601.111	0.00535766
601.667	0.0470472
602.222	0.00398161
602.778	0.0592408
603.333	0.00885182
603.889	0.0814682
604.444	0.0253585
605	0.0211115
605.556	0.0389424
606.111	0.00289323
606.667	0.0309965
607.222	0.00507796
607.778	0.0616865
608.333	0.00849218
608.889	0.062096
609.444	0.0435323
610	0.0157437
610.556	0.0120433
611.111	0.0638466
611.667	0.043228
612.222	0.00474955
612.778	0.0217892
613.333	0.000156648
613.889	0.0385708
614.444	0.0351097
615	0.070033
615.556	0.0361621
616.111	0.0559131
616.667	0.0776857
617.222	0.026199
617.778	0.0355176
618.333	0.0201968
618.889	0.030015
619.444	0.0083799
620	0.0156026
620.556	0.034944
621.111	0.0318478
621.667	0.0205585
622.222	0.0435659
622.778	0.0306158
623.333	0.0469053
623.889	0.0387501
624.444	0.0229536
625	0.0266775
625.556	0.0311086
626.111	0.0390635
626.667	0.00260609
627.222	0.0190401
627.778	0.0520277
628.333	0.0418003
628.889	0.0531603
629.444	0.01143
630	0.0139824
630.556	0.0223164
631.111	0.0470491
631.667	0.0225648
632.222	0.0116043
632.778	0.02774
633.333	0.0314662
633.889	0.0354656
634.444	0.0218825
635	0.025397
635.556	0.0245104
636.111	0.0793906
636.667	0.0150523
637.222	0.00575757
637.778	0.0088684
638.333	0.0359511
638.889	0.0323552
639.444	0.0405376
640	0.0412856
640.556	0.00176682
641.111	0.0858224
641.667	0.0281993
642.222	0.0381311
642.778	0.00779713
643.333	0.0426792
643.889	0.0379455
644.444	0.00229099
645	0.061775
645.556	0.0042221
646.111	0.0430025
646.667	0.026745
647.222	0.0214141
647.778	0.0056187
648.333	0.0771345
648.889	0.0546044
649.444	0.00046965
650	0.0134342
650.556	0.0158285
651.111	0.0438712
651.667	0.0106929
652.222	0.0281445
652.778	0.0121909
653.333	0.0552285
653.889	0.0606247
654.444	0.000308482
655	0.00523125
655.556	0.0526809
656.111	0.0355344
656.667	0.0117913
657.222	0.00488494
657.778	0.00232057
658.333	0.0359864
658.889	0.00684576
659.444	0.0320709
660	0.0239438
660.556	0.0611189
661.111	0.0661024
661.667	0.0012623
662.222	0.0182905
662.778	0.0229609
663.333	0.0284068
663.889	0.00605465
664.444	0.00303565
665	0.0220175
665.556	0.0389059
666.111	0.0597557
666.667	0.0162481
667.222	0.00321108
667.778	0.027227
668.333	0.0614638
668.889	0.0080094
669.444	0.00382847
670	0.018916
670.556	0.0355211
671.111	0.017001
671.667	0.00635554
672.222	0.0179425
672.778	0.017113
673.333	0.0739549
673.889	0.0207477
674.444	0.014279
675	0.0104113
675.556	0.043541
676.111	0.0193373
676.667	0.0133442
677.222	0.028719
677.778	8.56828e-05
678.333	0.0669834
678.889	0.0133214
679.444	0.0273926
680	0.00227759
680.556	0.0525624
681.111	0.0120981
681.667	0.0276504
682.222	0.0242114
682.778	0.0278189
683.333	0.0372698
683.889	0.00495613
684.444	0.028396
685	0.00552877
685.556	0.066765
686.111	0.0183809
686.667	0.00453125
687.222	0.00775356
687.778	0.0496262
688.333	0.0263273
688.889	0.020713
689.444	0.0125089
690	0.00772503
690.556	0.0457569
691.111	0.0156082
691.667	0.00835957
692.222	0.00592409
692.778	0.0683405
693.333	0.0431526
693.889	0.0190245
694.444	0.00513576
695	0.016767
695.556	0.0476385
696.111	0.00657596
696.667	0.00675
697.222	0.0341836
697.778	0.0479824
698.333	0.0489689
698.889	0.011126
699.444	0.00547254
700	0.0312459
700.556	0.0639299
701.111	0.0205075
701.667	0.0195556
702.222	0.00251024
702.778	0.0476522
703.333	0.0370174
703.889	0.00280622
704.444	0.0250312
705	0.0430411
705.556	0.0718782
706.111	0.0235963
706.667	0.00180476
707.222	0.0070396
707.778	0.0391444
708.333	0.00437996
708.889	0.0204781
709.444	0.0256186
710	0.0187807
710.556	0.0464049
711.111	0.00903565
711.667	0.0050083
712.222	0.0139899
712.778	0.0747057
713.333	0.00320512
713.889	0.0322012
714.444	0.0195385
715	0.0207036
715.556	0.0218599
716.111	0.0118722
716.667	0.0299926
717.222	0.00553893
717.778	0.0629153
718.333	0.0107839
718.889	0.0383381
719.444	0.00784495
720	0.0420437
720.556	0.0113901
721.111	0.0386768
721.667	0.00407218
722.222	0.0170354
722.778	0.0517333
723.333	0.00371908
723.889	0.00221957
724.444	0.018264
725	0.0621608
725.556	0.0316827
726.111	0.0356054
726.667	0.00154229
727.222	0.0151215
727.778	0.0461524
728.333	0.0129984
728.889	0.0124178
729.444	0.0140278
730	0.065508
730.556	0.0253562
731.111	0.0137654
731.667	0.00439291
732.222	0.0439579
732.778	0.0428109
733.333	0.0317474
733.889	0.00771986
734.444	0.0135977
735	0.0437433
735.556	0.00754609
736.111	0.0048632
736.667	0.0137835
737.222	0.057499
737.778	0.0501216
738.333	0.0236448
738.889	0.0138852
739.444	0.0229033
740	0.0509188
740.556	0.00527345
741.111	0.0117156
741.667	0.0261744
742.222	0.0464465
742.778	0.0399256
743.333	0.0164912
743.889	0.00741239
744.444	0.0284626
745	0.0441155
745.556	0.0241923
746.111	0.0243081
746.667	0.00725621
747.222	0.0350116
747.778	0.0153526
748.333	0.0125747
748.889	0.014728
749.444	0.0244258
750	0.0675445
750.556	0.0151691
751.111	0.0241611
751.667	0.00444043
752.222	0.0406431
752.778	0.00328872
753.333	0.0369045
753.889	0.0265514
754.444	0.0119834
755	0.043609
755.556	0.0167984
756.111	0.00518628
756.667	0.0115331
757.222	0.0641294
757.778	0.00436147
758.333	0.0467793
758.889	0.00934039
759.444	0.0226163
760	0.0321582
760.556	0.0250981
761.111	0.013369
761.667	0.00179908
762.222	0.0531016
762.778	0.00877842
763.333	0.0319527
763.889	0.00227242
764.444	0.0341115
765	0.0166297
765.556	0.0429965
766.111	0.00520507
766.667	0.00289725
767.222	0.0401767
767.778	0.00744751
768.333	0.00532223
768.889	0.00462079
769.444	0.0543747
770	0.0274346
770.556	0.0331542
771.111	0.00955973
771.667	0.0124114
772.222	0.0293202
772.778	0.0151915
773.333	0.0159317
773.889	0.0107177
774.444	0.0411795
775	0.0417966
775.556	0.0306267
776.111	0.00960208
776.667	0.0284745
777.222	0.0420735
777.778	0.0240985
778.333	0.0187655
778.889	0.0165461
779.444	0.0329563
780	0.0119604
780.556	0.0188485
781.111	0.00512813
781.667	0.0368776
782.222	0.0391916
782.778	0.0307707
783.333	0.0283932
783.889	0.00524096
784.444	0.0366168
785	0.0161099
785.556	0.0271278
786.111	0.016567
786.667	0.0288911
787.222	0.0420516
787.778	0.014333
788.333	0.00660809
788.889	0.0134636
789.444	0.0467432
790	0.022549
790.556	0.0361728
791.111	0.0106541
791.667	0.023592
792.222	0.0119167
792.778	0.0201348
793.333	0.00103776
793.889	0.00924076
794.444	0.0497541
795	0.0122996
795.556	0.0314673
796.111	0.00339284
796.667	0.0287738
797.222	0.0133395
797.778	0.0363611
798.333	0.00598462
798.889	0.00178838
799.444	0.0385983
800	0.0163989
800.556	0.0211156
801.111	0.00247149
801.667	0.0421359
802.222	0.0069785
802.778	0.0448111
803.333	0.00152283
803.889	0.00844075
804.444	0.0274387
805	0.0200497
805.556	0.00567205
806.111	0.0113897
806.667	0.0431276
807.222	0.0132931
807.778	0.0349437
808.333	0.00337735
808.889	0.0237962
809.444	0.0221016
810	0.0392638
810.556	0.0164359
811.111	0.0160815
811.667	0.0394369
812.222	0.00748905
812.778	0.0259933
813.333	0.00205906
813.889	0.0336284
814.444	0.0330168
815	0.0374608
815.556	0.0138702
816.111	0.0049288
816.667	0.0248434
817.222	0.0175791
817.778	0.0242152
818.333	0.0184642
818.889	0.0246796
819.444	0.0305589
820	0.0349568
820.556	0.0168002
821.111	0.0099361
821.667	0.0418716
822.222	0.0264821
822.778	0.0350557
823.333	0.0136884
823.889	0.0190832
824.444	0.0190651
825	0.0271964
825.556	0.00979729
826.111	0.00925882
826.667	0.041268
827.222	0.025718
827.778	0.0333877
828.333	0.00193622
828.889	0.0274668
829.444	0.00184473
830	0.0387724
830.556	0.0090839
831.111	0.00734893
831.667	0.0316132
832.222	0.0153822
832.778	0.0205563
833.333	0.00315934
833.889	0.0376553
834.444	0.00722919
835	0.0401568
835.556	0.00705807
836.111	0.00111914
836.667	0.0183374
837.222	0.0276183
837.778	0.00982895
838.333	0.0096208
838.889	0.0413814
839.444	0.00164792
840	0.0414486
840.556	0.00106572
841.111	0.014708
841.667	0.0166326
842.222	0.0388418
842.778	0.00117462
843.333	0.0207418
843.889	0.0317869
844.444	0.00971198
845	0.0259111
845.556	0.00884654
846.111	0.0265472
846.667	0.0158638
847.222	0.0428466
847.778	0.0125824
848.333	0.00920459
848.889	0.0268883
849.444	0.025038
850	0.017638
850.556	0.0202841
851.111	0.0325754
851.667	0.0195984
852.222	0.0351589
852.778	0.00392711
853.333	0.00471937
853.889	0.0198103
854.444	0.038538
855	0.0234894
855.556	0.0162818
856.111	0.0222409
856.667	0.00561123
857.222	0.0296279
857.778	0.0057014
858.333	0.0158378
858.889	0.0334256
859.444	0.0329656
860	0.024815
860.556	0.00998871
861.111	0.0206754
861.667	0.00346796
862.222	0.0321211
862.778	0.0217619
863.333	0.000205491
863.889	0.026147
864.444	0.0312088
865	0.0194995
865.556	0.000575996
866.111	0.0292905
866.667	0.012799
867.222	0.0427956
867.778	0.0121134
868.333	0.00959296
868.889	0.0238179
869.444	0.0273828
870	0.000531956
870.556	0.00932295
871.111	0.0386652
871.667	0.00992267
872.222	0.0394938
872.778	0.0158175
873.333	0.0137855
873.889	0.00591212
874.444	0.0419074
875	0.0052968
875.556	0.00919972
876.111	0.0305579
876.667	0.016042
877.222	0.0257268
877.778	0.00923523
878.333	0.0296918
878.889	0.0067599
879.444	0.0440805
880	0.00782795
880.556	0.0101889
881.111	0.017616
881.667	0.0247514
882.222	0.0107169
882.778	0.0177913
883.333	0.0249477
883.889	0.000900841
884.444	0.0397194
885	0.00234493
885.556	0.00671651
886.111	0.0180961
886.667	0.0350754
887.222	0.0124542
887.778	0.0228638
888.333	0.0212597
888.889	0.00287563
889.444	0.0290842
890	0.0151505
890.556	0.00487532
891.111	0.0179075
891.667	0.0383323
892.222	0.0172743
892.778	0.0169697
893.333	0.015741
893.889	0.0125905
894.444	0.0310325
895	0.0184941
895.556	0.0104898
896.111	0.0254443
896.667	0.0289726
897.222	0.00677681
897.778	0.0118543
898.333	0.0280824
898.889	0.0225595
899.444	0.0305615
900	0.0267112
900.556	0.00543226
901.111	0.0121887
901.667	0.034515
902.222	0.00237026
902.778	0.0043606
903.333	0.0313391
903.889	0.0246932
904.444	0.0305757
905	0.0159648
905.556	0.0165812
906.111	0.000560602
906.667	0.0322327
907.222	0.015552
907.778	0.00586074
908.333	0.027831
908.889	0.0225572
909.444	0.0119264
910	0.0149379
910.556	0.0189101
911.111	0.00562719
911.667	0.0397466
912.222	0.0128061
912.778	0.00633371
913.333	0.0190761
913.889	0.0290163
914.444	0.00321162
915	0.0163202
915.556	0.0273476
916.111	0.00502742
916.667	0.029238
917.222	0.0128995
917.778	0.00157662
918.333	0.00989692
918.889	0.0363826
919.444	0.00533834
920	0.0231109
920.556	0.0204265
921.111	0.00450399
921.667	0.0302592
922.222	0.0128153
922.778	0.0114757
923.333	0.0199232
923.889	0.0380553
924.444	0.00443036
925	0.0191615
925.556	0.0204474
926.111	0.0133044
926.667	0.0206927
927.222	0.0292987
927.778	0.00625919
928.333	0.0187627
928.889	0.040261
929.444	0.002987
930	0.00787129
930.556	0.0226713
931.111	0.0213563
931.667	0.0203424
932.222	0.0268281
932.778	0.0138158
933.333	0.0129955
933.889	0.0285251
934.444	0.0161039
935	0.00642451
935.556	0.0249978
936.111	0.0249068
936.667	0.0159607
937.222	0.0268804
937.778	0.00996992
938.333	0.00648143
938.889	0.0303008
939.444	0.017914
940	0.00242893
940.556	0.022157
941.111	0.0196037
941.667	0.0132951
942.222	0.0150726
942.778	0.019341
943.333	0.00554804
943.889	0.0266701
944.444	0.0220576
945	0.00866478
945.556	0.0113369
946.111	0.0244879
946.667	0.00260525
947.222	0.0184501
947.778	0.0236089
948.333	0.00886979
948.889	0.0311899
949.444	0.0144903
950	0.00532965
950.556	0.0138905
951.111	0.0345244
951.667	0.00526221
952.222	0.0232036
952.778	0.0285441
953.333	0.00598544
953.889	0.0188398
954.444	0.0230381
955	0.00738303
955.556	0.0111122
956.111	0.0374574
956.667	0.00639292
957.222	0.0190619
957.778	0.0225073
958.333	0.0199177
958.889	0.0138669
959.444	0.0269964
960	0.0180569
960.556	0.0151783
961.111	0.0276643
961.667	0.0123276
962.222	0.0104851
962.778	0.0196467
963.333	0.0238989
963.889	0.00784447
964.444	0.0291691
965	0.0108652
965.556	0.000914132
966.111	0.0284172
966.667	0.0152223
967.222	0.000247259
967.778	0.0219152
968.333	0.0245831
968.889	0.00852723
969.444	0.0210097
970	0.0171655
970.556	0.000368158
971.111	0.0233809
971.667	0.028951
972.222	0.00443236
972.778	0.0223931
973.333	0.0255791
973.889	0.00146965
974.444	0.0208459
975	0.019514
975.556	0.00944728
976.111	0.0308392
976.667	0.0251388
977.222	0.000518307
977.778	0.0196467
978.333	0.0229088
978.889	0.00453871
979.444	0.0187979
980	0.0316517
980.556	0.00542576
981.111	0.0206905
981.667	0.0296916
982.222	0.00247077
982.778	0.00950484
983.333	0.031725
983.889	0.010697
984.444	0.0185276
985	0.0262254
985.556	0.0129268
986.111	0.016657
986.667	0.0209208
987.222	0.0202831
987.778	0.0128102
988.333	0.0287037
988.889	0.0151337
989.444	0.0134856
990	0.0270416
990.556	0.0151237
991.111	0.00139432
991.667	0.0288779
992.222	0.0149507
992.778	0.00700652
993.333	0.0289407
993.889	0.0144235
994.444	0.00591518
995	0.0207938
995.556	0.0247578
996.111	0.00341053
996.667	0.0246369
997.222	0.022601
997.778	0.00475362
998.333	0.0147662
998.889	0.0233272
999.444	0.00154239
1000	0.0224912
1000.56	0.0224912
1001.11	0.00154239
1001.67	0.0233272
1002.22	0.0147662
1002.78	0.00475362
1003.33	0.022601
1003.89	0.0246369
1004.44	0.00341053
1005	0.0247578
1005.56	0.0207938
1006.11	0.00591518
1006.67	0.0144235
1007.22	0.0289407
1007.78	0.00700652
1008.33	0.0149507
1008.89	0.0288779
1009.44	0.00139432
1010	0.0151237
1010.56	0.0270416
1011.11	0.0134856
1011.67	0.0151337
1012.22	0.0287037
1012.78	0.0128102
1013.33	0.0202831
1013.89	0.0209208
1014.44	0.016657
1015	0.0129268
1015.56	0.0262254
1016.11	0.0185276
1016.67	0.010697
1017.22	0.031725
1017.78	0.00950484
1018.33	0.00247077
1018.89	0.0296916
1019.44	0.0206905
1020	0.00542576
1020.56	0.0316517
1021.11	0.0187979
1021.67	0.00453871
1022.22	0.0229088
1022.78	0.0196467
1023.33	0.000518307
1023.89	0.0251388
1024.44	0.0308392
1025	0.00944728
1025.56	0.019514
1026.11	0.0208459
1026.67	0.00146965
1027.22	0.0255791
1027.78	0.0223931
1028.33	0.00443236
1028.89	0.028951
1029.44	0.0233809
1030	0.000368158
1030.56	0.0171655
1031.11	0.0210097
1031.67	0.00852723
1032.22	0.0245831
1032.78	0.0219152
1033.33	0.000247259
1033.89	0.0152223
1034.44	0.0284172
1035	0.000914132
1035.56	0.0108652
1036.11	0.0291691
1036.67	0.00784447
1037.22	0.0238989
1037.78	0.0196467
1038.33	0.0104851
1038.89	0.0123276
1039.44	0.0276643
1040	0.0151783
1040.56	0.0180569
1041.11	0.0269964
1041.67	0.0138669
1042.22	0.0199177
1042.78	0.0225073
1043.33	0.0190619
1043.89	0.00639292
1044.44	0.0374574
1045	0.0111122
1045.56	0.00738303
1046.11	0.0230381
1046.67	0.0188398
1047.22	0.00598544
1047.78	0.0285441
1048.33	0.0232036
1048.89	0.00526221
1049.44	0.0345244
1050	0.0138905
1050.56	0.00532965
1051.11	0.0144903
1051.67	0.0311899
1052.22	0.00886979
1052.78	0.0236089
1053.33	0.0184501
1053.89	0.00260525
1054.44	0.0244879
1055	0.0113369
1055.56	0.00866478
1056.11	0.0220576
1056.67	0.0266701
1057.22	0.00554804
1057.78	0.019341
1058.33	0.0150726
1058.89	0.0132951
1059.44	0.0196037
1060	0.022157
1060.56	0.00242893
1061.11	0.017914
1061.67	0.0303008
1062.22	0.00648143
1062.78	0.00996992
1063.33	0.0268804
1063.89	0.0159607
1064.44	0.0249068
1065	0.0249978
1065.56	0.00642451
1066.11	0.0161039
1066.67	0.0285251
1067.22	0.0129955
1067.78	0.0138158
1068.33	0.0268281
1068.89	0.0203424
1069.44	0.0213563
1070	0.0226713
1070.56	0.00787129
1071.11	0.002987
1071.67	0.040261
1072.22	0.0187627
1072.78	0.00625919
1073.33	0.0292987
1073.89	0.0206927
1074.44	0.0133044
1075	0.0204474
1075.56	0.0191615
1076.11	0.00443036
1076.67	0.0380553
1077.22	0.0199232
1077.78	0.0114757
1078.33	0.0128153
1078.89	0.0302592
1079.44	0.00450399
1080	0.0204265
1080.56	0.0231109
1081.11	0.00533834
1081.67	0.0363826
1082.22	0.00989692
1082.78	0.00157662
1083.33	0.0128995
1083.89	0.029238
1084.44	0.00502742
1085	0.0273476
1085.56	0.0163202
1086.11	0.00321162
1086.67	0.0290163
1087.22	0.0190761
1087.78	0.00633371
1088.33	0.0128061
1088.89	0.0397466
1089.44	0.00562719
1090	0.0189101
1090.56	0.0149379
1091.11	0.0119264
1091.67	0.0225572
1092.22	0.027831
1092.78	0.00586074
1093.33	0.015552
1093.89	0.0322327
1094.44	0.000560602
1095	0.0165812
1095.56	0.0159648
1096.11	0.0305757
1096.67	0.0246932
1097.22	0.0313391
1097.78	0.0043606
1098.33	0.00237026
1098.89	0.034515
1099.44	0.0121887
1100	0.00543226
1100.56	0.0267112
1101.11	0.0305615
1101.67	0.0225595
1102.22	0.0280824
1102.78	0.0118543
1103.33	0.00677681
1103.89	0.0289726
1104.44	0.0254443
1105	0.0104898
1105.56	0.0184941
1106.11	0.0310325
1106.67	0.0125905
1107.22	0.015741
1107.78	0.0169697
1108.33	0.0172743
1108.89	0.0383323
1109.44	0.0179075
1110	0.00487532
1110.56	0.0151505
1111.11	0.0290842
1111.67	0.00287563
1112.22	0.0212597
1112.78	0.0228638
1113.33	0.0124542
1113.89	0.0350754
1114.44	0.0180961
1115	0.00671651
1115.56	0.00234493
1116.11	0.0397194
1116.67	0.000900841
1117.22	0.0249477
1117.78	0.0177913
1118.33	0.0107169
1118.89	0.0247514
1119.44	0.017616
1120	0.0101889
1120.56	0.00782795
1121.11	0.0440805
1121.67	0.0067599
1122.22	0.0296918
1122.78	0.00923523
1123.33	0.0257268
1123.89	0.016042
1124.44	0.0305579
1125	0.00919972
1125.56	0.0052968
1126.11	0.0419074
1126.67	0.00591212
1127.22	0.0137855
1127.78	0.0158175
1128.33	0.0394938
1128.89	0.00992267
1129.44	0.0386652
1130	0.00932295
1130.56	0.000531956
1131.11	0.0273828
1131.67	0.0238179
1132.22	0.00959296
1132.78	0.0121134
1133.33	0.0427956
1133.89	0.012799
1134.44	0.0292905
1135	0.000575996
1135.56	0.0194995
1136.11	0.0312088
1136.67	0.026147
1137.22	0.000205491
1137.78	0.0217619
1138.33	0.0321211
1138.89	0.00346796
1139.44	0.0206754
1140	0.00998871
1140.56	0.024815
1141.11	0.0329656
1141.67	0.0334256
1142.22	0.0158378
1142.78	0.0057014
1143.33	0.0296279
1143.89	0.00561123
1144.44	0.0222409
1145	0.0162818
1145.56	0.0234894
1146.11	0.038538
1146.67	0.0198103
1147.22	0.00471937
1147.78	0.00392711
1148.33	0.0351589
1148.89	0.0195984
1149.44	0.0325754
1150	0.0202841
1150.56	0.017638
1151.11	0.025038
1151.67	0.0268883
1152.22	0.00920459
1152.78	0.0125824
1153.33	0.0428466
1153.89	0.0158638
1154.44	0.0265472
1155	0.00884654
1155.56	0.0259111
1156.11	0.00971198
1156.67	0.0317869
1157.22	0.0207418
1157.78	0.00117462
1158.33	0.0388418
1158.89	0.0166326
1159.44	0.014708
1160	0.00106572
1160.56	0.0414486
1161.11	0.00164792
1161.67	0.0413814
1162.22	0.0096208
1162.78	0.00982895
1163.33	0.0276183
1163.89	0.0183374
1164.44	0.00111914
1165	0.00705807
1165.56	0.0401568
1166.11	0.00722919
1166.67	0.0376553
1167.22	0.00315934
1167.78	0.0205563
1168.33	0.0153822
1168.89	0.0316132
1169.44	0.00734893
1170	0.0090839
1170.56	0.0387724
1171.11	0.00184473
1171.67	0.0274668
1172.22	0.00193622
1172.78	0.0333877
1173.33	0.025718
1173.89	0.041268
1174.44	0.00925882
1175	0.00979729
1175.56	0.0271964
1176.11	0.0190651
1176.67	0.0190832
1177.22	0.0136884
1177.78	0.0350557
1178.33	0.0264821
1178.89	0.0418716
1179.44	0.0099361
1180	0.0168002
1180.56	0.0349568
1181.11	0.0305589
1181.67	0.0246796
1182.22	0.0184642
1182.78	0.0242152
1183.33	0.0175791
1183.89	0.0248434
1184.44	0.0049288
1185	0.0138702
1185.56	0.0374608
1186.11	0.0330168
1186.67	0.0336284
1187.22	0.00205906
1187.78	0.0259933
1188.33	0.00748905
1188.89	0.0394369
1189.44	0.0160815
1190	0.0164359
1190.56	0.0392638
1191.11	0.0221016
1191.67	0.0237962
1192.22	0.00337735
1192.78	0.0349437
1193.33	0.0132931
1193.89	0.0431276
1194.44	0.0113897
1195	0.00567205
1195.56	0.0200497
1196.11	0.0274387
1196.67	0.00844075
1197.22	0.00152283
1197.78	0.0448111
1198.33	0.0069785
1198.89	0.0421359
1199.44	0.00247149
1200	0.0211156
1200.56	0.0163989
1201.11	0.0385983
1201.67	0.00178838
1202.22	0.00598462
1202.78	0.0363611
1203.33	0.0133395
1203.89	0.0287738
1204.44	0.00339284
1205	0.0314673
1205.56	0.0122996
1206.11	0.0497541
1206.67	0.00924076
1207.22	0.00103776
1207.78	0.0201348
1208.33	0.0119167
1208.89	0.023592
1209.44	0.0106541
1210	0.0361728
1210.56	0.022549
1211.11	0.0467432
1211.67	0.0134636
1212.22	0.00660809
1212.78	0.014333
1213.33	0.0420516
1213.89	0.0288911
1214.44	0.016567
1215	0.0271278
1215.56	0.0161099
1216.11	0.0366168
1216.67	0.00524096
1217.22	0.0283932
1217.78	0.0307707
1218.33	0.0391916
1218.89	0.0368776
1219.44	0.00512813
1220	0.0188485
1220.56	0.0119604
1221.11	0.0329563
1221.67	0.0165461
1222.22	0.0187655
1222.78	0.0240985
1223.33	0.0420735
1223.89	0.0284745
1224.44	0.00960208
1225	0.0306267
1225.56	0.0417966
1226.11	0.0411795
1226.67	0.0107177
1227.22	0.0159317
1227.78	0.0151915
1228.33	0.0293202
1228.89	0.0124114
1229.44	0.00955973
1230	0.0331542
1230.56	0.0274346
1231.11	0.0543747
1231.67	0.00462079
1232.22	0.00532223
1232.78	0.00744751
1233.33	0.0401767
1233.89	0.00289725
1234.44	0.00520507
1235	0.0429965
1235.56	0.0166297
1236.11	0.0341115
1236.67	0.00227242
1237.22	0.0319527
1237.78	0.00877842
1238.33	0.0531016
1238.89	0.00179908
1239.44	0.013369
1240	0.0250981
1240.56	0.0321582
1241.11	0.0226163
1241.67	0.00934039
1242.22	0.0467793
1242.78	0.00436147
1243.33	0.0641294
1243.89	0.0115331
1244.44	0.00518628
1245	0.0167984
1245.56	0.043609
1246.11	0.0119834
1246.67	0.0265514
1247.22	0.0369045
1247.78	0.00328872
1248.33	0.0406431
1248.89	0.00444043
1249.44	0.0241611
1250	0.0151691
1250.56	0.0675445
1251.11	0.0244258
1251.67	0.014728
1252.22	0.0125747
1252.78	0.0153526
1253.33	0.0350116
1253.89	0.00725621
1254.44	0.0243081
1255	0.0241923
1255.56	0.0441155
1256.11	0.0284626
1256.67	0.00741239
1257.22	0.0164912
1257.78	0.0399256
1258.33	0.0464465
1258.89	0.0261744
1259.44	0.0117156
1260	0.00527345
1260.56	0.0509188
1261.11	0.0229033
1261.67	0.0138852
1262.22	0.0236448
1262.78	0.0501216
1263.33	0.057499
1263.89	0.0137835
1264.44	0.0048632
1265	0.00754609
1265.56	0.0437433
1266.11	0.0135977
1266.67	0.00771986
1267.22	0.0317474
1267.78	0.0428109
1268.33	0.0439579
1268.89	0.00439291
1269.44	0.0137654
1270	0.0253562
1270.56	0.065508
1271.11	0.0140278
1271.67	0.0124178
1272.22	0.0129984
1272.78	0.0461524
1273.33	0.0151215
1273.89	0.00154229
1274.44	0.0356054
1275	0.0316827
1275.56	0.0621608
1276.11	0.018264
1276.67	0.00221957
1277.22	0.00371908
1277.78	0.0517333
1278.33	0.0170354
1278.89	0.00407218
1279.44	0.0386768
1280	0.0113901
1280.56	0.0420437
1281.11	0.00784495
1281.67	0.0383381
1282.22	0.0107839
1282.78	0.0629153
1283.33	0.00553893
1283.89	0.0299926
1284.44	0.0118722
1285	0.0218599
1285.56	0.0207036
1286.11	0.0195385
1286.67	0.0322012
1287.22	0.00320512
1287.78	0.0747057
1288.33	0.0139899
1288.89	0.0050083
1289.44	0.00903565
1290	0.0464049
1290.56	0.0187807
1291.11	0.0256186
1291.67	0.0204781
1292.22	0.00437996
1292.78	0.0391444
1293.33	0.0070396
1293.89	0.00180476
1294.44	0.0235963
1295	0.0718782
1295.56	0.0430411
1296.11	0.0250312
1296.67	0.00280622
1297.22	0.0370174
1297.78	0.0476522
1298.33	0.00251024
1298.89	0.0195556
1299.44	0.0205075
1300	0.0639299
1300.56	0.0312459
1301.11	0.00547254
1301.67	0.011126
1302.22	0.0489689
1302.78	0.0479824
1303.33	0.0341836
1303.89	0.00675
1304.44	0.00657596
1305	0.0476385
1305.56	0.016767
1306.11	0.00513576
1306.67	0.0190245
1307.22	0.0431526
1307.78	0.0683405
1308.33	0.00592409
1308.89	0.00835957
1309.44	0.0156082
1310	0.0457569
1310.56	0.00772503
1311.11	0.0125089
1311.67	0.020713
1312.22	0.0263273
1312.78	0.0496262
1313.33	0.00775356
1313.89	0.00453125
1314.44	0.0183809
1315	0.066765
1315.56	0.00552877
1316.11	0.028396
1316.67	0.00495613
1317.22	0.0372698
1317.78	0.0278189
1318.33	0.0242114
1318.89	0.0276504
1319.44	0.0120981
1320	0.0525624
1320.56	0.00227759
1321.11	0.0273926
1321.67	0.0133214
1322.22	0.0669834
1322.78	8.56828e-05
1323.33	0.028719
1323.89	0.0133442
1324.44	0.0193373
1325	0.043541
1325.56	0.0104113
1326.11	0.014279
1326.67	0.0207477
1327.22	0.0739549
1327.78	0.017113
1328.33	0.0179425
1328.89	0.00635554
1329.44	0.017001
1330	0.0355211
1330.56	0.018916
1331.11	0.00382847
1331.67	0.0080094
1332.22	0.0614638
1332.78	0.027227
1333.33	0.00321108
1333.89	0.0162481
1334.44	0.0597557
1335	0.0389059
1335.56	0.0220175
1336.11	0.00303565
1336.67	0.00605465
1337.22	0.0284068
1337.78	0.0229609
1338.33	0.0182905
1338.89	0.0012623
1339.44	0.0661024
1340	0.0611189
1340.56	0.0239438
1341.11	0.0320709
1341.67	0.00684576
1342.22	0.0359864
1342.78	0.00232057
1343.33	0.00488494
1343.89	0.0117913
1344.44	0.0355344
1345	0.0526809
1345.56	0.00523125
1346.11	0.000308482
1346.67	0.0606247
1347.22	0.0552285
1347.78	0.0121909
1348.33	0.0281445
1348.89	0.0106929
1349.44	0.0438712
1350	0.0158285
1350.56	0.0134342
1351.11	0.00046965
1351.67	0.0546044
1352.22	0.0771345
1352.78	0.0056187
1353.33	0.0214141
1353.89	0.026745
1354.44	0.0430025
1355	0.0042221
1355.56	0.061775
1356.11	0.00229099
1356.67	0.0379455
1357.22	0.0426792
1357.78	0.00779713
1358.33	0.0381311
1358.89	0.0281993
1359.44	0.0858224
1360	0.00176682
1360.56	0.0412856
1361.11	0.0405376
1361.67	0.0323552
1362.22	0.0359511
1362.78	0.0088684
1363.33	0.00575757
1363.89	0.0150523
1364.44	0.0793906
1365	0.0245104
1365.56	0.025397
1366.11	0.0218825
1366.67	0.0354656
1367.22	0.0314662
1367.78	0.02774
1368.33	0.0116043
1368.89	0.0225648
1369.44	0.0470491
1370	0.0223164
1370.56	0.0139824
1371.11	0.01143
1371.67	0.0531603
1372.22	0.0418003
1372.78	0.0520277
1373.33	0.0190401
1373.89	0.00260609
1374.44	0.0390635
1375	0.0311086
1375.56	0.0266775
1376.11	0.0229536
1376.67	0.0387501
1377.22	0.0469053
1377.78	0.0306158
1378.33	0.0435659
1378.89	0.0205585
1379.44	0.0318478
1380	0.034944
1380.56	0.0156026
1381.11	0.0083799
1381.67	0.030015
1382.22	0.0201968
1382.78	0.0355176
1383.33	0.026199
1383.89	0.0776857
1384.44	0.0559131
1385	0.0361621
1385.56	0.070033
1386.11	0.0351097
1386.67	0.0385708
1387.22	0.000156648
1387.78	0.0217892
1388.33	0.00474955
1388.89	0.043228
1389.44	0.0638466
1390	0.0120433
1390.56	0.0157437
1391.11	0.0435323
1391.67	0.062096
1392.22	0.00849218
1392.78	0.0616865
1393.33	0.00507796
1393.89	0.0309965
1394.44	0.00289323
1395	0.0389424
1395.56	0.0211115
1396.11	0.0253585
1396.67	0.0814682
1397.22	0.00885182
1397.78	0.0592408
1398.33	0.00398161
1398.89	0.0470472
1399.44	0.00535766
1400	0.0467105
1400.56	0.00196992
1401.11	0.015153
1401.67	0.0777694
1402.22	0.0122269
1402.78	0.0306311
1403.33	0.0150105
1403.89	0.0776581
1404.44	0.0154919
1405	0.0506952
1405.56	0.0195091
1406.11	0.00706287
1406.67	0.0423365
1407.22	0.0406135
1407.78	0.0268017
1408.33	0.00452344
1408.89	0.0812751
1409.44	0.0213058
1410	0.0755672
1410.56	0.0275323
1411.11	0.0219248
1411.67	0.0186719
1412.22	0.0421353
1412.78	0.0579079
1413.33	0.0183406
1413.89	0.0202573
1414.44	0.0199686
1415	0.0404203
1415.56	0.00747783
1416.11	0.0511815
1416.67	0.0322369
1417.22	0.0614012
1417.78	0.0484522
1418.33	0.0291288
1418.89	0.0288913
1419.44	0.0114038
1420	0.0608662
1420.56	0.0304246
1421.11	0.0253042
1421.67	0.0370774
1422.22	0.0345748
1422.78	0.0420863
1423.33	0.0316821
1423.89	0.0613923
1424.44	0.0604673
1425	0.0747654
1425.56	0.00165166
1426.11	0.0543573
1426.67	0.00793099
1427.22	0.00706006
1427.78	0.0188067
1428.33	0.0109597
1428.89	0.063048
1429.44	0.0289153
1430	0.0538509
1430.56	0.032274
1431.11	0.0278224
1431.67	0.0193011
1432.22	0.0531317
1432.78	0.0176372
1433.33	0.0371036
1433.89	0.0590739
1434.44	0.0677344
1435	0.0385018
1435.56	0.0399446
1436.11	0.0598933
1436.67	0.0375535
1437.22	0.0435981
1437.78	0.0151205
1438.33	0.0221174
1438.89	0.0393325
1439.44	0.0830267
1440	0.0103986
1440.56	0.00144396
1441.11	0.0727633
1441.67	0.0196246
1442.22	0.0697165
1442.78	0.0217005
1443.33	0.0625856
1443.89	0.0106627
1444.44	0.126143
1445	0.0170148
1445.56	0.0124628
1446.11	0.0428525
1446.67	0.0220448
1447.22	0.0352231
1447.78	0.00488011
1448.33	0.081357
1448.89	0.00641294
1449.44	0.105605
1450	0.02338
1450.56	4.6775e-05
1451.11	0.0187546
1451.67	0.0646039
1452.22	0.0292968
1452.78	0.0171228
1453.33	0.0620846
1453.89	0.0311411
1454.44	0.0688073
1455	0.000927159
1455.56	0.00378311
1456.11	0.0133683
1456.67	0.0641261
1457.22	0.0409207
1457.78	0.0355247
1458.33	0.0123133
1458.89	0.0221806
1459.44	0.0513873
1460	0.0128108
1460.56	0.0671372
1461.11	0.0505108
1461.67	0.0665699
1462.22	0.0552775
1462.78	0.0152855
1463.33	0.028028
1463.89	0.0566407
1464.44	0.0667528
1465	0.00669514
1465.56	0.0638723
1466.11	0.0203875
1466.67	0.0476796
1467.22	0.0252046
1467.78	0.0464871
1468.33	0.0262891
1468.89	0.0829189
1469.44	0.070863
1470	0.025844
1470.56	0.0360247
1471.11	0.0289691
1471.67	0.0157502
1472.22	0.0107805
1472.78	0.0515117
1473.33	0.0885686
1473.89	0.0195844
1474.44	0.0570769
1475	0.0521898
1475.56	0.0252679
1476.11	0.0204069
1476.67	0.0153274
1477.22	0.0318188
1477.78	0.0012038
1478.33	0.00704229
1478.89	0.00665831
1479.44	0.051548
1480	0.00648781
1480.56	0.073165
1481.11	0.0319573
1481.67	0.0881613
1482.22	0.0642225
1482.78	0.00228426
1483.33	0.0348814
1483.89	0.0619224
1484.44	0.0142871
1485	0.000193885
1485.56	0.0329966
1486.11	0.0259513
1486.67	0.0813432
1487.22	0.0267175
1487.78	0.0216541
1488.33	0.0161879
1488.89	0.106789
1489.44	0.00811624
1490	0.00345554
1490.56	0.0531301
1491.11	0.0150095
1491.67	0.0338943
1492.22	0.0279758
1492.78	0.0586059
1493.33	0.0628495
1493.89	0.106137
1494.44	0.0789537
1495	0.0224268
1495.56	0.0185818
1496.11	0.107732
1496.67	0.0526733
1497.22	0.00715768
1497.78	0.0254547
1498.33	0.0185824
1498.89	0.104725
1499.44	0.0443828
1500	0.0866632
1500.56	0.0231798
1501.11	0.0445733
1501.67	0.067255
1502.22	0.00375825
1502.78	0.0189637
1503.33	0.0741002
1503.89	0.024741
1504.44	0.0405916
1505	0.0554371
1505.56	0.000909223
1506.11	0.0662966
1506.67	0.114724
1507.22	0.0238523
1507.78	0.0155379
1508.33	0.0513813
1508.89	0.0299501
1509.44	0.00380178
1510	0.0145157
1510.56	0.00282913
1511.11	0.0145907
1511.67	0.0547637
1512.22	0.0278223
1512.78	0.0472606
1513.33	0.102928
1513.89	0.100558
1514.44	0.030279
1515	0.0168455
1515.56	0.038862
1516.11	0.0344034
1516.67	0.02084
1517.22	0.0194925
1517.78	0.00228008
1518.33	0.0425066
1518.89	0.120806
1519.44	0.0625492
1520	0.0218655
1520.56	0.0874648
1521.11	0.0559007
1521.67	0.0287614
1522.22	0.075774
1522.78	0.0225669
1523.33	0.0335647
1523.89	0.0323004
1524.44	0.099384
1525	0.0222289
1525.56	0.012113
1526.11	0.0861794
1526.67	0.0460028
1527.22	0.00869883
1527.78	0.0782043
1528.33	0.0234228
1528.89	0.0819965
1529.44	0.0182327
1530	0.0125623
1530.56	0.0350911
1531.11	0.0841761
1531.67	0.18198
1532.22	0.00942012
1532.78	0.0530695
1533.33	0.0310622
1533.89	0.113957
1534.44	0.0272494
1535	0.036482
1535.56	0.0501413
1536.11	0.10547
1536.67	0.0846835
1537.22	0.0728771
1537.78	0.0221467
1538.33	0.0576006
1538.89	0.112819
1539.44	0.035426
1540	0.00542242
1540.56	0.0178551
1541.11	0.00481339
1541.67	0.0371631
1542.22	0.00907299
1542.78	0.0749407
1543.33	0.0719433
1543.89	0.118823
1544.44	0.0044611
1545	0.035367
1545.56	0.0870237
1546.11	0.110048
1546.67	0.100718
1547.22	0.0403188
1547.78	0.0149299
1548.33	0.0514973
1548.89	0.094957
1549.44	0.124779
1550	0.0360899
1550.56	0.0859907
1551.11	0.137781
1551.67	0.0186353
1552.22	0.113242
1552.78	0.0329254
1553.33	0.0984741
1553.89	0.0387468
1554.44	0.0143809
1555	0.109003
1555.56	0.0776076
1556.11	0.131172
1556.67	0.0440087
1557.22	0.0437537
1557.78	0.05336
1558.33	0.089787
1558.89	0.0317324
1559.44	0.0812793
1560	0.0361386
1560.56	0.12414
1561.11	0.0982536
1561.67	0.159817
1562.22	0.0714688
1562.78	0.00680701
1563.33	0.110851
1563.89	0.0688527
1564.44	0.0552762
1565	0.0270384
1565.56	0.107318
1566.11	0.114826
1566.67	0.00120154
1567.22	0.098524
1567.78	0.1103
1568.33	0.0813998
1568.89	0.0480332
1569.44	0.0555206
1570	0.00569886
1570.56	0.0452167
1571.11	0.108517
1571.67	0.0322739
1572.22	0.0429627
1572.78	0.0553881
1573.33	0.147167
1573.89	0.0802509
1574.44	0.060859
1575	0.10758
1575.56	0.0773076
1576.11	0.0698905
1576.67	0.087598
1577.22	0.0361351
1577.78	0.183359
1578.33	0.0785351
1578.89	0.158016
1579.44	0.00244283
1580	0.0418349
1580.56	0.00628227
1581.11	0.0537825
1581.67	0.106564
1582.22	0.00812528
1582.78	0.0142838
1583.33	0.118779
1583.89	0.0303089
1584.44	0.091141
1585	0.0624483
1585.56	0.104837
1586.11	0.037137
1586.67	0.0397764
1587.22	0.0609684
1587.78	0.0634873
1588.33	0.0808014
1588.89	0.0952385
1589.44	0.0257095
1590	0.0298756
1590.56	0.0180371
1591.11	0.0213331
1591.67	0.0674046
1592.22	0.00922225
1592.78	0.178107
1593.33	0.0444632
1593.89	0.0111352
1594.44	0.0150497
1595	0.00271051
1595.56	0.0883841
1596.11	0.000438417
1596.67	0.0428467
1597.22	0.0476112
1597.78	0.0607453
1598.33	0.0195778
1598.89	0.189487
1599.44	0.0497011
1600	0.130322
1600.56	0.140559
1601.11	0.0674303
1601.67	0.0489161
1602.22	0.121382
1602.78	0.304189
1603.33	0.175132
1603.89	0.0153958
1604.44	0.00184735
1605	0.114124
1605.56	0.0383511
1606.11	0.0553174
1606.67	0.0578423
1607.22	0.0295076
1607.78	0.00288966
1608.33	0.109113
1608.89	0.0377671
1609.44	0.0216837
1610	0.117206
1610.56	0.0509598
1611.11	0.200409
1611.67	0.132135
1612.22	0.0971391
1612.78	0.0205517
1613.33	0.156257
1613.89	0.054874
1614.44	0.0485978
1615	0.154668
1615.56	0.126472
1616.11	0.0547436
1616.67	0.034765
1617.22	0.00445586
1617.78	0.120666
1618.33	0.0894041
1618.89	0.0954065
1619.44	0.0508645
1620	0.0699965
1620.56	0.00825039
1621.11	0.114447
1621.67	0.130955
1622.22	0.0512427
1622.78	0.0910271
1623.33	0.0669304
1623.89	0.255572
1624.44	0.0242265
1625	0.0219005
1625.56	0.0207175
1626.11	0.0401853
1626.67	0.0402612
1627.22	0.181103
1627.78	0.100755
1628.33	0.0636079
1628.89	0.0816459
1629.44	0.104972
1630	0.136564
1630.56	0.00126663
1631.11	0.124519
1631.67	0.0501984
1632.22	0.0693225
1632.78	0.0217495
1633.33	0.0168007
1633.89	0.0286926
1634.44	0.193106
1635	0.0242232
1635.56	0.100946
1636.11	0.0169324
1636.67	0.0724157
1637.22	0.164231
1637.78	0.10806
1638.33	0.00631286
1638.89	0.157567
1639.44	0.0102943
1640	0.259024
1640.56	0.022943
1641.11	0.0187471
1641.67	0.0959286
1642.22	0.0862482
1642.78	0.017885
1643.33	0.227278
1643.89	0.0251877
1644.44	0.0724927
1645	0.133139
1645.56	0.0495815
1646.11	0.206108
1646.67	0.167037
1647.22	0.00442535
1647.78	0.063645
1648.33	0.366211
1648.89	0.0908837
1649.44	0.0701567
1650	0.105497
1650.56	0.0856323
1651.11	0.144898
1651.67	0.230353
1652.22	0.110429
1652.78	0.0360827
1653.33	0.0884808
1653.89	0.125841
1654.44	0.209968
1655	0.234383
1655.56	0.225352
1656.11	0.0684937
1656.67	0.383103
1657.22	0.0806193
1657.78	0.0545214
1658.33	0.160769
1658.89	0.25793
1659.44	0.0979913
1660	0.156954
1660.56	0.0214476
1661.11	0.260829
1661.67	0.208437
1662.22	0.107114
1662.78	0.0196039
1663.33	0.141623
1663.89	0.0678825
1664.44	0.242794
1665	0.315827
1665.56	0.140635
1666.11	0.036828
1666.67	0.372849
1667.22	0.0538325
1667.78	0.01759
1668.33	0.0713073
1668.89	0.0818988
1669.44	0.0683261
1670	0.0331008
1670.56	0.295876
1671.11	0.246813
1671.67	0.0370174
1672.22	0.375004
1672.78	0.107264
1673.33	0.364396
1673.89	0.141242
1674.44	0.116538
1675	0.0583786
1675.56	0.0513782
1676.11	0.106337
1676.67	0.274428
1677.22	0.0945353
1677.78	0.0593339
1678.33	0.0127868
1678.89	0.238149
1679.44	0.0816744
1680	0.000361776
1680.56	0.0737813
1681.11	0.330005
1681.67	0.0885692
1682.22	0.211326
1682.78	0.367773
1683.33	0.104909
1683.89	0.126165
1684.44	0.114265
1685	0.0569022
1685.56	0.384008
1686.11	0.548791
1686.67	0.0957511
1687.22	0.0349065
1687.78	0.425447
1688.33	0.254212
1688.89	0.176185
1689.44	0.526186
1690	0.263312
1690.56	0.135747
1691.11	0.245815
1691.67	0.0427261
1692.22	0.238797
1692.78	0.398102
1693.33	0.280138
1693.89	0.246371
1694.44	0.300623
1695	0.34987
1695.56	0.415034
1696.11	0.195893
1696.67	0.180805
1697.22	0.087922
1697.78	0.0364768
1698.33	0.344654
1698.89	0.16467
1699.44	0.125044
1700	0.284565
1700.56	0.0940827
1701.11	0.268101
1701.67	0.0319179
1702.22	0.0922862
1702.78	0.0497547
1703.33	0.367014
1703.89	0.240561
1704.44	0.3086
1705	0.0485306
1705.56	0.0597529
1706.11	0.212419
1706.67	0.276246
1707.22	0.210704
1707.78	0.00644785
1708.33	0.0132635
1708.89	0.207327
1709.44	0.0725903
1710	0.29029
1710.56	0.00466595
1711.11	0.27605
1711.67	0.224821
1712.22	0.247672
1712.78	0.0747367
1713.33	0.454946
1713.89	0.155472
1714.44	0.0527986
1715	0.280634
1715.56	0.074316
1716.11	0.320175
1716.67	0.084256
1717.22	0.289719
1717.78	0.665088
1718.33	0.161272
1718.89	0.315578
1719.44	0.154508
1720	0.245523
1720.56	0.406102
1721.11	0.228308
1721.67	0.472335
1722.22	0.37567
1722.78	0.112446
1723.33	0.0226393
1723.89	0.309345
1724.44	0.740486
1725	0.229394
1725.56	0.180912
1726.11	0.10325
1726.67	0.0607155
1727.22	0.597698
1727.78	0.164073
1728.33	0.0364931
1728.89	0.332446
1729.44	0.364439
1730	0.70947
1730.56	0.783154
1731.11	0.383044
1731.67	0.326039
1732.22	0.163867
1732.78	0.116285
1733.33	0.00825849
1733.89	0.349562
1734.44	0.550804
1735	0.302034
1735.56	0.100074
1736.11	0.0981766
1736.67	0.118681
1737.22	0.380146
1737.78	0.102459
1738.33	0.259489
1738.89	0.554751
1739.44	0.098997
1740	0.103958
1740.56	0.493668
1741.11	0.110951
1741.67	0.0568176
1742.22	0.595704
1742.78	0.154057
1743.33	0.164064
1743.89	0.17894
1744.44	0.234511
1745	0.0661993
1745.56	0.207856
1746.11	0.423217
1746.67	0.158109
1747.22	0.118154
1747.78	0.806443
1748.33	0.117239
1748.89	0.0138782
1749.44	0.50548
1750	0.33721
1750.56	0.177421
1751.11	0.0133218
1751.67	0.257145
1752.22	0.154886
1752.78	0.385912
1753.33	0.694475
1753.89	0.188828
1754.44	0.0900088
1755	0.122604
1755.56	0.433513
1756.11	0.0626899
1756.67	0.0761814
1757.22	0.12339
1757.78	0.180386
1758.33	0.772108
1758.89	0.187686
1759.44	0.0327972
1760	0.348311
1760.56	0.0885618
1761.11	0.260453
1761.67	0.0107302
1762.22	0.201618
1762.78	1.21471
1763.33	0.365745
1763.89	0.287801
1764.44	1.06646
1765	0.45899
1765.56	0.22884
1766.11	0.123165
1766.67	0.540455
1767.22	0.223522
1767.78	0.918638
1768.33	0.775233
1768.89	0.503763
1769.44	0.889308
1770	0.523795
1770.56	0.112982
1771.11	0.261268
1771.67	0.0471802
1772.22	0.883221
1772.78	0.103245
1773.33	0.307049
1773.89	0.0682638
1774.44	0.163893
1775	0.821155
1775.56	0.850497
1776.11	0.944261
1776.67	0.426239
1777.22	1.06976
1777.78	0.515095
1778.33	0.193356
1778.89	0.243429
1779.44	0.925695
1780	0.410487
1780.56	0.450494
1781.11	0.493918
1781.67	0.251729
1782.22	0.459147
1782.78	1.26486
1783.33	1.05426
1783.89	0.259878
1784.44	1.07634
1785	1.45001
1785.56	1.61222
1786.11	0.663641
1786.67	0.558856
1787.22	0.789083
1787.78	1.51089
1788.33	0.236022
1788.89	0.0502152
1789.44	0.404075
1790	0.272947
1790.56	0.27735
1791.11	1.51338
1791.67	1.16932
1792.22	0.778668
1792.78	0.20838
1793.33	0.0447261
1793.89	0.276929
1794.44	0.509714
1795	1.13701
1795.56	1.74556
1796.11	0.174298
1796.67	0.0806552
1797.22	0.0189813
1797.78	0.782157
1798.33	0.123826
1798.89	0.940777
1799.44	1.05782
1800	0.276385
1800.56	0.0564966
1801.11	0.660122
1801.67	1.38302
1802.22	0.00620327
1802.78	1.17601
1803.33	0.142978
1803.89	0.229928
1804.44	0.0729988
1805	0.542722
1805.56	0.335859
1806.11	0.200061
1806.67	0.0628558
1807.22	0.115918
1807.78	0.326306
1808.33	0.0869249
1808.89	1.02539
1809.44	0.99194
1810	0.397209
1810.56	0.886765
1811.11	0.439522
1811.67	1.10779
1812.22	1.33305
1812.78	0.15022
1813.33	0.831684
1813.89	0.869916
1814.44	0.388494
1815	0.0176209
1815.56	0.132267
1816.11	0.018663
1816.67	1.04815
1817.22	1.18336
1817.78	1.14501
1818.33	0.30571
1818.89	1.14347
1819.44	0.0425577
1820	0.209223
1820.56	0.261449
1821.11	0.395065
1821.67	1.1748
1822.22	0.494667
1822.78	0.713481
1823.33	1.0239
1823.89	0.169718
1824.44	0.580276
1825	1.13443
1825.56	0.357935
1826.11	0.628581
1826.67	1.07632
1827.22	0.38855
1827.78	0.360984
1828.33	1.1938
1828.89	0.584538
1829.44	0.222749
1830	0.263635
1830.56	0.186172
1831.11	0.241629
1831.67	0.839036
1832.22	1.20629
1832.78	1.36315
1833.33	0.411455
1833.89	0.640939
1834.44	0.563107
1835	0.581777
1835.56	0.655504
1836.11	0.0814693
1836.67	0.444614
1837.22	0.578372
1837.78	0.0228387
1838.33	0.052428
1838.89	0.980912
1839.44	1.11315
1840	0.900064
1840.56	0.558849
1841.11	0.548748
1841.67	0.61582
1842.22	0.608116
1842.78	0.802652
1843.33	0.962275
1843.89	1.61706
1844.44	0.61453
1845	0.779713
1845.56	0.351346
1846.11	1.29825
1846.67	0.939007
1847.22	0.580728
1847.78	0.228712
1848.33	0.894553
1848.89	0.915787
1849.44	0.636178
1850	0.370075
1850.56	0.188582
1851.11	0.856824
1851.67	1.91374
1852.22	0.421208
1852.78	0.00309432
1853.33	0.213031
1853.89	0.608344
1854.44	1.09985
1855	1.19961
1855.56	1.39529
1856.11	0.160263
1856.67	0.11125
1857.22	1.30893
1857.78	0.350428
1858.33	0.42862
1858.89	0.377684
1859.44	1.00022
1860	0.804505
1860.56	0.32013
1861.11	0.407655
1861.67	0.51731
1862.22	0.486815
1862.78	1.88554
1863.33	1.14437
1863.89	1.16255
1864.44	0.478705
1865	0.495904
1865.56	0.633044
1866.11	1.08466
1866.67	0.780306
1867.22	0.000812997
1867.78	0.67148
1868.33	0.484291
1868.89	0.109907
1869.44	0.591077
1870	1.53603
1870.56	1.89806
1871.11	0.0654915
1871.67	0.624375
1872.22	0.997343
1872.78	0.283932
1873.33	0.577298
1873.89	0.0768436
1874.44	0.845779
1875	0.100422
1875.56	1.27222
1876.11	0.740689
1876.67	0.616561
1877.22	0.118475
1877.78	0.0266705
1878.33	0.288896
1878.89	1.45579
1879.44	0.209358
1880	1.58733
1880.56	0.515698
1881.11	0.0289408
1881.67	0.204653
1882.22	0.181972
1882.78	1.21894
1883.33	0.107145
1883.89	1.67662
1884.44	0.653419
1885	0.891491
1885.56	1.17825
1886.11	0.873094
1886.67	0.236651
1887.22	0.872239
1887.78	0.744373
1888.33	1.84012
1888.89	0.226748
1889.44	1.19409
1890	0.886359
1890.56	0.00628661
1891.11	0.938148
1891.67	0.856762
1892.22	0.726814
1892.78	0.312312
1893.33	0.110803
1893.89	0.0373508
1894.44	0.90328
1895	0.814333
1895.56	2.14632
1896.11	1.0745
1896.67	0.307781
1897.22	0.785062
1897.78	1.49916
1898.33	1.35942
1898.89	1.1064
1899.44	0.20907
1900	0.679715
1900.56	1.05259
1901.11	1.58963
1901.67	0.354148
1902.22	0.296435
1902.78	0.627011
1903.33	0.993464
1903.89	1.70325
1904.44	0.634369
1905	1.17005
1905.56	0.758142
1906.11	0.434214
1906.67	0.3152
1907.22	1.51791
1907.78	0.621656
1908.33	1.48801
1908.89	1.12955
1909.44	2.15258
1910	0.661717
1910.56	0.0909273
1911.11	1.28018
1911.67	0.039645
1912.22	0.812135
1912.78	1.16227
1913.33	1.57897
1913.89	0.889336
1914.44	0.0317845
1915	1.0454
1915.56	0.285862
1916.11	0.087512
1916.67	2.30811
1917.22	0.810495
1917.78	1.38333
1918.33	0.971768
1918.89	1.53363
1919.44	1.81003
1920	0.764178
1920.56	0.323765
1921.11	0.899728
1921.67	0.546974
1922.22	0.130041
1922.78	0.577295
1923.33	0.0440162
1923.89	0.133087
1924.44	0.452052
1925	1.0468
1925.56	0.145521
1926.11	1.01424
1926.67	0.818003
1927.22	0.369708
1927.78	0.788331
1928.33	0.207305
1928.89	0.637397
1929.44	0.411732
1930	1.67457
1930.56	0.248246
1931.11	1.86207
1931.67	0.228747
1932.22	0.892258
1932.78	2.20377
1933.33	2.5425
1933.89	1.17723
1934.44	1.33109
1935	1.17993
1935.56	1.30281
1936.11	0.523094
1936.67	0.655857
1937.22	0.60468
1937.78	0.283761
1938.33	1.11273
1938.89	0.51593
1939.44	1.45707
1940	1.79224
1940.56	0.820956
1941.11	0.234724
1941.67	2.045
1942.22	0.345749
1942.78	0.360855
1943.33	0.909718
1943.89	1.26407
1944.44	0.0480398
1945	0.748013
1945.56	1.90119
1946.11	1.41515
1946.67	0.191761
1947.22	0.216824
1947.78	0.968332
1948.33	0.638435
1948.89	0.246447
1949.44	1.8159
1950	0.630927
1950.56	2.58269
1951.11	0.151237
1951.67	0.573493
1952.22	2.23013
1952.78	0.587664
1953.33	1.21848
1953.89	0.990064
1954.44	1.99125
1955	1.97107
1955.56	0.000586275
1956.11	1.14941
1956.67	1.81792
1957.22	0.925047
1957.78	1.07585
1958.33	1.05538
1958.89	0.934093
1959.44	1.2023
1960	0.15789
1960.56	1.46499
1961.11	0.512052
1961.67	0.557007
1962.22	0.331885
1962.78	0.618061
1963.33	1.19676
1963.89	0.680499
1964.44	0.977657
1965	0.244367
1965.56	0.56699
1966.11	0.381939
1966.67	0.664204
1967.22	0.474989
1967.78	1.7537
1968.33	1.4994
1968.89	2.72684
1969.44	2.72211
1970	0.549755
1970.56	0.384135
1971.11	0.893635
1971.67	0.218507
1972.22	1.44237
1972.78	1.91672
1973.33	0.406035
1973.89	0.477754
1974.44	0.797397
1975	0.0239704
1975.56	0.058467
1976.11	1.20658
1976.67	0.301853
1977.22	1.64574
1977.78	0.406889
1978.33	0.0534668
1978.89	1.61828
1979.44	2.15716
1980	0.750679
1980.56	0.494982
1981.11	1.21552
1981.67	0.599805
1982.22	1.9392
1982.78	0.631549
1983.33	0.560981
1983.89	2.4056
1984.44	1.52252
1985	0.838167
1985.56	2.48565
1986.11	1.99515
1986.67	0.951485
1987.22	0.444615
1987.78	0.983228
1988.33	0.0672514
1988.89	0.249761
1989.44	1.42511
1990	0.579145
1990.56	0.224567
1991.11	0.44661
1991.67	0.803829
1992.22	0.191117
1992.78	1.29342
1993.33	0.463229
1993.89	0.868912
1994.44	0.781089
1995	0.484557
1995.56	1.60498
1996.11	3.13565
1996.67	1.38071
1997.22	0.12792
1997.78	0.0955019
1998.33	0.989255
1998.89	0.417606
1999.44	1.07852
2000	1.16985
