t	etaU
0	7.08232e-15
0.555556	0.982734
1.11111	1.92569
1.66667	1.42274
2.22222	1.34701
2.77778	0.972917
3.33333	0.468947
3.88889	0.965295
4.44444	0.142876
5	1.77179
5.55556	2.2105
6.11111	0.941806
6.66667	1.46175
7.22222	1.65785
7.77778	1.33094
8.33333	2.13847
8.88889	0.332217
9.44444	2.77349
10	1.90474
10.5556	2.0682
11.1111	2.42351
11.6667	0.00723079
12.2222	0.847398
12.7778	0.20735
13.3333	1.08403
13.8889	0.625438
14.4444	0.485484
15	1.06521
15.5556	1.50301
16.1111	0.890436
16.6667	2.04994
17.2222	0.56678
17.7778	0.525652
18.3333	0.812074
18.8889	0.977736
19.4444	0.568568
20	2.12208
20.5556	1.52941
21.1111	2.31723
21.6667	2.08015
22.2222	1.9389
22.7778	1.07144
23.3333	0.366756
23.8889	0.497637
24.4444	0.190546
25	1.29214
25.5556	0.882322
26.1111	0.0830226
26.6667	1.0501
27.2222	1.78797
27.7778	2.10999
28.3333	0.413096
28.8889	2.82276
29.4444	1.47493
30	0.992492
30.5556	0.981927
31.1111	0.1772
31.6667	0.691707
32.2222	0.390368
32.7778	0.466769
33.3333	1.20268
33.8889	0.45186
34.4444	1.25466
35	0.504303
35.5556	0.644926
36.1111	1.55623
36.6667	0.790474
37.2222	0.183277
37.7778	3.73452
38.3333	1.02304
38.8889	2.22079
39.4444	1.93592
40	0.789723
40.5556	0.725658
41.1111	1.4367
41.6667	0.522329
42.2222	0.398975
42.7778	0.651404
43.3333	1.63187
43.8889	0.387734
44.4444	0.784156
45	1.1486
45.5556	0.612531
46.1111	2.51159
46.6667	2.27708
47.2222	1.0429
47.7778	1.35012
48.3333	0.187558
48.8889	1.06182
49.4444	1.05405
50	0.0931222
50.5556	0.518747
51.1111	0.664451
51.6667	0.896398
52.2222	0.192605
52.7778	0.741627
53.3333	0.440157
53.8889	0.331923
54.4444	0.932946
55	2.21856
55.5556	3.20533
56.1111	0.94492
56.6667	2.08654
57.2222	0.434921
57.7778	1.2231
58.3333	2.13245
58.8889	0.233791
59.4444	0.576808
60	0.208107
60.5556	0.893818
61.1111	0.627444
61.6667	1.25512
62.2222	1.83127
62.7778	1.29958
63.3333	2.91959
63.8889	1.18523
64.4444	0.224329
65	0.152205
65.5556	0.353932
66.1111	1.6893
66.6667	0.207564
67.2222	0.956771
67.7778	0.0920672
68.3333	0.0328579
68.8889	0.0620712
69.4444	1.34085
70	1.11884
70.5556	0.762238
71.1111	0.912198
71.6667	0.807719
72.2222	1.01066
72.7778	0.256944
73.3333	0.687653
73.8889	1.16476
74.4444	0.721481
75	0.645309
75.5556	0.365131
76.1111	1.34698
76.6667	0.717573
77.2222	1.04342
77.7778	0.870374
78.3333	0.685996
78.8889	3.32943
79.4444	3.15508
80	1.20674
80.5556	0.0827805
81.1111	0.145943
81.6667	0.668204
82.2222	0.035752
82.7778	1.69477
83.3333	2.04601
83.8889	1.78646
84.4444	1.0337
85	1.27075
85.5556	1.21971
86.1111	0.952972
86.6667	1.82407
87.2222	0.722486
87.7778	0.643929
88.3333	1.22562
88.8889	1.03413
89.4444	0.495741
90	0.344303
90.5556	0.788206
91.1111	0.13194
91.6667	0.699713
92.2222	1.61646
92.7778	0.554438
93.3333	0.18058
93.8889	0.928329
94.4444	1.23987
95	0.478809
95.5556	0.5708
96.1111	1.36978
96.6667	0.172218
97.2222	0.811448
97.7778	0.856573
98.3333	0.0682137
98.8889	0.519683
99.4444	0.392859
100	1.10597
100.556	0.493807
101.111	0.432423
101.667	0.0259561
102.222	0.595365
102.778	1.157
103.333	0.734186
103.889	0.296474
104.444	0.237217
105	1.84618
105.556	1.12157
106.111	0.704808
106.667	0.0634942
107.222	1.95856
107.778	0.00701526
108.333	0.177069
108.889	1.17102
109.444	0.0172798
110	0.893373
110.556	0.884079
111.111	0.286708
111.667	1.79194
112.222	1.46125
112.778	0.857569
113.333	0.0334439
113.889	0.353868
114.444	0.0950862
115	0.49649
115.556	0.935627
116.111	0.239244
116.667	0.363907
117.222	0.475245
117.778	0.631116
118.333	1.75867
118.889	0.0111418
119.444	0.15569
120	0.00807711
120.556	0.555599
121.111	0.168128
121.667	0.670825
122.222	0.408439
122.778	0.15811
123.333	0.517499
123.889	0.833442
124.444	1.02645
125	1.41271
125.556	0.0878713
126.111	1.84021
126.667	0.810525
127.222	0.731898
127.778	0.703674
128.333	0.778211
128.889	1.56993
129.444	0.0228967
130	0.213964
130.556	0.606716
131.111	0.772254
131.667	0.596974
132.222	0.663413
132.778	0.0775302
133.333	1.46231
133.889	0.0794365
134.444	1.11525
135	0.174943
135.556	1.2516
136.111	0.322292
136.667	0.611747
137.222	1.3369
137.778	0.601142
138.333	0.0935263
138.889	0.0832747
139.444	1.23941
140	0.654564
140.556	0.868157
141.111	1.54374
141.667	0.352037
142.222	2.08345
142.778	0.566091
143.333	0.380177
143.889	0.415479
144.444	1.04337
145	0.128286
145.556	0.532567
146.111	0.150633
146.667	0.0710887
147.222	1.61398
147.778	0.436869
148.333	1.71845
148.889	0.683694
149.444	0.895706
150	0.593942
150.556	0.295172
151.111	0.659045
151.667	1.07687
152.222	0.324717
152.778	0.421508
153.333	0.298186
153.889	0.188016
154.444	0.686587
155	0.790414
155.556	0.371425
156.111	0.546367
156.667	0.177851
157.222	0.496267
157.778	0.402783
158.333	0.458535
158.889	1.17627
159.444	0.14879
160	0.671434
160.556	0.602916
161.111	0.332201
161.667	0.558247
162.222	0.251279
162.778	0.724789
163.333	0.249164
163.889	0.888471
164.444	0.443325
165	0.135534
165.556	0.897541
166.111	0.0756037
166.667	0.169416
167.222	0.201182
167.778	1.54278
168.333	0.32267
168.889	0.139739
169.444	0.363357
170	0.385877
170.556	0.114226
171.111	0.903973
171.667	0.422943
172.222	1.18592
172.778	0.146281
173.333	0.438765
173.889	0.0307802
174.444	0.540716
175	0.185329
175.556	0.382207
176.111	0.200305
176.667	0.456936
177.222	0.567752
177.778	1.45917
178.333	0.061162
178.889	0.216237
179.444	0.305484
180	0.127276
180.556	0.328934
181.111	0.458152
181.667	0.525357
182.222	0.227688
182.778	0.0627611
183.333	0.0762904
183.889	1.09142
184.444	1.07899
185	0.961281
185.556	0.761845
186.111	0.173685
186.667	1.45981
187.222	0.0353853
187.778	0.256318
188.333	0.237749
188.889	0.0609447
189.444	0.250185
190	0.468159
190.556	0.371884
191.111	0.229525
191.667	0.349267
192.222	0.12377
192.778	0.510982
193.333	0.393311
193.889	0.156113
194.444	1.07007
195	0.55334
195.556	0.12608
196.111	0.192457
196.667	0.443951
197.222	0.0100476
197.778	0.134903
198.333	0.103887
198.889	0.317359
199.444	0.22383
200	0.389983
200.556	0.0157135
201.111	0.364002
201.667	0.106836
202.222	0.0649862
202.778	0.207337
203.333	0.460238
203.889	0.034574
204.444	0.214581
205	0.231588
205.556	0.389385
206.111	0.282665
206.667	0.718057
207.222	0.0939206
207.778	0.0474922
208.333	0.41221
208.889	0.262374
209.444	0.418005
210	0.529447
210.556	0.916387
211.111	0.0667794
211.667	0.160994
212.222	0.155108
212.778	0.221769
213.333	0.549183
213.889	0.259761
214.444	0.0862488
215	0.224082
215.556	0.0238156
216.111	0.238532
216.667	0.273747
217.222	0.79628
217.778	0.197703
218.333	0.205614
218.889	0.4378
219.444	0.269906
220	0.0587159
220.556	0.022606
221.111	0.476738
221.667	0.315408
222.222	0.354647
222.778	0.442643
223.333	0.669475
223.889	0.220246
224.444	0.591667
225	0.214687
225.556	0.104719
226.111	0.288473
226.667	0.128145
227.222	0.113951
227.778	0.541391
228.333	0.251833
228.889	0.218143
229.444	0.0169728
230	0.136485
230.556	0.0360362
231.111	0.0816817
231.667	0.129769
232.222	0.0463959
232.778	0.0790186
233.333	0.0852541
233.889	0.115501
234.444	0.455484
235	0.120942
235.556	0.0695452
236.111	0.242097
236.667	0.0779735
237.222	0.0803459
237.778	0.351349
238.333	0.638771
238.889	0.190578
239.444	0.296259
240	0.0460378
240.556	0.122413
241.111	0.142274
241.667	0.202584
242.222	0.0146772
242.778	0.0536614
243.333	0.0767453
243.889	0.284286
244.444	0.186042
245	0.149039
245.556	0.511457
246.111	0.0136326
246.667	0.118055
247.222	0.0660037
247.778	0.0581947
248.333	0.121805
248.889	0.322088
249.444	0.0279183
250	0.311691
250.556	0.0913021
251.111	0.00424887
251.667	0.0745827
252.222	0.211097
252.778	0.132314
253.333	0.0584095
253.889	0.24919
254.444	0.0506905
255	0.0831083
255.556	0.0395983
256.111	0.359218
256.667	0.108506
257.222	0.221055
257.778	0.237583
258.333	0.111547
258.889	0.0285217
259.444	0.246718
260	0.156169
260.556	0.204996
261.111	0.0218794
261.667	0.0194281
262.222	0.140894
262.778	0.141886
263.333	0.254962
263.889	0.00989699
264.444	0.214594
265	0.014689
265.556	0.201434
266.111	0.0920748
266.667	0.0616439
267.222	0.141375
267.778	0.122637
268.333	0.0323478
268.889	0.23207
269.444	0.406424
270	0.295179
270.556	0.290645
271.111	0.030895
271.667	0.280703
272.222	0.0566531
272.778	0.0827633
273.333	0.251678
273.889	0.107272
274.444	0.03485
275	0.154015
275.556	0.0689853
276.111	0.131864
276.667	0.358762
277.222	0.12974
277.778	0.182587
278.333	0.0243715
278.889	0.193777
279.444	0.222623
280	0.29383
280.556	0.160932
281.111	0.0906968
281.667	0.197359
282.222	0.0473067
282.778	0.410368
283.333	0.140643
283.889	0.129903
284.444	0.0741752
285	0.178731
285.556	0.131864
286.111	0.0468758
286.667	0.00759704
287.222	0.182777
287.778	0.238352
288.333	0.180906
288.889	0.217933
289.444	0.139604
290	0.0575717
290.556	0.154331
291.111	0.102222
291.667	0.0594446
292.222	0.157152
292.778	0.00612324
293.333	0.225675
293.889	0.072388
294.444	0.0289465
295	0.0473041
295.556	0.243105
296.111	0.12684
296.667	0.0389884
297.222	0.0719413
297.778	0.0326321
298.333	0.0523857
298.889	0.00340349
299.444	0.102215
300	0.0915908
300.556	0.177828
301.111	0.118792
301.667	0.102507
302.222	0.171313
302.778	0.120564
303.333	0.110354
303.889	0.0332975
304.444	0.206935
305	0.0395491
305.556	0.187179
306.111	0.052171
306.667	0.0891392
307.222	0.062443
307.778	0.179759
308.333	0.0847774
308.889	0.192977
309.444	0.0483601
310	0.158636
310.556	0.0988349
311.111	0.0490254
311.667	0.0747521
312.222	0.0106072
312.778	0.233874
313.333	0.0679271
313.889	0.096725
314.444	0.0523514
315	0.121116
315.556	0.157427
316.111	0.16601
316.667	0.0609493
317.222	0.084893
317.778	0.0132938
318.333	0.087798
318.889	0.0543219
319.444	0.0144734
320	0.0979537
320.556	0.00423834
321.111	0.00929757
321.667	0.045757
322.222	0.152876
322.778	0.0314618
323.333	0.0351297
323.889	0.127526
324.444	0.181912
325	0.123244
325.556	0.118461
326.111	0.0312052
326.667	0.0702087
327.222	0.0265426
327.778	0.0772916
328.333	0.173143
328.889	0.0530661
329.444	0.0849296
330	0.20324
330.556	0.107714
331.111	0.00156116
331.667	0.1552
332.222	0.128564
332.778	0.121816
333.333	0.0342336
333.889	0.0209754
334.444	0.0371541
335	0.0718641
335.556	0.0791163
336.111	0.0604182
336.667	0.124702
337.222	0.0460794
337.778	0.135006
338.333	0.107654
338.889	0.0613967
339.444	0.156382
340	0.175601
340.556	0.0657761
341.111	0.00930548
341.667	0.0592222
342.222	0.121832
342.778	0.0259411
343.333	0.0422968
343.889	0.112991
344.444	0.035354
345	0.154914
345.556	0.0498076
346.111	0.0435315
346.667	0.147092
347.222	0.00855185
347.778	0.173072
348.333	0.00848094
348.889	0.0417977
349.444	0.0184322
350	0.165943
350.556	0.0878846
351.111	0.0193489
351.667	0.0636423
352.222	0.0946234
352.778	0.0665921
353.333	0.106568
353.889	0.0153312
354.444	0.0946994
355	0.0333407
355.556	0.048503
356.111	0.105799
356.667	0.0593051
357.222	0.0394387
357.778	0.0251891
358.333	0.00267131
358.889	0.089188
359.444	0.121171
360	0.0472075
360.556	0.0541509
361.111	0.0261907
361.667	0.134911
362.222	0.0913678
362.778	0.026716
363.333	0.0464901
363.889	0.0291832
364.444	0.160166
365	0.0785883
365.556	0.0887476
366.111	0.0221428
366.667	0.0580559
367.222	0.0530434
367.778	0.156864
368.333	0.0271269
368.889	0.00213907
369.444	0.185347
370	0.00476861
370.556	0.00740573
371.111	0.0347751
371.667	0.103041
372.222	0.0114091
372.778	0.197215
373.333	0.00602606
373.889	0.0716958
374.444	0.0293654
375	0.0203472
375.556	0.0349929
376.111	0.0294444
376.667	0.119668
377.222	0.0200581
377.778	0.113283
378.333	0.0768671
378.889	0.101421
379.444	0.00827961
380	0.102582
380.556	0.0534617
381.111	0.0208265
381.667	0.017131
382.222	0.016954
382.778	0.0872768
383.333	0.062712
383.889	0.179131
384.444	0.0121261
385	0.038653
385.556	0.193866
386.111	0.0249864
386.667	0.0978219
387.222	0.123618
387.778	0.0768337
388.333	0.0133743
388.889	0.0042175
389.444	0.0800012
390	0.0400908
390.556	0.114843
391.111	0.0750344
391.667	0.0156119
392.222	0.0706105
392.778	0.0932478
393.333	0.0383306
393.889	0.026086
394.444	0.0334314
395	0.0773093
395.556	0.0415186
396.111	0.0594332
396.667	0.119129
397.222	0.114468
397.778	0.04333
398.333	0.00846338
398.889	0.0257768
399.444	0.0407762
400	0.0535454
400.556	0.053593
401.111	0.0296263
401.667	0.0792204
402.222	0.0203731
402.778	0.0517841
403.333	0.0902961
403.889	0.195075
404.444	0.0707074
405	0.115185
405.556	0.0189804
406.111	0.0272298
406.667	0.0450531
407.222	0.0565721
407.778	0.110922
408.333	0.0593216
408.889	0.0602031
409.444	0.0416851
410	0.064995
410.556	0.118488
411.111	0.0037927
411.667	0.0805014
412.222	0.00500787
412.778	0.0205987
413.333	0.0200478
413.889	0.0533834
414.444	0.134499
415	0.0787328
415.556	0.0630783
416.111	0.0147293
416.667	0.0353955
417.222	0.0670507
417.778	0.152176
418.333	0.0833278
418.889	0.0197779
419.444	0.0195479
420	0.048862
420.556	0.0118279
421.111	0.0359064
421.667	0.111709
422.222	0.0952459
422.778	0.0956163
423.333	0.00114754
423.889	0.0745352
424.444	0.0702978
425	0.0690999
425.556	0.0459803
426.111	0.00183157
426.667	0.0771885
427.222	0.0135655
427.778	0.0179115
428.333	0.0204589
428.889	0.0950524
429.444	0.144855
430	0.0598441
430.556	0.0148984
431.111	0.0611182
431.667	0.0616287
432.222	0.01121
432.778	0.00458671
433.333	0.0525082
433.889	0.0420307
434.444	0.0472662
435	0.0569687
435.556	0.122787
436.111	0.0181806
436.667	0.0624645
437.222	0.0612662
437.778	0.0102994
438.333	0.0370601
438.889	0.00786394
439.444	0.0380383
440	0.0138071
440.556	0.0429711
441.111	0.0241689
441.667	0.0427217
442.222	0.147466
442.778	0.0685685
443.333	0.0675685
443.889	0.0115149
444.444	0.0209958
445	0.0115632
445.556	0.111631
446.111	0.0104077
446.667	0.0731816
447.222	0.149302
447.778	0.030678
448.333	0.0202101
448.889	0.0636146
449.444	0.164118
450	0.0510722
450.556	0.121486
451.111	0.00330276
451.667	0.0206466
452.222	0.110358
452.778	0.0751464
453.333	0.0795852
453.889	0.0379113
454.444	0.135334
455	0.0256051
455.556	0.0051163
456.111	0.0343175
456.667	0.0969754
457.222	0.0530167
457.778	0.101831
458.333	0.00246968
458.889	0.0282162
459.444	0.0269401
460	0.0654821
460.556	0.0718018
461.111	0.00300853
461.667	0.0819191
462.222	0.073942
462.778	0.0134084
463.333	0.0116255
463.889	0.0271612
464.444	0.0286539
465	0.00795886
465.556	0.0223768
466.111	0.0875035
466.667	0.0112272
467.222	0.0952347
467.778	0.042378
468.333	0.037661
468.889	0.0129465
469.444	0.0977556
470	0.00514289
470.556	0.0365307
471.111	0.0576793
471.667	0.0116486
472.222	0.0811849
472.778	0.016829
473.333	0.0458816
473.889	0.0187457
474.444	0.161489
475	0.00210299
475.556	0.0821493
476.111	0.012397
476.667	0.0602316
477.222	0.00108906
477.778	0.0870596
478.333	0.0907684
478.889	0.0201226
479.444	0.109541
480	2.98846e-05
480.556	0.0112677
481.111	0.0236642
481.667	0.159437
482.222	0.0010482
482.778	0.0622112
483.333	0.0211929
483.889	0.036463
484.444	0.00149154
485	0.0212396
485.556	0.0660551
486.111	0.00565934
486.667	0.103797
487.222	0.0104089
487.778	0.0230104
488.333	0.0374333
488.889	0.07996
489.444	0.00612352
490	0.0370952
490.556	0.0409496
491.111	0.00960631
491.667	0.052493
492.222	0.0590418
492.778	0.0245096
493.333	0.00610698
493.889	0.0633886
494.444	0.0587355
495	0.0438868
495.556	0.0549141
496.111	0.0150392
496.667	2.35935e-06
497.222	0.00417598
497.778	0.00589885
498.333	0.0258112
498.889	0.0562013
499.444	0.122542
500	0.0491727
500.556	0.0461434
501.111	0.0457549
501.667	0.0781869
502.222	0.0263028
502.778	0.0290581
503.333	0.0801311
503.889	0.012124
504.444	0.0601713
505	0.0260173
505.556	0.0570169
506.111	0.0771396
506.667	0.123955
507.222	0.059106
507.778	0.0560128
508.333	0.00979194
508.889	0.0724237
509.444	0.0728397
510	0.0380566
510.556	0.0829613
511.111	0.0632571
511.667	0.101668
512.222	0.0225825
512.778	0.0089987
513.333	0.0778533
513.889	0.103823
514.444	0.0864406
515	0.0569221
515.556	0.0352164
516.111	0.0313834
516.667	0.01306
517.222	0.00781685
517.778	0.0514918
518.333	0.040482
518.889	0.0919649
519.444	0.0166741
520	0.0275737
520.556	0.0640151
521.111	0.0218625
521.667	0.0452752
522.222	0.0373808
522.778	0.00863337
523.333	0.00760523
523.889	0.0412351
524.444	0.0732338
525	0.0144031
525.556	0.0494472
526.111	0.0643456
526.667	0.0520938
527.222	0.0476771
527.778	0.0592354
528.333	0.0325063
528.889	0.0533404
529.444	0.00940581
530	0.0108059
530.556	0.063801
531.111	0.086988
531.667	0.0684267
532.222	0.120276
532.778	0.038005
533.333	0.0502716
533.889	0.0692902
534.444	0.0915551
535	0.0260844
535.556	0.0888496
536.111	0.0804823
536.667	0.0413877
537.222	0.0238801
537.778	0.0361249
538.333	0.119817
538.889	0.101079
539.444	0.0973552
540	0.00996227
540.556	0.0234451
541.111	0.0422022
541.667	0.0574429
542.222	0.00598427
542.778	0.0570684
543.333	0.0864067
543.889	0.0408174
544.444	0.00691004
545	0.0120991
545.556	0.0961583
546.111	0.0308401
546.667	0.0629614
547.222	0.0209624
547.778	0.0233126
548.333	0.00470618
548.889	0.0022122
549.444	0.0262273
550	0.0178913
550.556	0.057911
551.111	0.0622522
551.667	0.021417
552.222	0.0946313
552.778	0.0181192
553.333	0.0131842
553.889	0.00787662
554.444	0.0390572
555	0.0226713
555.556	0.0516007
556.111	0.0954966
556.667	0.0207125
557.222	0.0655169
557.778	0.00458138
558.333	0.0709881
558.889	0.0196306
559.444	0.136119
560	0.00172564
560.556	0.025366
561.111	0.0768002
561.667	0.0128591
562.222	0.00478007
562.778	0.0244143
563.333	0.142224
563.889	0.00752245
564.444	0.0931078
565	0.00654119
565.556	0.0601619
566.111	0.0273726
566.667	0.106002
567.222	0.0479839
567.778	0.0345564
568.333	0.10799
568.889	0.0146661
569.444	0.00850273
570	0.00934399
570.556	0.121497
571.111	0.011427
571.667	0.0965594
572.222	0.0220072
572.778	0.0110086
573.333	0.0115924
573.889	0.03179
574.444	0.0323577
575	0.00972684
575.556	0.0524356
576.111	0.0490392
576.667	0.0317122
577.222	0.0652413
577.778	0.0305697
578.333	0.00454833
578.889	0.0338954
579.444	0.0489586
580	0.0160959
580.556	0.0175726
581.111	0.0717801
581.667	0.00299769
582.222	0.0129342
582.778	0.0257319
583.333	0.0759606
583.889	0.0272935
584.444	0.121158
585	0.0261119
585.556	0.00474316
586.111	0.0266541
586.667	0.076009
587.222	0.0453035
587.778	0.0172548
588.333	0.108079
588.889	0.047529
589.444	0.072661
590	0.0260957
590.556	0.0862979
591.111	0.0471382
591.667	0.11794
592.222	0.0658664
592.778	0.0021522
593.333	0.0607592
593.889	0.0581193
594.444	0.0279882
595	0.0120193
595.556	0.124065
596.111	0.0481077
596.667	0.0837298
597.222	0.00258069
597.778	0.0559365
598.333	0.0268037
598.889	0.0684067
599.444	0.0572882
600	0.00801402
600.556	0.0764659
601.111	0.0112483
601.667	0.0070703
602.222	0.0489768
602.778	0.0694715
603.333	0.0262333
603.889	0.0607917
604.444	0.0177237
605	0.00468838
605.556	0.0127076
606.111	0.00627824
606.667	0.00681802
607.222	0.0292001
607.778	0.0540499
608.333	0.0559895
608.889	0.06551
609.444	0.0621867
610	0.0101606
610.556	0.0136014
611.111	0.037684
611.667	0.0469246
612.222	0.0601423
612.778	0.0123986
613.333	0.0716426
613.889	0.0632846
614.444	0.00803909
615	0.0110568
615.556	0.0761475
616.111	0.101969
616.667	0.0756905
617.222	0.0719199
617.778	0.0311077
618.333	0.0188337
618.889	0.0735744
619.444	0.05585
620	0.0487057
620.556	0.109523
621.111	0.0926766
621.667	0.0341664
622.222	0.0123515
622.778	0.0665076
623.333	0.0954174
623.889	0.0656465
624.444	0.0731583
625	0.0526997
625.556	0.0226306
626.111	0.0550371
626.667	0.0269108
627.222	0.0672101
627.778	0.0707132
628.333	0.0812147
628.889	0.0540074
629.444	0.00090252
630	0.0283377
630.556	0.0446354
631.111	0.0272337
631.667	0.0287768
632.222	0.0186588
632.778	0.0469937
633.333	0.00142583
633.889	0.0477424
634.444	0.0591238
635	0.0210695
635.556	0.0127197
636.111	0.0534462
636.667	0.0178292
637.222	0.0558098
637.778	0.027781
638.333	0.0149377
638.889	0.0365131
639.444	0.00858349
640	0.0336889
640.556	0.0363032
641.111	0.106624
641.667	0.0340076
642.222	0.0505042
642.778	0.0204606
643.333	0.0734229
643.889	0.0384385
644.444	0.0876951
645	0.0652832
645.556	0.0355023
646.111	0.0890685
646.667	0.0170416
647.222	0.0335703
647.778	0.0461021
648.333	0.133199
648.889	0.00813097
649.444	0.0672917
650	0.0530802
650.556	0.0427362
651.111	0.023013
651.667	0.0688046
652.222	0.0860149
652.778	0.0239457
653.333	0.102008
653.889	0.000405963
654.444	0.0307654
655	0.0189402
655.556	0.0989946
656.111	0.00223771
656.667	0.0356681
657.222	0.0440641
657.778	0.0037978
658.333	0.00905495
658.889	0.00195022
659.444	0.0601017
660	0.014147
660.556	0.0612756
661.111	0.0493312
661.667	0.00524606
662.222	0.0203919
662.778	0.023752
663.333	0.00963188
663.889	0.00343819
664.444	0.00451654
665	0.044264
665.556	0.00808945
666.111	0.0868138
666.667	0.0126601
667.222	0.00390883
667.778	0.0119636
668.333	0.0833384
668.889	0.0134569
669.444	0.0670943
670	0.057389
670.556	0.0228466
671.111	0.0503433
671.667	0.026496
672.222	0.076558
672.778	0.00141079
673.333	0.131119
673.889	0.036845
674.444	0.0241211
675	0.0286614
675.556	0.0928553
676.111	0.0259365
676.667	0.0594743
677.222	0.0971184
677.778	0.0313831
678.333	0.0672226
678.889	0.0335889
679.444	0.0505479
680	0.0239724
680.556	0.119055
681.111	0.0303451
681.667	0.0280905
682.222	0.0362264
682.778	0.053633
683.333	0.0143489
683.889	0.0188058
684.444	0.0695979
685	0.0164036
685.556	0.0674106
686.111	0.00329054
686.667	0.0121026
687.222	0.0407056
687.778	0.0581824
688.333	0.0111338
688.889	0.0199315
689.444	0.00687643
690	0.00687163
690.556	0.0251828
691.111	0.0456853
691.667	0.0273998
692.222	0.000472103
692.778	0.0410603
693.333	0.0661202
693.889	0.0345271
694.444	0.0336655
695	0.0195502
695.556	0.0320406
696.111	0.00950004
696.667	0.0133593
697.222	0.0604123
697.778	0.0536425
698.333	0.0948103
698.889	0.0511707
699.444	0.0108565
700	0.0186651
700.556	0.0863146
701.111	0.0673655
701.667	0.0246835
702.222	0.0735121
702.778	0.059735
703.333	0.023215
703.889	0.0254361
704.444	0.079152
705	0.0662236
705.556	0.0942738
706.111	0.0713335
706.667	0.00904545
707.222	0.000314382
707.778	0.0805602
708.333	0.0512799
708.889	0.00890585
709.444	0.081932
710	0.0660142
710.556	0.033449
711.111	0.010587
711.667	0.0404837
712.222	0.0583028
712.778	0.0706962
713.333	0.0488661
713.889	0.00909062
714.444	0.00185368
715	0.0311837
715.556	0.00863034
716.111	0.0172467
716.667	0.0322432
717.222	0.0270066
717.778	0.0593417
718.333	0.0213876
718.889	0.0192124
719.444	0.0243312
720	0.0184114
720.556	0.00566258
721.111	0.0278714
721.667	0.00517731
722.222	0.0395479
722.778	0.0538862
723.333	0.0295747
723.889	0.0274097
724.444	0.00178242
725	0.0627208
725.556	0.053442
726.111	0.0823011
726.667	0.00158946
727.222	0.0320403
727.778	0.0647926
728.333	0.0342575
728.889	0.00078733
729.444	0.0716485
730	0.102084
730.556	0.0412359
731.111	0.0735573
731.667	0.0326184
732.222	0.0475486
732.778	0.0623461
733.333	0.100192
733.889	0.023857
734.444	0.0448615
735	0.0836593
735.556	0.0182235
736.111	0.00638386
736.667	0.0557291
737.222	0.0993918
737.778	0.0386698
738.333	0.0717104
738.889	0.0214157
739.444	0.0266258
740	0.0321877
740.556	0.0527415
741.111	0.0250802
741.667	0.0385448
742.222	0.0577423
742.778	0.0227499
743.333	0.00353016
743.889	0.00322681
744.444	0.0619037
745	0.0278613
745.556	0.0242443
746.111	0.0174883
746.667	0.0120323
747.222	0.00153663
747.778	0.0183397
748.333	0.0112729
748.889	0.00591183
749.444	0.00912764
750	0.062432
750.556	0.00298362
751.111	0.0701254
751.667	0.00383471
752.222	0.0171401
752.778	0.0285318
753.333	0.0572104
753.889	0.0285714
754.444	0.0264461
755	0.0941835
755.556	0.00973603
756.111	0.0340425
756.667	0.0397788
757.222	0.0835748
757.778	0.00509837
758.333	0.101372
758.889	0.0506616
759.444	0.00192372
760	0.060989
760.556	0.0679766
761.111	0.0381592
761.667	0.0306528
762.222	0.121687
762.778	0.0177443
763.333	0.0510783
763.889	0.0386213
764.444	0.0728375
765	0.00495016
765.556	0.0830345
766.111	0.0580462
766.667	0.00389706
767.222	0.0647971
767.778	0.0351882
768.333	0.0170136
768.889	0.00301129
769.444	0.0865059
770	0.00868266
770.556	0.0434947
771.111	0.00510347
771.667	0.0272556
772.222	0.00247061
772.778	0.0154333
773.333	0.0208598
773.889	0.0063712
774.444	0.037284
775	0.0290635
775.556	0.00975768
776.111	0.0349557
776.667	0.0156568
777.222	0.0139566
777.778	0.0207433
778.333	0.0475634
778.889	0.0294861
779.444	0.00513782
780	0.0522656
780.556	0.0311342
781.111	0.0023562
781.667	0.00119006
782.222	0.0882521
782.778	0.0371514
783.333	0.0672479
783.889	0.0477578
784.444	0.0459671
785	0.00453363
785.556	0.068883
786.111	0.0705165
786.667	0.00668813
787.222	0.0923903
787.778	0.0678652
788.333	0.00834308
788.889	0.0188324
789.444	0.0997678
790	0.0493748
790.556	0.0652044
791.111	0.0766831
791.667	0.0470078
792.222	0.0264621
792.778	0.0556468
793.333	0.0601859
793.889	0.0138872
794.444	0.0891468
795	0.056436
795.556	0.019416
796.111	0.00883816
796.667	0.0528742
797.222	0.033614
797.778	0.0408903
798.333	0.042611
798.889	0.0234733
799.444	0.0344056
800	0.00385341
800.556	0.00890714
801.111	0.0235934
801.667	0.0405316
802.222	0.00595728
802.778	0.0326491
803.333	0.0153199
803.889	0.0133506
804.444	0.00211463
805	0.00340836
805.556	0.0179843
806.111	0.0120046
806.667	0.0252601
807.222	0.046375
807.778	0.0574855
808.333	0.0288489
808.889	0.0175328
809.444	0.0440636
810	0.040043
810.556	0.0410381
811.111	0.075074
811.667	0.0408544
812.222	0.0390504
812.778	0.0684127
813.333	0.0339433
813.889	0.0177637
814.444	0.0775138
815	0.0945305
815.556	0.0201696
816.111	0.0502732
816.667	0.067763
817.222	0.0355895
817.778	0.0455438
818.333	0.0807155
818.889	0.0643884
819.444	0.0511889
820	0.0749959
820.556	0.0289315
821.111	0.0103219
821.667	0.0644629
822.222	0.0856613
822.778	0.0140955
823.333	0.0510783
823.889	0.0485252
824.444	0.0117944
825	0.0273374
825.556	0.0370476
826.111	0.0509134
826.667	0.0393258
827.222	0.0456008
827.778	0.00528044
828.333	0.0102661
828.889	0.0149914
829.444	0.0275182
830	0.00780075
830.556	0.0129711
831.111	0.000961825
831.667	0.0227737
832.222	0.00387515
832.778	0.0310872
833.333	0.0151747
833.889	0.0125948
834.444	0.0109349
835	0.0576688
835.556	0.00505301
836.111	0.0409502
836.667	0.0452013
837.222	0.0122433
837.778	0.0308083
838.333	0.0431815
838.889	0.0537203
839.444	0.0301542
840	0.0903769
840.556	0.0220635
841.111	0.0148809
841.667	0.055011
842.222	0.0833226
842.778	0.0006584
843.333	0.0675956
843.889	0.0847677
844.444	0.00730383
845	0.0611212
845.556	0.0571079
846.111	0.0575827
846.667	0.0339913
847.222	0.101528
847.778	0.0344786
848.333	0.0231213
848.889	0.0583763
849.444	0.0634698
850	0.000992377
850.556	0.0521961
851.111	0.0769805
851.667	0.00475173
852.222	0.0592896
852.778	0.0267293
853.333	0.0372587
853.889	0.0175702
854.444	0.0610955
855	0.0126443
855.556	0.0186398
856.111	0.0272777
856.667	0.0084464
857.222	0.000876824
857.778	0.00385528
858.333	0.0253376
858.889	0.0125671
859.444	0.0259065
860	0.0298961
860.556	0.00482299
861.111	0.0111013
861.667	0.00614671
862.222	0.0282508
862.778	0.000329017
863.333	0.0171971
863.889	0.0502255
864.444	0.00913345
865	0.0539565
865.556	0.0331434
866.111	0.0252798
866.667	0.0109684
867.222	0.0767711
867.778	0.0423966
868.333	0.0300923
868.889	0.0657581
869.444	0.0574928
870	0.0134782
870.556	0.0491771
871.111	0.0841239
871.667	0.0179301
872.222	0.0856873
872.778	0.063228
873.333	0.0252824
873.889	0.0336208
874.444	0.0865952
875	0.0506096
875.556	0.0309005
876.111	0.082468
876.667	0.0556724
877.222	0.0205285
877.778	0.0444085
878.333	0.0656003
878.889	0.0216992
879.444	0.0730808
880	0.048546
880.556	0.0121019
881.111	0.0254997
881.667	0.0508055
882.222	0.0238404
882.778	0.0116994
883.333	0.0537374
883.889	0.0178644
884.444	0.0215921
885	0.00488383
885.556	0.0128548
886.111	0.0100871
886.667	0.0274298
887.222	0.000760657
887.778	0.0108796
888.333	0.00300603
888.889	0.0146166
889.444	0.0232991
890	0.0150919
890.556	0.00569696
891.111	0.0265944
891.667	0.0203209
892.222	0.0428112
892.778	0.0473124
893.333	0.00513804
893.889	0.0249637
894.444	0.0543984
895	0.0339299
895.556	0.0210668
896.111	0.0691851
896.667	0.0611626
897.222	0.0319841
897.778	0.0581005
898.333	0.0576944
898.889	0.0204332
899.444	0.076226
900	0.080253
900.556	0.0176832
901.111	0.056063
901.667	0.0791794
902.222	0.032467
902.778	0.0271675
903.333	0.0859065
903.889	0.0659781
904.444	0.0355524
905	0.0690005
905.556	0.0487014
906.111	0.01462
906.667	0.065208
907.222	0.0617409
907.778	0.0166619
908.333	0.0493353
908.889	0.0544931
909.444	0.0084514
910	0.013403
910.556	0.0464267
911.111	0.0385776
911.667	0.0235788
912.222	0.0318624
912.778	0.00902253
913.333	2.4308e-05
913.889	0.0165164
914.444	0.0113967
915	0.00156584
915.556	0.00764011
916.111	0.00524013
916.667	0.0284163
917.222	0.0111797
917.778	0.017711
918.333	0.00929447
918.889	0.008586
919.444	0.0224924
920	0.0378812
920.556	0.0142251
921.111	0.0336252
921.667	0.052695
922.222	0.0157691
922.778	0.0278301
923.333	0.0507873
923.889	0.0592211
924.444	0.0265774
925	0.0733509
925.556	0.0470649
926.111	0.00299191
926.667	0.0688036
927.222	0.0679737
927.778	0.0231846
928.333	0.0604478
928.889	0.0864443
929.444	0.0216272
930	0.0444556
930.556	0.0722502
931.111	0.0586902
931.667	0.0260941
932.222	0.0850111
932.778	0.0529075
933.333	0.00747257
933.889	0.070614
934.444	0.0567165
935	0.0160068
935.556	0.0456332
936.111	0.0727265
936.667	0.00992258
937.222	0.0353941
937.778	0.0472905
938.333	0.0291765
938.889	0.0154971
939.444	0.0421558
940	0.0217673
940.556	0.00924021
941.111	0.0293881
941.667	0.00701692
942.222	0.000917488
942.778	0.00331001
943.333	0.0176023
943.889	0.0161934
944.444	0.0041751
945	0.0134654
945.556	0.0140092
946.111	0.000797464
946.667	0.0227843
947.222	0.0228805
947.778	0.00763597
948.333	0.0228545
948.889	0.0490715
949.444	0.017583
950	0.0396964
950.556	0.0446785
951.111	0.0370812
951.667	0.0229528
952.222	0.0651006
952.778	0.0480107
953.333	0.00912865
953.889	0.0727873
954.444	0.0592364
955	0.00641002
955.556	0.0582684
956.111	0.0817294
956.667	0.0225394
957.222	0.060561
957.778	0.0799293
958.333	0.0406533
958.889	0.0326908
959.444	0.0808776
960	0.054087
960.556	0.0130915
961.111	0.0787642
961.667	0.0592047
962.222	0.00147386
962.778	0.0479595
963.333	0.0679605
963.889	0.0148978
964.444	0.0448431
965	0.0600639
965.556	0.0214228
966.111	0.0226946
966.667	0.0472535
967.222	0.0242027
967.778	0.00869706
968.333	0.0391686
968.889	0.0209951
969.444	0.0103721
970	0.0110948
970.556	0.0169442
971.111	0.00442362
971.667	0.00659238
972.222	0.000285805
972.778	0.00948151
973.333	0.00359138
973.889	0.0185474
974.444	0.0219707
975	0.00203545
975.556	0.0216112
976.111	0.0334621
976.667	0.0138926
977.222	0.0371733
977.778	0.0471068
978.333	0.0246377
978.889	0.0263589
979.444	0.0599844
980	0.0379643
980.556	0.0157152
981.111	0.0712387
981.667	0.055954
982.222	0.00526118
982.778	0.0630964
983.333	0.0712334
983.889	0.0179423
984.444	0.0599191
985	0.0826703
985.556	0.0322443
986.111	0.0396163
986.667	0.0846673
987.222	0.0449054
987.778	0.0207239
988.333	0.079808
988.889	0.0639078
989.444	0.0103774
990	0.0621158
990.556	0.0689776
991.111	0.00820041
991.667	0.0501926
992.222	0.0662434
992.778	0.0207852
993.333	0.0296071
993.889	0.0565622
994.444	0.0257818
995	0.0164236
995.556	0.0414
996.111	0.0295555
996.667	0.0111401
997.222	0.0213232
997.778	0.020144
998.333	0.00376808
998.889	0.0148408
999.444	0.00677244
1000	0.00474314
1000.56	0.00474314
1001.11	0.00677244
1001.67	0.0148408
1002.22	0.00376808
1002.78	0.020144
1003.33	0.0213232
1003.89	0.0111401
1004.44	0.0295555
1005	0.0414
1005.56	0.0164236
1006.11	0.0257818
1006.67	0.0565622
1007.22	0.0296071
1007.78	0.0207852
1008.33	0.0662434
1008.89	0.0501926
1009.44	0.00820041
1010	0.0689776
1010.56	0.0621158
1011.11	0.0103774
1011.67	0.0639078
1012.22	0.079808
1012.78	0.0207239
1013.33	0.0449054
1013.89	0.0846673
1014.44	0.0396163
1015	0.0322443
1015.56	0.0826703
1016.11	0.0599191
1016.67	0.0179423
1017.22	0.0712334
1017.78	0.0630964
1018.33	0.00526118
1018.89	0.055954
1019.44	0.0712387
1020	0.0157152
1020.56	0.0379643
1021.11	0.0599844
1021.67	0.0263589
1022.22	0.0246377
1022.78	0.0471068
1023.33	0.0371733
1023.89	0.0138926
1024.44	0.0334621
1025	0.0216112
1025.56	0.00203545
1026.11	0.0219707
1026.67	0.0185474
1027.22	0.00359138
1027.78	0.00948151
1028.33	0.000285805
1028.89	0.00659238
1029.44	0.00442362
1030	0.0169442
1030.56	0.0110948
1031.11	0.0103721
1031.67	0.0209951
1032.22	0.0391686
1032.78	0.00869706
1033.33	0.0242027
1033.89	0.0472535
1034.44	0.0226946
1035	0.0214228
1035.56	0.0600639
1036.11	0.0448431
1036.67	0.0148978
1037.22	0.0679605
1037.78	0.0479595
1038.33	0.00147386
1038.89	0.0592047
1039.44	0.0787642
1040	0.0130915
1040.56	0.054087
1041.11	0.0808776
1041.67	0.0326908
1042.22	0.0406533
1042.78	0.0799293
1043.33	0.060561
1043.89	0.0225394
1044.44	0.0817294
1045	0.0582684
1045.56	0.00641002
1046.11	0.0592364
1046.67	0.0727873
1047.22	0.00912865
1047.78	0.0480107
1048.33	0.0651006
1048.89	0.0229528
1049.44	0.0370812
1050	0.0446785
1050.56	0.0396964
1051.11	0.017583
1051.67	0.0490715
1052.22	0.0228545
1052.78	0.00763597
1053.33	0.0228805
1053.89	0.0227843
1054.44	0.000797464
1055	0.0140092
1055.56	0.0134654
1056.11	0.0041751
1056.67	0.0161934
1057.22	0.0176023
1057.78	0.00331001
1058.33	0.000917488
1058.89	0.00701692
1059.44	0.0293881
1060	0.00924021
1060.56	0.0217673
1061.11	0.0421558
1061.67	0.0154971
1062.22	0.0291765
1062.78	0.0472905
1063.33	0.0353941
1063.89	0.00992258
1064.44	0.0727265
1065	0.0456332
1065.56	0.0160068
1066.11	0.0567165
1066.67	0.070614
1067.22	0.00747257
1067.78	0.0529075
1068.33	0.0850111
1068.89	0.0260941
1069.44	0.0586902
1070	0.0722502
1070.56	0.0444556
1071.11	0.0216272
1071.67	0.0864443
1072.22	0.0604478
1072.78	0.0231846
1073.33	0.0679737
1073.89	0.0688036
1074.44	0.00299191
1075	0.0470649
1075.56	0.0733509
1076.11	0.0265774
1076.67	0.0592211
1077.22	0.0507873
1077.78	0.0278301
1078.33	0.0157691
1078.89	0.052695
1079.44	0.0336252
1080	0.0142251
1080.56	0.0378812
1081.11	0.0224924
1081.67	0.008586
1082.22	0.00929447
1082.78	0.017711
1083.33	0.0111797
1083.89	0.0284163
1084.44	0.00524013
1085	0.00764011
1085.56	0.00156584
1086.11	0.0113967
1086.67	0.0165164
1087.22	2.4308e-05
1087.78	0.00902253
1088.33	0.0318624
1088.89	0.0235788
1089.44	0.0385776
1090	0.0464267
1090.56	0.013403
1091.11	0.0084514
1091.67	0.0544931
1092.22	0.0493353
1092.78	0.0166619
1093.33	0.0617409
1093.89	0.065208
1094.44	0.01462
1095	0.0487014
1095.56	0.0690005
1096.11	0.0355524
1096.67	0.0659781
1097.22	0.0859065
1097.78	0.0271675
1098.33	0.032467
1098.89	0.0791794
1099.44	0.056063
1100	0.0176832
1100.56	0.080253
1101.11	0.076226
1101.67	0.0204332
1102.22	0.0576944
1102.78	0.0581005
1103.33	0.0319841
1103.89	0.0611626
1104.44	0.0691851
1105	0.0210668
1105.56	0.0339299
1106.11	0.0543984
1106.67	0.0249637
1107.22	0.00513804
1107.78	0.0473124
1108.33	0.0428112
1108.89	0.0203209
1109.44	0.0265944
1110	0.00569696
1110.56	0.0150919
1111.11	0.0232991
1111.67	0.0146166
1112.22	0.00300603
1112.78	0.0108796
1113.33	0.000760657
1113.89	0.0274298
1114.44	0.0100871
1115	0.0128548
1115.56	0.00488383
1116.11	0.0215921
1116.67	0.0178644
1117.22	0.0537374
1117.78	0.0116994
1118.33	0.0238404
1118.89	0.0508055
1119.44	0.0254997
1120	0.0121019
1120.56	0.048546
1121.11	0.0730808
1121.67	0.0216992
1122.22	0.0656003
1122.78	0.0444085
1123.33	0.0205285
1123.89	0.0556724
1124.44	0.082468
1125	0.0309005
1125.56	0.0506096
1126.11	0.0865952
1126.67	0.0336208
1127.22	0.0252824
1127.78	0.063228
1128.33	0.0856873
1128.89	0.0179301
1129.44	0.0841239
1130	0.0491771
1130.56	0.0134782
1131.11	0.0574928
1131.67	0.0657581
1132.22	0.0300923
1132.78	0.0423966
1133.33	0.0767711
1133.89	0.0109684
1134.44	0.0252798
1135	0.0331434
1135.56	0.0539565
1136.11	0.00913345
1136.67	0.0502255
1137.22	0.0171971
1137.78	0.000329017
1138.33	0.0282508
1138.89	0.00614671
1139.44	0.0111013
1140	0.00482299
1140.56	0.0298961
1141.11	0.0259065
1141.67	0.0125671
1142.22	0.0253376
1142.78	0.00385528
1143.33	0.000876824
1143.89	0.0084464
1144.44	0.0272777
1145	0.0186398
1145.56	0.0126443
1146.11	0.0610955
1146.67	0.0175702
1147.22	0.0372587
1147.78	0.0267293
1148.33	0.0592896
1148.89	0.00475173
1149.44	0.0769805
1150	0.0521961
1150.56	0.000992377
1151.11	0.0634698
1151.67	0.0583763
1152.22	0.0231213
1152.78	0.0344786
1153.33	0.101528
1153.89	0.0339913
1154.44	0.0575827
1155	0.0571079
1155.56	0.0611212
1156.11	0.00730383
1156.67	0.0847677
1157.22	0.0675956
1157.78	0.0006584
1158.33	0.0833226
1158.89	0.055011
1159.44	0.0148809
1160	0.0220635
1160.56	0.0903769
1161.11	0.0301542
1161.67	0.0537203
1162.22	0.0431815
1162.78	0.0308083
1163.33	0.0122433
1163.89	0.0452013
1164.44	0.0409502
1165	0.00505301
1165.56	0.0576688
1166.11	0.0109349
1166.67	0.0125948
1167.22	0.0151747
1167.78	0.0310872
1168.33	0.00387515
1168.89	0.0227737
1169.44	0.000961825
1170	0.0129711
1170.56	0.00780075
1171.11	0.0275182
1171.67	0.0149914
1172.22	0.0102661
1172.78	0.00528044
1173.33	0.0456008
1173.89	0.0393258
1174.44	0.0509134
1175	0.0370476
1175.56	0.0273374
1176.11	0.0117944
1176.67	0.0485252
1177.22	0.0510783
1177.78	0.0140955
1178.33	0.0856613
1178.89	0.0644629
1179.44	0.0103219
1180	0.0289315
1180.56	0.0749959
1181.11	0.0511889
1181.67	0.0643884
1182.22	0.0807155
1182.78	0.0455438
1183.33	0.0355895
1183.89	0.067763
1184.44	0.0502732
1185	0.0201696
1185.56	0.0945305
1186.11	0.0775138
1186.67	0.0177637
1187.22	0.0339433
1187.78	0.0684127
1188.33	0.0390504
1188.89	0.0408544
1189.44	0.075074
1190	0.0410381
1190.56	0.040043
1191.11	0.0440636
1191.67	0.0175328
1192.22	0.0288489
1192.78	0.0574855
1193.33	0.046375
1193.89	0.0252601
1194.44	0.0120046
1195	0.0179843
1195.56	0.00340836
1196.11	0.00211463
1196.67	0.0133506
1197.22	0.0153199
1197.78	0.0326491
1198.33	0.00595728
1198.89	0.0405316
1199.44	0.0235934
1200	0.00890714
1200.56	0.00385341
1201.11	0.0344056
1201.67	0.0234733
1202.22	0.042611
1202.78	0.0408903
1203.33	0.033614
1203.89	0.0528742
1204.44	0.00883816
1205	0.019416
1205.56	0.056436
1206.11	0.0891468
1206.67	0.0138872
1207.22	0.0601859
1207.78	0.0556468
1208.33	0.0264621
1208.89	0.0470078
1209.44	0.0766831
1210	0.0652044
1210.56	0.0493748
1211.11	0.0997678
1211.67	0.0188324
1212.22	0.00834308
1212.78	0.0678652
1213.33	0.0923903
1213.89	0.00668813
1214.44	0.0705165
1215	0.068883
1215.56	0.00453363
1216.11	0.0459671
1216.67	0.0477578
1217.22	0.0672479
1217.78	0.0371514
1218.33	0.0882521
1218.89	0.00119006
1219.44	0.0023562
1220	0.0311342
1220.56	0.0522656
1221.11	0.00513782
1221.67	0.0294861
1222.22	0.0475634
1222.78	0.0207433
1223.33	0.0139566
1223.89	0.0156568
1224.44	0.0349557
1225	0.00975768
1225.56	0.0290635
1226.11	0.037284
1226.67	0.0063712
1227.22	0.0208598
1227.78	0.0154333
1228.33	0.00247061
1228.89	0.0272556
1229.44	0.00510347
1230	0.0434947
1230.56	0.00868266
1231.11	0.0865059
1231.67	0.00301129
1232.22	0.0170136
1232.78	0.0351882
1233.33	0.0647971
1233.89	0.00389706
1234.44	0.0580462
1235	0.0830345
1235.56	0.00495016
1236.11	0.0728375
1236.67	0.0386213
1237.22	0.0510783
1237.78	0.0177443
1238.33	0.121687
1238.89	0.0306528
1239.44	0.0381592
1240	0.0679766
1240.56	0.060989
1241.11	0.00192372
1241.67	0.0506616
1242.22	0.101372
1242.78	0.00509837
1243.33	0.0835748
1243.89	0.0397788
1244.44	0.0340425
1245	0.00973603
1245.56	0.0941835
1246.11	0.0264461
1246.67	0.0285714
1247.22	0.0572104
1247.78	0.0285318
1248.33	0.0171401
1248.89	0.00383471
1249.44	0.0701254
1250	0.00298362
1250.56	0.062432
1251.11	0.00912764
1251.67	0.00591183
1252.22	0.0112729
1252.78	0.0183397
1253.33	0.00153663
1253.89	0.0120323
1254.44	0.0174883
1255	0.0242443
1255.56	0.0278613
1256.11	0.0619037
1256.67	0.00322681
1257.22	0.00353016
1257.78	0.0227499
1258.33	0.0577423
1258.89	0.0385448
1259.44	0.0250802
1260	0.0527415
1260.56	0.0321877
1261.11	0.0266258
1261.67	0.0214157
1262.22	0.0717104
1262.78	0.0386698
1263.33	0.0993918
1263.89	0.0557291
1264.44	0.00638386
1265	0.0182235
1265.56	0.0836593
1266.11	0.0448615
1266.67	0.023857
1267.22	0.100192
1267.78	0.0623461
1268.33	0.0475486
1268.89	0.0326184
1269.44	0.0735573
1270	0.0412359
1270.56	0.102084
1271.11	0.0716485
1271.67	0.00078733
1272.22	0.0342575
1272.78	0.0647926
1273.33	0.0320403
1273.89	0.00158946
1274.44	0.0823011
1275	0.053442
1275.56	0.0627208
1276.11	0.00178242
1276.67	0.0274097
1277.22	0.0295747
1277.78	0.0538862
1278.33	0.0395479
1278.89	0.00517731
1279.44	0.0278714
1280	0.00566258
1280.56	0.0184114
1281.11	0.0243312
1281.67	0.0192124
1282.22	0.0213876
1282.78	0.0593417
1283.33	0.0270066
1283.89	0.0322432
1284.44	0.0172467
1285	0.00863034
1285.56	0.0311837
1286.11	0.00185368
1286.67	0.00909062
1287.22	0.0488661
1287.78	0.0706962
1288.33	0.0583028
1288.89	0.0404837
1289.44	0.010587
1290	0.033449
1290.56	0.0660142
1291.11	0.081932
1291.67	0.00890585
1292.22	0.0512799
1292.78	0.0805602
1293.33	0.000314382
1293.89	0.00904545
1294.44	0.0713335
1295	0.0942738
1295.56	0.0662236
1296.11	0.079152
1296.67	0.0254361
1297.22	0.023215
1297.78	0.059735
1298.33	0.0735121
1298.89	0.0246835
1299.44	0.0673655
1300	0.0863146
1300.56	0.0186651
1301.11	0.0108565
1301.67	0.0511707
1302.22	0.0948103
1302.78	0.0536425
1303.33	0.0604123
1303.89	0.0133593
1304.44	0.00950004
1305	0.0320406
1305.56	0.0195502
1306.11	0.0336655
1306.67	0.0345271
1307.22	0.0661202
1307.78	0.0410603
1308.33	0.000472103
1308.89	0.0273998
1309.44	0.0456853
1310	0.0251828
1310.56	0.00687163
1311.11	0.00687643
1311.67	0.0199315
1312.22	0.0111338
1312.78	0.0581824
1313.33	0.0407056
1313.89	0.0121026
1314.44	0.00329054
1315	0.0674106
1315.56	0.0164036
1316.11	0.0695979
1316.67	0.0188058
1317.22	0.0143489
1317.78	0.053633
1318.33	0.0362264
1318.89	0.0280905
1319.44	0.0303451
1320	0.119055
1320.56	0.0239724
1321.11	0.0505479
1321.67	0.0335889
1322.22	0.0672226
1322.78	0.0313831
1323.33	0.0971184
1323.89	0.0594743
1324.44	0.0259365
1325	0.0928553
1325.56	0.0286614
1326.11	0.0241211
1326.67	0.036845
1327.22	0.131119
1327.78	0.00141079
1328.33	0.076558
1328.89	0.026496
1329.44	0.0503433
1330	0.0228466
1330.56	0.057389
1331.11	0.0670943
1331.67	0.0134569
1332.22	0.0833384
1332.78	0.0119636
1333.33	0.00390883
1333.89	0.0126601
1334.44	0.0868138
1335	0.00808945
1335.56	0.044264
1336.11	0.00451654
1336.67	0.00343819
1337.22	0.00963188
1337.78	0.023752
1338.33	0.0203919
1338.89	0.00524606
1339.44	0.0493312
1340	0.0612756
1340.56	0.014147
1341.11	0.0601017
1341.67	0.00195022
1342.22	0.00905495
1342.78	0.0037978
1343.33	0.0440641
1343.89	0.0356681
1344.44	0.00223771
1345	0.0989946
1345.56	0.0189402
1346.11	0.0307654
1346.67	0.000405963
1347.22	0.102008
1347.78	0.0239457
1348.33	0.0860149
1348.89	0.0688046
1349.44	0.023013
1350	0.0427362
1350.56	0.0530802
1351.11	0.0672917
1351.67	0.00813097
1352.22	0.133199
1352.78	0.0461021
1353.33	0.0335703
1353.89	0.0170416
1354.44	0.0890685
1355	0.0355023
1355.56	0.0652832
1356.11	0.0876951
1356.67	0.0384385
1357.22	0.0734229
1357.78	0.0204606
1358.33	0.0505042
1358.89	0.0340076
1359.44	0.106624
1360	0.0363032
1360.56	0.0336889
1361.11	0.00858349
1361.67	0.0365131
1362.22	0.0149377
1362.78	0.027781
1363.33	0.0558098
1363.89	0.0178292
1364.44	0.0534462
1365	0.0127197
1365.56	0.0210695
1366.11	0.0591238
1366.67	0.0477424
1367.22	0.00142583
1367.78	0.0469937
1368.33	0.0186588
1368.89	0.0287768
1369.44	0.0272337
1370	0.0446354
1370.56	0.0283377
1371.11	0.00090252
1371.67	0.0540074
1372.22	0.0812147
1372.78	0.0707132
1373.33	0.0672101
1373.89	0.0269108
1374.44	0.0550371
1375	0.0226306
1375.56	0.0526997
1376.11	0.0731583
1376.67	0.0656465
1377.22	0.0954174
1377.78	0.0665076
1378.33	0.0123515
1378.89	0.0341664
1379.44	0.0926766
1380	0.109523
1380.56	0.0487057
1381.11	0.05585
1381.67	0.0735744
1382.22	0.0188337
1382.78	0.0311077
1383.33	0.0719199
1383.89	0.0756905
1384.44	0.101969
1385	0.0761475
1385.56	0.0110568
1386.11	0.00803909
1386.67	0.0632846
1387.22	0.0716426
1387.78	0.0123986
1388.33	0.0601423
1388.89	0.0469246
1389.44	0.037684
1390	0.0136014
1390.56	0.0101606
1391.11	0.0621867
1391.67	0.06551
1392.22	0.0559895
1392.78	0.0540499
1393.33	0.0292001
1393.89	0.00681802
1394.44	0.00627824
1395	0.0127076
1395.56	0.00468838
1396.11	0.0177237
1396.67	0.0607917
1397.22	0.0262333
1397.78	0.0694715
1398.33	0.0489768
1398.89	0.0070703
1399.44	0.0112483
1400	0.0764659
1400.56	0.00801402
1401.11	0.0572882
1401.67	0.0684067
1402.22	0.0268037
1402.78	0.0559365
1403.33	0.00258069
1403.89	0.0837298
1404.44	0.0481077
1405	0.124065
1405.56	0.0120193
1406.11	0.0279882
1406.67	0.0581193
1407.22	0.0607592
1407.78	0.0021522
1408.33	0.0658664
1408.89	0.11794
1409.44	0.0471382
1410	0.0862979
1410.56	0.0260957
1411.11	0.072661
1411.67	0.047529
1412.22	0.108079
1412.78	0.0172548
1413.33	0.0453035
1413.89	0.076009
1414.44	0.0266541
1415	0.00474316
1415.56	0.0261119
1416.11	0.121158
1416.67	0.0272935
1417.22	0.0759606
1417.78	0.0257319
1418.33	0.0129342
1418.89	0.00299769
1419.44	0.0717801
1420	0.0175726
1420.56	0.0160959
1421.11	0.0489586
1421.67	0.0338954
1422.22	0.00454833
1422.78	0.0305697
1423.33	0.0652413
1423.89	0.0317122
1424.44	0.0490392
1425	0.0524356
1425.56	0.00972684
1426.11	0.0323577
1426.67	0.03179
1427.22	0.0115924
1427.78	0.0110086
1428.33	0.0220072
1428.89	0.0965594
1429.44	0.011427
1430	0.121497
1430.56	0.00934399
1431.11	0.00850273
1431.67	0.0146661
1432.22	0.10799
1432.78	0.0345564
1433.33	0.0479839
1433.89	0.106002
1434.44	0.0273726
1435	0.0601619
1435.56	0.00654119
1436.11	0.0931078
1436.67	0.00752245
1437.22	0.142224
1437.78	0.0244143
1438.33	0.00478007
1438.89	0.0128591
1439.44	0.0768002
1440	0.025366
1440.56	0.00172564
1441.11	0.136119
1441.67	0.0196306
1442.22	0.0709881
1442.78	0.00458138
1443.33	0.0655169
1443.89	0.0207125
1444.44	0.0954966
1445	0.0516007
1445.56	0.0226713
1446.11	0.0390572
1446.67	0.00787662
1447.22	0.0131842
1447.78	0.0181192
1448.33	0.0946313
1448.89	0.021417
1449.44	0.0622522
1450	0.057911
1450.56	0.0178913
1451.11	0.0262273
1451.67	0.0022122
1452.22	0.00470618
1452.78	0.0233126
1453.33	0.0209624
1453.89	0.0629614
1454.44	0.0308401
1455	0.0961583
1455.56	0.0120991
1456.11	0.00691004
1456.67	0.0408174
1457.22	0.0864067
1457.78	0.0570684
1458.33	0.00598427
1458.89	0.0574429
1459.44	0.0422022
1460	0.0234451
1460.56	0.00996227
1461.11	0.0973552
1461.67	0.101079
1462.22	0.119817
1462.78	0.0361249
1463.33	0.0238801
1463.89	0.0413877
1464.44	0.0804823
1465	0.0888496
1465.56	0.0260844
1466.11	0.0915551
1466.67	0.0692902
1467.22	0.0502716
1467.78	0.038005
1468.33	0.120276
1468.89	0.0684267
1469.44	0.086988
1470	0.063801
1470.56	0.0108059
1471.11	0.00940581
1471.67	0.0533404
1472.22	0.0325063
1472.78	0.0592354
1473.33	0.0476771
1473.89	0.0520938
1474.44	0.0643456
1475	0.0494472
1475.56	0.0144031
1476.11	0.0732338
1476.67	0.0412351
1477.22	0.00760523
1477.78	0.00863337
1478.33	0.0373808
1478.89	0.0452752
1479.44	0.0218625
1480	0.0640151
1480.56	0.0275737
1481.11	0.0166741
1481.67	0.0919649
1482.22	0.040482
1482.78	0.0514918
1483.33	0.00781685
1483.89	0.01306
1484.44	0.0313834
1485	0.0352164
1485.56	0.0569221
1486.11	0.0864406
1486.67	0.103823
1487.22	0.0778533
1487.78	0.0089987
1488.33	0.0225825
1488.89	0.101668
1489.44	0.0632571
1490	0.0829613
1490.56	0.0380566
1491.11	0.0728397
1491.67	0.0724237
1492.22	0.00979194
1492.78	0.0560128
1493.33	0.059106
1493.89	0.123955
1494.44	0.0771396
1495	0.0570169
1495.56	0.0260173
1496.11	0.0601713
1496.67	0.012124
1497.22	0.0801311
1497.78	0.0290581
1498.33	0.0263028
1498.89	0.0781869
1499.44	0.0457549
1500	0.0461434
1500.56	0.0491727
1501.11	0.122542
1501.67	0.0562013
1502.22	0.0258112
1502.78	0.00589885
1503.33	0.00417598
1503.89	2.35935e-06
1504.44	0.0150392
1505	0.0549141
1505.56	0.0438868
1506.11	0.0587355
1506.67	0.0633886
1507.22	0.00610698
1507.78	0.0245096
1508.33	0.0590418
1508.89	0.052493
1509.44	0.00960631
1510	0.0409496
1510.56	0.0370952
1511.11	0.00612352
1511.67	0.07996
1512.22	0.0374333
1512.78	0.0230104
1513.33	0.0104089
1513.89	0.103797
1514.44	0.00565934
1515	0.0660551
1515.56	0.0212396
1516.11	0.00149154
1516.67	0.036463
1517.22	0.0211929
1517.78	0.0622112
1518.33	0.0010482
1518.89	0.159437
1519.44	0.0236642
1520	0.0112677
1520.56	2.98846e-05
1521.11	0.109541
1521.67	0.0201226
1522.22	0.0907684
1522.78	0.0870596
1523.33	0.00108906
1523.89	0.0602316
1524.44	0.012397
1525	0.0821493
1525.56	0.00210299
1526.11	0.161489
1526.67	0.0187457
1527.22	0.0458816
1527.78	0.016829
1528.33	0.0811849
1528.89	0.0116486
1529.44	0.0576793
1530	0.0365307
1530.56	0.00514289
1531.11	0.0977556
1531.67	0.0129465
1532.22	0.037661
1532.78	0.042378
1533.33	0.0952347
1533.89	0.0112272
1534.44	0.0875035
1535	0.0223768
1535.56	0.00795886
1536.11	0.0286539
1536.67	0.0271612
1537.22	0.0116255
1537.78	0.0134084
1538.33	0.073942
1538.89	0.0819191
1539.44	0.00300853
1540	0.0718018
1540.56	0.0654821
1541.11	0.0269401
1541.67	0.0282162
1542.22	0.00246968
1542.78	0.101831
1543.33	0.0530167
1543.89	0.0969754
1544.44	0.0343175
1545	0.0051163
1545.56	0.0256051
1546.11	0.135334
1546.67	0.0379113
1547.22	0.0795852
1547.78	0.0751464
1548.33	0.110358
1548.89	0.0206466
1549.44	0.00330276
1550	0.121486
1550.56	0.0510722
1551.11	0.164118
1551.67	0.0636146
1552.22	0.0202101
1552.78	0.030678
1553.33	0.149302
1553.89	0.0731816
1554.44	0.0104077
1555	0.111631
1555.56	0.0115632
1556.11	0.0209958
1556.67	0.0115149
1557.22	0.0675685
1557.78	0.0685685
1558.33	0.147466
1558.89	0.0427217
1559.44	0.0241689
1560	0.0429711
1560.56	0.0138071
1561.11	0.0380383
1561.67	0.00786394
1562.22	0.0370601
1562.78	0.0102994
1563.33	0.0612662
1563.89	0.0624645
1564.44	0.0181806
1565	0.122787
1565.56	0.0569687
1566.11	0.0472662
1566.67	0.0420307
1567.22	0.0525082
1567.78	0.00458671
1568.33	0.01121
1568.89	0.0616287
1569.44	0.0611182
1570	0.0148984
1570.56	0.0598441
1571.11	0.144855
1571.67	0.0950524
1572.22	0.0204589
1572.78	0.0179115
1573.33	0.0135655
1573.89	0.0771885
1574.44	0.00183157
1575	0.0459803
1575.56	0.0690999
1576.11	0.0702978
1576.67	0.0745352
1577.22	0.00114754
1577.78	0.0956163
1578.33	0.0952459
1578.89	0.111709
1579.44	0.0359064
1580	0.0118279
1580.56	0.048862
1581.11	0.0195479
1581.67	0.0197779
1582.22	0.0833278
1582.78	0.152176
1583.33	0.0670507
1583.89	0.0353955
1584.44	0.0147293
1585	0.0630783
1585.56	0.0787328
1586.11	0.134499
1586.67	0.0533834
1587.22	0.0200478
1587.78	0.0205987
1588.33	0.00500787
1588.89	0.0805014
1589.44	0.0037927
1590	0.118488
1590.56	0.064995
1591.11	0.0416851
1591.67	0.0602031
1592.22	0.0593216
1592.78	0.110922
1593.33	0.0565721
1593.89	0.0450531
1594.44	0.0272298
1595	0.0189804
1595.56	0.115185
1596.11	0.0707074
1596.67	0.195075
1597.22	0.0902961
1597.78	0.0517841
1598.33	0.0203731
1598.89	0.0792204
1599.44	0.0296263
1600	0.053593
1600.56	0.0535454
1601.11	0.0407762
1601.67	0.0257768
1602.22	0.00846338
1602.78	0.04333
1603.33	0.114468
1603.89	0.119129
1604.44	0.0594332
1605	0.0415186
1605.56	0.0773093
1606.11	0.0334314
1606.67	0.026086
1607.22	0.0383306
1607.78	0.0932478
1608.33	0.0706105
1608.89	0.0156119
1609.44	0.0750344
1610	0.114843
1610.56	0.0400908
1611.11	0.0800012
1611.67	0.0042175
1612.22	0.0133743
1612.78	0.0768337
1613.33	0.123618
1613.89	0.0978219
1614.44	0.0249864
1615	0.193866
1615.56	0.038653
1616.11	0.0121261
1616.67	0.179131
1617.22	0.062712
1617.78	0.0872768
1618.33	0.016954
1618.89	0.017131
1619.44	0.0208265
1620	0.0534617
1620.56	0.102582
1621.11	0.00827961
1621.67	0.101421
1622.22	0.0768671
1622.78	0.113283
1623.33	0.0200581
1623.89	0.119668
1624.44	0.0294444
1625	0.0349929
1625.56	0.0203472
1626.11	0.0293654
1626.67	0.0716958
1627.22	0.00602606
1627.78	0.197215
1628.33	0.0114091
1628.89	0.103041
1629.44	0.0347751
1630	0.00740573
1630.56	0.00476861
1631.11	0.185347
1631.67	0.00213907
1632.22	0.0271269
1632.78	0.156864
1633.33	0.0530434
1633.89	0.0580559
1634.44	0.0221428
1635	0.0887476
1635.56	0.0785883
1636.11	0.160166
1636.67	0.0291832
1637.22	0.0464901
1637.78	0.026716
1638.33	0.0913678
1638.89	0.134911
1639.44	0.0261907
1640	0.0541509
1640.56	0.0472075
1641.11	0.121171
1641.67	0.089188
1642.22	0.00267131
1642.78	0.0251891
1643.33	0.0394387
1643.89	0.0593051
1644.44	0.105799
1645	0.048503
1645.56	0.0333407
1646.11	0.0946994
1646.67	0.0153312
1647.22	0.106568
1647.78	0.0665921
1648.33	0.0946234
1648.89	0.0636423
1649.44	0.0193489
1650	0.0878846
1650.56	0.165943
1651.11	0.0184322
1651.67	0.0417977
1652.22	0.00848094
1652.78	0.173072
1653.33	0.00855185
1653.89	0.147092
1654.44	0.0435315
1655	0.0498076
1655.56	0.154914
1656.11	0.035354
1656.67	0.112991
1657.22	0.0422968
1657.78	0.0259411
1658.33	0.121832
1658.89	0.0592222
1659.44	0.00930548
1660	0.0657761
1660.56	0.175601
1661.11	0.156382
1661.67	0.0613967
1662.22	0.107654
1662.78	0.135006
1663.33	0.0460794
1663.89	0.124702
1664.44	0.0604182
1665	0.0791163
1665.56	0.0718641
1666.11	0.0371541
1666.67	0.0209754
1667.22	0.0342336
1667.78	0.121816
1668.33	0.128564
1668.89	0.1552
1669.44	0.00156116
1670	0.107714
1670.56	0.20324
1671.11	0.0849296
1671.67	0.0530661
1672.22	0.173143
1672.78	0.0772916
1673.33	0.0265426
1673.89	0.0702087
1674.44	0.0312052
1675	0.118461
1675.56	0.123244
1676.11	0.181912
1676.67	0.127526
1677.22	0.0351297
1677.78	0.0314618
1678.33	0.152876
1678.89	0.045757
1679.44	0.00929757
1680	0.00423834
1680.56	0.0979537
1681.11	0.0144734
1681.67	0.0543219
1682.22	0.087798
1682.78	0.0132938
1683.33	0.084893
1683.89	0.0609493
1684.44	0.16601
1685	0.157427
1685.56	0.121116
1686.11	0.0523514
1686.67	0.096725
1687.22	0.0679271
1687.78	0.233874
1688.33	0.0106072
1688.89	0.0747521
1689.44	0.0490254
1690	0.0988349
1690.56	0.158636
1691.11	0.0483601
1691.67	0.192977
1692.22	0.0847774
1692.78	0.179759
1693.33	0.062443
1693.89	0.0891392
1694.44	0.052171
1695	0.187179
1695.56	0.0395491
1696.11	0.206935
1696.67	0.0332975
1697.22	0.110354
1697.78	0.120564
1698.33	0.171313
1698.89	0.102507
1699.44	0.118792
1700	0.177828
1700.56	0.0915908
1701.11	0.102215
1701.67	0.00340349
1702.22	0.0523857
1702.78	0.0326321
1703.33	0.0719413
1703.89	0.0389884
1704.44	0.12684
1705	0.243105
1705.56	0.0473041
1706.11	0.0289465
1706.67	0.072388
1707.22	0.225675
1707.78	0.00612324
1708.33	0.157152
1708.89	0.0594446
1709.44	0.102222
1710	0.154331
1710.56	0.0575717
1711.11	0.139604
1711.67	0.217933
1712.22	0.180906
1712.78	0.238352
1713.33	0.182777
1713.89	0.00759704
1714.44	0.0468758
1715	0.131864
1715.56	0.178731
1716.11	0.0741752
1716.67	0.129903
1717.22	0.140643
1717.78	0.410368
1718.33	0.0473067
1718.89	0.197359
1719.44	0.0906968
1720	0.160932
1720.56	0.29383
1721.11	0.222623
1721.67	0.193777
1722.22	0.0243715
1722.78	0.182587
1723.33	0.12974
1723.89	0.358762
1724.44	0.131864
1725	0.0689853
1725.56	0.154015
1726.11	0.03485
1726.67	0.107272
1727.22	0.251678
1727.78	0.0827633
1728.33	0.0566531
1728.89	0.280703
1729.44	0.030895
1730	0.290645
1730.56	0.295179
1731.11	0.406424
1731.67	0.23207
1732.22	0.0323478
1732.78	0.122637
1733.33	0.141375
1733.89	0.0616439
1734.44	0.0920748
1735	0.201434
1735.56	0.014689
1736.11	0.214594
1736.67	0.00989699
1737.22	0.254962
1737.78	0.141886
1738.33	0.140894
1738.89	0.0194281
1739.44	0.0218794
1740	0.204996
1740.56	0.156169
1741.11	0.246718
1741.67	0.0285217
1742.22	0.111547
1742.78	0.237583
1743.33	0.221055
1743.89	0.108506
1744.44	0.359218
1745	0.0395983
1745.56	0.0831083
1746.11	0.0506905
1746.67	0.24919
1747.22	0.0584095
1747.78	0.132314
1748.33	0.211097
1748.89	0.0745827
1749.44	0.00424887
1750	0.0913021
1750.56	0.311691
1751.11	0.0279183
1751.67	0.322088
1752.22	0.121805
1752.78	0.0581947
1753.33	0.0660037
1753.89	0.118055
1754.44	0.0136326
1755	0.511457
1755.56	0.149039
1756.11	0.186042
1756.67	0.284286
1757.22	0.0767453
1757.78	0.0536614
1758.33	0.0146772
1758.89	0.202584
1759.44	0.142274
1760	0.122413
1760.56	0.0460378
1761.11	0.296259
1761.67	0.190578
1762.22	0.638771
1762.78	0.351349
1763.33	0.0803459
1763.89	0.0779735
1764.44	0.242097
1765	0.0695452
1765.56	0.120942
1766.11	0.455484
1766.67	0.115501
1767.22	0.0852541
1767.78	0.0790186
1768.33	0.0463959
1768.89	0.129769
1769.44	0.0816817
1770	0.0360362
1770.56	0.136485
1771.11	0.0169728
1771.67	0.218143
1772.22	0.251833
1772.78	0.541391
1773.33	0.113951
1773.89	0.128145
1774.44	0.288473
1775	0.104719
1775.56	0.214687
1776.11	0.591667
1776.67	0.220246
1777.22	0.669475
1777.78	0.442643
1778.33	0.354647
1778.89	0.315408
1779.44	0.476738
1780	0.022606
1780.56	0.0587159
1781.11	0.269906
1781.67	0.4378
1782.22	0.205614
1782.78	0.197703
1783.33	0.79628
1783.89	0.273747
1784.44	0.238532
1785	0.0238156
1785.56	0.224082
1786.11	0.0862488
1786.67	0.259761
1787.22	0.549183
1787.78	0.221769
1788.33	0.155108
1788.89	0.160994
1789.44	0.0667794
1790	0.916387
1790.56	0.529447
1791.11	0.418005
1791.67	0.262374
1792.22	0.41221
1792.78	0.0474922
1793.33	0.0939206
1793.89	0.718057
1794.44	0.282665
1795	0.389385
1795.56	0.231588
1796.11	0.214581
1796.67	0.034574
1797.22	0.460238
1797.78	0.207337
1798.33	0.0649862
1798.89	0.106836
1799.44	0.364002
1800	0.0157135
1800.56	0.389983
1801.11	0.22383
1801.67	0.317359
1802.22	0.103887
1802.78	0.134903
1803.33	0.0100476
1803.89	0.443951
1804.44	0.192457
1805	0.12608
1805.56	0.55334
1806.11	1.07007
1806.67	0.156113
1807.22	0.393311
1807.78	0.510982
1808.33	0.12377
1808.89	0.349267
1809.44	0.229525
1810	0.371884
1810.56	0.468159
1811.11	0.250185
1811.67	0.0609447
1812.22	0.237749
1812.78	0.256318
1813.33	0.0353853
1813.89	1.45981
1814.44	0.173685
1815	0.761845
1815.56	0.961281
1816.11	1.07899
1816.67	1.09142
1817.22	0.0762904
1817.78	0.0627611
1818.33	0.227688
1818.89	0.525357
1819.44	0.458152
1820	0.328934
1820.56	0.127276
1821.11	0.305484
1821.67	0.216237
1822.22	0.061162
1822.78	1.45917
1823.33	0.567752
1823.89	0.456936
1824.44	0.200305
1825	0.382207
1825.56	0.185329
1826.11	0.540716
1826.67	0.0307802
1827.22	0.438765
1827.78	0.146281
1828.33	1.18592
1828.89	0.422943
1829.44	0.903973
1830	0.114226
1830.56	0.385877
1831.11	0.363357
1831.67	0.139739
1832.22	0.32267
1832.78	1.54278
1833.33	0.201182
1833.89	0.169416
1834.44	0.0756037
1835	0.897541
1835.56	0.135534
1836.11	0.443325
1836.67	0.888471
1837.22	0.249164
1837.78	0.724789
1838.33	0.251279
1838.89	0.558247
1839.44	0.332201
1840	0.602916
1840.56	0.671434
1841.11	0.14879
1841.67	1.17627
1842.22	0.458535
1842.78	0.402783
1843.33	0.496267
1843.89	0.177851
1844.44	0.546367
1845	0.371425
1845.56	0.790414
1846.11	0.686587
1846.67	0.188016
1847.22	0.298186
1847.78	0.421508
1848.33	0.324717
1848.89	1.07687
1849.44	0.659045
1850	0.295172
1850.56	0.593942
1851.11	0.895706
1851.67	0.683694
1852.22	1.71845
1852.78	0.436869
1853.33	1.61398
1853.89	0.0710887
1854.44	0.150633
1855	0.532567
1855.56	0.128286
1856.11	1.04337
1856.67	0.415479
1857.22	0.380177
1857.78	0.566091
1858.33	2.08345
1858.89	0.352037
1859.44	1.54374
1860	0.868157
1860.56	0.654564
1861.11	1.23941
1861.67	0.0832747
1862.22	0.0935263
1862.78	0.601142
1863.33	1.3369
1863.89	0.611747
1864.44	0.322292
1865	1.2516
1865.56	0.174943
1866.11	1.11525
1866.67	0.0794365
1867.22	1.46231
1867.78	0.0775302
1868.33	0.663413
1868.89	0.596974
1869.44	0.772254
1870	0.606716
1870.56	0.213964
1871.11	0.0228967
1871.67	1.56993
1872.22	0.778211
1872.78	0.703674
1873.33	0.731898
1873.89	0.810525
1874.44	1.84021
1875	0.0878713
1875.56	1.41271
1876.11	1.02645
1876.67	0.833442
1877.22	0.517499
1877.78	0.15811
1878.33	0.408439
1878.89	0.670825
1879.44	0.168128
1880	0.555599
1880.56	0.00807711
1881.11	0.15569
1881.67	0.0111418
1882.22	1.75867
1882.78	0.631116
1883.33	0.475245
1883.89	0.363907
1884.44	0.239244
1885	0.935627
1885.56	0.49649
1886.11	0.0950862
1886.67	0.353868
1887.22	0.0334439
1887.78	0.857569
1888.33	1.46125
1888.89	1.79194
1889.44	0.286708
1890	0.884079
1890.56	0.893373
1891.11	0.0172798
1891.67	1.17102
1892.22	0.177069
1892.78	0.00701526
1893.33	1.95856
1893.89	0.0634942
1894.44	0.704808
1895	1.12157
1895.56	1.84618
1896.11	0.237217
1896.67	0.296474
1897.22	0.734186
1897.78	1.157
1898.33	0.595365
1898.89	0.0259561
1899.44	0.432423
1900	0.493807
1900.56	1.10597
1901.11	0.392859
1901.67	0.519683
1902.22	0.0682137
1902.78	0.856573
1903.33	0.811448
1903.89	0.172218
1904.44	1.36978
1905	0.5708
1905.56	0.478809
1906.11	1.23987
1906.67	0.928329
1907.22	0.18058
1907.78	0.554438
1908.33	1.61646
1908.89	0.699713
1909.44	0.13194
1910	0.788206
1910.56	0.344303
1911.11	0.495741
1911.67	1.03413
1912.22	1.22562
1912.78	0.643929
1913.33	0.722486
1913.89	1.82407
1914.44	0.952972
1915	1.21971
1915.56	1.27075
1916.11	1.0337
1916.67	1.78646
1917.22	2.04601
1917.78	1.69477
1918.33	0.035752
1918.89	0.668204
1919.44	0.145943
1920	0.0827805
1920.56	1.20674
1921.11	3.15508
1921.67	3.32943
1922.22	0.685996
1922.78	0.870374
1923.33	1.04342
1923.89	0.717573
1924.44	1.34698
1925	0.365131
1925.56	0.645309
1926.11	0.721481
1926.67	1.16476
1927.22	0.687653
1927.78	0.256944
1928.33	1.01066
1928.89	0.807719
1929.44	0.912198
1930	0.762238
1930.56	1.11884
1931.11	1.34085
1931.67	0.0620712
1932.22	0.0328579
1932.78	0.0920672
1933.33	0.956771
1933.89	0.207564
1934.44	1.6893
1935	0.353932
1935.56	0.152205
1936.11	0.224329
1936.67	1.18523
1937.22	2.91959
1937.78	1.29958
1938.33	1.83127
1938.89	1.25512
1939.44	0.627444
1940	0.893818
1940.56	0.208107
1941.11	0.576808
1941.67	0.233791
1942.22	2.13245
1942.78	1.2231
1943.33	0.434921
1943.89	2.08654
1944.44	0.94492
1945	3.20533
1945.56	2.21856
1946.11	0.932946
1946.67	0.331923
1947.22	0.440157
1947.78	0.741627
1948.33	0.192605
1948.89	0.896398
1949.44	0.664451
1950	0.518747
1950.56	0.0931222
1951.11	1.05405
1951.67	1.06182
1952.22	0.187558
1952.78	1.35012
1953.33	1.0429
1953.89	2.27708
1954.44	2.51159
1955	0.612531
1955.56	1.1486
1956.11	0.784156
1956.67	0.387734
1957.22	1.63187
1957.78	0.651404
1958.33	0.398975
1958.89	0.522329
1959.44	1.4367
1960	0.725658
1960.56	0.789723
1961.11	1.93592
1961.67	2.22079
1962.22	1.02304
1962.78	3.73452
1963.33	0.183277
1963.89	0.790474
1964.44	1.55623
1965	0.644926
1965.56	0.504303
1966.11	1.25466
1966.67	0.45186
1967.22	1.20268
1967.78	0.466769
1968.33	0.390368
1968.89	0.691707
1969.44	0.1772
1970	0.981927
1970.56	0.992492
1971.11	1.47493
1971.67	2.82276
1972.22	0.413096
1972.78	2.10999
1973.33	1.78797
1973.89	1.0501
1974.44	0.0830226
1975	0.882322
1975.56	1.29214
1976.11	0.190546
1976.67	0.497637
1977.22	0.366756
1977.78	1.07144
1978.33	1.9389
1978.89	2.08015
1979.44	2.31723
1980	1.52941
1980.56	2.12208
1981.11	0.568568
1981.67	0.977736
1982.22	0.812074
1982.78	0.525652
1983.33	0.56678
1983.89	2.04994
1984.44	0.890436
1985	1.50301
1985.56	1.06521
1986.11	0.485484
1986.67	0.625438
1987.22	1.08403
1987.78	0.20735
1988.33	0.847398
1988.89	0.00723079
1989.44	2.42351
1990	2.0682
1990.56	1.90474
1991.11	2.77349
1991.67	0.332217
1992.22	2.13847
1992.78	1.33094
1993.33	1.65785
1993.89	1.46175
1994.44	0.941806
1995	2.2105
1995.56	1.77179
1996.11	0.142876
1996.67	0.965295
1997.22	0.468947
1997.78	0.972917
1998.33	1.34701
1998.89	1.42274
1999.44	1.92569
2000	0.982734
