t	etaU
0	1.11453e-14
0.555556	1.43595
1.11111	0.663096
1.66667	1.4854
2.22222	1.97789
2.77778	0.986327
3.33333	0.610043
3.88889	0.691756
4.44444	1.57207
5	0.577467
5.55556	1.48974
6.11111	1.17811
6.66667	0.0675666
7.22222	1.39755
7.77778	0.92962
8.33333	1.30007
8.88889	0.662184
9.44444	1.46575
10	0.572894
10.5556	0.761178
11.1111	0.403637
11.6667	0.266802
12.2222	0.546634
12.7778	0.542417
13.3333	3.52624
13.8889	1.79291
14.4444	0.836615
15	0.53094
15.5556	0.66479
16.1111	0.620652
16.6667	1.14653
17.2222	1.44647
17.7778	0.999046
18.3333	2.54617
18.8889	1.76912
19.4444	1.07562
20	1.08108
20.5556	0.0647727
21.1111	1.27266
21.6667	1.04039
22.2222	0.615249
22.7778	0.378654
23.3333	0.0412122
23.8889	1.16775
24.4444	1.13616
25	0.889551
25.5556	0.509794
26.1111	1.58496
26.6667	1.51112
27.2222	1.6623
27.7778	1.04049
28.3333	1.24635
28.8889	0.782275
29.4444	0.715274
30	0.389366
30.5556	1.37851
31.1111	1.02708
31.6667	0.281249
32.2222	0.0569993
32.7778	1.44752
33.3333	0.146233
33.8889	0.232743
34.4444	1.2343
35	0.461648
35.5556	0.0963237
36.1111	0.65807
36.6667	0.12291
37.2222	0.406292
37.7778	0.937839
38.3333	1.06646
38.8889	0.52035
39.4444	1.52416
40	0.406865
40.5556	0.709527
41.1111	0.223865
41.6667	1.73412
42.2222	1.21133
42.7778	1.66285
43.3333	1.80099
43.8889	2.38038
44.4444	1.0183
45	1.94464
45.5556	0.671269
46.1111	2.06128
46.6667	0.326087
47.2222	0.529211
47.7778	0.0566636
48.3333	0.37216
48.8889	0.757708
49.4444	0.825632
50	0.50895
50.5556	0.221374
51.1111	0.55071
51.6667	0.0913561
52.2222	0.978648
52.7778	1.15105
53.3333	0.442901
53.8889	0.99153
54.4444	0.284097
55	0.6302
55.5556	0.662208
56.1111	0.0250853
56.6667	0.626523
57.2222	0.580585
57.7778	0.681332
58.3333	0.845624
58.8889	0.977816
59.4444	1.17614
60	1.04321
60.5556	0.593947
61.1111	1.64034
61.6667	0.467008
62.2222	0.274078
62.7778	0.549982
63.3333	0.587342
63.8889	1.0913
64.4444	0.664406
65	0.194269
65.5556	0.029785
66.1111	0.127346
66.6667	0.400788
67.2222	1.44406
67.7778	0.209193
68.3333	0.52171
68.8889	0.374322
69.4444	2.0724
70	1.20875
70.5556	0.486403
71.1111	0.317469
71.6667	0.330061
72.2222	0.217273
72.7778	0.324123
73.3333	1.92712
73.8889	0.0789683
74.4444	1.10148
75	0.851091
75.5556	0.8416
76.1111	1.14784
76.6667	0.396325
77.2222	0.181388
77.7778	0.149157
78.3333	0.884999
78.8889	0.63932
79.4444	1.33677
80	1.02095
80.5556	1.01963
81.1111	0.330104
81.6667	0.153567
82.2222	0.0685534
82.7778	0.154662
83.3333	1.01699
83.8889	0.559882
84.4444	0.147188
85	0.777168
85.5556	0.972252
86.1111	0.575302
86.6667	0.858173
87.2222	0.751722
87.7778	1.09546
88.3333	0.144953
88.8889	0.327738
89.4444	1.65047
90	0.675782
90.5556	0.776706
91.1111	0.75362
91.6667	0.96035
92.2222	0.299677
92.7778	0.016017
93.3333	0.0504879
93.8889	0.444286
94.4444	2.60068
95	0.0666203
95.5556	0.594953
96.1111	0.0446888
96.6667	0.993625
97.2222	0.320159
97.7778	0.201958
98.3333	0.550597
98.8889	1.15226
99.4444	0.126428
100	0.12002
100.556	0.181003
101.111	0.414422
101.667	0.679123
102.222	0.318515
102.778	0.455813
103.333	0.10541
103.889	1.14303
104.444	0.180181
105	1.35712
105.556	0.110333
106.111	1.04351
106.667	0.449609
107.222	0.84087
107.778	1.02262
108.333	1.83031
108.889	0.356621
109.444	0.463836
110	0.657002
110.556	1.01731
111.111	0.105391
111.667	0.123605
112.222	0.616051
112.778	1.41457
113.333	1.63319
113.889	0.369818
114.444	0.934874
115	1.98445
115.556	0.488392
116.111	0.947562
116.667	0.435179
117.222	0.104024
117.778	1.14823
118.333	1.57975
118.889	0.435079
119.444	0.127271
120	1.0598
120.556	0.0586268
121.111	0.583893
121.667	1.10793
122.222	0.783541
122.778	0.0191356
123.333	0.00686857
123.889	1.37653
124.444	0.553779
125	0.835802
125.556	0.528262
126.111	1.78206
126.667	1.04454
127.222	0.0496978
127.778	0.41281
128.333	0.217478
128.889	0.760732
129.444	0.691455
130	0.846441
130.556	0.812902
131.111	0.141592
131.667	1.47588
132.222	0.713044
132.778	1.85874
133.333	1.07569
133.889	1.15956
134.444	0.255357
135	0.146628
135.556	1.16276
136.111	1.81602
136.667	0.318613
137.222	0.667332
137.778	0.320083
138.333	2.58254
138.889	0.962337
139.444	0.585837
140	3.47269
140.556	4.75134
141.111	1.61344
141.667	3.84808
142.222	2.654
142.778	5.19049
143.333	1.53972
143.889	4.69104
144.444	0.504662
145	4.73678
145.556	1.79793
146.111	0.459041
146.667	0.929149
147.222	1.32826
147.778	0.274134
148.333	0.320031
148.889	1.19986
149.444	2.10749
150	1.50102
150.556	0.505312
151.111	0.373101
151.667	1.77296
152.222	1.83364
152.778	1.10572
153.333	0.666972
153.889	0.556958
154.444	1.61309
155	0.684705
155.556	0.345689
156.111	0.698591
156.667	0.335485
157.222	0.528151
157.778	0.837792
158.333	0.55026
158.889	0.320042
159.444	0.683887
160	0.151865
160.556	0.600031
161.111	1.34823
161.667	0.195916
162.222	0.732128
162.778	0.279556
163.333	0.114932
163.889	0.258497
164.444	0.491727
165	0.154964
165.556	0.853366
166.111	0.866096
166.667	0.899047
167.222	0.0134177
167.778	0.351941
168.333	0.781368
168.889	0.24729
169.444	0.463993
170	0.00538499
170.556	0.466858
171.111	0.408942
171.667	0.213477
172.222	0.383047
172.778	0.0386279
173.333	0.392573
173.889	0.671803
174.444	0.390271
175	0.0616233
175.556	0.491639
176.111	0.130409
176.667	0.424871
177.222	0.141288
177.778	0.818548
178.333	0.298896
178.889	0.294398
179.444	0.11196
180	0.0535928
180.556	0.465902
181.111	0.27042
181.667	0.801966
182.222	0.708258
182.778	0.0710118
183.333	0.265681
183.889	0.111646
184.444	0.663099
185	0.0499496
185.556	0.000214255
186.111	0.496264
186.667	0.274681
187.222	0.434068
187.778	0.163451
188.333	0.377786
188.889	0.269795
189.444	0.224309
190	0.081231
190.556	0.352743
191.111	0.430358
191.667	0.387612
192.222	0.185396
192.778	0.0955795
193.333	0.368172
193.889	0.0182434
194.444	0.247272
195	0.202785
195.556	0.312826
196.111	0.282073
196.667	1.04906
197.222	0.466244
197.778	0.705172
198.333	0.647136
198.889	0.43227
199.444	0.251206
200	0.0573393
200.556	0.51625
201.111	0.362873
201.667	0.866413
202.222	0.217126
202.778	0.0447567
203.333	0.6806
203.889	0.523019
204.444	0.715915
205	0.248582
205.556	0.20569
206.111	0.206463
206.667	0.072188
207.222	0.173728
207.778	0.0557221
208.333	0.24155
208.889	0.266772
209.444	0.0814206
210	0.468825
210.556	0.0684266
211.111	0.144067
211.667	0.139177
212.222	0.193818
212.778	0.0697743
213.333	0.0952343
213.889	0.16309
214.444	0.940872
215	0.233789
215.556	0.119858
216.111	0.112611
216.667	0.220659
217.222	0.0607635
217.778	0.099975
218.333	0.382941
218.889	0.599603
219.444	0.0366523
220	0.0482442
220.556	0.271273
221.111	0.035521
221.667	0.132151
222.222	0.0355515
222.778	0.294167
223.333	0.645246
223.889	0.231003
224.444	0.0509632
225	0.107088
225.556	0.224411
226.111	0.101765
226.667	0.0867796
227.222	0.0510419
227.778	0.0439128
228.333	0.17478
228.889	0.00512187
229.444	0.00109501
230	0.179153
230.556	0.0354008
231.111	0.147044
231.667	0.133749
232.222	0.0540504
232.778	0.102163
233.333	0.192344
233.889	0.0656401
234.444	0.147737
235	0.0403136
235.556	0.201195
236.111	0.125585
236.667	0.314047
237.222	0.353424
237.778	0.13085
238.333	0.100353
238.889	0.226914
239.444	0.342178
240	0.129212
240.556	0.117105
241.111	0.304967
241.667	0.0127546
242.222	0.147489
242.778	0.160961
243.333	0.0996202
243.889	0.232715
244.444	0.0932388
245	0.0199135
245.556	0.171681
246.111	0.319942
246.667	0.0342673
247.222	0.27506
247.778	0.148991
248.333	0.0681184
248.889	0.00768278
249.444	0.00179347
250	0.215154
250.556	0.0123829
251.111	0.151613
251.667	0.0071691
252.222	0.119755
252.778	0.144475
253.333	0.080963
253.889	0.0896409
254.444	0.161374
255	0.102588
255.556	0.0598733
256.111	0.107069
256.667	0.0524783
257.222	0.115366
257.778	0.0706702
258.333	0.00904616
258.889	0.0622611
259.444	0.0726204
260	0.259466
260.556	0.0174952
261.111	0.0377653
261.667	0.158376
262.222	0.248431
262.778	0.011247
263.333	0.0719774
263.889	0.0476452
264.444	0.199409
265	0.0463268
265.556	0.156136
266.111	0.0126534
266.667	0.104896
267.222	0.135768
267.778	0.19978
268.333	0.143861
268.889	0.195124
269.444	0.283738
270	0.0585804
270.556	0.168563
271.111	0.00561091
271.667	0.187223
272.222	0.104939
272.778	0.00237495
273.333	0.0535349
273.889	0.127619
274.444	0.0278422
275	0.073549
275.556	0.242959
276.111	0.00816636
276.667	0.238468
277.222	0.204925
277.778	0.137717
278.333	0.138975
278.889	0.151344
279.444	0.316696
280	0.174735
280.556	0.0738742
281.111	0.0170301
281.667	0.00327288
282.222	0.215606
282.778	0.171806
283.333	0.2915
283.889	0.00348137
284.444	0.14942
285	0.0452159
285.556	0.156928
286.111	0.094546
286.667	0.194693
287.222	0.12488
287.778	0.231096
288.333	0.000326378
288.889	0.0809662
289.444	0.134829
290	0.124179
290.556	0.133416
291.111	0.133278
291.667	0.284143
292.222	0.151741
292.778	0.0281137
293.333	0.0820613
293.889	0.155927
294.444	0.0547196
295	0.0401318
295.556	0.0865944
296.111	0.0354302
296.667	0.00699086
297.222	0.0675688
297.778	0.0205822
298.333	0.135857
298.889	0.0146961
299.444	0.131681
300	0.124132
300.556	0.126198
301.111	0.049439
301.667	0.0356179
302.222	0.192023
302.778	0.181124
303.333	0.106683
303.889	0.0598423
304.444	0.0931894
305	0.00520953
305.556	0.0266852
306.111	0.110837
306.667	0.00372804
307.222	0.014025
307.778	0.0531462
308.333	0.133892
308.889	0.131737
309.444	0.0747689
310	0.0913067
310.556	0.0558946
311.111	0.00126679
311.667	0.0743333
312.222	0.118206
312.778	0.0401706
313.333	0.0161661
313.889	0.124815
314.444	0.0306491
315	0.0337976
315.556	0.0534994
316.111	0.14763
316.667	0.00444933
317.222	0.0546133
317.778	0.00872204
318.333	0.0227465
318.889	0.00762081
319.444	0.031953
320	0.0361658
320.556	0.00114949
321.111	0.0250056
321.667	0.110373
322.222	0.0985502
322.778	0.0238534
323.333	0.131206
323.889	0.00277846
324.444	0.0546596
325	0.0170472
325.556	0.0105421
326.111	0.0252279
326.667	0.125805
327.222	0.00399914
327.778	0.082776
328.333	0.02125
328.889	0.041069
329.444	0.0883909
330	0.0196734
330.556	0.129164
331.111	0.000562904
331.667	0.0137395
332.222	0.0585365
332.778	0.0763195
333.333	0.0731358
333.889	0.109697
334.444	0.104612
335	0.00924927
335.556	0.10164
336.111	0.0394692
336.667	0.119599
337.222	0.0131724
337.778	0.0717318
338.333	0.0935121
338.889	0.00101196
339.444	0.0803008
340	0.036153
340.556	0.0771699
341.111	0.0321414
341.667	0.0405247
342.222	0.0664677
342.778	0.0822787
343.333	0.0357713
343.889	0.0759209
344.444	0.0517898
345	0.148979
345.556	0.0464221
346.111	0.0596624
346.667	0.0116959
347.222	0.0535222
347.778	0.021631
348.333	0.0160314
348.889	0.0530113
349.444	0.0100244
350	0.0113984
350.556	0.0217151
351.111	0.122111
351.667	0.00438804
352.222	0.0535263
352.778	0.0830764
353.333	0.0952451
353.889	0.0313633
354.444	0.116368
355	0.0698271
355.556	0.0291488
356.111	0.052494
356.667	0.0837977
357.222	0.0670258
357.778	0.106266
358.333	0.0227376
358.889	0.000883969
359.444	0.0432653
360	0.0506895
360.556	0.0178354
361.111	0.0643276
361.667	0.00047196
362.222	0.00550823
362.778	0.00167631
363.333	0.00733615
363.889	0.0953876
364.444	0.0725649
365	0.0833519
365.556	0.0245017
366.111	0.00324943
366.667	0.0649556
367.222	0.0418819
367.778	0.200289
368.333	0.0263534
368.889	0.0136136
369.444	0.0184141
370	0.0682633
370.556	0.000189678
371.111	0.00659905
371.667	0.0166914
372.222	0.0866223
372.778	0.0108563
373.333	0.088756
373.889	0.013009
374.444	0.0115306
375	0.0244444
375.556	0.0785407
376.111	0.0894734
376.667	0.0500327
377.222	0.0202549
377.778	0.0444521
378.333	0.00605242
378.889	0.118939
379.444	0.0111451
380	0.038233
380.556	0.033414
381.111	0.129416
381.667	0.0329946
382.222	0.0106625
382.778	0.039423
383.333	0.0172697
383.889	0.00270527
384.444	0.0802814
385	0.0416212
385.556	0.0196795
386.111	0.00315122
386.667	0.0782879
387.222	0.0359593
387.778	0.0205781
388.333	0.0203314
388.889	0.0163624
389.444	0.0542036
390	0.0300331
390.556	0.00245957
391.111	0.0327403
391.667	0.0559538
392.222	0.0367006
392.778	0.0331991
393.333	0.0399646
393.889	0.0772032
394.444	0.0276917
395	0.0358848
395.556	0.109039
396.111	0.00504145
396.667	0.0388541
397.222	0.001341
397.778	0.00506735
398.333	0.00283802
398.889	0.0267093
399.444	0.00167918
400	0.0151642
400.556	0.0419773
401.111	0.00147702
401.667	0.0729245
402.222	0.00362469
402.778	0.0278894
403.333	0.04311
403.889	0.0148575
404.444	0.0112486
405	0.0328577
405.556	0.0119848
406.111	0.0341325
406.667	0.0821736
407.222	0.00770951
407.778	0.0948156
408.333	0.0511003
408.889	0.0107672
409.444	0.0356758
410	0.0265061
410.556	0.0163168
411.111	0.0154763
411.667	0.0263
412.222	0.0684854
412.778	0.0402942
413.333	0.05836
413.889	0.00243963
414.444	0.00274216
415	0.0369168
415.556	0.0211266
416.111	0.000212434
416.667	0.0549308
417.222	0.0109487
417.778	0.0165584
418.333	0.0268458
418.889	0.0225701
419.444	0.0164618
420	0.0210687
420.556	0.0258519
421.111	0.031038
421.667	0.0271011
422.222	0.00550064
422.778	0.00317635
423.333	0.00943927
423.889	0.0292085
424.444	0.0251196
425	0.0780017
425.556	0.0266027
426.111	0.0167304
426.667	0.0293693
427.222	0.00655398
427.778	0.0048386
428.333	0.002011
428.889	0.0360116
429.444	0.00987916
430	0.0264001
430.556	0.0302041
431.111	0.0189826
431.667	0.0367333
432.222	0.031957
432.778	0.0315209
433.333	0.0247156
433.889	0.0154617
434.444	0.0649908
435	0.0261238
435.556	0.0131219
436.111	0.0163434
436.667	0.00390966
437.222	0.00737595
437.778	0.031956
438.333	0.0333361
438.889	0.0124438
439.444	0.0396092
440	0.0146042
440.556	0.0248168
441.111	0.010379
441.667	0.0103603
442.222	0.00916798
442.778	0.0274823
443.333	0.0442126
443.889	0.0338352
444.444	0.0286779
445	0.0381334
445.556	0.0250668
446.111	0.0304575
446.667	0.0124288
447.222	0.0418357
447.778	0.00829287
448.333	0.0204911
448.889	0.0324293
449.444	0.0151687
450	0.00358907
450.556	0.0154068
451.111	0.0484027
451.667	0.034619
452.222	0.038978
452.778	0.0336673
453.333	0.0156436
453.889	0.0115728
454.444	0.0171457
455	0.0172247
455.556	0.00738497
456.111	0.0147176
456.667	0.00320895
457.222	0.0226848
457.778	0.00743299
458.333	0.00911422
458.889	0.0524329
459.444	0.0644118
460	0.0164097
460.556	0.0123985
461.111	0.031171
461.667	0.000711634
462.222	0.00899112
462.778	0.0313231
463.333	0.044242
463.889	0.000260584
464.444	0.0311071
465	0.0511441
465.556	0.011729
466.111	0.0209618
466.667	0.044919
467.222	0.00195133
467.778	0.0173913
468.333	0.0329261
468.889	0.0395042
469.444	0.00491573
470	0.0248917
470.556	0.0255773
471.111	0.0137335
471.667	0.0554796
472.222	0.0373906
472.778	0.0195713
473.333	0.00397396
473.889	0.0173382
474.444	0.00539111
475	0.00878699
475.556	0.0339832
476.111	0.0078547
476.667	0.0209614
477.222	0.0142217
477.778	0.0132196
478.333	0.0147301
478.889	0.0216208
479.444	0.0112059
480	0.026515
480.556	0.0211942
481.111	0.0198436
481.667	0.00942776
482.222	0.00264847
482.778	0.0457466
483.333	0.00278444
483.889	0.0625216
484.444	0.0548695
485	0.00790059
485.556	0.0040017
486.111	0.0562176
486.667	0.0143801
487.222	0.00102043
487.778	0.0355188
488.333	0.0362177
488.889	0.0067891
489.444	0.03255
490	0.0357514
490.556	0.0536057
491.111	0.0194672
491.667	0.0043723
492.222	0.0379925
492.778	0.013646
493.333	0.00112134
493.889	0.027765
494.444	0.00925007
495	0.0477518
495.556	0.0432701
496.111	0.0211357
496.667	0.0413995
497.222	0.00933468
497.778	0.0390619
498.333	0.00899609
498.889	0.0125836
499.444	0.020644
500	0.00617979
500.556	0.0200846
501.111	0.0163189
501.667	0.0167987
502.222	0.0245563
502.778	0.0261952
503.333	0.00974826
503.889	0.0234853
504.444	0.0215353
505	0.00264834
505.556	0.00610341
506.111	0.000975113
506.667	0.000966222
507.222	0.00770659
507.778	0.0288726
508.333	0.0035022
508.889	0.0292938
509.444	0.0114975
510	0.0111695
510.556	0.033723
511.111	0.0351424
511.667	0.0296602
512.222	0.0120426
512.778	0.0151202
513.333	0.00182341
513.889	0.00937915
514.444	0.0515891
515	0.0236347
515.556	0.00273169
516.111	0.0342664
516.667	0.0165253
517.222	0.0026902
517.778	0.030617
518.333	0.0155033
518.889	0.00674889
519.444	0.0161551
520	0.0127324
520.556	0.00438187
521.111	0.013409
521.667	0.0595087
522.222	0.0308262
522.778	0.0304888
523.333	0.0134791
523.889	0.00805911
524.444	0.00303936
525	0.0336947
525.556	0.00519705
526.111	0.00493878
526.667	0.0101778
527.222	0.021211
527.778	0.0011412
528.333	0.0192979
528.889	0.0355949
529.444	0.0193436
530	0.0175046
530.556	0.0402934
531.111	0.00703377
531.667	0.00104833
532.222	0.0299639
532.778	0.0256356
533.333	0.00846127
533.889	0.0136372
534.444	0.0134887
535	0.00542078
535.556	0.0321221
536.111	0.0129837
536.667	0.0119353
537.222	0.00181798
537.778	0.0214047
538.333	0.0233626
538.889	0.0159157
539.444	0.017935
540	0.0117872
540.556	0.0263025
541.111	0.0189926
541.667	0.037437
542.222	0.0167605
542.778	0.0414509
543.333	0.0107685
543.889	0.00585087
544.444	0.00744224
545	0.00021294
545.556	0.00539855
546.111	0.014235
546.667	0.0273819
547.222	0.00581619
547.778	0.0137405
548.333	0.019353
548.889	0.0226058
549.444	0.0185454
550	0.0110803
550.556	0.0181576
551.111	0.00457668
551.667	0.00105652
552.222	0.0114917
552.778	0.0105696
553.333	0.0438081
553.889	0.0229491
554.444	0.00214179
555	0.0194941
555.556	0.0281995
556.111	0.0142217
556.667	0.0146775
557.222	0.00717134
557.778	0.00113615
558.333	0.00841919
558.889	0.0243833
559.444	0.030233
560	0.00263477
560.556	0.0324925
561.111	0.0115881
561.667	0.0113837
562.222	0.022073
562.778	0.00800416
563.333	0.0103014
563.889	0.000983364
564.444	0.00909508
565	0.00903834
565.556	0.00599531
566.111	0.0330799
566.667	0.00753365
567.222	0.0333901
567.778	0.0335227
568.333	0.011354
568.889	0.000504711
569.444	0.0283067
570	0.00137817
570.556	0.00895113
571.111	0.0354663
571.667	0.0190332
572.222	0.00648539
572.778	0.0134725
573.333	0.0392761
573.889	0.0154438
574.444	0.02466
575	0.00881864
575.556	0.0101044
576.111	0.0101088
576.667	0.0178073
577.222	0.00915319
577.778	0.00443723
578.333	0.0321904
578.889	0.0120694
579.444	0.00712357
580	0.0305651
580.556	0.0211048
581.111	0.00369107
581.667	0.0341753
582.222	0.0069964
582.778	0.00443107
583.333	0.00411833
583.889	0.00953436
584.444	0.0125012
585	0.010433
585.556	0.0318902
586.111	0.0255868
586.667	0.0129681
587.222	0.0125098
587.778	0.000424796
588.333	0.0112697
588.889	0.00870633
589.444	0.00318399
590	0.011238
590.556	0.00357772
591.111	0.0209776
591.667	0.000361461
592.222	0.029161
592.778	0.0279051
593.333	0.00509759
593.889	0.0246514
594.444	0.0295694
595	0.0129665
595.556	0.000788505
596.111	0.00748334
596.667	0.00807192
597.222	0.00680557
597.778	0.0205379
598.333	0.0245596
598.889	0.0030085
599.444	0.0273494
600	0.0111084
600.556	0.011925
601.111	0.0281526
601.667	0.0101079
602.222	0.0180361
602.778	0.00821862
603.333	0.00314903
603.889	0.00766589
604.444	0.0078047
605	0.0301368
605.556	0.0362097
606.111	0.00678512
606.667	0.0272876
607.222	0.00737824
607.778	0.00687921
608.333	0.00569877
608.889	0.00766849
609.444	0.0109386
610	0.0142032
610.556	0.0395358
611.111	6.72215e-05
611.667	0.00351832
612.222	0.0308382
612.778	0.0230902
613.333	0.0186351
613.889	0.0210533
614.444	0.00101373
615	0.0043527
615.556	0.0170661
616.111	0.0165614
616.667	0.00718372
617.222	0.00805479
617.778	0.0239786
618.333	0.0112492
618.889	0.0247349
619.444	0.013403
620	0.00331903
620.556	0.0109224
621.111	0.0186485
621.667	0.00416096
622.222	0.00466723
622.778	0.014353
623.333	0.0224456
623.889	0.0172307
624.444	0.0207738
625	0.0208052
625.556	0.000463043
626.111	0.0243611
626.667	0.00854792
627.222	0.00650772
627.778	0.000828526
628.333	0.00702784
628.889	0.00042779
629.444	0.00031655
630	0.0270817
630.556	0.011684
631.111	0.02663
631.667	0.0303598
632.222	0.0184038
632.778	0.0071111
633.333	0.0188197
633.889	0.000981534
634.444	0.0126382
635	0.0151537
635.556	0.0078286
636.111	0.00324761
636.667	0.0155223
637.222	0.0253141
637.778	0.00821335
638.333	0.0282899
638.889	0.0197798
639.444	0.00110774
640	7.3775e-05
640.556	0.000886742
641.111	0.00739157
641.667	0.00463944
642.222	0.0270757
642.778	0.029063
643.333	0.00138942
643.889	0.0142395
644.444	0.0121405
645	0.00779628
645.556	0.0162138
646.111	0.00605677
646.667	0.0122971
647.222	0.00717914
647.778	0.00370499
648.333	0.00274765
648.889	0.00656869
649.444	0.0297052
650	0.0221553
650.556	0.0133767
651.111	0.0276772
651.667	0.0175515
652.222	0.00531345
652.778	0.0154974
653.333	0.00216529
653.889	0.00833932
654.444	0.000111942
655	0.0151894
655.556	0.00833334
656.111	0.0147552
656.667	0.0274634
657.222	0.00814346
657.778	0.0221525
658.333	0.0219987
658.889	0.00641738
659.444	0.00186996
660	0.00430461
660.556	0.00503803
661.111	0.00100269
661.667	0.00503664
662.222	0.0277369
662.778	0.00255392
663.333	0.0221271
663.889	0.0195104
664.444	0.0036414
665	0.00805464
665.556	0.0214339
666.111	0.00238422
666.667	0.0012726
667.222	0.021164
667.778	0.0106318
668.333	0.014238
668.889	0.013684
669.444	0.0296989
670	0.00483443
670.556	0.0264928
671.111	0.01046
671.667	0.0116874
672.222	0.010233
672.778	0.00855822
673.333	0.00358942
673.889	0.00366422
674.444	0.0174804
675	0.00151197
675.556	0.0161252
676.111	0.0214844
676.667	0.0225052
677.222	0.00553965
677.778	0.0167907
678.333	0.0125077
678.889	0.00119241
679.444	0.00824356
680	0.0204447
680.556	0.00984763
681.111	0.0156441
681.667	0.0170378
682.222	0.00604946
682.778	0.015716
683.333	0.024983
683.889	0.00159665
684.444	0.0120453
685	0.000663825
685.556	0.00702114
686.111	0.000872756
686.667	0.00764369
687.222	0.0278293
687.778	0.00501658
688.333	0.0264815
688.889	0.0143739
689.444	0.00370269
690	0.0115325
690.556	0.018807
691.111	0.00405963
691.667	0.0137615
692.222	0.00600673
692.778	0.00163633
693.333	0.00499976
693.889	0.0149747
694.444	0.0231279
695	0.00616721
695.556	0.027959
696.111	0.0083826
696.667	0.00595254
697.222	0.00806843
697.778	0.00371974
698.333	0.00950507
698.889	0.00382945
699.444	0.0120258
700	0.00195428
700.556	0.00962203
701.111	0.019913
701.667	0.00985838
702.222	0.0165834
702.778	0.0298038
703.333	0.010912
703.889	0.00236089
704.444	0.00597778
705	0.00953359
705.556	0.00599324
706.111	0.0160161
706.667	0.0176616
707.222	0.0075301
707.778	0.0111463
708.333	0.0219229
708.889	0.00737703
709.444	0.0126976
710	0.0112728
710.556	0.00362518
711.111	0.00584395
711.667	0.00291259
712.222	0.00901719
712.778	0.0110418
713.333	0.0230259
713.889	0.00930571
714.444	0.00333507
715	0.0214521
715.556	0.0217985
716.111	0.0105507
716.667	0.00643179
717.222	0.0010121
717.778	0.00581648
718.333	0.00434774
718.889	0.0071479
719.444	0.0151411
720	0.0175167
720.556	0.0261687
721.111	0.0065686
721.667	0.00229527
722.222	0.0184851
722.778	0.0143101
723.333	0.00759619
723.889	0.000598425
724.444	0.0123926
725	0.00330271
725.556	0.00515129
726.111	0.0124384
726.667	0.0115542
727.222	0.015579
727.778	0.0227786
728.333	0.00220569
728.889	0.0131977
729.444	0.00950653
730	0.00700049
730.556	0.000101388
731.111	0.00871327
731.667	0.0105388
732.222	0.00360587
732.778	0.0205823
733.333	0.0209163
733.889	0.00242696
734.444	0.00765198
735	0.00790338
735.556	0.000844657
736.111	0.0142859
736.667	0.00173876
737.222	0.00399881
737.778	0.00721985
738.333	0.0101547
738.889	0.00792383
739.444	0.00167843
740	0.0291497
740.556	0.0202237
741.111	0.00585362
741.667	0.00723628
742.222	0.00797745
742.778	0.00897262
743.333	0.0093911
743.889	0.0140125
744.444	0.0112869
745	0.0120526
745.556	0.0144738
746.111	0.00353356
746.667	0.00539212
747.222	0.0255981
747.778	0.0109594
748.333	0.00716045
748.889	0.00341586
749.444	0.00126002
750	0.00482466
750.556	0.00436664
751.111	0.0170904
751.667	0.00872552
752.222	0.0178394
752.778	0.0155585
753.333	0.000666595
753.889	0.0081224
754.444	0.015059
755	0.00103631
755.556	0.00827161
756.111	0.00230782
756.667	0.00159702
757.222	0.00966084
757.778	0.014233
758.333	0.0153104
758.889	0.00331466
759.444	0.0187914
760	0.0183666
760.556	0.000528487
761.111	0.0084717
761.667	0.00341616
762.222	0.00290886
762.778	0.000425862
763.333	0.00460194
763.889	0.0081576
764.444	0.00476189
765	0.0199749
765.556	0.00668485
766.111	0.00860917
766.667	0.0152105
767.222	0.0200353
767.778	0.00223797
768.333	0.00612304
768.889	0.00854247
769.444	0.0020922
770	0.0124031
770.556	0.00760405
771.111	0.0137143
771.667	0.0101443
772.222	0.0237673
772.778	0.0003992
773.333	0.0148793
773.889	0.00575448
774.444	0.00898291
775	0.00117007
775.556	0.00430778
776.111	0.0144784
776.667	0.000562311
777.222	0.0232926
777.778	0.0100378
778.333	0.00724899
778.889	0.00885217
779.444	0.0192451
780	0.00225277
780.556	0.0125665
781.111	0.00505725
781.667	0.00200089
782.222	0.00135686
782.778	0.000285257
783.333	0.00724398
783.889	0.0034431
784.444	0.0239799
785	0.0115463
785.556	0.00322574
786.111	0.0106335
786.667	0.0127612
787.222	0.00169295
787.778	0.000882873
788.333	0.00955945
788.889	0.00737687
789.444	0.00659038
790	0.0143564
790.556	0.00595747
791.111	0.00276199
791.667	0.0174613
792.222	0.0102279
792.778	0.00980148
793.333	0.0128593
793.889	0.000853737
794.444	0.00555059
795	0.00663777
795.556	0.00705879
796.111	0.00380917
796.667	0.0136274
797.222	0.0221439
797.778	0.000702287
798.333	0.00834563
798.889	0.00860538
799.444	0.00669038
800	0.0119937
800.556	0.00921012
801.111	0.0106573
801.667	0.00596476
802.222	0.0101872
802.778	0.00328348
803.333	0.000897841
803.889	0.0157921
804.444	0.0253849
805	0.00475666
805.556	0.00546974
806.111	0.00171809
806.667	0.00728556
807.222	0.00211728
807.778	0.00362009
808.333	0.0135825
808.889	0.00764609
809.444	0.0166509
810	0.00299446
810.556	0.00612078
811.111	0.0168924
811.667	0.0165585
812.222	0.00557585
812.778	0.00423943
813.333	0.00107027
813.889	0.00254991
814.444	0.00507849
815	0.00879523
815.556	0.0110987
816.111	0.00804654
816.667	0.0146925
817.222	0.00578048
817.778	0.00715917
818.333	0.00861403
818.889	0.00130726
819.444	0.0031503
820	0.00401351
820.556	0.00203861
821.111	0.00207415
821.667	0.0130741
822.222	0.0144842
822.778	0.000366973
823.333	0.00992422
823.889	0.015223
824.444	0.0102503
825	0.0107035
825.556	0.000891092
826.111	0.00524949
826.667	0.00456962
827.222	0.0022499
827.778	9.78331e-05
828.333	0.00334828
828.889	0.0195515
829.444	0.0119076
830	0.0133816
830.556	0.00883069
831.111	0.0127262
831.667	0.0114264
832.222	0.00786493
832.778	0.00232596
833.333	0.00925933
833.889	0.0126753
834.444	0.0119367
835	0.00369392
835.556	0.00273715
836.111	0.0171311
836.667	0.00641305
837.222	0.0105494
837.778	0.00778056
838.333	0.00351773
838.889	0.00737015
839.444	0.00455473
840	0.00532277
840.556	0.00212046
841.111	0.0131899
841.667	0.0164369
842.222	0.00394526
842.778	0.00559265
843.333	0.0106836
843.889	0.00434131
844.444	0.00431045
845	0.00301128
845.556	0.00276347
846.111	0.00232818
846.667	0.00537292
847.222	0.00467257
847.778	0.0077489
848.333	0.0106828
848.889	0.0176403
849.444	0.00338213
850	0.0138013
850.556	0.00799968
851.111	0.00218409
851.667	0.00646805
852.222	0.000137105
852.778	0.00493472
853.333	0.00389385
853.889	0.0145983
854.444	0.00371097
855	0.00942283
855.556	0.00737262
856.111	0.0104112
856.667	0.000760904
857.222	0.0150665
857.778	0.00156814
858.333	0.0010506
858.889	0.0113303
859.444	0.00291742
860	0.00503908
860.556	0.0022322
861.111	0.0190286
861.667	0.00663784
862.222	0.00845161
862.778	0.00149137
863.333	0.00531653
863.889	0.000715599
864.444	0.00954999
865	0.00257602
865.556	0.000806728
866.111	0.0116666
866.667	0.00364018
867.222	0.00185836
867.778	0.00986696
868.333	0.0184479
868.889	0.00616849
869.444	0.00646283
870	0.00194643
870.556	0.0017162
871.111	0.000284767
871.667	0.00356769
872.222	0.00461693
872.778	0.00192973
873.333	0.00884289
873.889	0.00471016
874.444	0.00515201
875	0.0144692
875.556	0.00928242
876.111	0.0060332
876.667	0.0017555
877.222	0.00380886
877.778	0.00102637
878.333	0.00626568
878.889	0.0176784
879.444	0.00266742
880	0.00226552
880.556	0.00570949
881.111	0.0106237
881.667	0.003796
882.222	0.0131665
882.778	0.00224998
883.333	0.00245993
883.889	0.00189277
884.444	0.00545711
885	0.00166021
885.556	0.00641652
886.111	0.0212747
886.667	0.00172936
887.222	0.00705963
887.778	0.0042233
888.333	0.0123207
888.889	0.000609544
889.444	0.00730761
890	0.00934867
890.556	0.00148881
891.111	0.0050476
891.667	0.0056623
892.222	0.000657643
892.778	0.00584943
893.333	0.0164657
893.889	0.0053002
894.444	0.0128083
895	0.00590311
895.556	0.00972839
896.111	0.0044643
896.667	0.00121272
897.222	0.0059108
897.778	0.00313524
898.333	0.0104122
898.889	0.00491277
899.444	0.00183768
900	0.00630415
900.556	0.00580419
901.111	0.00319043
901.667	0.0092046
902.222	0.00641443
902.778	0.000262047
903.333	0.00611934
903.889	0.00369483
904.444	0.0022451
905	0.00678394
905.556	0.0106811
906.111	0.0126153
906.667	0.0047618
907.222	0.0057322
907.778	0.00108786
908.333	0.00260384
908.889	0.000515072
909.444	0.00570009
910	0.00813031
910.556	0.00430551
911.111	0.00744084
911.667	0.00991421
912.222	0.00775048
912.778	0.00724256
913.333	0.0145313
913.889	0.00858792
914.444	0.00770834
915	0.00298596
915.556	0.0070816
916.111	0.00672766
916.667	0.00371811
917.222	0.00730713
917.778	0.00704815
918.333	0.00973989
918.889	0.0092782
919.444	0.00669879
920	0.00360484
920.556	0.00910892
921.111	0.00809812
921.667	0.00641266
922.222	0.000416029
922.778	0.010803
923.333	0.009702
923.889	0.000714246
924.444	0.002213
925	0.00936121
925.556	0.00915924
926.111	0.00395745
926.667	0.00297557
927.222	0.000469979
927.778	0.00163829
928.333	0.004244
928.889	0.00335557
929.444	0.00188488
930	0.00589836
930.556	0.00755892
931.111	0.000122977
931.667	0.00932731
932.222	0.009975
932.778	0.00829386
933.333	0.00648372
933.889	0.0032819
934.444	0.000615497
935	0.00338501
935.556	0.00623415
936.111	0.0043741
936.667	0.00687117
937.222	0.00154327
937.778	0.00606544
938.333	0.0022845
938.889	0.0148138
939.444	0.00849206
940	0.00161032
940.556	0.0101941
941.111	0.00704409
941.667	0.00533461
942.222	0.00214093
942.778	0.0141526
943.333	0.00793328
943.889	0.00888658
944.444	0.00263776
945	0.00673603
945.556	0.00684224
946.111	0.0112124
946.667	0.00260834
947.222	0.00374727
947.778	0.00859807
948.333	0.00583259
948.889	0.00562157
949.444	0.00276572
950	0.0141581
950.556	0.00879815
951.111	0.00724999
951.667	0.00116656
952.222	0.0052747
952.778	0.00639461
953.333	0.00277844
953.889	0.00015285
954.444	0.00257809
955	0.00447384
955.556	0.00021717
956.111	0.00277584
956.667	0.00687635
957.222	0.00670305
957.778	0.00350588
958.333	0.00521199
958.889	0.00754715
959.444	0.00693391
960	0.00450916
960.556	0.00787169
961.111	0.000275
961.667	0.000123933
962.222	0.00128839
962.778	0.00723158
963.333	0.00175653
963.889	0.00874381
964.444	0.00135668
965	0.00132923
965.556	2.83749e-05
966.111	0.0120685
966.667	0.00466315
967.222	0.00204311
967.778	0.0133601
968.333	0.0050791
968.889	0.00778757
969.444	0.00137667
970	0.013719
970.556	0.00530292
971.111	0.00879515
971.667	0.00431146
972.222	0.00304876
972.778	0.00590575
973.333	0.00626124
973.889	0.00119811
974.444	0.00224495
975	0.00964883
975.556	0.00705998
976.111	0.0103638
976.667	0.00341736
977.222	0.0122814
977.778	0.00496506
978.333	0.00774848
978.889	0.000270064
979.444	0.00539962
980	0.0077351
980.556	0.000350725
981.111	7.33521e-05
981.667	0.00022209
982.222	0.00664627
982.778	0.00305205
983.333	0.00575323
983.889	0.00532001
984.444	0.00416253
985	0.00454193
985.556	0.00486737
986.111	0.00571158
986.667	0.00728163
987.222	0.00684966
987.778	0.00604739
988.333	0.0028216
988.889	0.00495609
989.444	0.00305706
990	0.00444933
990.556	0.000753689
991.111	0.00618622
991.667	0.00238217
992.222	0.00317382
992.778	0.000903122
993.333	0.0100682
993.889	0.00651369
994.444	0.00139691
995	0.00930622
995.556	0.00700142
996.111	0.00967361
996.667	0.00238043
997.222	0.0102151
997.778	0.00667117
998.333	0.00806831
998.889	0.00438987
999.444	0.00179118
1000	0.00813018
1000.56	0.00813018
1001.11	0.00179118
1001.67	0.00438987
1002.22	0.00806831
1002.78	0.00667117
1003.33	0.0102151
1003.89	0.00238043
1004.44	0.00967361
1005	0.00700142
1005.56	0.00930622
1006.11	0.00139691
1006.67	0.00651369
1007.22	0.0100682
1007.78	0.000903122
1008.33	0.00317382
1008.89	0.00238217
1009.44	0.00618622
1010	0.000753689
1010.56	0.00444933
1011.11	0.00305706
1011.67	0.00495609
1012.22	0.0028216
1012.78	0.00604739
1013.33	0.00684966
1013.89	0.00728163
1014.44	0.00571158
1015	0.00486737
1015.56	0.00454193
1016.11	0.00416253
1016.67	0.00532001
1017.22	0.00575323
1017.78	0.00305205
1018.33	0.00664627
1018.89	0.00022209
1019.44	7.33521e-05
1020	0.000350725
1020.56	0.0077351
1021.11	0.00539962
1021.67	0.000270064
1022.22	0.00774848
1022.78	0.00496506
1023.33	0.0122814
1023.89	0.00341736
1024.44	0.0103638
1025	0.00705998
1025.56	0.00964883
1026.11	0.00224495
1026.67	0.00119811
1027.22	0.00626124
1027.78	0.00590575
1028.33	0.00304876
1028.89	0.00431146
1029.44	0.00879515
1030	0.00530292
1030.56	0.013719
1031.11	0.00137667
1031.67	0.00778757
1032.22	0.0050791
1032.78	0.0133601
1033.33	0.00204311
1033.89	0.00466315
1034.44	0.0120685
1035	2.83749e-05
1035.56	0.00132923
1036.11	0.00135668
1036.67	0.00874381
1037.22	0.00175653
1037.78	0.00723158
1038.33	0.00128839
1038.89	0.000123933
1039.44	0.000275
1040	0.00787169
1040.56	0.00450916
1041.11	0.00693391
1041.67	0.00754715
1042.22	0.00521199
1042.78	0.00350588
1043.33	0.00670305
1043.89	0.00687635
1044.44	0.00277584
1045	0.00021717
1045.56	0.00447384
1046.11	0.00257809
1046.67	0.00015285
1047.22	0.00277844
1047.78	0.00639461
1048.33	0.0052747
1048.89	0.00116656
1049.44	0.00724999
1050	0.00879815
1050.56	0.0141581
1051.11	0.00276572
1051.67	0.00562157
1052.22	0.00583259
1052.78	0.00859807
1053.33	0.00374727
1053.89	0.00260834
1054.44	0.0112124
1055	0.00684224
1055.56	0.00673603
1056.11	0.00263776
1056.67	0.00888658
1057.22	0.00793328
1057.78	0.0141526
1058.33	0.00214093
1058.89	0.00533461
1059.44	0.00704409
1060	0.0101941
1060.56	0.00161032
1061.11	0.00849206
1061.67	0.0148138
1062.22	0.0022845
1062.78	0.00606544
1063.33	0.00154327
1063.89	0.00687117
1064.44	0.0043741
1065	0.00623415
1065.56	0.00338501
1066.11	0.000615497
1066.67	0.0032819
1067.22	0.00648372
1067.78	0.00829386
1068.33	0.009975
1068.89	0.00932731
1069.44	0.000122977
1070	0.00755892
1070.56	0.00589836
1071.11	0.00188488
1071.67	0.00335557
1072.22	0.004244
1072.78	0.00163829
1073.33	0.000469979
1073.89	0.00297557
1074.44	0.00395745
1075	0.00915924
1075.56	0.00936121
1076.11	0.002213
1076.67	0.000714246
1077.22	0.009702
1077.78	0.010803
1078.33	0.000416029
1078.89	0.00641266
1079.44	0.00809812
1080	0.00910892
1080.56	0.00360484
1081.11	0.00669879
1081.67	0.0092782
1082.22	0.00973989
1082.78	0.00704815
1083.33	0.00730713
1083.89	0.00371811
1084.44	0.00672766
1085	0.0070816
1085.56	0.00298596
1086.11	0.00770834
1086.67	0.00858792
1087.22	0.0145313
1087.78	0.00724256
1088.33	0.00775048
1088.89	0.00991421
1089.44	0.00744084
1090	0.00430551
1090.56	0.00813031
1091.11	0.00570009
1091.67	0.000515072
1092.22	0.00260384
1092.78	0.00108786
1093.33	0.0057322
1093.89	0.0047618
1094.44	0.0126153
1095	0.0106811
1095.56	0.00678394
1096.11	0.0022451
1096.67	0.00369483
1097.22	0.00611934
1097.78	0.000262047
1098.33	0.00641443
1098.89	0.0092046
1099.44	0.00319043
1100	0.00580419
1100.56	0.00630415
1101.11	0.00183768
1101.67	0.00491277
1102.22	0.0104122
1102.78	0.00313524
1103.33	0.0059108
1103.89	0.00121272
1104.44	0.0044643
1105	0.00972839
1105.56	0.00590311
1106.11	0.0128083
1106.67	0.0053002
1107.22	0.0164657
1107.78	0.00584943
1108.33	0.000657643
1108.89	0.0056623
1109.44	0.0050476
1110	0.00148881
1110.56	0.00934867
1111.11	0.00730761
1111.67	0.000609544
1112.22	0.0123207
1112.78	0.0042233
1113.33	0.00705963
1113.89	0.00172936
1114.44	0.0212747
1115	0.00641652
1115.56	0.00166021
1116.11	0.00545711
1116.67	0.00189277
1117.22	0.00245993
1117.78	0.00224998
1118.33	0.0131665
1118.89	0.003796
1119.44	0.0106237
1120	0.00570949
1120.56	0.00226552
1121.11	0.00266742
1121.67	0.0176784
1122.22	0.00626568
1122.78	0.00102637
1123.33	0.00380886
1123.89	0.0017555
1124.44	0.0060332
1125	0.00928242
1125.56	0.0144692
1126.11	0.00515201
1126.67	0.00471016
1127.22	0.00884289
1127.78	0.00192973
1128.33	0.00461693
1128.89	0.00356769
1129.44	0.000284767
1130	0.0017162
1130.56	0.00194643
1131.11	0.00646283
1131.67	0.00616849
1132.22	0.0184479
1132.78	0.00986696
1133.33	0.00185836
1133.89	0.00364018
1134.44	0.0116666
1135	0.000806728
1135.56	0.00257602
1136.11	0.00954999
1136.67	0.000715599
1137.22	0.00531653
1137.78	0.00149137
1138.33	0.00845161
1138.89	0.00663784
1139.44	0.0190286
1140	0.0022322
1140.56	0.00503908
1141.11	0.00291742
1141.67	0.0113303
1142.22	0.0010506
1142.78	0.00156814
1143.33	0.0150665
1143.89	0.000760904
1144.44	0.0104112
1145	0.00737262
1145.56	0.00942283
1146.11	0.00371097
1146.67	0.0145983
1147.22	0.00389385
1147.78	0.00493472
1148.33	0.000137105
1148.89	0.00646805
1149.44	0.00218409
1150	0.00799968
1150.56	0.0138013
1151.11	0.00338213
1151.67	0.0176403
1152.22	0.0106828
1152.78	0.0077489
1153.33	0.00467257
1153.89	0.00537292
1154.44	0.00232818
1155	0.00276347
1155.56	0.00301128
1156.11	0.00431045
1156.67	0.00434131
1157.22	0.0106836
1157.78	0.00559265
1158.33	0.00394526
1158.89	0.0164369
1159.44	0.0131899
1160	0.00212046
1160.56	0.00532277
1161.11	0.00455473
1161.67	0.00737015
1162.22	0.00351773
1162.78	0.00778056
1163.33	0.0105494
1163.89	0.00641305
1164.44	0.0171311
1165	0.00273715
1165.56	0.00369392
1166.11	0.0119367
1166.67	0.0126753
1167.22	0.00925933
1167.78	0.00232596
1168.33	0.00786493
1168.89	0.0114264
1169.44	0.0127262
1170	0.00883069
1170.56	0.0133816
1171.11	0.0119076
1171.67	0.0195515
1172.22	0.00334828
1172.78	9.78331e-05
1173.33	0.0022499
1173.89	0.00456962
1174.44	0.00524949
1175	0.000891092
1175.56	0.0107035
1176.11	0.0102503
1176.67	0.015223
1177.22	0.00992422
1177.78	0.000366973
1178.33	0.0144842
1178.89	0.0130741
1179.44	0.00207415
1180	0.00203861
1180.56	0.00401351
1181.11	0.0031503
1181.67	0.00130726
1182.22	0.00861403
1182.78	0.00715917
1183.33	0.00578048
1183.89	0.0146925
1184.44	0.00804654
1185	0.0110987
1185.56	0.00879523
1186.11	0.00507849
1186.67	0.00254991
1187.22	0.00107027
1187.78	0.00423943
1188.33	0.00557585
1188.89	0.0165585
1189.44	0.0168924
1190	0.00612078
1190.56	0.00299446
1191.11	0.0166509
1191.67	0.00764609
1192.22	0.0135825
1192.78	0.00362009
1193.33	0.00211728
1193.89	0.00728556
1194.44	0.00171809
1195	0.00546974
1195.56	0.00475666
1196.11	0.0253849
1196.67	0.0157921
1197.22	0.000897841
1197.78	0.00328348
1198.33	0.0101872
1198.89	0.00596476
1199.44	0.0106573
1200	0.00921012
1200.56	0.0119937
1201.11	0.00669038
1201.67	0.00860538
1202.22	0.00834563
1202.78	0.000702287
1203.33	0.0221439
1203.89	0.0136274
1204.44	0.00380917
1205	0.00705879
1205.56	0.00663777
1206.11	0.00555059
1206.67	0.000853737
1207.22	0.0128593
1207.78	0.00980148
1208.33	0.0102279
1208.89	0.0174613
1209.44	0.00276199
1210	0.00595747
1210.56	0.0143564
1211.11	0.00659038
1211.67	0.00737687
1212.22	0.00955945
1212.78	0.000882873
1213.33	0.00169295
1213.89	0.0127612
1214.44	0.0106335
1215	0.00322574
1215.56	0.0115463
1216.11	0.0239799
1216.67	0.0034431
1217.22	0.00724398
1217.78	0.000285257
1218.33	0.00135686
1218.89	0.00200089
1219.44	0.00505725
1220	0.0125665
1220.56	0.00225277
1221.11	0.0192451
1221.67	0.00885217
1222.22	0.00724899
1222.78	0.0100378
1223.33	0.0232926
1223.89	0.000562311
1224.44	0.0144784
1225	0.00430778
1225.56	0.00117007
1226.11	0.00898291
1226.67	0.00575448
1227.22	0.0148793
1227.78	0.0003992
1228.33	0.0237673
1228.89	0.0101443
1229.44	0.0137143
1230	0.00760405
1230.56	0.0124031
1231.11	0.0020922
1231.67	0.00854247
1232.22	0.00612304
1232.78	0.00223797
1233.33	0.0200353
1233.89	0.0152105
1234.44	0.00860917
1235	0.00668485
1235.56	0.0199749
1236.11	0.00476189
1236.67	0.0081576
1237.22	0.00460194
1237.78	0.000425862
1238.33	0.00290886
1238.89	0.00341616
1239.44	0.0084717
1240	0.000528487
1240.56	0.0183666
1241.11	0.0187914
1241.67	0.00331466
1242.22	0.0153104
1242.78	0.014233
1243.33	0.00966084
1243.89	0.00159702
1244.44	0.00230782
1245	0.00827161
1245.56	0.00103631
1246.11	0.015059
1246.67	0.0081224
1247.22	0.000666595
1247.78	0.0155585
1248.33	0.0178394
1248.89	0.00872552
1249.44	0.0170904
1250	0.00436664
1250.56	0.00482466
1251.11	0.00126002
1251.67	0.00341586
1252.22	0.00716045
1252.78	0.0109594
1253.33	0.0255981
1253.89	0.00539212
1254.44	0.00353356
1255	0.0144738
1255.56	0.0120526
1256.11	0.0112869
1256.67	0.0140125
1257.22	0.0093911
1257.78	0.00897262
1258.33	0.00797745
1258.89	0.00723628
1259.44	0.00585362
1260	0.0202237
1260.56	0.0291497
1261.11	0.00167843
1261.67	0.00792383
1262.22	0.0101547
1262.78	0.00721985
1263.33	0.00399881
1263.89	0.00173876
1264.44	0.0142859
1265	0.000844657
1265.56	0.00790338
1266.11	0.00765198
1266.67	0.00242696
1267.22	0.0209163
1267.78	0.0205823
1268.33	0.00360587
1268.89	0.0105388
1269.44	0.00871327
1270	0.000101388
1270.56	0.00700049
1271.11	0.00950653
1271.67	0.0131977
1272.22	0.00220569
1272.78	0.0227786
1273.33	0.015579
1273.89	0.0115542
1274.44	0.0124384
1275	0.00515129
1275.56	0.00330271
1276.11	0.0123926
1276.67	0.000598425
1277.22	0.00759619
1277.78	0.0143101
1278.33	0.0184851
1278.89	0.00229527
1279.44	0.0065686
1280	0.0261687
1280.56	0.0175167
1281.11	0.0151411
1281.67	0.0071479
1282.22	0.00434774
1282.78	0.00581648
1283.33	0.0010121
1283.89	0.00643179
1284.44	0.0105507
1285	0.0217985
1285.56	0.0214521
1286.11	0.00333507
1286.67	0.00930571
1287.22	0.0230259
1287.78	0.0110418
1288.33	0.00901719
1288.89	0.00291259
1289.44	0.00584395
1290	0.00362518
1290.56	0.0112728
1291.11	0.0126976
1291.67	0.00737703
1292.22	0.0219229
1292.78	0.0111463
1293.33	0.0075301
1293.89	0.0176616
1294.44	0.0160161
1295	0.00599324
1295.56	0.00953359
1296.11	0.00597778
1296.67	0.00236089
1297.22	0.010912
1297.78	0.0298038
1298.33	0.0165834
1298.89	0.00985838
1299.44	0.019913
1300	0.00962203
1300.56	0.00195428
1301.11	0.0120258
1301.67	0.00382945
1302.22	0.00950507
1302.78	0.00371974
1303.33	0.00806843
1303.89	0.00595254
1304.44	0.0083826
1305	0.027959
1305.56	0.00616721
1306.11	0.0231279
1306.67	0.0149747
1307.22	0.00499976
1307.78	0.00163633
1308.33	0.00600673
1308.89	0.0137615
1309.44	0.00405963
1310	0.018807
1310.56	0.0115325
1311.11	0.00370269
1311.67	0.0143739
1312.22	0.0264815
1312.78	0.00501658
1313.33	0.0278293
1313.89	0.00764369
1314.44	0.000872756
1315	0.00702114
1315.56	0.000663825
1316.11	0.0120453
1316.67	0.00159665
1317.22	0.024983
1317.78	0.015716
1318.33	0.00604946
1318.89	0.0170378
1319.44	0.0156441
1320	0.00984763
1320.56	0.0204447
1321.11	0.00824356
1321.67	0.00119241
1322.22	0.0125077
1322.78	0.0167907
1323.33	0.00553965
1323.89	0.0225052
1324.44	0.0214844
1325	0.0161252
1325.56	0.00151197
1326.11	0.0174804
1326.67	0.00366422
1327.22	0.00358942
1327.78	0.00855822
1328.33	0.010233
1328.89	0.0116874
1329.44	0.01046
1330	0.0264928
1330.56	0.00483443
1331.11	0.0296989
1331.67	0.013684
1332.22	0.014238
1332.78	0.0106318
1333.33	0.021164
1333.89	0.0012726
1334.44	0.00238422
1335	0.0214339
1335.56	0.00805464
1336.11	0.0036414
1336.67	0.0195104
1337.22	0.0221271
1337.78	0.00255392
1338.33	0.0277369
1338.89	0.00503664
1339.44	0.00100269
1340	0.00503803
1340.56	0.00430461
1341.11	0.00186996
1341.67	0.00641738
1342.22	0.0219987
1342.78	0.0221525
1343.33	0.00814346
1343.89	0.0274634
1344.44	0.0147552
1345	0.00833334
1345.56	0.0151894
1346.11	0.000111942
1346.67	0.00833932
1347.22	0.00216529
1347.78	0.0154974
1348.33	0.00531345
1348.89	0.0175515
1349.44	0.0276772
1350	0.0133767
1350.56	0.0221553
1351.11	0.0297052
1351.67	0.00656869
1352.22	0.00274765
1352.78	0.00370499
1353.33	0.00717914
1353.89	0.0122971
1354.44	0.00605677
1355	0.0162138
1355.56	0.00779628
1356.11	0.0121405
1356.67	0.0142395
1357.22	0.00138942
1357.78	0.029063
1358.33	0.0270757
1358.89	0.00463944
1359.44	0.00739157
1360	0.000886742
1360.56	7.3775e-05
1361.11	0.00110774
1361.67	0.0197798
1362.22	0.0282899
1362.78	0.00821335
1363.33	0.0253141
1363.89	0.0155223
1364.44	0.00324761
1365	0.0078286
1365.56	0.0151537
1366.11	0.0126382
1366.67	0.000981534
1367.22	0.0188197
1367.78	0.0071111
1368.33	0.0184038
1368.89	0.0303598
1369.44	0.02663
1370	0.011684
1370.56	0.0270817
1371.11	0.00031655
1371.67	0.00042779
1372.22	0.00702784
1372.78	0.000828526
1373.33	0.00650772
1373.89	0.00854792
1374.44	0.0243611
1375	0.000463043
1375.56	0.0208052
1376.11	0.0207738
1376.67	0.0172307
1377.22	0.0224456
1377.78	0.014353
1378.33	0.00466723
1378.89	0.00416096
1379.44	0.0186485
1380	0.0109224
1380.56	0.00331903
1381.11	0.013403
1381.67	0.0247349
1382.22	0.0112492
1382.78	0.0239786
1383.33	0.00805479
1383.89	0.00718372
1384.44	0.0165614
1385	0.0170661
1385.56	0.0043527
1386.11	0.00101373
1386.67	0.0210533
1387.22	0.0186351
1387.78	0.0230902
1388.33	0.0308382
1388.89	0.00351832
1389.44	6.72215e-05
1390	0.0395358
1390.56	0.0142032
1391.11	0.0109386
1391.67	0.00766849
1392.22	0.00569877
1392.78	0.00687921
1393.33	0.00737824
1393.89	0.0272876
1394.44	0.00678512
1395	0.0362097
1395.56	0.0301368
1396.11	0.0078047
1396.67	0.00766589
1397.22	0.00314903
1397.78	0.00821862
1398.33	0.0180361
1398.89	0.0101079
1399.44	0.0281526
1400	0.011925
1400.56	0.0111084
1401.11	0.0273494
1401.67	0.0030085
1402.22	0.0245596
1402.78	0.0205379
1403.33	0.00680557
1403.89	0.00807192
1404.44	0.00748334
1405	0.000788505
1405.56	0.0129665
1406.11	0.0295694
1406.67	0.0246514
1407.22	0.00509759
1407.78	0.0279051
1408.33	0.029161
1408.89	0.000361461
1409.44	0.0209776
1410	0.00357772
1410.56	0.011238
1411.11	0.00318399
1411.67	0.00870633
1412.22	0.0112697
1412.78	0.000424796
1413.33	0.0125098
1413.89	0.0129681
1414.44	0.0255868
1415	0.0318902
1415.56	0.010433
1416.11	0.0125012
1416.67	0.00953436
1417.22	0.00411833
1417.78	0.00443107
1418.33	0.0069964
1418.89	0.0341753
1419.44	0.00369107
1420	0.0211048
1420.56	0.0305651
1421.11	0.00712357
1421.67	0.0120694
1422.22	0.0321904
1422.78	0.00443723
1423.33	0.00915319
1423.89	0.0178073
1424.44	0.0101088
1425	0.0101044
1425.56	0.00881864
1426.11	0.02466
1426.67	0.0154438
1427.22	0.0392761
1427.78	0.0134725
1428.33	0.00648539
1428.89	0.0190332
1429.44	0.0354663
1430	0.00895113
1430.56	0.00137817
1431.11	0.0283067
1431.67	0.000504711
1432.22	0.011354
1432.78	0.0335227
1433.33	0.0333901
1433.89	0.00753365
1434.44	0.0330799
1435	0.00599531
1435.56	0.00903834
1436.11	0.00909508
1436.67	0.000983364
1437.22	0.0103014
1437.78	0.00800416
1438.33	0.022073
1438.89	0.0113837
1439.44	0.0115881
1440	0.0324925
1440.56	0.00263477
1441.11	0.030233
1441.67	0.0243833
1442.22	0.00841919
1442.78	0.00113615
1443.33	0.00717134
1443.89	0.0146775
1444.44	0.0142217
1445	0.0281995
1445.56	0.0194941
1446.11	0.00214179
1446.67	0.0229491
1447.22	0.0438081
1447.78	0.0105696
1448.33	0.0114917
1448.89	0.00105652
1449.44	0.00457668
1450	0.0181576
1450.56	0.0110803
1451.11	0.0185454
1451.67	0.0226058
1452.22	0.019353
1452.78	0.0137405
1453.33	0.00581619
1453.89	0.0273819
1454.44	0.014235
1455	0.00539855
1455.56	0.00021294
1456.11	0.00744224
1456.67	0.00585087
1457.22	0.0107685
1457.78	0.0414509
1458.33	0.0167605
1458.89	0.037437
1459.44	0.0189926
1460	0.0263025
1460.56	0.0117872
1461.11	0.017935
1461.67	0.0159157
1462.22	0.0233626
1462.78	0.0214047
1463.33	0.00181798
1463.89	0.0119353
1464.44	0.0129837
1465	0.0321221
1465.56	0.00542078
1466.11	0.0134887
1466.67	0.0136372
1467.22	0.00846127
1467.78	0.0256356
1468.33	0.0299639
1468.89	0.00104833
1469.44	0.00703377
1470	0.0402934
1470.56	0.0175046
1471.11	0.0193436
1471.67	0.0355949
1472.22	0.0192979
1472.78	0.0011412
1473.33	0.021211
1473.89	0.0101778
1474.44	0.00493878
1475	0.00519705
1475.56	0.0336947
1476.11	0.00303936
1476.67	0.00805911
1477.22	0.0134791
1477.78	0.0304888
1478.33	0.0308262
1478.89	0.0595087
1479.44	0.013409
1480	0.00438187
1480.56	0.0127324
1481.11	0.0161551
1481.67	0.00674889
1482.22	0.0155033
1482.78	0.030617
1483.33	0.0026902
1483.89	0.0165253
1484.44	0.0342664
1485	0.00273169
1485.56	0.0236347
1486.11	0.0515891
1486.67	0.00937915
1487.22	0.00182341
1487.78	0.0151202
1488.33	0.0120426
1488.89	0.0296602
1489.44	0.0351424
1490	0.033723
1490.56	0.0111695
1491.11	0.0114975
1491.67	0.0292938
1492.22	0.0035022
1492.78	0.0288726
1493.33	0.00770659
1493.89	0.000966222
1494.44	0.000975113
1495	0.00610341
1495.56	0.00264834
1496.11	0.0215353
1496.67	0.0234853
1497.22	0.00974826
1497.78	0.0261952
1498.33	0.0245563
1498.89	0.0167987
1499.44	0.0163189
1500	0.0200846
1500.56	0.00617979
1501.11	0.020644
1501.67	0.0125836
1502.22	0.00899609
1502.78	0.0390619
1503.33	0.00933468
1503.89	0.0413995
1504.44	0.0211357
1505	0.0432701
1505.56	0.0477518
1506.11	0.00925007
1506.67	0.027765
1507.22	0.00112134
1507.78	0.013646
1508.33	0.0379925
1508.89	0.0043723
1509.44	0.0194672
1510	0.0536057
1510.56	0.0357514
1511.11	0.03255
1511.67	0.0067891
1512.22	0.0362177
1512.78	0.0355188
1513.33	0.00102043
1513.89	0.0143801
1514.44	0.0562176
1515	0.0040017
1515.56	0.00790059
1516.11	0.0548695
1516.67	0.0625216
1517.22	0.00278444
1517.78	0.0457466
1518.33	0.00264847
1518.89	0.00942776
1519.44	0.0198436
1520	0.0211942
1520.56	0.026515
1521.11	0.0112059
1521.67	0.0216208
1522.22	0.0147301
1522.78	0.0132196
1523.33	0.0142217
1523.89	0.0209614
1524.44	0.0078547
1525	0.0339832
1525.56	0.00878699
1526.11	0.00539111
1526.67	0.0173382
1527.22	0.00397396
1527.78	0.0195713
1528.33	0.0373906
1528.89	0.0554796
1529.44	0.0137335
1530	0.0255773
1530.56	0.0248917
1531.11	0.00491573
1531.67	0.0395042
1532.22	0.0329261
1532.78	0.0173913
1533.33	0.00195133
1533.89	0.044919
1534.44	0.0209618
1535	0.011729
1535.56	0.0511441
1536.11	0.0311071
1536.67	0.000260584
1537.22	0.044242
1537.78	0.0313231
1538.33	0.00899112
1538.89	0.000711634
1539.44	0.031171
1540	0.0123985
1540.56	0.0164097
1541.11	0.0644118
1541.67	0.0524329
1542.22	0.00911422
1542.78	0.00743299
1543.33	0.0226848
1543.89	0.00320895
1544.44	0.0147176
1545	0.00738497
1545.56	0.0172247
1546.11	0.0171457
1546.67	0.0115728
1547.22	0.0156436
1547.78	0.0336673
1548.33	0.038978
1548.89	0.034619
1549.44	0.0484027
1550	0.0154068
1550.56	0.00358907
1551.11	0.0151687
1551.67	0.0324293
1552.22	0.0204911
1552.78	0.00829287
1553.33	0.0418357
1553.89	0.0124288
1554.44	0.0304575
1555	0.0250668
1555.56	0.0381334
1556.11	0.0286779
1556.67	0.0338352
1557.22	0.0442126
1557.78	0.0274823
1558.33	0.00916798
1558.89	0.0103603
1559.44	0.010379
1560	0.0248168
1560.56	0.0146042
1561.11	0.0396092
1561.67	0.0124438
1562.22	0.0333361
1562.78	0.031956
1563.33	0.00737595
1563.89	0.00390966
1564.44	0.0163434
1565	0.0131219
1565.56	0.0261238
1566.11	0.0649908
1566.67	0.0154617
1567.22	0.0247156
1567.78	0.0315209
1568.33	0.031957
1568.89	0.0367333
1569.44	0.0189826
1570	0.0302041
1570.56	0.0264001
1571.11	0.00987916
1571.67	0.0360116
1572.22	0.002011
1572.78	0.0048386
1573.33	0.00655398
1573.89	0.0293693
1574.44	0.0167304
1575	0.0266027
1575.56	0.0780017
1576.11	0.0251196
1576.67	0.0292085
1577.22	0.00943927
1577.78	0.00317635
1578.33	0.00550064
1578.89	0.0271011
1579.44	0.031038
1580	0.0258519
1580.56	0.0210687
1581.11	0.0164618
1581.67	0.0225701
1582.22	0.0268458
1582.78	0.0165584
1583.33	0.0109487
1583.89	0.0549308
1584.44	0.000212434
1585	0.0211266
1585.56	0.0369168
1586.11	0.00274216
1586.67	0.00243963
1587.22	0.05836
1587.78	0.0402942
1588.33	0.0684854
1588.89	0.0263
1589.44	0.0154763
1590	0.0163168
1590.56	0.0265061
1591.11	0.0356758
1591.67	0.0107672
1592.22	0.0511003
1592.78	0.0948156
1593.33	0.00770951
1593.89	0.0821736
1594.44	0.0341325
1595	0.0119848
1595.56	0.0328577
1596.11	0.0112486
1596.67	0.0148575
1597.22	0.04311
1597.78	0.0278894
1598.33	0.00362469
1598.89	0.0729245
1599.44	0.00147702
1600	0.0419773
1600.56	0.0151642
1601.11	0.00167918
1601.67	0.0267093
1602.22	0.00283802
1602.78	0.00506735
1603.33	0.001341
1603.89	0.0388541
1604.44	0.00504145
1605	0.109039
1605.56	0.0358848
1606.11	0.0276917
1606.67	0.0772032
1607.22	0.0399646
1607.78	0.0331991
1608.33	0.0367006
1608.89	0.0559538
1609.44	0.0327403
1610	0.00245957
1610.56	0.0300331
1611.11	0.0542036
1611.67	0.0163624
1612.22	0.0203314
1612.78	0.0205781
1613.33	0.0359593
1613.89	0.0782879
1614.44	0.00315122
1615	0.0196795
1615.56	0.0416212
1616.11	0.0802814
1616.67	0.00270527
1617.22	0.0172697
1617.78	0.039423
1618.33	0.0106625
1618.89	0.0329946
1619.44	0.129416
1620	0.033414
1620.56	0.038233
1621.11	0.0111451
1621.67	0.118939
1622.22	0.00605242
1622.78	0.0444521
1623.33	0.0202549
1623.89	0.0500327
1624.44	0.0894734
1625	0.0785407
1625.56	0.0244444
1626.11	0.0115306
1626.67	0.013009
1627.22	0.088756
1627.78	0.0108563
1628.33	0.0866223
1628.89	0.0166914
1629.44	0.00659905
1630	0.000189678
1630.56	0.0682633
1631.11	0.0184141
1631.67	0.0136136
1632.22	0.0263534
1632.78	0.200289
1633.33	0.0418819
1633.89	0.0649556
1634.44	0.00324943
1635	0.0245017
1635.56	0.0833519
1636.11	0.0725649
1636.67	0.0953876
1637.22	0.00733615
1637.78	0.00167631
1638.33	0.00550823
1638.89	0.00047196
1639.44	0.0643276
1640	0.0178354
1640.56	0.0506895
1641.11	0.0432653
1641.67	0.000883969
1642.22	0.0227376
1642.78	0.106266
1643.33	0.0670258
1643.89	0.0837977
1644.44	0.052494
1645	0.0291488
1645.56	0.0698271
1646.11	0.116368
1646.67	0.0313633
1647.22	0.0952451
1647.78	0.0830764
1648.33	0.0535263
1648.89	0.00438804
1649.44	0.122111
1650	0.0217151
1650.56	0.0113984
1651.11	0.0100244
1651.67	0.0530113
1652.22	0.0160314
1652.78	0.021631
1653.33	0.0535222
1653.89	0.0116959
1654.44	0.0596624
1655	0.0464221
1655.56	0.148979
1656.11	0.0517898
1656.67	0.0759209
1657.22	0.0357713
1657.78	0.0822787
1658.33	0.0664677
1658.89	0.0405247
1659.44	0.0321414
1660	0.0771699
1660.56	0.036153
1661.11	0.0803008
1661.67	0.00101196
1662.22	0.0935121
1662.78	0.0717318
1663.33	0.0131724
1663.89	0.119599
1664.44	0.0394692
1665	0.10164
1665.56	0.00924927
1666.11	0.104612
1666.67	0.109697
1667.22	0.0731358
1667.78	0.0763195
1668.33	0.0585365
1668.89	0.0137395
1669.44	0.000562904
1670	0.129164
1670.56	0.0196734
1671.11	0.0883909
1671.67	0.041069
1672.22	0.02125
1672.78	0.082776
1673.33	0.00399914
1673.89	0.125805
1674.44	0.0252279
1675	0.0105421
1675.56	0.0170472
1676.11	0.0546596
1676.67	0.00277846
1677.22	0.131206
1677.78	0.0238534
1678.33	0.0985502
1678.89	0.110373
1679.44	0.0250056
1680	0.00114949
1680.56	0.0361658
1681.11	0.031953
1681.67	0.00762081
1682.22	0.0227465
1682.78	0.00872204
1683.33	0.0546133
1683.89	0.00444933
1684.44	0.14763
1685	0.0534994
1685.56	0.0337976
1686.11	0.0306491
1686.67	0.124815
1687.22	0.0161661
1687.78	0.0401706
1688.33	0.118206
1688.89	0.0743333
1689.44	0.00126679
1690	0.0558946
1690.56	0.0913067
1691.11	0.0747689
1691.67	0.131737
1692.22	0.133892
1692.78	0.0531462
1693.33	0.014025
1693.89	0.00372804
1694.44	0.110837
1695	0.0266852
1695.56	0.00520953
1696.11	0.0931894
1696.67	0.0598423
1697.22	0.106683
1697.78	0.181124
1698.33	0.192023
1698.89	0.0356179
1699.44	0.049439
1700	0.126198
1700.56	0.124132
1701.11	0.131681
1701.67	0.0146961
1702.22	0.135857
1702.78	0.0205822
1703.33	0.0675688
1703.89	0.00699086
1704.44	0.0354302
1705	0.0865944
1705.56	0.0401318
1706.11	0.0547196
1706.67	0.155927
1707.22	0.0820613
1707.78	0.0281137
1708.33	0.151741
1708.89	0.284143
1709.44	0.133278
1710	0.133416
1710.56	0.124179
1711.11	0.134829
1711.67	0.0809662
1712.22	0.000326378
1712.78	0.231096
1713.33	0.12488
1713.89	0.194693
1714.44	0.094546
1715	0.156928
1715.56	0.0452159
1716.11	0.14942
1716.67	0.00348137
1717.22	0.2915
1717.78	0.171806
1718.33	0.215606
1718.89	0.00327288
1719.44	0.0170301
1720	0.0738742
1720.56	0.174735
1721.11	0.316696
1721.67	0.151344
1722.22	0.138975
1722.78	0.137717
1723.33	0.204925
1723.89	0.238468
1724.44	0.00816636
1725	0.242959
1725.56	0.073549
1726.11	0.0278422
1726.67	0.127619
1727.22	0.0535349
1727.78	0.00237495
1728.33	0.104939
1728.89	0.187223
1729.44	0.00561091
1730	0.168563
1730.56	0.0585804
1731.11	0.283738
1731.67	0.195124
1732.22	0.143861
1732.78	0.19978
1733.33	0.135768
1733.89	0.104896
1734.44	0.0126534
1735	0.156136
1735.56	0.0463268
1736.11	0.199409
1736.67	0.0476452
1737.22	0.0719774
1737.78	0.011247
1738.33	0.248431
1738.89	0.158376
1739.44	0.0377653
1740	0.0174952
1740.56	0.259466
1741.11	0.0726204
1741.67	0.0622611
1742.22	0.00904616
1742.78	0.0706702
1743.33	0.115366
1743.89	0.0524783
1744.44	0.107069
1745	0.0598733
1745.56	0.102588
1746.11	0.161374
1746.67	0.0896409
1747.22	0.080963
1747.78	0.144475
1748.33	0.119755
1748.89	0.0071691
1749.44	0.151613
1750	0.0123829
1750.56	0.215154
1751.11	0.00179347
1751.67	0.00768278
1752.22	0.0681184
1752.78	0.148991
1753.33	0.27506
1753.89	0.0342673
1754.44	0.319942
1755	0.171681
1755.56	0.0199135
1756.11	0.0932388
1756.67	0.232715
1757.22	0.0996202
1757.78	0.160961
1758.33	0.147489
1758.89	0.0127546
1759.44	0.304967
1760	0.117105
1760.56	0.129212
1761.11	0.342178
1761.67	0.226914
1762.22	0.100353
1762.78	0.13085
1763.33	0.353424
1763.89	0.314047
1764.44	0.125585
1765	0.201195
1765.56	0.0403136
1766.11	0.147737
1766.67	0.0656401
1767.22	0.192344
1767.78	0.102163
1768.33	0.0540504
1768.89	0.133749
1769.44	0.147044
1770	0.0354008
1770.56	0.179153
1771.11	0.00109501
1771.67	0.00512187
1772.22	0.17478
1772.78	0.0439128
1773.33	0.0510419
1773.89	0.0867796
1774.44	0.101765
1775	0.224411
1775.56	0.107088
1776.11	0.0509632
1776.67	0.231003
1777.22	0.645246
1777.78	0.294167
1778.33	0.0355515
1778.89	0.132151
1779.44	0.035521
1780	0.271273
1780.56	0.0482442
1781.11	0.0366523
1781.67	0.599603
1782.22	0.382941
1782.78	0.099975
1783.33	0.0607635
1783.89	0.220659
1784.44	0.112611
1785	0.119858
1785.56	0.233789
1786.11	0.940872
1786.67	0.16309
1787.22	0.0952343
1787.78	0.0697743
1788.33	0.193818
1788.89	0.139177
1789.44	0.144067
1790	0.0684266
1790.56	0.468825
1791.11	0.0814206
1791.67	0.266772
1792.22	0.24155
1792.78	0.0557221
1793.33	0.173728
1793.89	0.072188
1794.44	0.206463
1795	0.20569
1795.56	0.248582
1796.11	0.715915
1796.67	0.523019
1797.22	0.6806
1797.78	0.0447567
1798.33	0.217126
1798.89	0.866413
1799.44	0.362873
1800	0.51625
1800.56	0.0573393
1801.11	0.251206
1801.67	0.43227
1802.22	0.647136
1802.78	0.705172
1803.33	0.466244
1803.89	1.04906
1804.44	0.282073
1805	0.312826
1805.56	0.202785
1806.11	0.247272
1806.67	0.0182434
1807.22	0.368172
1807.78	0.0955795
1808.33	0.185396
1808.89	0.387612
1809.44	0.430358
1810	0.352743
1810.56	0.081231
1811.11	0.224309
1811.67	0.269795
1812.22	0.377786
1812.78	0.163451
1813.33	0.434068
1813.89	0.274681
1814.44	0.496264
1815	0.000214255
1815.56	0.0499496
1816.11	0.663099
1816.67	0.111646
1817.22	0.265681
1817.78	0.0710118
1818.33	0.708258
1818.89	0.801966
1819.44	0.27042
1820	0.465902
1820.56	0.0535928
1821.11	0.11196
1821.67	0.294398
1822.22	0.298896
1822.78	0.818548
1823.33	0.141288
1823.89	0.424871
1824.44	0.130409
1825	0.491639
1825.56	0.0616233
1826.11	0.390271
1826.67	0.671803
1827.22	0.392573
1827.78	0.0386279
1828.33	0.383047
1828.89	0.213477
1829.44	0.408942
1830	0.466858
1830.56	0.00538499
1831.11	0.463993
1831.67	0.24729
1832.22	0.781368
1832.78	0.351941
1833.33	0.0134177
1833.89	0.899047
1834.44	0.866096
1835	0.853366
1835.56	0.154964
1836.11	0.491727
1836.67	0.258497
1837.22	0.114932
1837.78	0.279556
1838.33	0.732128
1838.89	0.195916
1839.44	1.34823
1840	0.600031
1840.56	0.151865
1841.11	0.683887
1841.67	0.320042
1842.22	0.55026
1842.78	0.837792
1843.33	0.528151
1843.89	0.335485
1844.44	0.698591
1845	0.345689
1845.56	0.684705
1846.11	1.61309
1846.67	0.556958
1847.22	0.666972
1847.78	1.10572
1848.33	1.83364
1848.89	1.77296
1849.44	0.373101
1850	0.505312
1850.56	1.50102
1851.11	2.10749
1851.67	1.19986
1852.22	0.320031
1852.78	0.274134
1853.33	1.32826
1853.89	0.929149
1854.44	0.459041
1855	1.79793
1855.56	4.73678
1856.11	0.504662
1856.67	4.69104
1857.22	1.53972
1857.78	5.19049
1858.33	2.654
1858.89	3.84808
1859.44	1.61344
1860	4.75134
1860.56	3.47269
1861.11	0.585837
1861.67	0.962337
1862.22	2.58254
1862.78	0.320083
1863.33	0.667332
1863.89	0.318613
1864.44	1.81602
1865	1.16276
1865.56	0.146628
1866.11	0.255357
1866.67	1.15956
1867.22	1.07569
1867.78	1.85874
1868.33	0.713044
1868.89	1.47588
1869.44	0.141592
1870	0.812902
1870.56	0.846441
1871.11	0.691455
1871.67	0.760732
1872.22	0.217478
1872.78	0.41281
1873.33	0.0496978
1873.89	1.04454
1874.44	1.78206
1875	0.528262
1875.56	0.835802
1876.11	0.553779
1876.67	1.37653
1877.22	0.00686857
1877.78	0.0191356
1878.33	0.783541
1878.89	1.10793
1879.44	0.583893
1880	0.0586268
1880.56	1.0598
1881.11	0.127271
1881.67	0.435079
1882.22	1.57975
1882.78	1.14823
1883.33	0.104024
1883.89	0.435179
1884.44	0.947562
1885	0.488392
1885.56	1.98445
1886.11	0.934874
1886.67	0.369818
1887.22	1.63319
1887.78	1.41457
1888.33	0.616051
1888.89	0.123605
1889.44	0.105391
1890	1.01731
1890.56	0.657002
1891.11	0.463836
1891.67	0.356621
1892.22	1.83031
1892.78	1.02262
1893.33	0.84087
1893.89	0.449609
1894.44	1.04351
1895	0.110333
1895.56	1.35712
1896.11	0.180181
1896.67	1.14303
1897.22	0.10541
1897.78	0.455813
1898.33	0.318515
1898.89	0.679123
1899.44	0.414422
1900	0.181003
1900.56	0.12002
1901.11	0.126428
1901.67	1.15226
1902.22	0.550597
1902.78	0.201958
1903.33	0.320159
1903.89	0.993625
1904.44	0.0446888
1905	0.594953
1905.56	0.0666203
1906.11	2.60068
1906.67	0.444286
1907.22	0.0504879
1907.78	0.016017
1908.33	0.299677
1908.89	0.96035
1909.44	0.75362
1910	0.776706
1910.56	0.675782
1911.11	1.65047
1911.67	0.327738
1912.22	0.144953
1912.78	1.09546
1913.33	0.751722
1913.89	0.858173
1914.44	0.575302
1915	0.972252
1915.56	0.777168
1916.11	0.147188
1916.67	0.559882
1917.22	1.01699
1917.78	0.154662
1918.33	0.0685534
1918.89	0.153567
1919.44	0.330104
1920	1.01963
1920.56	1.02095
1921.11	1.33677
1921.67	0.63932
1922.22	0.884999
1922.78	0.149157
1923.33	0.181388
1923.89	0.396325
1924.44	1.14784
1925	0.8416
1925.56	0.851091
1926.11	1.10148
1926.67	0.0789683
1927.22	1.92712
1927.78	0.324123
1928.33	0.217273
1928.89	0.330061
1929.44	0.317469
1930	0.486403
1930.56	1.20875
1931.11	2.0724
1931.67	0.374322
1932.22	0.52171
1932.78	0.209193
1933.33	1.44406
1933.89	0.400788
1934.44	0.127346
1935	0.029785
1935.56	0.194269
1936.11	0.664406
1936.67	1.0913
1937.22	0.587342
1937.78	0.549982
1938.33	0.274078
1938.89	0.467008
1939.44	1.64034
1940	0.593947
1940.56	1.04321
1941.11	1.17614
1941.67	0.977816
1942.22	0.845624
1942.78	0.681332
1943.33	0.580585
1943.89	0.626523
1944.44	0.0250853
1945	0.662208
1945.56	0.6302
1946.11	0.284097
1946.67	0.99153
1947.22	0.442901
1947.78	1.15105
1948.33	0.978648
1948.89	0.0913561
1949.44	0.55071
1950	0.221374
1950.56	0.50895
1951.11	0.825632
1951.67	0.757708
1952.22	0.37216
1952.78	0.0566636
1953.33	0.529211
1953.89	0.326087
1954.44	2.06128
1955	0.671269
1955.56	1.94464
1956.11	1.0183
1956.67	2.38038
1957.22	1.80099
1957.78	1.66285
1958.33	1.21133
1958.89	1.73412
1959.44	0.223865
1960	0.709527
1960.56	0.406865
1961.11	1.52416
1961.67	0.52035
1962.22	1.06646
1962.78	0.937839
1963.33	0.406292
1963.89	0.12291
1964.44	0.65807
1965	0.0963237
1965.56	0.461648
1966.11	1.2343
1966.67	0.232743
1967.22	0.146233
1967.78	1.44752
1968.33	0.0569993
1968.89	0.281249
1969.44	1.02708
1970	1.37851
1970.56	0.389366
1971.11	0.715274
1971.67	0.782275
1972.22	1.24635
1972.78	1.04049
1973.33	1.6623
1973.89	1.51112
1974.44	1.58496
1975	0.509794
1975.56	0.889551
1976.11	1.13616
1976.67	1.16775
1977.22	0.0412122
1977.78	0.378654
1978.33	0.615249
1978.89	1.04039
1979.44	1.27266
1980	0.0647727
1980.56	1.08108
1981.11	1.07562
1981.67	1.76912
1982.22	2.54617
1982.78	0.999046
1983.33	1.44647
1983.89	1.14653
1984.44	0.620652
1985	0.66479
1985.56	0.53094
1986.11	0.836615
1986.67	1.79291
1987.22	3.52624
1987.78	0.542417
1988.33	0.546634
1988.89	0.266802
1989.44	0.403637
1990	0.761178
1990.56	0.572894
1991.11	1.46575
1991.67	0.662184
1992.22	1.30007
1992.78	0.92962
1993.33	1.39755
1993.89	0.0675666
1994.44	1.17811
1995	1.48974
1995.56	0.577467
1996.11	1.57207
1996.67	0.691756
1997.22	0.610043
1997.78	0.986327
1998.33	1.97789
1998.89	1.4854
1999.44	0.663096
2000	1.43595
