t	etaU
0	7.99405e-15
0.555556	1.82156
1.11111	0.781797
1.66667	1.23069
2.22222	0.955931
2.77778	0.356828
3.33333	0.621648
3.88889	3.36274
4.44444	0.529387
5	0.33941
5.55556	0.951138
6.11111	0.213044
6.66667	0.150274
7.22222	1.03444
7.77778	0.22902
8.33333	0.269512
8.88889	1.59989
9.44444	1.73685
10	1.35898
10.5556	0.148528
11.1111	1.0374
11.6667	0.813055
12.2222	0.123438
12.7778	0.708688
13.3333	0.917115
13.8889	0.582688
14.4444	0.932925
15	0.430342
15.5556	0.317557
16.1111	2.15257
16.6667	1.27672
17.2222	1.56353
17.7778	0.349349
18.3333	2.36543
18.8889	2.14937
19.4444	0.0760395
20	1.11446
20.5556	1.16668
21.1111	2.40274
21.6667	0.859428
22.2222	0.169997
22.7778	0.473994
23.3333	0.120366
23.8889	2.9274
24.4444	1.47351
25	0.822026
25.5556	0.132453
26.1111	0.628516
26.6667	0.37594
27.2222	0.376143
27.7778	1.17044
28.3333	0.0137372
28.8889	0.915195
29.4444	0.18698
30	1.36776
30.5556	0.155663
31.1111	2.21911
31.6667	0.311074
32.2222	0.865023
32.7778	0.252749
33.3333	1.2111
33.8889	0.468786
34.4444	1.45345
35	0.146757
35.5556	0.40049
36.1111	1.0569
36.6667	0.910524
37.2222	1.22428
37.7778	1.0039
38.3333	0.668363
38.8889	0.396953
39.4444	2.4852
40	0.184832
40.5556	0.999587
41.1111	0.36718
41.6667	2.36852
42.2222	0.536649
42.7778	0.688957
43.3333	1.59438
43.8889	1.98196
44.4444	0.460038
45	0.690365
45.5556	1.07041
46.1111	1.11869
46.6667	0.495848
47.2222	0.317861
47.7778	0.561915
48.3333	0.867758
48.8889	2.9777
49.4444	0.361687
50	0.137
50.5556	0.173073
51.1111	2.56293
51.6667	0.199715
52.2222	0.595526
52.7778	0.51487
53.3333	1.23595
53.8889	1.74494
54.4444	0.720651
55	0.32131
55.5556	0.102529
56.1111	0.640006
56.6667	1.38956
57.2222	0.218608
57.7778	0.596453
58.3333	0.253033
58.8889	0.242707
59.4444	0.342613
60	0.829849
60.5556	1.29529
61.1111	0.807398
61.6667	0.644269
62.2222	1.60701
62.7778	1.57109
63.3333	0.332469
63.8889	1.28724
64.4444	0.194404
65	1.56561
65.5556	1.05735
66.1111	0.329133
66.6667	0.431928
67.2222	0.390107
67.7778	1.08282
68.3333	1.04143
68.8889	0.195949
69.4444	1.8057
70	0.550152
70.5556	1.89974
71.1111	0.913281
71.6667	0.0587902
72.2222	0.477579
72.7778	0.61239
73.3333	3.2333
73.8889	1.09325
74.4444	0.318334
75	1.14358
75.5556	0.699996
76.1111	0.18868
76.6667	0.448283
77.2222	0.763394
77.7778	0.791812
78.3333	1.52545
78.8889	1.25708
79.4444	1.5867
80	1.4738
80.5556	0.593028
81.1111	0.188045
81.6667	0.551016
82.2222	0.270394
82.7778	0.141859
83.3333	0.644105
83.8889	0.536206
84.4444	0.0734624
85	1.06838
85.5556	1.43671
86.1111	0.298664
86.6667	0.795852
87.2222	2.30853
87.7778	1.20989
88.3333	0.118171
88.8889	0.281837
89.4444	0.30574
90	1.02719
90.5556	0.885746
91.1111	1.70436
91.6667	2.07869
92.2222	1.11244
92.7778	0.440494
93.3333	0.173036
93.8889	0.258159
94.4444	0.931939
95	0.26449
95.5556	0.35025
96.1111	0.712198
96.6667	0.656496
97.2222	0.881365
97.7778	0.621313
98.3333	0.427014
98.8889	1.08565
99.4444	0.163525
100	0.032451
100.556	0.538875
101.111	1.3379
101.667	1.29393
102.222	0.587432
102.778	0.195643
103.333	0.408803
103.889	0.957315
104.444	1.05486
105	0.173521
105.556	0.44553
106.111	0.671521
106.667	0.319537
107.222	1.01208
107.778	0.186468
108.333	0.310469
108.889	1.02515
109.444	0.153846
110	0.291245
110.556	2.22713
111.111	1.16914
111.667	0.0624263
112.222	0.308919
112.778	0.608549
113.333	0.317595
113.889	0.452309
114.444	0.350255
115	1.11143
115.556	0.262303
116.111	0.146132
116.667	0.187195
117.222	0.379242
117.778	0.26091
118.333	0.724341
118.889	0.367816
119.444	0.168264
120	1.38053
120.556	0.758825
121.111	0.612237
121.667	0.228548
122.222	0.00736275
122.778	0.844402
123.333	0.143306
123.889	0.933204
124.444	1.39423
125	0.0130305
125.556	1.532
126.111	0.0379669
126.667	0.153054
127.222	0.736321
127.778	0.117718
128.333	0.0446115
128.889	0.0938549
129.444	0.198112
130	0.508614
130.556	0.183289
131.111	0.50456
131.667	0.138756
132.222	1.07745
132.778	0.246834
133.333	0.382154
133.889	0.4457
134.444	0.421982
135	0.376588
135.556	1.10401
136.111	0.315724
136.667	1.08684
137.222	0.262256
137.778	0.786037
138.333	1.44068
138.889	0.533234
139.444	2.11395
140	0.77336
140.556	0.884856
141.111	0.153473
141.667	1.17461
142.222	1.63783
142.778	1.62661
143.333	0.124679
143.889	1.06513
144.444	0.287195
145	1.25868
145.556	0.878371
146.111	0.746369
146.667	0.261606
147.222	0.0928124
147.778	0.666146
148.333	0.548536
148.889	0.305413
149.444	0.502294
150	0.396937
150.556	0.314374
151.111	0.530363
151.667	0.109362
152.222	1.14223
152.778	0.148666
153.333	0.301161
153.889	0.234543
154.444	0.170927
155	0.318377
155.556	0.30217
156.111	0.207458
156.667	0.257131
157.222	0.936228
157.778	0.243238
158.333	0.536212
158.889	0.351192
159.444	0.120586
160	0.531894
160.556	0.689367
161.111	0.0954285
161.667	0.0791702
162.222	0.195115
162.778	0.338911
163.333	0.0655881
163.889	0.682688
164.444	0.184173
165	0.103239
165.556	0.148057
166.111	0.307989
166.667	0.217128
167.222	0.0837077
167.778	0.0106875
168.333	0.24987
168.889	0.00840672
169.444	0.0335969
170	0.11866
170.556	0.275396
171.111	0.439648
171.667	0.207601
172.222	0.305211
172.778	0.0953133
173.333	0.405555
173.889	0.887489
174.444	0.401772
175	0.308055
175.556	0.148403
176.111	0.29544
176.667	0.68922
177.222	0.294195
177.778	0.214508
178.333	0.24264
178.889	0.287346
179.444	0.00453679
180	0.0784252
180.556	0.0246499
181.111	0.109337
181.667	0.177848
182.222	0.762129
182.778	0.206236
183.333	0.103429
183.889	0.0605541
184.444	0.0724591
185	0.301432
185.556	0.0662272
186.111	0.3751
186.667	0.0503238
187.222	0.222886
187.778	0.132475
188.333	0.15909
188.889	0.0400633
189.444	0.2216
190	0.0363209
190.556	0.0840479
191.111	0.253621
191.667	0.170146
192.222	0.220126
192.778	0.0173336
193.333	0.534983
193.889	0.513731
194.444	0.00601091
195	0.278021
195.556	0.0993212
196.111	0.0621706
196.667	0.575804
197.222	0.177014
197.778	0.427567
198.333	0.0539519
198.889	0.452509
199.444	0.220711
200	0.513471
200.556	0.0320112
201.111	0.00569307
201.667	0.0675666
202.222	0.134922
202.778	0.0493473
203.333	0.426737
203.889	0.119086
204.444	0.140421
205	0.462354
205.556	0.316844
206.111	0.286482
206.667	0.0339112
207.222	0.156082
207.778	0.102385
208.333	0.0131955
208.889	0.0512016
209.444	0.0307041
210	0.21137
210.556	0.237007
211.111	0.0800752
211.667	0.158144
212.222	0.157742
212.778	0.0768127
213.333	0.199608
213.889	0.262382
214.444	0.00500853
215	0.243201
215.556	0.00116278
216.111	0.173354
216.667	0.212486
217.222	0.212491
217.778	0.0962874
218.333	0.210291
218.889	0.0400165
219.444	0.133938
220	0.0712212
220.556	0.107561
221.111	0.329293
221.667	0.000439548
222.222	0.178225
222.778	0.00955149
223.333	0.00605784
223.889	0.270588
224.444	0.0509122
225	0.0340966
225.556	0.014387
226.111	0.0495422
226.667	0.168649
227.222	0.0441816
227.778	0.0188855
228.333	0.121546
228.889	0.033982
229.444	0.0940286
230	0.0052879
230.556	0.140955
231.111	0.0693747
231.667	0.0761638
232.222	0.236569
232.778	0.169811
233.333	0.142805
233.889	0.298213
234.444	0.209582
235	0.155799
235.556	0.0413463
236.111	0.0971206
236.667	0.0651699
237.222	0.0849469
237.778	0.0531827
238.333	0.253592
238.889	0.48843
239.444	0.210058
240	0.14483
240.556	0.0965794
241.111	0.0389833
241.667	0.118655
242.222	0.112331
242.778	0.156715
243.333	0.0599826
243.889	0.0747343
244.444	0.397201
245	0.12928
245.556	0.0211177
246.111	0.075836
246.667	0.0247888
247.222	0.141689
247.778	0.128506
248.333	0.211292
248.889	0.215412
249.444	0.0805311
250	0.0221591
250.556	0.0935791
251.111	0.181018
251.667	0.169575
252.222	0.0666136
252.778	0.132756
253.333	0.0516195
253.889	0.161905
254.444	0.0181256
255	0.131094
255.556	0.0435447
256.111	0.0962065
256.667	0.178065
257.222	0.0479509
257.778	0.105019
258.333	0.0324314
258.889	0.387215
259.444	0.0185611
260	0.0382494
260.556	0.11246
261.111	0.0139762
261.667	0.0767205
262.222	0.101559
262.778	0.068908
263.333	0.0321226
263.889	0.123986
264.444	0.00346744
265	0.0239336
265.556	0.141741
266.111	0.0955916
266.667	0.0498854
267.222	0.0498614
267.778	0.166988
268.333	0.251663
268.889	0.0333714
269.444	0.204466
270	0.117705
270.556	0.0033264
271.111	0.0646388
271.667	0.129321
272.222	0.107602
272.778	0.0144056
273.333	0.127984
273.889	0.0176143
274.444	0.0570271
275	0.0442942
275.556	0.0459735
276.111	0.170803
276.667	0.0492133
277.222	0.139008
277.778	0.0894336
278.333	0.195501
278.889	0.140026
279.444	0.0369873
280	0.125793
280.556	0.056613
281.111	0.0297067
281.667	0.0489749
282.222	0.0331728
282.778	0.176214
283.333	0.000640434
283.889	0.0190424
284.444	0.0450849
285	0.0815403
285.556	0.126963
286.111	0.213739
286.667	0.0922147
287.222	0.0027605
287.778	0.128796
288.333	0.043163
288.889	0.0106549
289.444	0.00752077
290	0.149073
290.556	0.0732269
291.111	0.0638926
291.667	0.0648163
292.222	0.147675
292.778	0.00807665
293.333	0.0626462
293.889	0.0831358
294.444	0.0677921
295	0.179982
295.556	0.0867586
296.111	0.0357192
296.667	0.106152
297.222	0.139872
297.778	0.0268556
298.333	0.00145026
298.889	0.0232521
299.444	0.0746141
300	0.109951
300.556	0.0382472
301.111	0.0462039
301.667	0.155616
302.222	0.0830262
302.778	0.188923
303.333	0.0879708
303.889	0.0673717
304.444	0.00648627
305	0.00732486
305.556	0.0386108
306.111	0.0127251
306.667	0.114739
307.222	0.0569037
307.778	0.128776
308.333	0.0644652
308.889	0.0159032
309.444	0.0990615
310	0.00103519
310.556	0.000651181
311.111	0.0113758
311.667	0.00226817
312.222	0.0326902
312.778	0.108826
313.333	0.0498308
313.889	0.0777962
314.444	0.0902486
315	0.0940323
315.556	0.056841
316.111	0.0424405
316.667	0.06524
317.222	0.0992193
317.778	0.0669894
318.333	0.0267841
318.889	0.0202918
319.444	0.044135
320	0.136487
320.556	0.0480477
321.111	0.115079
321.667	0.0396123
322.222	0.0143196
322.778	0.0625869
323.333	0.0114139
323.889	0.0684487
324.444	0.101271
325	0.114927
325.556	0.0357802
326.111	0.0991663
326.667	0.0618145
327.222	0.091316
327.778	0.0349767
328.333	0.0346212
328.889	0.075761
329.444	0.0370216
330	0.00500672
330.556	0.111814
331.111	0.00646463
331.667	0.00234542
332.222	0.106814
332.778	0.0146931
333.333	0.0153293
333.889	0.127517
334.444	0.0956858
335	0.067229
335.556	0.0690027
336.111	0.0985893
336.667	0.00381213
337.222	0.0432232
337.778	0.0379835
338.333	0.0717621
338.889	0.103155
339.444	0.142056
340	0.0125211
340.556	0.0621436
341.111	0.0787698
341.667	0.0240929
342.222	0.0140731
342.778	0.0533946
343.333	0.00573472
343.889	0.0898924
344.444	0.106703
345	0.0358895
345.556	0.0932974
346.111	0.0791509
346.667	0.0576269
347.222	0.0315103
347.778	0.00488172
348.333	0.0781775
348.889	0.0411459
349.444	0.0850275
350	0.0715066
350.556	0.033064
351.111	0.0474491
351.667	0.125422
352.222	0.030689
352.778	0.0248911
353.333	0.0110563
353.889	0.0427799
354.444	0.0726536
355	0.0239013
355.556	0.0158373
356.111	0.0231378
356.667	0.0277563
357.222	0.0880079
357.778	0.0410859
358.333	0.0337201
358.889	0.0355455
359.444	0.0402091
360	0.0104033
360.556	0.107161
361.111	0.0698668
361.667	0.0264795
362.222	0.0157681
362.778	0.0431574
363.333	0.0388122
363.889	0.106124
364.444	0.0538623
365	0.0327629
365.556	0.00694794
366.111	0.082983
366.667	0.0721529
367.222	0.00429544
367.778	0.00739691
368.333	0.0580947
368.889	0.0203254
369.444	0.111455
370	0.0496432
370.556	0.052372
371.111	0.0340829
371.667	0.0603235
372.222	0.0125042
372.778	0.0857486
373.333	0.0458002
373.889	0.0559913
374.444	0.0173376
375	0.00736951
375.556	0.0214285
376.111	0.106714
376.667	0.0189857
377.222	0.0425716
377.778	0.0135331
378.333	0.0595614
378.889	0.085207
379.444	0.0390182
380	0.0404151
380.556	0.0300695
381.111	0.0693838
381.667	0.0175288
382.222	0.00782862
382.778	0.0291922
383.333	0.00187966
383.889	0.0189491
384.444	0.0109374
385	0.0421226
385.556	0.0312521
386.111	0.0528936
386.667	0.00318016
387.222	0.0322443
387.778	0.0197926
388.333	0.0527783
388.889	0.0570557
389.444	0.0396797
390	0.0158756
390.556	0.0966494
391.111	0.0425596
391.667	0.0368734
392.222	0.00478163
392.778	0.105022
393.333	0.088142
393.889	0.05677
394.444	0.00529937
395	0.0332593
395.556	0.0447479
396.111	0.0791705
396.667	0.0346447
397.222	0.00282792
397.778	0.015946
398.333	0.0758508
398.889	0.0348358
399.444	0.0334833
400	0.000363239
400.556	0.0134772
401.111	0.042924
401.667	0.0647481
402.222	0.0531921
402.778	0.00679509
403.333	0.124545
403.889	0.0589463
404.444	0.0444439
405	0.045899
405.556	0.0496328
406.111	0.051617
406.667	0.0475186
407.222	0.0252146
407.778	0.0214239
408.333	0.0375437
408.889	0.0565663
409.444	0.0200049
410	0.0467128
410.556	0.0676676
411.111	0.0486223
411.667	0.0135051
412.222	0.00336387
412.778	0.0481298
413.333	0.054756
413.889	0.0331277
414.444	0.0251002
415	0.0261408
415.556	0.0892805
416.111	0.0429421
416.667	0.0207362
417.222	0.0274734
417.778	0.0703879
418.333	0.0492566
418.889	0.0115768
419.444	0.0546594
420	0.0128854
420.556	0.0224468
421.111	0.0120913
421.667	0.0177869
422.222	0.0405812
422.778	0.086965
423.333	0.0301559
423.889	0.00186952
424.444	0.0682037
425	0.0427638
425.556	0.0329687
426.111	0.0454433
426.667	0.0288128
427.222	0.0253782
427.778	0.0308079
428.333	0.0910605
428.889	0.0299461
429.444	0.0429267
430	0.0271722
430.556	0.000951703
431.111	0.0122084
431.667	0.000645247
432.222	0.0425261
432.778	0.0517448
433.333	0.0619783
433.889	0.0349499
434.444	0.0112607
435	0.0650507
435.556	0.0648896
436.111	0.000969076
436.667	0.0896223
437.222	0.0429674
437.778	0.0509987
438.333	0.00465876
438.889	0.0208791
439.444	0.0103413
440	0.0312463
440.556	0.0696361
441.111	0.0143282
441.667	0.0325885
442.222	0.0376891
442.778	0.0919988
443.333	0.00945637
443.889	0.0538463
444.444	0.00696525
445	0.0465075
445.556	0.00427739
446.111	0.0217901
446.667	0.00742075
447.222	0.0572843
447.778	0.0595236
448.333	0.000709662
448.889	0.0097985
449.444	0.0511424
450	0.0487689
450.556	0.0043557
451.111	0.0374454
451.667	0.0313584
452.222	0.0485703
452.778	0.0519905
453.333	0.0476059
453.889	0.0311556
454.444	0.0617005
455	0.0374323
455.556	0.0561899
456.111	0.021823
456.667	0.0900613
457.222	0.0184998
457.778	0.0269969
458.333	0.0169471
458.889	0.0292158
459.444	0.0318028
460	0.0444438
460.556	0.0600858
461.111	0.056675
461.667	0.0516366
462.222	0.0457463
462.778	0.0369951
463.333	0.0116403
463.889	0.0676932
464.444	0.02551
465	0.0538436
465.556	0.000241005
466.111	0.00410422
466.667	0.0178284
467.222	0.0512621
467.778	0.0692906
468.333	0.0491215
468.889	0.0212889
469.444	0.0509926
470	0.0385987
470.556	0.0106119
471.111	0.0414541
471.667	0.0176628
472.222	0.0487059
472.778	0.0210345
473.333	0.0386998
473.889	0.0520794
474.444	0.0805996
475	0.0478925
475.556	0.0110365
476.111	0.0600283
476.667	0.0184846
477.222	0.0504859
477.778	0.0068742
478.333	0.0200846
478.889	0.0148097
479.444	0.0364857
480	0.0291464
480.556	0.019191
481.111	0.0623391
481.667	0.0773694
482.222	0.0165116
482.778	0.00408172
483.333	0.00420369
483.889	0.041483
484.444	0.00638462
485	0.0488024
485.556	0.000396121
486.111	0.0815858
486.667	0.0435289
487.222	0.0304208
487.778	0.0463573
488.333	0.071991
488.889	0.0341473
489.444	0.00825602
490	0.0330993
490.556	0.0197771
491.111	0.0639131
491.667	0.0140183
492.222	0.0520951
492.778	0.0193876
493.333	0.0541701
493.889	0.059627
494.444	0.0170289
495	0.0453079
495.556	0.0379555
496.111	0.0581029
496.667	0.0253894
497.222	0.0224767
497.778	0.029522
498.333	0.0506233
498.889	0.0596245
499.444	0.0842704
500	0.010344
500.556	0.0364692
501.111	0.0323232
501.667	0.0330835
502.222	0.0143507
502.778	0.0118492
503.333	0.0188878
503.889	0.0131365
504.444	0.0283896
505	0.02332
505.556	0.0287337
506.111	0.0598486
506.667	0.047192
507.222	0.00321519
507.778	0.00777635
508.333	0.0658142
508.889	0.0175203
509.444	0.00103824
510	0.00339541
510.556	0.0194631
511.111	0.0581831
511.667	0.0382393
512.222	0.0496051
512.778	0.0430623
513.333	0.0874229
513.889	0.0298643
514.444	0.0129126
515	0.00983264
515.556	0.0522738
516.111	0.04389
516.667	0.00961686
517.222	0.0284817
517.778	0.00568034
518.333	0.063377
518.889	0.0337414
519.444	0.0447993
520	0.0150129
520.556	0.0767147
521.111	0.0139734
521.667	0.00805099
522.222	0.0412813
522.778	0.0484901
523.333	0.0541076
523.889	0.0322949
524.444	0.0418956
525	0.00546014
525.556	0.0689218
526.111	0.0220803
526.667	0.0293684
527.222	0.00719917
527.778	0.0403617
528.333	0.0415182
528.889	0.0237384
529.444	0.0438827
530	0.00270881
530.556	0.039634
531.111	0.0452615
531.667	0.0157158
532.222	0.0104084
532.778	0.0562651
533.333	0.0547001
533.889	0.0169347
534.444	0.0062043
535	0.0202692
535.556	0.0202845
536.111	0.031459
536.667	0.0364085
537.222	0.00721213
537.778	0.0424091
538.333	0.0605343
538.889	0.0129901
539.444	0.0010996
540	0.0251742
540.556	0.0527618
541.111	0.0245683
541.667	0.0031391
542.222	0.0171032
542.778	0.0475548
543.333	0.0574572
543.889	0.0388096
544.444	0.00858166
545	0.0296754
545.556	0.078939
546.111	0.00636845
546.667	0.0117875
547.222	0.00889686
547.778	0.0692118
548.333	0.0176667
548.889	0.00931298
549.444	0.0533328
550	0.0593115
550.556	0.0527807
551.111	0.0110564
551.667	0.0214284
552.222	0.0435769
552.778	0.0638798
553.333	0.00609525
553.889	0.02247
554.444	0.00205851
555	0.0536317
555.556	0.0427637
556.111	0.0136641
556.667	0.044972
557.222	0.0273424
557.778	0.0549346
558.333	0.0243719
558.889	0.00175904
559.444	0.0146754
560	0.0621515
560.556	0.0169988
561.111	0.0205216
561.667	0.0129941
562.222	0.0255968
562.778	0.0422658
563.333	0.0460763
563.889	0.0150226
564.444	0.0170627
565	0.0578084
565.556	0.0374296
566.111	0.00937925
566.667	0.000259876
567.222	0.0124215
567.778	0.0384088
568.333	0.0441565
568.889	0.00981929
569.444	0.0113352
570	0.0553845
570.556	0.0500009
571.111	0.00556613
571.667	0.0118587
572.222	0.0378883
572.778	0.0549817
573.333	0.0197511
573.889	0.0122993
574.444	0.00623983
575	0.0512594
575.556	0.0331836
576.111	0.00339666
576.667	0.00897745
577.222	0.0674658
577.778	0.0479722
578.333	0.00665508
578.889	0.0135584
579.444	0.0230431
580	0.0589165
580.556	0.00808987
581.111	0.026113
581.667	0.000469439
582.222	0.0580116
582.778	0.0476749
583.333	0.00189136
583.889	0.0125095
584.444	0.0477024
585	0.047484
585.556	0.00270974
586.111	0.00438995
586.667	0.00843306
587.222	0.0351039
587.778	0.0231588
588.333	0.0293557
588.889	0.00085555
589.444	0.0448239
590	0.0496924
590.556	0.0167816
591.111	0.000775973
591.667	0.0433978
592.222	0.0297863
592.778	0.0290731
593.333	0.00661487
593.889	0.002274
594.444	0.0256456
595	0.0505475
595.556	0.0305268
596.111	0.0180534
596.667	0.0193944
597.222	0.0544966
597.778	0.0269334
598.333	0.0166895
598.889	0.00949717
599.444	0.0215621
600	0.0523337
600.556	0.00781047
601.111	0.00651157
601.667	0.0156542
602.222	0.0723011
602.778	0.0271001
603.333	0.038141
603.889	0.00565743
604.444	0.0504604
605	0.0295147
605.556	0.0128923
606.111	0.00398216
606.667	0.00837841
607.222	0.0731342
607.778	0.00827029
608.333	0.00606094
608.889	0.0138926
609.444	0.0662056
610	0.0293954
610.556	0.0214013
611.111	0.0017488
611.667	0.033706
612.222	0.0350211
612.778	0.000938028
613.333	0.0065399
613.889	0.0215153
614.444	0.0617463
615	0.020707
615.556	0.0102604
616.111	0.0276123
616.667	0.0461128
617.222	0.0337876
617.778	0.0105709
618.333	0.00167388
618.889	0.0254544
619.444	0.031885
620	0.0381276
620.556	0.00378889
621.111	0.0176942
621.667	0.0456884
622.222	0.0428425
622.778	0.00268126
623.333	0.0405228
623.889	0.0246238
624.444	0.0347024
625	0.0188167
625.556	0.00381664
626.111	0.00869058
626.667	0.0278132
627.222	0.0769589
627.778	0.0160342
628.333	0.0256814
628.889	0.0296129
629.444	0.0461081
630	0.0185828
630.556	0.0404378
631.111	0.00361103
631.667	0.0315131
632.222	0.0357175
632.778	0.00357986
633.333	0.00441109
633.889	0.0261403
634.444	0.0797317
635	0.0108808
635.556	0.023662
636.111	0.00853463
636.667	0.0550321
637.222	0.0237482
637.778	0.028248
638.333	0.0129832
638.889	0.0372439
639.444	0.0408659
640	0.00926442
640.556	0.0109569
641.111	0.0253498
641.667	0.0654788
642.222	0.00454248
642.778	0.0133814
643.333	0.0182797
643.889	0.0275118
644.444	0.0242391
645	0.00430706
645.556	0.00285677
646.111	0.0262529
646.667	0.0472999
647.222	0.0271249
647.778	0.0191268
648.333	0.0325005
648.889	0.0307903
649.444	0.0135447
650	0.000535784
650.556	0.0242099
651.111	0.000224783
651.667	0.0430979
652.222	0.0227346
652.778	0.0146721
653.333	0.0300005
653.889	0.0281853
654.444	0.0539192
655	0.0301516
655.556	0.029756
656.111	0.00629115
656.667	0.0266933
657.222	0.0147672
657.778	0.0296274
658.333	0.00163898
658.889	0.0394435
659.444	0.0351391
660	0.0325325
660.556	0.029012
661.111	0.017996
661.667	0.0516008
662.222	0.0279865
662.778	0.0218349
663.333	0.00536774
663.889	0.0388547
664.444	0.0311581
665	0.0277653
665.556	0.00601714
666.111	0.0513801
666.667	0.038241
667.222	0.0168489
667.778	0.0280803
668.333	0.0138791
668.889	0.052728
669.444	0.00946273
670	0.0129503
670.556	0.00235044
671.111	0.0369078
671.667	0.0401653
672.222	0.00767395
672.778	0.0182282
673.333	0.0440674
673.889	0.0297915
674.444	0.00555607
675	0.027545
675.556	0.0172619
676.111	0.0262904
676.667	0.0150631
677.222	0.00866897
677.778	0.0263013
678.333	0.0154146
678.889	0.039196
679.444	0.00156718
680	0.035091
680.556	0.0348031
681.111	0.0172099
681.667	0.0271053
682.222	0.0213624
682.778	0.0168413
683.333	0.00525882
683.889	0.0329844
684.444	0.0136125
685	0.0442033
685.556	0.0113151
686.111	0.044567
686.667	0.018002
687.222	0.0413133
687.778	0.0243074
688.333	0.00289617
688.889	0.0516764
689.444	0.0181744
690	0.0156568
690.556	0.0080952
691.111	0.0476957
691.667	0.0266838
692.222	0.046543
692.778	0.00605024
693.333	0.0391565
693.889	0.0250582
694.444	0.032608
695	0.017104
695.556	0.000128296
696.111	0.0411556
696.667	0.000891691
697.222	0.0156314
697.778	0.0183084
698.333	0.0393285
698.889	0.022631
699.444	0.0360159
700	0.0164155
700.556	0.0312257
701.111	0.0159874
701.667	0.0015319
702.222	0.0153558
702.778	0.00525455
703.333	0.0366091
703.889	0.016672
704.444	0.0123813
705	0.0371435
705.556	0.0244631
706.111	0.0241654
706.667	0.0142138
707.222	0.0303931
707.778	0.0168836
708.333	0.00881537
708.889	0.0295861
709.444	0.0211778
710	0.0226603
710.556	0.0202894
711.111	0.0290751
711.667	0.000701069
712.222	0.0574592
712.778	0.0058992
713.333	0.0201248
713.889	0.00797979
714.444	0.033606
715	0.0183814
715.556	0.00168287
716.111	0.0493498
716.667	0.0196953
717.222	0.0331316
717.778	0.0104754
718.333	0.0312968
718.889	0.00454094
719.444	0.0529975
720	0.00426297
720.556	0.0197274
721.111	0.0249246
721.667	0.025342
722.222	0.0171844
722.778	0.00422365
723.333	0.0556453
723.889	0.0175454
724.444	0.0373417
725	0.0197781
725.556	0.0270658
726.111	0.0111392
726.667	0.0387185
727.222	0.00569907
727.778	0.0220456
728.333	0.0240931
728.889	0.00257973
729.444	0.0224579
730	0.0187671
730.556	0.034364
731.111	0.00362446
731.667	0.0272404
732.222	0.0339731
732.778	0.00922438
733.333	0.0135179
733.889	0.00937449
734.444	0.0180881
735	0.0266096
735.556	0.0139272
736.111	0.0262063
736.667	0.0296447
737.222	0.0335911
737.778	0.0150668
738.333	0.00814474
738.889	0.00785501
739.444	0.039086
740	0.00996159
740.556	0.0171465
741.111	0.0185432
741.667	0.0270656
742.222	0.0264021
742.778	0.000255537
743.333	0.0348962
743.889	0.0338355
744.444	0.0423942
745	0.00179263
745.556	0.0165035
746.111	0.00678598
746.667	0.0451685
747.222	0.0115116
747.778	0.0245277
748.333	0.0267109
748.889	0.0353259
749.444	0.0350007
750	0.00278844
750.556	0.0345884
751.111	0.0300749
751.667	0.0380408
752.222	0.00155633
752.778	0.0150084
753.333	0.0116484
753.889	0.033893
754.444	0.00635521
755	0.0270957
755.556	0.0221503
756.111	0.0197244
756.667	0.0320524
757.222	0.00845293
757.778	0.0214788
758.333	0.0149895
758.889	0.0187927
759.444	0.0190552
760	0.00687128
760.556	0.0186627
761.111	0.0113459
761.667	0.0273434
762.222	0.0326076
762.778	0.00689754
763.333	0.00264231
763.889	0.0368186
764.444	0.0216611
765	0.000243187
765.556	0.00259153
766.111	0.000607878
766.667	0.038561
767.222	0.00107951
767.778	0.0145028
768.333	0.0084695
768.889	0.0405596
769.444	0.0346809
770	0.0153998
770.556	0.0196938
771.111	0.0353215
771.667	0.0302764
772.222	0.00630761
772.778	0.0166208
773.333	0.0123167
773.889	0.0491874
774.444	0.00250046
775	0.0192246
775.556	0.0193042
776.111	0.0430178
776.667	0.0307067
777.222	0.0188199
777.778	0.0249476
778.333	0.0214936
778.889	0.0275745
779.444	0.000312814
780	0.0196812
780.556	0.0175617
781.111	0.0466924
781.667	0.0109835
782.222	0.0171054
782.778	0.010092
783.333	0.0257351
783.889	0.0297532
784.444	0.0094769
785	0.0183289
785.556	0.00645612
786.111	0.016771
786.667	0.0202685
787.222	0.013388
787.778	0.00986188
788.333	0.0270824
788.889	0.0252776
789.444	0.0175694
790	0.00488268
790.556	0.000733885
791.111	0.0271459
791.667	0.0134694
792.222	0.00473709
792.778	0.00730489
793.333	0.00213581
793.889	0.0451205
794.444	0.00175612
795	0.00250895
795.556	0.00570023
796.111	0.0360149
796.667	0.0198608
797.222	0.0219259
797.778	0.0219023
798.333	0.0208632
798.889	0.0312137
799.444	0.00102554
800	0.0152974
800.556	0.00549579
801.111	0.0577721
801.667	0.00169919
802.222	0.00193373
802.778	0.0084729
803.333	0.0311181
803.889	0.0217683
804.444	0.022882
805	0.0283834
805.556	0.018954
806.111	0.0341182
806.667	0.00241099
807.222	0.00766804
807.778	0.00514006
808.333	0.0550109
808.889	0.000932451
809.444	0.00087858
810	0.0105976
810.556	0.0154959
811.111	0.0201284
811.667	0.00796651
812.222	0.0242799
812.778	0.00831661
813.333	0.0290377
813.889	0.0182927
814.444	0.000772053
815	0.00064093
815.556	0.0289097
816.111	0.0118611
816.667	0.0056425
817.222	0.00359633
817.778	0.00346903
818.333	0.0272282
818.889	0.0174028
819.444	0.00793884
820	0.0038031
820.556	0.0123438
821.111	0.0381729
821.667	0.00995324
822.222	0.00592169
822.778	0.00159342
823.333	0.0208459
823.889	0.0178041
824.444	0.0151262
825	0.0202137
825.556	0.0264654
826.111	0.0340516
826.667	0.00691633
827.222	0.00359132
827.778	0.00263663
828.333	0.0500864
828.889	0.0130244
829.444	0.00669351
830	0.015124
830.556	0.0238599
831.111	0.0253331
831.667	0.0233577
832.222	0.0244221
832.778	0.0247537
833.333	0.0427243
833.889	0.00762581
834.444	0.00380782
835	0.00998147
835.556	0.0443635
836.111	0.00564822
836.667	0.00270951
837.222	0.0171609
837.778	0.017792
838.333	0.0301017
838.889	0.0112774
839.444	0.0148164
840	0.0189447
840.556	0.0259785
841.111	0.00271742
841.667	0.00922825
842.222	0.00372426
842.778	0.0235026
843.333	0.00717695
843.889	0.00955775
844.444	1.92795e-05
845	0.00659124
845.556	0.0306903
846.111	0.0103943
846.667	0.00126001
847.222	0.0127755
847.778	0.00451752
848.333	0.0231245
848.889	0.00932797
849.444	0.00232885
850	0.00104699
850.556	0.0210852
851.111	0.0224607
851.667	0.0205475
852.222	0.00930845
852.778	0.0266707
853.333	0.0244022
853.889	0.0164884
854.444	0.00976716
855	0.0124699
855.556	0.0414184
856.111	0.0085279
856.667	0.00592255
857.222	0.0166442
857.778	0.0281382
858.333	0.0284755
858.889	0.0314989
859.444	0.0127734
860	0.0198069
860.556	0.030091
861.111	0.0200323
861.667	0.00370035
862.222	0.0162943
862.778	0.0422505
863.333	0.000619669
863.889	0.00462356
864.444	0.0109285
865	0.0232801
865.556	0.0280695
866.111	0.0251467
866.667	0.00953753
867.222	0.0131997
867.778	0.0184643
868.333	0.003963
868.889	0.00505357
869.444	0.0113169
870	0.0299815
870.556	0.00908319
871.111	0.00406411
871.667	0.0067781
872.222	0.0114513
872.778	0.023832
873.333	0.00202825
873.889	0.0016897
874.444	0.00623022
875	0.00166581
875.556	0.0224868
876.111	0.00637777
876.667	0.00306231
877.222	0.00817775
877.778	0.0180411
878.333	0.0128485
878.889	0.0297245
879.444	0.00482015
880	0.0159214
880.556	0.0171181
881.111	0.0116969
881.667	0.00557481
882.222	0.014292
882.778	0.0421185
883.333	0.00555081
883.889	0.013377
884.444	0.00891786
885	0.0224842
885.556	0.0200978
886.111	0.0379036
886.667	0.0156132
887.222	0.00925285
887.778	0.0264529
888.333	0.0142114
888.889	0.00536724
889.444	0.0166774
890	0.0478213
890.556	0.00435865
891.111	0.0158987
891.667	0.00715776
892.222	0.017413
892.778	0.0199905
893.333	0.0291416
893.889	0.0160244
894.444	0.00613948
895	0.0207098
895.556	0.00319556
896.111	0.00782453
896.667	0.00524348
897.222	0.0325575
897.778	0.00136514
898.333	0.00715841
898.889	0.00472197
899.444	0.00256425
900	0.0185864
900.556	0.00471469
901.111	0.00436958
901.667	0.00649314
902.222	0.0054471
902.778	0.0179299
903.333	0.0119077
903.889	0.00773704
904.444	0.00737087
905	0.00725332
905.556	0.00542098
906.111	0.024652
906.667	0.0114774
907.222	0.011259
907.778	0.0187966
908.333	0.0109517
908.889	0.0100089
909.444	0.00982657
910	0.0369072
910.556	0.0117527
911.111	0.01833
911.667	0.0121835
912.222	0.0114998
912.778	0.0180136
913.333	0.0338492
913.889	0.0183968
914.444	0.0073398
915	0.0297124
915.556	0.0166694
916.111	0.0170605
916.667	0.0171576
917.222	0.0390224
917.778	0.0094968
918.333	0.0169622
918.889	0.0156845
919.444	0.00843625
920	0.0232757
920.556	0.0254299
921.111	0.0155544
921.667	0.00533733
922.222	0.0225014
922.778	0.0100312
923.333	0.015721
923.889	0.0110518
924.444	0.0252562
925	0.00292001
925.556	0.0081798
926.111	0.00121364
926.667	0.00147772
927.222	0.0204366
927.778	0.00802896
928.333	0.00054152
928.889	0.00949458
929.444	0.00442431
930	0.00956291
930.556	0.0141481
931.111	0.000488373
931.667	0.00166582
932.222	0.00342149
932.778	0.00539699
933.333	0.0191582
933.889	0.00762271
934.444	0.0133105
935	0.0144091
935.556	0.0150049
936.111	0.0149869
936.667	0.0157465
937.222	0.0267337
937.778	0.0093407
938.333	0.012195
938.889	0.0157529
939.444	0.00833075
940	0.0229498
940.556	0.035708
941.111	0.0124756
941.667	0.00445076
942.222	0.0236005
942.778	0.0188748
943.333	0.0159941
943.889	0.0261484
944.444	0.0317281
945	0.00456535
945.556	0.0164085
946.111	0.0159345
946.667	0.00856932
947.222	0.025954
947.778	0.0308689
948.333	0.0121987
948.889	0.000235334
949.444	0.018234
950	0.0130782
950.556	0.0161885
951.111	0.0218068
951.667	0.0235754
952.222	0.000726128
952.778	0.0102871
953.333	0.00107408
953.889	0.00282979
954.444	0.0197996
955	0.0150375
955.556	0.00126549
956.111	0.00263495
956.667	0.00177044
957.222	0.00457005
957.778	0.00863441
958.333	0.00703103
958.889	0.0042475
959.444	0.0024254
960	0.00576039
960.556	0.0205617
961.111	0.00592148
961.667	0.00729329
962.222	0.00600809
962.778	0.00918326
963.333	0.00786127
963.889	0.017972
964.444	0.0249103
965	0.0060725
965.556	0.0116141
966.111	0.0123053
966.667	0.00462815
967.222	0.018356
967.778	0.0353701
968.333	0.0148405
968.889	0.00554976
969.444	0.0210945
970	0.0146713
970.556	0.0140792
971.111	0.029638
971.667	0.0332062
972.222	0.00227646
972.778	0.0205153
973.333	0.0147154
973.889	0.00417278
974.444	0.0249314
975	0.0329027
975.556	0.0156235
976.111	0.0097919
976.667	0.0196675
977.222	0.00825076
977.778	0.0145862
978.333	0.0245609
978.889	0.0246108
979.444	0.00103802
980	0.0156505
980.556	0.00389453
981.111	0.00219852
981.667	0.0173151
982.222	0.0152721
982.778	0.00896949
983.333	0.00233257
983.889	0.00406389
984.444	0.00661247
985	0.0103503
985.556	0.00759118
986.111	0.00492188
986.667	0.00281972
987.222	0.000412742
987.778	0.0138531
988.333	0.0104227
988.889	0.00384095
989.444	0.00564441
990	0.00281766
990.556	0.00913154
991.111	0.0149839
991.667	0.0218073
992.222	0.00632433
992.778	0.011652
993.333	0.0137358
993.889	0.00115638
994.444	0.0199247
995	0.0288091
995.556	0.019193
996.111	0.00937417
996.667	0.0231608
997.222	0.0105107
997.778	0.0184543
998.333	0.0278021
998.889	0.0288324
999.444	0.00187217
1000	0.0205842
1000.56	0.0205842
1001.11	0.00187217
1001.67	0.0288324
1002.22	0.0278021
1002.78	0.0184543
1003.33	0.0105107
1003.89	0.0231608
1004.44	0.00937417
1005	0.019193
1005.56	0.0288091
1006.11	0.0199247
1006.67	0.00115638
1007.22	0.0137358
1007.78	0.011652
1008.33	0.00632433
1008.89	0.0218073
1009.44	0.0149839
1010	0.00913154
1010.56	0.00281766
1011.11	0.00564441
1011.67	0.00384095
1012.22	0.0104227
1012.78	0.0138531
1013.33	0.000412742
1013.89	0.00281972
1014.44	0.00492188
1015	0.00759118
1015.56	0.0103503
1016.11	0.00661247
1016.67	0.00406389
1017.22	0.00233257
1017.78	0.00896949
1018.33	0.0152721
1018.89	0.0173151
1019.44	0.00219852
1020	0.00389453
1020.56	0.0156505
1021.11	0.00103802
1021.67	0.0246108
1022.22	0.0245609
1022.78	0.0145862
1023.33	0.00825076
1023.89	0.0196675
1024.44	0.0097919
1025	0.0156235
1025.56	0.0329027
1026.11	0.0249314
1026.67	0.00417278
1027.22	0.0147154
1027.78	0.0205153
1028.33	0.00227646
1028.89	0.0332062
1029.44	0.029638
1030	0.0140792
1030.56	0.0146713
1031.11	0.0210945
1031.67	0.00554976
1032.22	0.0148405
1032.78	0.0353701
1033.33	0.018356
1033.89	0.00462815
1034.44	0.0123053
1035	0.0116141
1035.56	0.0060725
1036.11	0.0249103
1036.67	0.017972
1037.22	0.00786127
1037.78	0.00918326
1038.33	0.00600809
1038.89	0.00729329
1039.44	0.00592148
1040	0.0205617
1040.56	0.00576039
1041.11	0.0024254
1041.67	0.0042475
1042.22	0.00703103
1042.78	0.00863441
1043.33	0.00457005
1043.89	0.00177044
1044.44	0.00263495
1045	0.00126549
1045.56	0.0150375
1046.11	0.0197996
1046.67	0.00282979
1047.22	0.00107408
1047.78	0.0102871
1048.33	0.000726128
1048.89	0.0235754
1049.44	0.0218068
1050	0.0161885
1050.56	0.0130782
1051.11	0.018234
1051.67	0.000235334
1052.22	0.0121987
1052.78	0.0308689
1053.33	0.025954
1053.89	0.00856932
1054.44	0.0159345
1055	0.0164085
1055.56	0.00456535
1056.11	0.0317281
1056.67	0.0261484
1057.22	0.0159941
1057.78	0.0188748
1058.33	0.0236005
1058.89	0.00445076
1059.44	0.0124756
1060	0.035708
1060.56	0.0229498
1061.11	0.00833075
1061.67	0.0157529
1062.22	0.012195
1062.78	0.0093407
1063.33	0.0267337
1063.89	0.0157465
1064.44	0.0149869
1065	0.0150049
1065.56	0.0144091
1066.11	0.0133105
1066.67	0.00762271
1067.22	0.0191582
1067.78	0.00539699
1068.33	0.00342149
1068.89	0.00166582
1069.44	0.000488373
1070	0.0141481
1070.56	0.00956291
1071.11	0.00442431
1071.67	0.00949458
1072.22	0.00054152
1072.78	0.00802896
1073.33	0.0204366
1073.89	0.00147772
1074.44	0.00121364
1075	0.0081798
1075.56	0.00292001
1076.11	0.0252562
1076.67	0.0110518
1077.22	0.015721
1077.78	0.0100312
1078.33	0.0225014
1078.89	0.00533733
1079.44	0.0155544
1080	0.0254299
1080.56	0.0232757
1081.11	0.00843625
1081.67	0.0156845
1082.22	0.0169622
1082.78	0.0094968
1083.33	0.0390224
1083.89	0.0171576
1084.44	0.0170605
1085	0.0166694
1085.56	0.0297124
1086.11	0.0073398
1086.67	0.0183968
1087.22	0.0338492
1087.78	0.0180136
1088.33	0.0114998
1088.89	0.0121835
1089.44	0.01833
1090	0.0117527
1090.56	0.0369072
1091.11	0.00982657
1091.67	0.0100089
1092.22	0.0109517
1092.78	0.0187966
1093.33	0.011259
1093.89	0.0114774
1094.44	0.024652
1095	0.00542098
1095.56	0.00725332
1096.11	0.00737087
1096.67	0.00773704
1097.22	0.0119077
1097.78	0.0179299
1098.33	0.0054471
1098.89	0.00649314
1099.44	0.00436958
1100	0.00471469
1100.56	0.0185864
1101.11	0.00256425
1101.67	0.00472197
1102.22	0.00715841
1102.78	0.00136514
1103.33	0.0325575
1103.89	0.00524348
1104.44	0.00782453
1105	0.00319556
1105.56	0.0207098
1106.11	0.00613948
1106.67	0.0160244
1107.22	0.0291416
1107.78	0.0199905
1108.33	0.017413
1108.89	0.00715776
1109.44	0.0158987
1110	0.00435865
1110.56	0.0478213
1111.11	0.0166774
1111.67	0.00536724
1112.22	0.0142114
1112.78	0.0264529
1113.33	0.00925285
1113.89	0.0156132
1114.44	0.0379036
1115	0.0200978
1115.56	0.0224842
1116.11	0.00891786
1116.67	0.013377
1117.22	0.00555081
1117.78	0.0421185
1118.33	0.014292
1118.89	0.00557481
1119.44	0.0116969
1120	0.0171181
1120.56	0.0159214
1121.11	0.00482015
1121.67	0.0297245
1122.22	0.0128485
1122.78	0.0180411
1123.33	0.00817775
1123.89	0.00306231
1124.44	0.00637777
1125	0.0224868
1125.56	0.00166581
1126.11	0.00623022
1126.67	0.0016897
1127.22	0.00202825
1127.78	0.023832
1128.33	0.0114513
1128.89	0.0067781
1129.44	0.00406411
1130	0.00908319
1130.56	0.0299815
1131.11	0.0113169
1131.67	0.00505357
1132.22	0.003963
1132.78	0.0184643
1133.33	0.0131997
1133.89	0.00953753
1134.44	0.0251467
1135	0.0280695
1135.56	0.0232801
1136.11	0.0109285
1136.67	0.00462356
1137.22	0.000619669
1137.78	0.0422505
1138.33	0.0162943
1138.89	0.00370035
1139.44	0.0200323
1140	0.030091
1140.56	0.0198069
1141.11	0.0127734
1141.67	0.0314989
1142.22	0.0284755
1142.78	0.0281382
1143.33	0.0166442
1143.89	0.00592255
1144.44	0.0085279
1145	0.0414184
1145.56	0.0124699
1146.11	0.00976716
1146.67	0.0164884
1147.22	0.0244022
1147.78	0.0266707
1148.33	0.00930845
1148.89	0.0205475
1149.44	0.0224607
1150	0.0210852
1150.56	0.00104699
1151.11	0.00232885
1151.67	0.00932797
1152.22	0.0231245
1152.78	0.00451752
1153.33	0.0127755
1153.89	0.00126001
1154.44	0.0103943
1155	0.0306903
1155.56	0.00659124
1156.11	1.92795e-05
1156.67	0.00955775
1157.22	0.00717695
1157.78	0.0235026
1158.33	0.00372426
1158.89	0.00922825
1159.44	0.00271742
1160	0.0259785
1160.56	0.0189447
1161.11	0.0148164
1161.67	0.0112774
1162.22	0.0301017
1162.78	0.017792
1163.33	0.0171609
1163.89	0.00270951
1164.44	0.00564822
1165	0.0443635
1165.56	0.00998147
1166.11	0.00380782
1166.67	0.00762581
1167.22	0.0427243
1167.78	0.0247537
1168.33	0.0244221
1168.89	0.0233577
1169.44	0.0253331
1170	0.0238599
1170.56	0.015124
1171.11	0.00669351
1171.67	0.0130244
1172.22	0.0500864
1172.78	0.00263663
1173.33	0.00359132
1173.89	0.00691633
1174.44	0.0340516
1175	0.0264654
1175.56	0.0202137
1176.11	0.0151262
1176.67	0.0178041
1177.22	0.0208459
1177.78	0.00159342
1178.33	0.00592169
1178.89	0.00995324
1179.44	0.0381729
1180	0.0123438
1180.56	0.0038031
1181.11	0.00793884
1181.67	0.0174028
1182.22	0.0272282
1182.78	0.00346903
1183.33	0.00359633
1183.89	0.0056425
1184.44	0.0118611
1185	0.0289097
1185.56	0.00064093
1186.11	0.000772053
1186.67	0.0182927
1187.22	0.0290377
1187.78	0.00831661
1188.33	0.0242799
1188.89	0.00796651
1189.44	0.0201284
1190	0.0154959
1190.56	0.0105976
1191.11	0.00087858
1191.67	0.000932451
1192.22	0.0550109
1192.78	0.00514006
1193.33	0.00766804
1193.89	0.00241099
1194.44	0.0341182
1195	0.018954
1195.56	0.0283834
1196.11	0.022882
1196.67	0.0217683
1197.22	0.0311181
1197.78	0.0084729
1198.33	0.00193373
1198.89	0.00169919
1199.44	0.0577721
1200	0.00549579
1200.56	0.0152974
1201.11	0.00102554
1201.67	0.0312137
1202.22	0.0208632
1202.78	0.0219023
1203.33	0.0219259
1203.89	0.0198608
1204.44	0.0360149
1205	0.00570023
1205.56	0.00250895
1206.11	0.00175612
1206.67	0.0451205
1207.22	0.00213581
1207.78	0.00730489
1208.33	0.00473709
1208.89	0.0134694
1209.44	0.0271459
1210	0.000733885
1210.56	0.00488268
1211.11	0.0175694
1211.67	0.0252776
1212.22	0.0270824
1212.78	0.00986188
1213.33	0.013388
1213.89	0.0202685
1214.44	0.016771
1215	0.00645612
1215.56	0.0183289
1216.11	0.0094769
1216.67	0.0297532
1217.22	0.0257351
1217.78	0.010092
1218.33	0.0171054
1218.89	0.0109835
1219.44	0.0466924
1220	0.0175617
1220.56	0.0196812
1221.11	0.000312814
1221.67	0.0275745
1222.22	0.0214936
1222.78	0.0249476
1223.33	0.0188199
1223.89	0.0307067
1224.44	0.0430178
1225	0.0193042
1225.56	0.0192246
1226.11	0.00250046
1226.67	0.0491874
1227.22	0.0123167
1227.78	0.0166208
1228.33	0.00630761
1228.89	0.0302764
1229.44	0.0353215
1230	0.0196938
1230.56	0.0153998
1231.11	0.0346809
1231.67	0.0405596
1232.22	0.0084695
1232.78	0.0145028
1233.33	0.00107951
1233.89	0.038561
1234.44	0.000607878
1235	0.00259153
1235.56	0.000243187
1236.11	0.0216611
1236.67	0.0368186
1237.22	0.00264231
1237.78	0.00689754
1238.33	0.0326076
1238.89	0.0273434
1239.44	0.0113459
1240	0.0186627
1240.56	0.00687128
1241.11	0.0190552
1241.67	0.0187927
1242.22	0.0149895
1242.78	0.0214788
1243.33	0.00845293
1243.89	0.0320524
1244.44	0.0197244
1245	0.0221503
1245.56	0.0270957
1246.11	0.00635521
1246.67	0.033893
1247.22	0.0116484
1247.78	0.0150084
1248.33	0.00155633
1248.89	0.0380408
1249.44	0.0300749
1250	0.0345884
1250.56	0.00278844
1251.11	0.0350007
1251.67	0.0353259
1252.22	0.0267109
1252.78	0.0245277
1253.33	0.0115116
1253.89	0.0451685
1254.44	0.00678598
1255	0.0165035
1255.56	0.00179263
1256.11	0.0423942
1256.67	0.0338355
1257.22	0.0348962
1257.78	0.000255537
1258.33	0.0264021
1258.89	0.0270656
1259.44	0.0185432
1260	0.0171465
1260.56	0.00996159
1261.11	0.039086
1261.67	0.00785501
1262.22	0.00814474
1262.78	0.0150668
1263.33	0.0335911
1263.89	0.0296447
1264.44	0.0262063
1265	0.0139272
1265.56	0.0266096
1266.11	0.0180881
1266.67	0.00937449
1267.22	0.0135179
1267.78	0.00922438
1268.33	0.0339731
1268.89	0.0272404
1269.44	0.00362446
1270	0.034364
1270.56	0.0187671
1271.11	0.0224579
1271.67	0.00257973
1272.22	0.0240931
1272.78	0.0220456
1273.33	0.00569907
1273.89	0.0387185
1274.44	0.0111392
1275	0.0270658
1275.56	0.0197781
1276.11	0.0373417
1276.67	0.0175454
1277.22	0.0556453
1277.78	0.00422365
1278.33	0.0171844
1278.89	0.025342
1279.44	0.0249246
1280	0.0197274
1280.56	0.00426297
1281.11	0.0529975
1281.67	0.00454094
1282.22	0.0312968
1282.78	0.0104754
1283.33	0.0331316
1283.89	0.0196953
1284.44	0.0493498
1285	0.00168287
1285.56	0.0183814
1286.11	0.033606
1286.67	0.00797979
1287.22	0.0201248
1287.78	0.0058992
1288.33	0.0574592
1288.89	0.000701069
1289.44	0.0290751
1290	0.0202894
1290.56	0.0226603
1291.11	0.0211778
1291.67	0.0295861
1292.22	0.00881537
1292.78	0.0168836
1293.33	0.0303931
1293.89	0.0142138
1294.44	0.0241654
1295	0.0244631
1295.56	0.0371435
1296.11	0.0123813
1296.67	0.016672
1297.22	0.0366091
1297.78	0.00525455
1298.33	0.0153558
1298.89	0.0015319
1299.44	0.0159874
1300	0.0312257
1300.56	0.0164155
1301.11	0.0360159
1301.67	0.022631
1302.22	0.0393285
1302.78	0.0183084
1303.33	0.0156314
1303.89	0.000891691
1304.44	0.0411556
1305	0.000128296
1305.56	0.017104
1306.11	0.032608
1306.67	0.0250582
1307.22	0.0391565
1307.78	0.00605024
1308.33	0.046543
1308.89	0.0266838
1309.44	0.0476957
1310	0.0080952
1310.56	0.0156568
1311.11	0.0181744
1311.67	0.0516764
1312.22	0.00289617
1312.78	0.0243074
1313.33	0.0413133
1313.89	0.018002
1314.44	0.044567
1315	0.0113151
1315.56	0.0442033
1316.11	0.0136125
1316.67	0.0329844
1317.22	0.00525882
1317.78	0.0168413
1318.33	0.0213624
1318.89	0.0271053
1319.44	0.0172099
1320	0.0348031
1320.56	0.035091
1321.11	0.00156718
1321.67	0.039196
1322.22	0.0154146
1322.78	0.0263013
1323.33	0.00866897
1323.89	0.0150631
1324.44	0.0262904
1325	0.0172619
1325.56	0.027545
1326.11	0.00555607
1326.67	0.0297915
1327.22	0.0440674
1327.78	0.0182282
1328.33	0.00767395
1328.89	0.0401653
1329.44	0.0369078
1330	0.00235044
1330.56	0.0129503
1331.11	0.00946273
1331.67	0.052728
1332.22	0.0138791
1332.78	0.0280803
1333.33	0.0168489
1333.89	0.038241
1334.44	0.0513801
1335	0.00601714
1335.56	0.0277653
1336.11	0.0311581
1336.67	0.0388547
1337.22	0.00536774
1337.78	0.0218349
1338.33	0.0279865
1338.89	0.0516008
1339.44	0.017996
1340	0.029012
1340.56	0.0325325
1341.11	0.0351391
1341.67	0.0394435
1342.22	0.00163898
1342.78	0.0296274
1343.33	0.0147672
1343.89	0.0266933
1344.44	0.00629115
1345	0.029756
1345.56	0.0301516
1346.11	0.0539192
1346.67	0.0281853
1347.22	0.0300005
1347.78	0.0146721
1348.33	0.0227346
1348.89	0.0430979
1349.44	0.000224783
1350	0.0242099
1350.56	0.000535784
1351.11	0.0135447
1351.67	0.0307903
1352.22	0.0325005
1352.78	0.0191268
1353.33	0.0271249
1353.89	0.0472999
1354.44	0.0262529
1355	0.00285677
1355.56	0.00430706
1356.11	0.0242391
1356.67	0.0275118
1357.22	0.0182797
1357.78	0.0133814
1358.33	0.00454248
1358.89	0.0654788
1359.44	0.0253498
1360	0.0109569
1360.56	0.00926442
1361.11	0.0408659
1361.67	0.0372439
1362.22	0.0129832
1362.78	0.028248
1363.33	0.0237482
1363.89	0.0550321
1364.44	0.00853463
1365	0.023662
1365.56	0.0108808
1366.11	0.0797317
1366.67	0.0261403
1367.22	0.00441109
1367.78	0.00357986
1368.33	0.0357175
1368.89	0.0315131
1369.44	0.00361103
1370	0.0404378
1370.56	0.0185828
1371.11	0.0461081
1371.67	0.0296129
1372.22	0.0256814
1372.78	0.0160342
1373.33	0.0769589
1373.89	0.0278132
1374.44	0.00869058
1375	0.00381664
1375.56	0.0188167
1376.11	0.0347024
1376.67	0.0246238
1377.22	0.0405228
1377.78	0.00268126
1378.33	0.0428425
1378.89	0.0456884
1379.44	0.0176942
1380	0.00378889
1380.56	0.0381276
1381.11	0.031885
1381.67	0.0254544
1382.22	0.00167388
1382.78	0.0105709
1383.33	0.0337876
1383.89	0.0461128
1384.44	0.0276123
1385	0.0102604
1385.56	0.020707
1386.11	0.0617463
1386.67	0.0215153
1387.22	0.0065399
1387.78	0.000938028
1388.33	0.0350211
1388.89	0.033706
1389.44	0.0017488
1390	0.0214013
1390.56	0.0293954
1391.11	0.0662056
1391.67	0.0138926
1392.22	0.00606094
1392.78	0.00827029
1393.33	0.0731342
1393.89	0.00837841
1394.44	0.00398216
1395	0.0128923
1395.56	0.0295147
1396.11	0.0504604
1396.67	0.00565743
1397.22	0.038141
1397.78	0.0271001
1398.33	0.0723011
1398.89	0.0156542
1399.44	0.00651157
1400	0.00781047
1400.56	0.0523337
1401.11	0.0215621
1401.67	0.00949717
1402.22	0.0166895
1402.78	0.0269334
1403.33	0.0544966
1403.89	0.0193944
1404.44	0.0180534
1405	0.0305268
1405.56	0.0505475
1406.11	0.0256456
1406.67	0.002274
1407.22	0.00661487
1407.78	0.0290731
1408.33	0.0297863
1408.89	0.0433978
1409.44	0.000775973
1410	0.0167816
1410.56	0.0496924
1411.11	0.0448239
1411.67	0.00085555
1412.22	0.0293557
1412.78	0.0231588
1413.33	0.0351039
1413.89	0.00843306
1414.44	0.00438995
1415	0.00270974
1415.56	0.047484
1416.11	0.0477024
1416.67	0.0125095
1417.22	0.00189136
1417.78	0.0476749
1418.33	0.0580116
1418.89	0.000469439
1419.44	0.026113
1420	0.00808987
1420.56	0.0589165
1421.11	0.0230431
1421.67	0.0135584
1422.22	0.00665508
1422.78	0.0479722
1423.33	0.0674658
1423.89	0.00897745
1424.44	0.00339666
1425	0.0331836
1425.56	0.0512594
1426.11	0.00623983
1426.67	0.0122993
1427.22	0.0197511
1427.78	0.0549817
1428.33	0.0378883
1428.89	0.0118587
1429.44	0.00556613
1430	0.0500009
1430.56	0.0553845
1431.11	0.0113352
1431.67	0.00981929
1432.22	0.0441565
1432.78	0.0384088
1433.33	0.0124215
1433.89	0.000259876
1434.44	0.00937925
1435	0.0374296
1435.56	0.0578084
1436.11	0.0170627
1436.67	0.0150226
1437.22	0.0460763
1437.78	0.0422658
1438.33	0.0255968
1438.89	0.0129941
1439.44	0.0205216
1440	0.0169988
1440.56	0.0621515
1441.11	0.0146754
1441.67	0.00175904
1442.22	0.0243719
1442.78	0.0549346
1443.33	0.0273424
1443.89	0.044972
1444.44	0.0136641
1445	0.0427637
1445.56	0.0536317
1446.11	0.00205851
1446.67	0.02247
1447.22	0.00609525
1447.78	0.0638798
1448.33	0.0435769
1448.89	0.0214284
1449.44	0.0110564
1450	0.0527807
1450.56	0.0593115
1451.11	0.0533328
1451.67	0.00931298
1452.22	0.0176667
1452.78	0.0692118
1453.33	0.00889686
1453.89	0.0117875
1454.44	0.00636845
1455	0.078939
1455.56	0.0296754
1456.11	0.00858166
1456.67	0.0388096
1457.22	0.0574572
1457.78	0.0475548
1458.33	0.0171032
1458.89	0.0031391
1459.44	0.0245683
1460	0.0527618
1460.56	0.0251742
1461.11	0.0010996
1461.67	0.0129901
1462.22	0.0605343
1462.78	0.0424091
1463.33	0.00721213
1463.89	0.0364085
1464.44	0.031459
1465	0.0202845
1465.56	0.0202692
1466.11	0.0062043
1466.67	0.0169347
1467.22	0.0547001
1467.78	0.0562651
1468.33	0.0104084
1468.89	0.0157158
1469.44	0.0452615
1470	0.039634
1470.56	0.00270881
1471.11	0.0438827
1471.67	0.0237384
1472.22	0.0415182
1472.78	0.0403617
1473.33	0.00719917
1473.89	0.0293684
1474.44	0.0220803
1475	0.0689218
1475.56	0.00546014
1476.11	0.0418956
1476.67	0.0322949
1477.22	0.0541076
1477.78	0.0484901
1478.33	0.0412813
1478.89	0.00805099
1479.44	0.0139734
1480	0.0767147
1480.56	0.0150129
1481.11	0.0447993
1481.67	0.0337414
1482.22	0.063377
1482.78	0.00568034
1483.33	0.0284817
1483.89	0.00961686
1484.44	0.04389
1485	0.0522738
1485.56	0.00983264
1486.11	0.0129126
1486.67	0.0298643
1487.22	0.0874229
1487.78	0.0430623
1488.33	0.0496051
1488.89	0.0382393
1489.44	0.0581831
1490	0.0194631
1490.56	0.00339541
1491.11	0.00103824
1491.67	0.0175203
1492.22	0.0658142
1492.78	0.00777635
1493.33	0.00321519
1493.89	0.047192
1494.44	0.0598486
1495	0.0287337
1495.56	0.02332
1496.11	0.0283896
1496.67	0.0131365
1497.22	0.0188878
1497.78	0.0118492
1498.33	0.0143507
1498.89	0.0330835
1499.44	0.0323232
1500	0.0364692
1500.56	0.010344
1501.11	0.0842704
1501.67	0.0596245
1502.22	0.0506233
1502.78	0.029522
1503.33	0.0224767
1503.89	0.0253894
1504.44	0.0581029
1505	0.0379555
1505.56	0.0453079
1506.11	0.0170289
1506.67	0.059627
1507.22	0.0541701
1507.78	0.0193876
1508.33	0.0520951
1508.89	0.0140183
1509.44	0.0639131
1510	0.0197771
1510.56	0.0330993
1511.11	0.00825602
1511.67	0.0341473
1512.22	0.071991
1512.78	0.0463573
1513.33	0.0304208
1513.89	0.0435289
1514.44	0.0815858
1515	0.000396121
1515.56	0.0488024
1516.11	0.00638462
1516.67	0.041483
1517.22	0.00420369
1517.78	0.00408172
1518.33	0.0165116
1518.89	0.0773694
1519.44	0.0623391
1520	0.019191
1520.56	0.0291464
1521.11	0.0364857
1521.67	0.0148097
1522.22	0.0200846
1522.78	0.0068742
1523.33	0.0504859
1523.89	0.0184846
1524.44	0.0600283
1525	0.0110365
1525.56	0.0478925
1526.11	0.0805996
1526.67	0.0520794
1527.22	0.0386998
1527.78	0.0210345
1528.33	0.0487059
1528.89	0.0176628
1529.44	0.0414541
1530	0.0106119
1530.56	0.0385987
1531.11	0.0509926
1531.67	0.0212889
1532.22	0.0491215
1532.78	0.0692906
1533.33	0.0512621
1533.89	0.0178284
1534.44	0.00410422
1535	0.000241005
1535.56	0.0538436
1536.11	0.02551
1536.67	0.0676932
1537.22	0.0116403
1537.78	0.0369951
1538.33	0.0457463
1538.89	0.0516366
1539.44	0.056675
1540	0.0600858
1540.56	0.0444438
1541.11	0.0318028
1541.67	0.0292158
1542.22	0.0169471
1542.78	0.0269969
1543.33	0.0184998
1543.89	0.0900613
1544.44	0.021823
1545	0.0561899
1545.56	0.0374323
1546.11	0.0617005
1546.67	0.0311556
1547.22	0.0476059
1547.78	0.0519905
1548.33	0.0485703
1548.89	0.0313584
1549.44	0.0374454
1550	0.0043557
1550.56	0.0487689
1551.11	0.0511424
1551.67	0.0097985
1552.22	0.000709662
1552.78	0.0595236
1553.33	0.0572843
1553.89	0.00742075
1554.44	0.0217901
1555	0.00427739
1555.56	0.0465075
1556.11	0.00696525
1556.67	0.0538463
1557.22	0.00945637
1557.78	0.0919988
1558.33	0.0376891
1558.89	0.0325885
1559.44	0.0143282
1560	0.0696361
1560.56	0.0312463
1561.11	0.0103413
1561.67	0.0208791
1562.22	0.00465876
1562.78	0.0509987
1563.33	0.0429674
1563.89	0.0896223
1564.44	0.000969076
1565	0.0648896
1565.56	0.0650507
1566.11	0.0112607
1566.67	0.0349499
1567.22	0.0619783
1567.78	0.0517448
1568.33	0.0425261
1568.89	0.000645247
1569.44	0.0122084
1570	0.000951703
1570.56	0.0271722
1571.11	0.0429267
1571.67	0.0299461
1572.22	0.0910605
1572.78	0.0308079
1573.33	0.0253782
1573.89	0.0288128
1574.44	0.0454433
1575	0.0329687
1575.56	0.0427638
1576.11	0.0682037
1576.67	0.00186952
1577.22	0.0301559
1577.78	0.086965
1578.33	0.0405812
1578.89	0.0177869
1579.44	0.0120913
1580	0.0224468
1580.56	0.0128854
1581.11	0.0546594
1581.67	0.0115768
1582.22	0.0492566
1582.78	0.0703879
1583.33	0.0274734
1583.89	0.0207362
1584.44	0.0429421
1585	0.0892805
1585.56	0.0261408
1586.11	0.0251002
1586.67	0.0331277
1587.22	0.054756
1587.78	0.0481298
1588.33	0.00336387
1588.89	0.0135051
1589.44	0.0486223
1590	0.0676676
1590.56	0.0467128
1591.11	0.0200049
1591.67	0.0565663
1592.22	0.0375437
1592.78	0.0214239
1593.33	0.0252146
1593.89	0.0475186
1594.44	0.051617
1595	0.0496328
1595.56	0.045899
1596.11	0.0444439
1596.67	0.0589463
1597.22	0.124545
1597.78	0.00679509
1598.33	0.0531921
1598.89	0.0647481
1599.44	0.042924
1600	0.0134772
1600.56	0.000363239
1601.11	0.0334833
1601.67	0.0348358
1602.22	0.0758508
1602.78	0.015946
1603.33	0.00282792
1603.89	0.0346447
1604.44	0.0791705
1605	0.0447479
1605.56	0.0332593
1606.11	0.00529937
1606.67	0.05677
1607.22	0.088142
1607.78	0.105022
1608.33	0.00478163
1608.89	0.0368734
1609.44	0.0425596
1610	0.0966494
1610.56	0.0158756
1611.11	0.0396797
1611.67	0.0570557
1612.22	0.0527783
1612.78	0.0197926
1613.33	0.0322443
1613.89	0.00318016
1614.44	0.0528936
1615	0.0312521
1615.56	0.0421226
1616.11	0.0109374
1616.67	0.0189491
1617.22	0.00187966
1617.78	0.0291922
1618.33	0.00782862
1618.89	0.0175288
1619.44	0.0693838
1620	0.0300695
1620.56	0.0404151
1621.11	0.0390182
1621.67	0.085207
1622.22	0.0595614
1622.78	0.0135331
1623.33	0.0425716
1623.89	0.0189857
1624.44	0.106714
1625	0.0214285
1625.56	0.00736951
1626.11	0.0173376
1626.67	0.0559913
1627.22	0.0458002
1627.78	0.0857486
1628.33	0.0125042
1628.89	0.0603235
1629.44	0.0340829
1630	0.052372
1630.56	0.0496432
1631.11	0.111455
1631.67	0.0203254
1632.22	0.0580947
1632.78	0.00739691
1633.33	0.00429544
1633.89	0.0721529
1634.44	0.082983
1635	0.00694794
1635.56	0.0327629
1636.11	0.0538623
1636.67	0.106124
1637.22	0.0388122
1637.78	0.0431574
1638.33	0.0157681
1638.89	0.0264795
1639.44	0.0698668
1640	0.107161
1640.56	0.0104033
1641.11	0.0402091
1641.67	0.0355455
1642.22	0.0337201
1642.78	0.0410859
1643.33	0.0880079
1643.89	0.0277563
1644.44	0.0231378
1645	0.0158373
1645.56	0.0239013
1646.11	0.0726536
1646.67	0.0427799
1647.22	0.0110563
1647.78	0.0248911
1648.33	0.030689
1648.89	0.125422
1649.44	0.0474491
1650	0.033064
1650.56	0.0715066
1651.11	0.0850275
1651.67	0.0411459
1652.22	0.0781775
1652.78	0.00488172
1653.33	0.0315103
1653.89	0.0576269
1654.44	0.0791509
1655	0.0932974
1655.56	0.0358895
1656.11	0.106703
1656.67	0.0898924
1657.22	0.00573472
1657.78	0.0533946
1658.33	0.0140731
1658.89	0.0240929
1659.44	0.0787698
1660	0.0621436
1660.56	0.0125211
1661.11	0.142056
1661.67	0.103155
1662.22	0.0717621
1662.78	0.0379835
1663.33	0.0432232
1663.89	0.00381213
1664.44	0.0985893
1665	0.0690027
1665.56	0.067229
1666.11	0.0956858
1666.67	0.127517
1667.22	0.0153293
1667.78	0.0146931
1668.33	0.106814
1668.89	0.00234542
1669.44	0.00646463
1670	0.111814
1670.56	0.00500672
1671.11	0.0370216
1671.67	0.075761
1672.22	0.0346212
1672.78	0.0349767
1673.33	0.091316
1673.89	0.0618145
1674.44	0.0991663
1675	0.0357802
1675.56	0.114927
1676.11	0.101271
1676.67	0.0684487
1677.22	0.0114139
1677.78	0.0625869
1678.33	0.0143196
1678.89	0.0396123
1679.44	0.115079
1680	0.0480477
1680.56	0.136487
1681.11	0.044135
1681.67	0.0202918
1682.22	0.0267841
1682.78	0.0669894
1683.33	0.0992193
1683.89	0.06524
1684.44	0.0424405
1685	0.056841
1685.56	0.0940323
1686.11	0.0902486
1686.67	0.0777962
1687.22	0.0498308
1687.78	0.108826
1688.33	0.0326902
1688.89	0.00226817
1689.44	0.0113758
1690	0.000651181
1690.56	0.00103519
1691.11	0.0990615
1691.67	0.0159032
1692.22	0.0644652
1692.78	0.128776
1693.33	0.0569037
1693.89	0.114739
1694.44	0.0127251
1695	0.0386108
1695.56	0.00732486
1696.11	0.00648627
1696.67	0.0673717
1697.22	0.0879708
1697.78	0.188923
1698.33	0.0830262
1698.89	0.155616
1699.44	0.0462039
1700	0.0382472
1700.56	0.109951
1701.11	0.0746141
1701.67	0.0232521
1702.22	0.00145026
1702.78	0.0268556
1703.33	0.139872
1703.89	0.106152
1704.44	0.0357192
1705	0.0867586
1705.56	0.179982
1706.11	0.0677921
1706.67	0.0831358
1707.22	0.0626462
1707.78	0.00807665
1708.33	0.147675
1708.89	0.0648163
1709.44	0.0638926
1710	0.0732269
1710.56	0.149073
1711.11	0.00752077
1711.67	0.0106549
1712.22	0.043163
1712.78	0.128796
1713.33	0.0027605
1713.89	0.0922147
1714.44	0.213739
1715	0.126963
1715.56	0.0815403
1716.11	0.0450849
1716.67	0.0190424
1717.22	0.000640434
1717.78	0.176214
1718.33	0.0331728
1718.89	0.0489749
1719.44	0.0297067
1720	0.056613
1720.56	0.125793
1721.11	0.0369873
1721.67	0.140026
1722.22	0.195501
1722.78	0.0894336
1723.33	0.139008
1723.89	0.0492133
1724.44	0.170803
1725	0.0459735
1725.56	0.0442942
1726.11	0.0570271
1726.67	0.0176143
1727.22	0.127984
1727.78	0.0144056
1728.33	0.107602
1728.89	0.129321
1729.44	0.0646388
1730	0.0033264
1730.56	0.117705
1731.11	0.204466
1731.67	0.0333714
1732.22	0.251663
1732.78	0.166988
1733.33	0.0498614
1733.89	0.0498854
1734.44	0.0955916
1735	0.141741
1735.56	0.0239336
1736.11	0.00346744
1736.67	0.123986
1737.22	0.0321226
1737.78	0.068908
1738.33	0.101559
1738.89	0.0767205
1739.44	0.0139762
1740	0.11246
1740.56	0.0382494
1741.11	0.0185611
1741.67	0.387215
1742.22	0.0324314
1742.78	0.105019
1743.33	0.0479509
1743.89	0.178065
1744.44	0.0962065
1745	0.0435447
1745.56	0.131094
1746.11	0.0181256
1746.67	0.161905
1747.22	0.0516195
1747.78	0.132756
1748.33	0.0666136
1748.89	0.169575
1749.44	0.181018
1750	0.0935791
1750.56	0.0221591
1751.11	0.0805311
1751.67	0.215412
1752.22	0.211292
1752.78	0.128506
1753.33	0.141689
1753.89	0.0247888
1754.44	0.075836
1755	0.0211177
1755.56	0.12928
1756.11	0.397201
1756.67	0.0747343
1757.22	0.0599826
1757.78	0.156715
1758.33	0.112331
1758.89	0.118655
1759.44	0.0389833
1760	0.0965794
1760.56	0.14483
1761.11	0.210058
1761.67	0.48843
1762.22	0.253592
1762.78	0.0531827
1763.33	0.0849469
1763.89	0.0651699
1764.44	0.0971206
1765	0.0413463
1765.56	0.155799
1766.11	0.209582
1766.67	0.298213
1767.22	0.142805
1767.78	0.169811
1768.33	0.236569
1768.89	0.0761638
1769.44	0.0693747
1770	0.140955
1770.56	0.0052879
1771.11	0.0940286
1771.67	0.033982
1772.22	0.121546
1772.78	0.0188855
1773.33	0.0441816
1773.89	0.168649
1774.44	0.0495422
1775	0.014387
1775.56	0.0340966
1776.11	0.0509122
1776.67	0.270588
1777.22	0.00605784
1777.78	0.00955149
1778.33	0.178225
1778.89	0.000439548
1779.44	0.329293
1780	0.107561
1780.56	0.0712212
1781.11	0.133938
1781.67	0.0400165
1782.22	0.210291
1782.78	0.0962874
1783.33	0.212491
1783.89	0.212486
1784.44	0.173354
1785	0.00116278
1785.56	0.243201
1786.11	0.00500853
1786.67	0.262382
1787.22	0.199608
1787.78	0.0768127
1788.33	0.157742
1788.89	0.158144
1789.44	0.0800752
1790	0.237007
1790.56	0.21137
1791.11	0.0307041
1791.67	0.0512016
1792.22	0.0131955
1792.78	0.102385
1793.33	0.156082
1793.89	0.0339112
1794.44	0.286482
1795	0.316844
1795.56	0.462354
1796.11	0.140421
1796.67	0.119086
1797.22	0.426737
1797.78	0.0493473
1798.33	0.134922
1798.89	0.0675666
1799.44	0.00569307
1800	0.0320112
1800.56	0.513471
1801.11	0.220711
1801.67	0.452509
1802.22	0.0539519
1802.78	0.427567
1803.33	0.177014
1803.89	0.575804
1804.44	0.0621706
1805	0.0993212
1805.56	0.278021
1806.11	0.00601091
1806.67	0.513731
1807.22	0.534983
1807.78	0.0173336
1808.33	0.220126
1808.89	0.170146
1809.44	0.253621
1810	0.0840479
1810.56	0.0363209
1811.11	0.2216
1811.67	0.0400633
1812.22	0.15909
1812.78	0.132475
1813.33	0.222886
1813.89	0.0503238
1814.44	0.3751
1815	0.0662272
1815.56	0.301432
1816.11	0.0724591
1816.67	0.0605541
1817.22	0.103429
1817.78	0.206236
1818.33	0.762129
1818.89	0.177848
1819.44	0.109337
1820	0.0246499
1820.56	0.0784252
1821.11	0.00453679
1821.67	0.287346
1822.22	0.24264
1822.78	0.214508
1823.33	0.294195
1823.89	0.68922
1824.44	0.29544
1825	0.148403
1825.56	0.308055
1826.11	0.401772
1826.67	0.887489
1827.22	0.405555
1827.78	0.0953133
1828.33	0.305211
1828.89	0.207601
1829.44	0.439648
1830	0.275396
1830.56	0.11866
1831.11	0.0335969
1831.67	0.00840672
1832.22	0.24987
1832.78	0.0106875
1833.33	0.0837077
1833.89	0.217128
1834.44	0.307989
1835	0.148057
1835.56	0.103239
1836.11	0.184173
1836.67	0.682688
1837.22	0.0655881
1837.78	0.338911
1838.33	0.195115
1838.89	0.0791702
1839.44	0.0954285
1840	0.689367
1840.56	0.531894
1841.11	0.120586
1841.67	0.351192
1842.22	0.536212
1842.78	0.243238
1843.33	0.936228
1843.89	0.257131
1844.44	0.207458
1845	0.30217
1845.56	0.318377
1846.11	0.170927
1846.67	0.234543
1847.22	0.301161
1847.78	0.148666
1848.33	1.14223
1848.89	0.109362
1849.44	0.530363
1850	0.314374
1850.56	0.396937
1851.11	0.502294
1851.67	0.305413
1852.22	0.548536
1852.78	0.666146
1853.33	0.0928124
1853.89	0.261606
1854.44	0.746369
1855	0.878371
1855.56	1.25868
1856.11	0.287195
1856.67	1.06513
1857.22	0.124679
1857.78	1.62661
1858.33	1.63783
1858.89	1.17461
1859.44	0.153473
1860	0.884856
1860.56	0.77336
1861.11	2.11395
1861.67	0.533234
1862.22	1.44068
1862.78	0.786037
1863.33	0.262256
1863.89	1.08684
1864.44	0.315724
1865	1.10401
1865.56	0.376588
1866.11	0.421982
1866.67	0.4457
1867.22	0.382154
1867.78	0.246834
1868.33	1.07745
1868.89	0.138756
1869.44	0.50456
1870	0.183289
1870.56	0.508614
1871.11	0.198112
1871.67	0.0938549
1872.22	0.0446115
1872.78	0.117718
1873.33	0.736321
1873.89	0.153054
1874.44	0.0379669
1875	1.532
1875.56	0.0130305
1876.11	1.39423
1876.67	0.933204
1877.22	0.143306
1877.78	0.844402
1878.33	0.00736275
1878.89	0.228548
1879.44	0.612237
1880	0.758825
1880.56	1.38053
1881.11	0.168264
1881.67	0.367816
1882.22	0.724341
1882.78	0.26091
1883.33	0.379242
1883.89	0.187195
1884.44	0.146132
1885	0.262303
1885.56	1.11143
1886.11	0.350255
1886.67	0.452309
1887.22	0.317595
1887.78	0.608549
1888.33	0.308919
1888.89	0.0624263
1889.44	1.16914
1890	2.22713
1890.56	0.291245
1891.11	0.153846
1891.67	1.02515
1892.22	0.310469
1892.78	0.186468
1893.33	1.01208
1893.89	0.319537
1894.44	0.671521
1895	0.44553
1895.56	0.173521
1896.11	1.05486
1896.67	0.957315
1897.22	0.408803
1897.78	0.195643
1898.33	0.587432
1898.89	1.29393
1899.44	1.3379
1900	0.538875
1900.56	0.032451
1901.11	0.163525
1901.67	1.08565
1902.22	0.427014
1902.78	0.621313
1903.33	0.881365
1903.89	0.656496
1904.44	0.712198
1905	0.35025
1905.56	0.26449
1906.11	0.931939
1906.67	0.258159
1907.22	0.173036
1907.78	0.440494
1908.33	1.11244
1908.89	2.07869
1909.44	1.70436
1910	0.885746
1910.56	1.02719
1911.11	0.30574
1911.67	0.281837
1912.22	0.118171
1912.78	1.20989
1913.33	2.30853
1913.89	0.795852
1914.44	0.298664
1915	1.43671
1915.56	1.06838
1916.11	0.0734624
1916.67	0.536206
1917.22	0.644105
1917.78	0.141859
1918.33	0.270394
1918.89	0.551016
1919.44	0.188045
1920	0.593028
1920.56	1.4738
1921.11	1.5867
1921.67	1.25708
1922.22	1.52545
1922.78	0.791812
1923.33	0.763394
1923.89	0.448283
1924.44	0.18868
1925	0.699996
1925.56	1.14358
1926.11	0.318334
1926.67	1.09325
1927.22	3.2333
1927.78	0.61239
1928.33	0.477579
1928.89	0.0587902
1929.44	0.913281
1930	1.89974
1930.56	0.550152
1931.11	1.8057
1931.67	0.195949
1932.22	1.04143
1932.78	1.08282
1933.33	0.390107
1933.89	0.431928
1934.44	0.329133
1935	1.05735
1935.56	1.56561
1936.11	0.194404
1936.67	1.28724
1937.22	0.332469
1937.78	1.57109
1938.33	1.60701
1938.89	0.644269
1939.44	0.807398
1940	1.29529
1940.56	0.829849
1941.11	0.342613
1941.67	0.242707
1942.22	0.253033
1942.78	0.596453
1943.33	0.218608
1943.89	1.38956
1944.44	0.640006
1945	0.102529
1945.56	0.32131
1946.11	0.720651
1946.67	1.74494
1947.22	1.23595
1947.78	0.51487
1948.33	0.595526
1948.89	0.199715
1949.44	2.56293
1950	0.173073
1950.56	0.137
1951.11	0.361687
1951.67	2.9777
1952.22	0.867758
1952.78	0.561915
1953.33	0.317861
1953.89	0.495848
1954.44	1.11869
1955	1.07041
1955.56	0.690365
1956.11	0.460038
1956.67	1.98196
1957.22	1.59438
1957.78	0.688957
1958.33	0.536649
1958.89	2.36852
1959.44	0.36718
1960	0.999587
1960.56	0.184832
1961.11	2.4852
1961.67	0.396953
1962.22	0.668363
1962.78	1.0039
1963.33	1.22428
1963.89	0.910524
1964.44	1.0569
1965	0.40049
1965.56	0.146757
1966.11	1.45345
1966.67	0.468786
1967.22	1.2111
1967.78	0.252749
1968.33	0.865023
1968.89	0.311074
1969.44	2.21911
1970	0.155663
1970.56	1.36776
1971.11	0.18698
1971.67	0.915195
1972.22	0.0137372
1972.78	1.17044
1973.33	0.376143
1973.89	0.37594
1974.44	0.628516
1975	0.132453
1975.56	0.822026
1976.11	1.47351
1976.67	2.9274
1977.22	0.120366
1977.78	0.473994
1978.33	0.169997
1978.89	0.859428
1979.44	2.40274
1980	1.16668
1980.56	1.11446
1981.11	0.0760395
1981.67	2.14937
1982.22	2.36543
1982.78	0.349349
1983.33	1.56353
1983.89	1.27672
1984.44	2.15257
1985	0.317557
1985.56	0.430342
1986.11	0.932925
1986.67	0.582688
1987.22	0.917115
1987.78	0.708688
1988.33	0.123438
1988.89	0.813055
1989.44	1.0374
1990	0.148528
1990.56	1.35898
1991.11	1.73685
1991.67	1.59989
1992.22	0.269512
1992.78	0.22902
1993.33	1.03444
1993.89	0.150274
1994.44	0.213044
1995	0.951138
1995.56	0.33941
1996.11	0.529387
1996.67	3.36274
1997.22	0.621648
1997.78	0.356828
1998.33	0.955931
1998.89	1.23069
1999.44	0.781797
2000	1.82156
