t	etaU
0	1.39119e-14
0.555556	1.57634
1.11111	2.10843
1.66667	2.9613
2.22222	0.178017
2.77778	0.499963
3.33333	0.0988032
3.88889	0.710673
4.44444	1.55183
5	0.314642
5.55556	4.16812
6.11111	2.11626
6.66667	1.44085
7.22222	1.10935
7.77778	1.61073
8.33333	3.09359
8.88889	0.393594
9.44444	0.582628
10	2.15769
10.5556	3.23331
11.1111	2.7033
11.6667	0.781855
12.2222	4.30071
12.7778	4.26987
13.3333	1.75576
13.8889	1.33411
14.4444	0.578127
15	0.206073
15.5556	1.13752
16.1111	0.257398
16.6667	0.241518
17.2222	0.154184
17.7778	1.93448
18.3333	1.13481
18.8889	0.299676
19.4444	0.312911
20	3.59704
20.5556	2.27708
21.1111	1.49087
21.6667	2.09905
22.2222	0.734887
22.7778	3.49085
23.3333	0.34878
23.8889	3.54111
24.4444	1.51377
25	1.8877
25.5556	1.8888
26.1111	1.73576
26.6667	0.408755
27.2222	4.72125
27.7778	1.98928
28.3333	0.953789
28.8889	3.92968
29.4444	0.819399
30	1.45209
30.5556	0.743034
31.1111	3.46879
31.6667	2.48984
32.2222	4.11381
32.7778	0.111079
33.3333	2.34529
33.8889	0.106052
34.4444	3.01723
35	4.09699
35.5556	2.89642
36.1111	0.785269
36.6667	1.89937
37.2222	2.87085
37.7778	1.95821
38.3333	0.0882466
38.8889	1.21941
39.4444	1.85474
40	0.785944
40.5556	0.876219
41.1111	0.701959
41.6667	1.58201
42.2222	0.23654
42.7778	0.575711
43.3333	0.866693
43.8889	2.24526
44.4444	0.053073
45	2.63098
45.5556	1.56785
46.1111	0.0988776
46.6667	2.61829
47.2222	2.64833
47.7778	2.4124
48.3333	0.536612
48.8889	0.533856
49.4444	1.93907
50	3.55186
50.5556	1.48901
51.1111	0.762863
51.6667	1.46473
52.2222	0.494084
52.7778	0.85242
53.3333	0.738517
53.8889	1.24531
54.4444	3.06541
55	0.875628
55.5556	0.404211
56.1111	1.57718
56.6667	1.35163
57.2222	0.383885
57.7778	2.86668
58.3333	1.08111
58.8889	0.749967
59.4444	0.116618
60	2.32816
60.5556	1.03534
61.1111	0.618321
61.6667	2.07628
62.2222	3.12092
62.7778	1.07806
63.3333	2.198
63.8889	1.50229
64.4444	0.249499
65	4.30476
65.5556	3.47125
66.1111	0.0518409
66.6667	2.16031
67.2222	0.827519
67.7778	0.381574
68.3333	0.100124
68.8889	2.46653
69.4444	1.04616
70	2.32699
70.5556	0.318745
71.1111	0.173471
71.6667	1.2011
72.2222	0.0900723
72.7778	0.502531
73.3333	1.34966
73.8889	0.712013
74.4444	0.62229
75	2.21588
75.5556	0.451573
76.1111	1.67073
76.6667	0.37912
77.2222	0.467254
77.7778	1.56
78.3333	1.2182
78.8889	0.42699
79.4444	1.09043
80	0.856731
80.5556	0.731635
81.1111	0.340498
81.6667	0.777319
82.2222	2.0549
82.7778	2.58327
83.3333	0.0755777
83.8889	1.9135
84.4444	1.19651
85	0.810042
85.5556	0.857059
86.1111	4.20772
86.6667	0.0817003
87.2222	2.40793
87.7778	0.555271
88.3333	0.084513
88.8889	0.566729
89.4444	1.6245
90	3.5969
90.5556	1.73612
91.1111	1.01879
91.6667	1.02005
92.2222	0.961166
92.7778	1.49917
93.3333	1.82468
93.8889	2.37477
94.4444	0.269078
95	0.945471
95.5556	0.326608
96.1111	1.01394
96.6667	0.73108
97.2222	0.416087
97.7778	0.811775
98.3333	0.875657
98.8889	3.81499
99.4444	2.8683
100	1.93496
100.556	0.0493225
101.111	0.381855
101.667	0.163915
102.222	0.622201
102.778	1.95519
103.333	1.98859
103.889	1.57834
104.444	0.0886287
105	3.48924
105.556	1.6361
106.111	1.74942
106.667	1.57937
107.222	1.07983
107.778	1.3745
108.333	0.559853
108.889	0.303123
109.444	0.848279
110	1.36783
110.556	0.103739
111.111	2.12167
111.667	0.218937
112.222	0.712823
112.778	0.856497
113.333	0.604564
113.889	0.694686
114.444	1.31782
115	3.1451
115.556	1.71535
116.111	0.72537
116.667	3.68801
117.222	1.01802
117.778	3.24276
118.333	1.15678
118.889	0.818297
119.444	0.825739
120	2.47548
120.556	2.41979
121.111	0.736747
121.667	0.197334
122.222	2.93338
122.778	0.779659
123.333	0.876561
123.889	1.44539
124.444	0.826422
125	1.25872
125.556	2.62271
126.111	0.814319
126.667	0.491661
127.222	2.40115
127.778	1.88707
128.333	0.782647
128.889	0.0201701
129.444	0.194134
130	0.659696
130.556	1.90989
131.111	1.26186
131.667	3.90393
132.222	0.859267
132.778	0.110601
133.333	2.11134
133.889	0.0562602
134.444	0.566206
135	0.136001
135.556	0.00617493
136.111	1.6405
136.667	1.70299
137.222	0.127433
137.778	1.03707
138.333	1.27024
138.889	1.44626
139.444	0.748073
140	0.607082
140.556	0.884799
141.111	0.454476
141.667	1.55027
142.222	1.68098
142.778	1.0875
143.333	0.0192348
143.889	1.25361
144.444	1.23908
145	0.262197
145.556	0.163522
146.111	1.69989
146.667	0.373083
147.222	0.297414
147.778	0.0964335
148.333	1.304
148.889	1.38359
149.444	1.18684
150	0.330289
150.556	0.497014
151.111	0.973576
151.667	0.775665
152.222	0.77406
152.778	0.937318
153.333	0.645657
153.889	0.109
154.444	0.128305
155	3.89474
155.556	1.19104
156.111	1.05532
156.667	0.509574
157.222	0.199056
157.778	0.284743
158.333	0.347385
158.889	0.234532
159.444	0.432586
160	0.640018
160.556	0.308842
161.111	0.222675
161.667	1.38618
162.222	0.451974
162.778	1.26917
163.333	0.958252
163.889	0.578135
164.444	1.52648
165	0.943851
165.556	0.691758
166.111	0.864272
166.667	1.76687
167.222	0.252321
167.778	1.49782
168.333	0.970051
168.889	2.17573
169.444	0.705627
170	0.546255
170.556	0.580458
171.111	0.240201
171.667	1.56759
172.222	1.62192
172.778	1.40424
173.333	1.95082
173.889	0.375793
174.444	1.31717
175	0.829884
175.556	0.2549
176.111	0.213326
176.667	1.62032
177.222	0.962432
177.778	2.4853
178.333	0.576858
178.889	0.238108
179.444	1.39499
180	0.539004
180.556	0.455685
181.111	1.05795
181.667	1.74525
182.222	0.771961
182.778	0.696459
183.333	0.0262158
183.889	1.29362
184.444	0.711577
185	1.54791
185.556	0.191233
186.111	0.538842
186.667	2.9006
187.222	0.325518
187.778	1.35691
188.333	0.213249
188.889	0.407977
189.444	1.09324
190	0.528309
190.556	1.08678
191.111	0.783753
191.667	0.800049
192.222	1.21907
192.778	0.24464
193.333	0.309019
193.889	0.0464344
194.444	0.416906
195	0.31049
195.556	1.1442
196.111	0.683833
196.667	0.191035
197.222	0.89081
197.778	1.60357
198.333	1.24562
198.889	0.450171
199.444	0.125507
200	1.65085
200.556	3.057
201.111	0.117862
201.667	0.677186
202.222	0.503152
202.778	0.0483825
203.333	0.478314
203.889	0.23753
204.444	0.38032
205	0.706807
205.556	0.322771
206.111	0.559334
206.667	0.153411
207.222	0.0879432
207.778	0.67329
208.333	1.03577
208.889	0.770409
209.444	0.35302
210	2.18309
210.556	0.2852
211.111	0.389375
211.667	0.666109
212.222	0.597006
212.778	0.400352
213.333	2.02992
213.889	0.138664
214.444	0.887581
215	0.654022
215.556	1.21665
216.111	0.260586
216.667	0.130325
217.222	0.237248
217.778	0.929673
218.333	0.103892
218.889	0.543122
219.444	0.107065
220	0.605388
220.556	0.015221
221.111	1.53555
221.667	0.821701
222.222	0.230676
222.778	0.906957
223.333	0.715203
223.889	0.857476
224.444	1.07522
225	0.296397
225.556	0.6313
226.111	0.269385
226.667	0.216305
227.222	0.472778
227.778	1.50915
228.333	0.376023
228.889	0.288284
229.444	1.22187
230	1.38175
230.556	0.573591
231.111	0.748592
231.667	0.380722
232.222	1.19245
232.778	0.697893
233.333	1.44048
233.889	0.308316
234.444	1.22576
235	0.182378
235.556	0.259796
236.111	0.55416
236.667	0.984231
237.222	0.806074
237.778	0.31306
238.333	0.233581
238.889	0.326182
239.444	1.15231
240	1.31807
240.556	0.265836
241.111	0.325941
241.667	1.49004
242.222	0.366429
242.778	0.586271
243.333	0.99942
243.889	0.570377
244.444	0.315907
245	0.53414
245.556	0.0868839
246.111	0.573209
246.667	0.428582
247.222	1.84876
247.778	0.0534893
248.333	0.540697
248.889	1.34711
249.444	0.33675
250	0.799253
250.556	0.420218
251.111	0.664997
251.667	0.429997
252.222	0.530513
252.778	0.810701
253.333	0.578037
253.889	0.136985
254.444	0.448031
255	0.0985189
255.556	0.0129717
256.111	0.45544
256.667	0.0500693
257.222	0.386722
257.778	0.530427
258.333	0.316902
258.889	0.503673
259.444	0.261798
260	0.0708807
260.556	0.0851325
261.111	0.273263
261.667	1.02235
262.222	0.5025
262.778	0.608891
263.333	0.146166
263.889	1.484
264.444	0.434997
265	0.616156
265.556	0.353002
266.111	0.144611
266.667	0.180552
267.222	0.393406
267.778	0.105307
268.333	0.531987
268.889	0.633418
269.444	0.291116
270	0.0906263
270.556	0.0895884
271.111	0.424268
271.667	1.27869
272.222	0.729409
272.778	0.889728
273.333	0.647549
273.889	0.553468
274.444	0.918289
275	0.202773
275.556	0.672151
276.111	0.0330826
276.667	0.106608
277.222	0.825377
277.778	0.39259
278.333	0.448444
278.889	1.38883
279.444	1.39244
280	0.485131
280.556	0.284043
281.111	0.531551
281.667	0.497764
282.222	0.624814
282.778	0.553331
283.333	0.539123
283.889	0.0608511
284.444	0.0820056
285	0.291979
285.556	0.138102
286.111	0.378126
286.667	0.464069
287.222	0.393491
287.778	0.349816
288.333	0.103753
288.889	0.242286
289.444	0.312317
290	0.235831
290.556	0.414485
291.111	0.165922
291.667	0.329145
292.222	0.1957
292.778	0.68435
293.333	0.149881
293.889	0.360443
294.444	0.236543
295	0.273972
295.556	0.263842
296.111	0.200024
296.667	0.62391
297.222	0.369768
297.778	0.269393
298.333	0.281225
298.889	0.0563212
299.444	0.0794639
300	0.302379
300.556	0.521194
301.111	0.21433
301.667	0.49539
302.222	0.142302
302.778	0.189717
303.333	0.664955
303.889	0.111566
304.444	0.000422416
305	0.445222
305.556	0.232688
306.111	0.490583
306.667	0.298968
307.222	0.089864
307.778	0.210149
308.333	0.179231
308.889	0.157185
309.444	0.580355
310	0.0192363
310.556	0.288522
311.111	0.21684
311.667	0.399319
312.222	0.127421
312.778	0.330334
313.333	0.116387
313.889	0.346771
314.444	0.200596
315	0.120849
315.556	0.0331754
316.111	0.16875
316.667	0.507866
317.222	0.318569
317.778	0.219465
318.333	0.102625
318.889	0.107122
319.444	0.0558281
320	0.5732
320.556	0.080198
321.111	0.0521675
321.667	0.684217
322.222	0.0203329
322.778	0.333686
323.333	0.0478201
323.889	0.198407
324.444	0.4621
325	0.0408352
325.556	0.0515056
326.111	0.0413284
326.667	0.193173
327.222	0.0100495
327.778	0.244907
328.333	0.162154
328.889	0.237233
329.444	0.245759
330	0.407775
330.556	0.282231
331.111	0.15434
331.667	0.0231984
332.222	0.437555
332.778	0.00957727
333.333	0.140247
333.889	0.485895
334.444	0.252679
335	0.506874
335.556	0.380711
336.111	0.103294
336.667	0.271836
337.222	0.165625
337.778	0.03768
338.333	0.258973
338.889	0.163625
339.444	0.0488655
340	0.131348
340.556	0.0073944
341.111	0.169662
341.667	0.103582
342.222	0.075732
342.778	0.315053
343.333	0.243482
343.889	0.0484573
344.444	0.0996996
345	0.217065
345.556	0.0435546
346.111	0.238865
346.667	0.0891705
347.222	0.344894
347.778	0.0765131
348.333	0.102221
348.889	0.0976782
349.444	0.356623
350	0.248401
350.556	0.143928
351.111	0.240749
351.667	0.496991
352.222	0.388767
352.778	0.0673624
353.333	0.370648
353.889	0.222295
354.444	0.095301
355	0.000644846
355.556	0.275923
356.111	0.170767
356.667	0.361237
357.222	0.0331341
357.778	0.167194
358.333	0.421785
358.889	0.312577
359.444	0.324753
360	0.110176
360.556	0.19516
361.111	0.248705
361.667	0.476612
362.222	0.317576
362.778	0.209292
363.333	0.231499
363.889	0.31311
364.444	0.0463587
365	0.262308
365.556	0.162578
366.111	0.212447
366.667	0.29727
367.222	0.099015
367.778	0.598254
368.333	0.0595394
368.889	0.144374
369.444	0.0863593
370	0.153325
370.556	0.0829467
371.111	0.0100693
371.667	0.216412
372.222	0.00207367
372.778	0.135381
373.333	0.344658
373.889	0.173708
374.444	0.0112458
375	0.114862
375.556	0.138919
376.111	0.309987
376.667	0.00917284
377.222	0.0600429
377.778	0.213468
378.333	0.293246
378.889	0.321612
379.444	0.0169743
380	0.0495773
380.556	0.284152
381.111	0.11506
381.667	0.104905
382.222	0.22508
382.778	0.0633153
383.333	0.106951
383.889	0.139197
384.444	0.131019
385	0.0936288
385.556	0.0636357
386.111	0.338117
386.667	0.083579
387.222	0.161579
387.778	0.118994
388.333	0.0899733
388.889	0.0129242
389.444	0.0823622
390	0.0355034
390.556	0.333638
391.111	0.151612
391.667	0.16519
392.222	0.0210439
392.778	0.140004
393.333	0.0970908
393.889	0.0527722
394.444	0.0609134
395	0.154091
395.556	0.0645648
396.111	0.467939
396.667	0.139992
397.222	0.108312
397.778	0.00227464
398.333	0.139389
398.889	0.0664846
399.444	0.050258
400	0.0550576
400.556	0.0443409
401.111	0.312219
401.667	0.170002
402.222	0.0734137
402.778	0.0480448
403.333	0.00906316
403.889	0.189511
404.444	0.0314714
405	0.0699297
405.556	0.297423
406.111	0.284834
406.667	0.099918
407.222	0.348699
407.778	0.00689687
408.333	0.0596411
408.889	0.107149
409.444	0.167539
410	0.084182
410.556	0.144867
411.111	0.197266
411.667	0.0700477
412.222	0.0587136
412.778	0.0485004
413.333	0.145351
413.889	0.199687
414.444	0.00593498
415	0.0957456
415.556	0.0332519
416.111	0.00378798
416.667	0.208801
417.222	0.0677283
417.778	0.15575
418.333	0.0684484
418.889	0.264408
419.444	0.0351729
420	0.0842413
420.556	0.106964
421.111	0.0498345
421.667	0.0856617
422.222	0.216951
422.778	0.106652
423.333	0.131791
423.889	0.12021
424.444	0.151321
425	0.117749
425.556	0.00807283
426.111	0.0861032
426.667	0.0514011
427.222	0.04903
427.778	0.1076
428.333	0.253354
428.889	0.272646
429.444	0.116985
430	0.0740324
430.556	0.158127
431.111	0.122189
431.667	0.155661
432.222	0.0800054
432.778	0.0480506
433.333	0.0479002
433.889	0.115909
434.444	0.139432
435	0.0217429
435.556	0.0465889
436.111	0.0364491
436.667	0.0110419
437.222	0.0535722
437.778	0.0687433
438.333	0.0858425
438.889	0.113205
439.444	0.0575179
440	0.117781
440.556	0.20795
441.111	0.00435655
441.667	0.00482617
442.222	0.133892
442.778	0.0691394
443.333	0.138175
443.889	0.110551
444.444	0.0109403
445	0.0908636
445.556	0.166089
446.111	0.0627579
446.667	0.0478415
447.222	0.08121
447.778	0.206336
448.333	0.0904047
448.889	0.0473247
449.444	0.0442114
450	0.0272148
450.556	0.0457158
451.111	0.138639
451.667	0.0506779
452.222	0.0222987
452.778	0.0827197
453.333	0.120641
453.889	0.0969074
454.444	0.00656916
455	0.123694
455.556	0.156665
456.111	0.0316289
456.667	0.0918019
457.222	0.0791983
457.778	0.0137977
458.333	0.0990107
458.889	0.17835
459.444	0.0512721
460	0.0421358
460.556	0.0673894
461.111	0.0251519
461.667	0.127286
462.222	0.0913123
462.778	0.0173031
463.333	0.0649515
463.889	0.0235727
464.444	0.207852
465	0.133675
465.556	0.00946465
466.111	0.101819
466.667	0.0110363
467.222	0.101373
467.778	0.0233567
468.333	0.143464
468.889	0.0595694
469.444	0.0285886
470	0.0892968
470.556	0.0638133
471.111	0.0137805
471.667	2.63413e-06
472.222	0.0276779
472.778	0.0701321
473.333	0.0849416
473.889	0.0386637
474.444	0.0587969
475	0.0781609
475.556	0.00537998
476.111	0.104567
476.667	0.017936
477.222	0.0698048
477.778	0.0324111
478.333	0.0491073
478.889	0.057082
479.444	0.0345263
480	0.0526913
480.556	0.0812216
481.111	0.0370409
481.667	0.0216197
482.222	0.0533114
482.778	0.0613835
483.333	0.0248483
483.889	0.0168491
484.444	0.0815546
485	0.0438501
485.556	0.0268239
486.111	0.0382982
486.667	0.122585
487.222	0.0760902
487.778	0.0377627
488.333	0.0452705
488.889	0.0103866
489.444	0.00409567
490	0.0126403
490.556	0.0109961
491.111	0.0442655
491.667	0.0109861
492.222	0.0934705
492.778	0.0416312
493.333	0.0231231
493.889	0.0068047
494.444	0.00484418
495	0.065796
495.556	0.00616635
496.111	0.080764
496.667	0.038806
497.222	0.0685891
497.778	0.0585
498.333	0.0856117
498.889	0.0424301
499.444	0.0310008
500	0.00624417
500.556	0.0215981
501.111	0.0326748
501.667	0.0592842
502.222	0.0081159
502.778	0.00591371
503.333	0.0645774
503.889	0.1705
504.444	0.040836
505	0.00356423
505.556	0.0638318
506.111	0.047308
506.667	0.0500533
507.222	0.0162631
507.778	0.0706702
508.333	0.0191601
508.889	0.112394
509.444	0.0128563
510	0.0158808
510.556	0.0553345
511.111	0.00725832
511.667	0.00886983
512.222	0.0645944
512.778	0.0656137
513.333	0.00225197
513.889	0.0400208
514.444	0.0681092
515	0.0388239
515.556	0.0476496
516.111	0.0288366
516.667	0.0409117
517.222	0.0098716
517.778	0.020697
518.333	0.0461838
518.889	0.0793071
519.444	0.039318
520	0.13674
520.556	0.0442552
521.111	0.142885
521.667	0.0488691
522.222	0.056163
522.778	0.00853869
523.333	0.0994363
523.889	0.012613
524.444	0.0190024
525	0.00922479
525.556	0.0637014
526.111	0.00489064
526.667	0.0419218
527.222	0.0474509
527.778	0.00191203
528.333	0.107064
528.889	0.0857961
529.444	0.0402733
530	0.0376734
530.556	0.0229977
531.111	0.0446528
531.667	0.0126013
532.222	0.0318445
532.778	0.0272666
533.333	0.0674929
533.889	0.0775486
534.444	0.0622201
535	0.0306415
535.556	0.0496643
536.111	0.0792579
536.667	0.0370787
537.222	0.000161353
537.778	0.0194903
538.333	0.0780795
538.889	0.0492427
539.444	0.0217573
540	0.00583821
540.556	0.0952408
541.111	0.0324491
541.667	0.0365267
542.222	0.0493622
542.778	0.0568812
543.333	0.0449029
543.889	0.00220598
544.444	0.0185131
545	0.0174647
545.556	0.0823908
546.111	0.0167095
546.667	0.048164
547.222	0.0971735
547.778	0.0964923
548.333	0.0561421
548.889	0.0207504
549.444	0.00947897
550	0.0517908
550.556	0.06518
551.111	0.0423213
551.667	0.00569958
552.222	0.018322
552.778	0.0465403
553.333	0.040113
553.889	0.0587209
554.444	0.0363894
555	0.101458
555.556	0.023458
556.111	0.0322324
556.667	0.0469204
557.222	0.0213336
557.778	0.0457173
558.333	0.00396139
558.889	0.0472387
559.444	0.041762
560	0.0277802
560.556	0.0479424
561.111	0.0737072
561.667	0.0197843
562.222	0.045069
562.778	0.0192444
563.333	0.00951569
563.889	0.06959
564.444	0.00388645
565	0.0508021
565.556	0.0132692
566.111	0.0122402
566.667	0.0416667
567.222	0.00623312
567.778	0.0108247
568.333	0.0360894
568.889	0.0387261
569.444	0.0185533
570	0.00371661
570.556	0.0838621
571.111	0.00599017
571.667	0.0953935
572.222	0.0216819
572.778	0.013806
573.333	0.0239927
573.889	0.0156632
574.444	0.0081857
575	0.0825197
575.556	0.00419736
576.111	0.0452715
576.667	0.0863308
577.222	0.0606097
577.778	0.00342324
578.333	0.00948744
578.889	0.0110263
579.444	0.0556445
580	0.0887469
580.556	0.00504087
581.111	0.0213389
581.667	0.00994741
582.222	0.0807542
582.778	0.00373725
583.333	0.0545365
583.889	0.0446715
584.444	0.0104331
585	0.0343646
585.556	0.0218135
586.111	0.0429324
586.667	0.0431342
587.222	0.0435133
587.778	0.0327594
588.333	0.0509651
588.889	0.0039762
589.444	0.0453083
590	0.0481661
590.556	0.0052083
591.111	0.0035641
591.667	0.00990643
592.222	0.0108893
592.778	0.038192
593.333	0.0306631
593.889	0.0646676
594.444	0.0449413
595	0.0317332
595.556	0.0414254
596.111	0.0269655
596.667	0.00467565
597.222	0.053674
597.778	0.0338315
598.333	0.00602738
598.889	0.00633538
599.444	0.0460953
600	0.0384172
600.556	0.0337368
601.111	0.0384493
601.667	0.0625376
602.222	0.000226397
602.778	0.0144432
603.333	0.00481662
603.889	0.0225077
604.444	0.0484905
605	0.00541492
605.556	0.00503756
606.111	0.0257687
606.667	0.103957
607.222	0.024267
607.778	0.011245
608.333	0.0462442
608.889	0.00802178
609.444	0.0789325
610	0.0187688
610.556	0.0178315
611.111	0.00418647
611.667	0.0424
612.222	0.0221122
612.778	0.00411212
613.333	0.00687395
613.889	0.0339427
614.444	0.0460035
615	0.019867
615.556	0.00924089
616.111	0.00304607
616.667	0.0468575
617.222	0.00574314
617.778	0.0461449
618.333	0.00501801
618.889	0.0340576
619.444	0.0159509
620	0.023361
620.556	0.0035463
621.111	0.0430677
621.667	0.0275377
622.222	0.0223627
622.778	0.0517218
623.333	0.0317136
623.889	0.0325859
624.444	0.0611769
625	0.0495216
625.556	0.009717
626.111	0.0527392
626.667	0.0252805
627.222	0.036862
627.778	0.021919
628.333	0.0220418
628.889	0.0391045
629.444	0.0413687
630	0.0156169
630.556	0.0419248
631.111	0.0665659
631.667	0.0516983
632.222	0.0139219
632.778	0.0138344
633.333	0.0120463
633.889	0.0648361
634.444	0.0233181
635	0.0304518
635.556	0.0203631
636.111	0.0686389
636.667	0.0262358
637.222	0.0167848
637.778	0.00710493
638.333	0.0299377
638.889	0.0300301
639.444	0.0201706
640	0.00385078
640.556	0.00825504
641.111	0.0386475
641.667	0.0288514
642.222	0.0171403
642.778	0.00749785
643.333	0.0215653
643.889	0.0438475
644.444	0.00753915
645	0.0198391
645.556	0.037558
646.111	0.0391281
646.667	0.0381768
647.222	0.00203269
647.778	0.0113022
648.333	0.0369826
648.889	0.0198028
649.444	0.0488511
650	0.0113656
650.556	0.0383535
651.111	0.0467126
651.667	0.0417177
652.222	0.0096072
652.778	0.00495673
653.333	0.0451597
653.889	0.0082099
654.444	0.00694128
655	0.0579743
655.556	0.0150522
656.111	0.043014
656.667	0.0226315
657.222	0.000736588
657.778	0.0104031
658.333	0.0384369
658.889	0.0341171
659.444	0.00360576
660	0.0110705
660.556	0.0344101
661.111	0.0318153
661.667	4.97485e-05
662.222	0.0610694
662.778	0.0221495
663.333	0.0706842
663.889	0.0248665
664.444	0.0113883
665	0.00171287
665.556	0.0585965
666.111	0.019631
666.667	0.0219362
667.222	0.0155846
667.778	0.00251253
668.333	0.0239615
668.889	0.0270509
669.444	0.0402044
670	0.00371055
670.556	0.034828
671.111	0.0214662
671.667	0.000513724
672.222	0.00809382
672.778	0.0218354
673.333	0.0418189
673.889	0.0272581
674.444	0.0136431
675	0.000341502
675.556	0.0557849
676.111	0.0385888
676.667	0.00602861
677.222	0.00207466
677.778	0.00682459
678.333	0.0171174
678.889	0.00650593
679.444	0.0352231
680	0.0259456
680.556	0.0387359
681.111	0.0436959
681.667	0.0153466
682.222	0.00266449
682.778	0.0511726
683.333	0.0131088
683.889	0.00659644
684.444	0.00904802
685	0.026459
685.556	0.0232565
686.111	0.0117749
686.667	0.0135069
687.222	0.0107402
687.778	0.0562412
688.333	0.016414
688.889	0.00224828
689.444	0.0388853
690	0.0660471
690.556	0.000121187
691.111	0.00838122
691.667	0.00762783
692.222	0.0274344
692.778	0.043885
693.333	0.0133567
693.889	0.00971771
694.444	0.00971819
695	0.0394692
695.556	0.0442989
696.111	0.00623086
696.667	0.00808207
697.222	0.00945217
697.778	0.00617564
698.333	0.021588
698.889	0.00192433
699.444	0.0177726
700	0.0165008
700.556	0.0380205
701.111	0.0408372
701.667	0.0192064
702.222	0.0132972
702.778	0.0485233
703.333	0.0160002
703.889	0.0125766
704.444	0.0198278
705	0.0126157
705.556	0.02305
706.111	0.00444117
706.667	0.0124221
707.222	0.0216267
707.778	0.0441754
708.333	0.0103881
708.889	0.0310768
709.444	0.000444093
710	0.0295569
710.556	0.00364539
711.111	0.00217739
711.667	0.0136725
712.222	0.0166859
712.778	0.0366122
713.333	0.00426441
713.889	0.0382647
714.444	0.0400031
715	0.0136921
715.556	0.0194897
716.111	0.00529009
716.667	0.0108617
717.222	0.0166348
717.778	0.00409564
718.333	0.0232918
718.889	0.0189096
719.444	0.0116407
720	0.0330859
720.556	0.0458813
721.111	0.0100892
721.667	0.0288571
722.222	0.00164732
722.778	0.0156902
723.333	0.00162895
723.889	0.000689231
724.444	0.0338256
725	0.0041718
725.556	0.0436327
726.111	0.0104788
726.667	0.00967774
727.222	0.0536009
727.778	0.0211752
728.333	0.0122115
728.889	0.0388421
729.444	0.0187849
730	0.0366341
730.556	0.00464457
731.111	0.0141154
731.667	0.0161422
732.222	0.0269178
732.778	0.0198607
733.333	0.00444691
733.889	0.00435274
734.444	0.0478279
735	0.0164403
735.556	0.0236108
736.111	0.00221177
736.667	0.00041083
737.222	0.00804964
737.778	0.00336937
738.333	0.0113064
738.889	0.0162271
739.444	0.0200403
740	0.0331011
740.556	0.0108807
741.111	0.0243678
741.667	0.0321866
742.222	0.000813799
742.778	0.0167959
743.333	0.00414637
743.889	0.00342913
744.444	0.00462014
745	0.0205198
745.556	0.0188943
746.111	0.0272789
746.667	0.00828826
747.222	0.0224753
747.778	0.0152377
748.333	0.00110079
748.889	0.0244323
749.444	0.0225783
750	0.027215
750.556	0.0149201
751.111	0.00733923
751.667	0.018908
752.222	0.021157
752.778	0.0337159
753.333	0.028285
753.889	0.0227056
754.444	0.0147195
755	0.0237467
755.556	0.0206532
756.111	0.00290541
756.667	0.00520509
757.222	0.0149063
757.778	0.0180233
758.333	0.000338402
758.889	0.0307166
759.444	0.0157382
760	0.0292117
760.556	0.0235489
761.111	0.0117055
761.667	0.0227371
762.222	0.0211726
762.778	0.0165974
763.333	0.00761898
763.889	0.00864893
764.444	0.0262906
765	0.0305215
765.556	0.00403893
766.111	0.0404548
766.667	0.0188054
767.222	0.0257826
767.778	0.00745093
768.333	0.0185383
768.889	0.00917423
769.444	0.00870589
770	0.0385587
770.556	0.00114285
771.111	0.0166731
771.667	0.0266674
772.222	0.00822985
772.778	0.0101563
773.333	0.0403472
773.889	0.00143735
774.444	0.0133205
775	0.000935084
775.556	0.00259618
776.111	0.0163207
776.667	0.00928111
777.222	0.0386833
777.778	0.0144769
778.333	0.0138863
778.889	0.0138123
779.444	0.0097792
780	0.00563532
780.556	0.028553
781.111	0.00394239
781.667	0.0013445
782.222	0.0118811
782.778	0.0078014
783.333	0.0153377
783.889	0.0122435
784.444	0.0348286
785	0.00443807
785.556	0.0202458
786.111	0.0154525
786.667	0.00139849
787.222	0.0187219
787.778	0.0296651
788.333	0.00763492
788.889	0.00630502
789.444	0.0115913
790	0.0181793
790.556	0.0186373
791.111	0.0168929
791.667	0.0223389
792.222	0.000957553
792.778	0.0273083
793.333	0.0292981
793.889	0.0150258
794.444	0.0211292
795	0.00365425
795.556	0.000807872
796.111	0.0128886
796.667	0.0149273
797.222	0.0131016
797.778	0.0301972
798.333	0.0193339
798.889	0.0227392
799.444	0.00611483
800	0.00467364
800.556	0.00837433
801.111	0.00106765
801.667	0.0285505
802.222	0.020015
802.778	0.00574031
803.333	0.0160286
803.889	0.0223887
804.444	0.0140666
805	0.0272226
805.556	0.00822042
806.111	0.0153406
806.667	0.0015262
807.222	0.00721206
807.778	0.0126047
808.333	0.00627449
808.889	0.0320381
809.444	0.0121518
810	0.00428282
810.556	0.0272787
811.111	0.0066881
811.667	0.0128445
812.222	0.0189655
812.778	0.018438
813.333	0.00847305
813.889	0.00238661
814.444	0.0118963
815	0.00855415
815.556	0.00638466
816.111	0.0300701
816.667	0.0192855
817.222	0.00948776
817.778	0.0313277
818.333	0.0117459
818.889	0.0109858
819.444	0.000943477
820	0.0166042
820.556	0.00542166
821.111	0.00308323
821.667	0.0317684
822.222	0.0191678
822.778	0.0181757
823.333	0.0193323
823.889	0.00270588
824.444	0.0234841
825	0.0357683
825.556	0.00266443
826.111	0.0192559
826.667	0.0133162
827.222	0.00205369
827.778	0.00824487
828.333	0.00197412
828.889	0.0299024
829.444	0.00635172
830	0.0142319
830.556	0.0219085
831.111	0.00326086
831.667	7.45437e-05
832.222	0.0242609
832.778	0.00617234
833.333	0.0152843
833.889	0.00655436
834.444	0.0125047
835	0.0231332
835.556	0.0107595
836.111	0.0131417
836.667	0.00387347
837.222	0.0169366
837.778	0.0220066
838.333	0.00447713
838.889	0.00492204
839.444	0.00213019
840	0.0060093
840.556	0.0221395
841.111	0.0180739
841.667	0.0143551
842.222	0.0239767
842.778	0.0090032
843.333	0.0114243
843.889	0.000878845
844.444	0.00563527
845	0.00862918
845.556	0.0167037
846.111	0.0180156
846.667	0.00709059
847.222	0.014429
847.778	0.0183333
848.333	0.0192897
848.889	0.0106273
849.444	0.0364144
850	0.00831435
850.556	0.00241432
851.111	0.011073
851.667	0.00882655
852.222	0.0282387
852.778	0.00440242
853.333	0.0303467
853.889	0.00803519
854.444	0.00242075
855	0.0169364
855.556	0.00333461
856.111	0.012944
856.667	0.0206253
857.222	0.00213799
857.778	0.0111835
858.333	0.00752953
858.889	0.00983859
859.444	0.0107111
860	0.010833
860.556	0.0166065
861.111	0.00179034
861.667	0.00623455
862.222	0.0338728
862.778	0.0112713
863.333	0.00235436
863.889	0.00780303
864.444	0.00182864
865	0.0201032
865.556	0.00235366
866.111	0.0259896
866.667	0.0089038
867.222	0.0220835
867.778	0.0193874
868.333	0.00979153
868.889	0.00940177
869.444	0.0235043
870	0.00319672
870.556	0.00871646
871.111	0.00101714
871.667	0.000685883
872.222	0.0164362
872.778	0.0011155
873.333	0.0125759
873.889	0.00297828
874.444	0.0168456
875	0.0131175
875.556	0.00914955
876.111	0.00588625
876.667	0.0221914
877.222	0.00441927
877.778	0.00607907
878.333	0.00903568
878.889	0.0126611
879.444	0.0183211
880	0.00911285
880.556	0.0111593
881.111	0.00869543
881.667	0.0115854
882.222	0.0113281
882.778	0.00862882
883.333	0.00498882
883.889	0.00559382
884.444	0.00284643
885	0.0124192
885.556	0.00115114
886.111	0.00794128
886.667	0.0188102
887.222	0.0209143
887.778	0.00778024
888.333	0.0169562
888.889	0.00283126
889.444	0.0178856
890	0.00447569
890.556	0.00859207
891.111	0.00473356
891.667	0.00411741
892.222	0.0176202
892.778	0.00509519
893.333	0.0134148
893.889	0.0155757
894.444	0.0180528
895	0.00261941
895.556	0.013743
896.111	0.0098022
896.667	0.0160333
897.222	0.000402901
897.778	0.0029833
898.333	0.00400196
898.889	0.0109899
899.444	0.0308658
900	0.000759135
900.556	0.00700451
901.111	0.0086044
901.667	0.00576551
902.222	0.00334909
902.778	0.018494
903.333	0.00809773
903.889	0.00643442
904.444	0.0126888
905	0.013938
905.556	0.0011713
906.111	0.000520659
906.667	0.03086
907.222	0.000177395
907.778	0.00817251
908.333	0.0126361
908.889	0.00336771
909.444	0.00994078
910	0.0168523
910.556	0.0110036
911.111	0.00507319
911.667	0.0205812
912.222	0.0150533
912.778	0.0078168
913.333	0.00273288
913.889	0.0173401
914.444	0.000372878
915	0.00932748
915.556	0.00113971
916.111	0.00747506
916.667	0.0212818
917.222	0.00899834
917.778	0.00938929
918.333	0.00453408
918.889	0.00995028
919.444	0.017906
920	0.0183153
920.556	0.00197666
921.111	0.0118927
921.667	0.00261341
922.222	0.0064139
922.778	0.00152547
923.333	0.0105614
923.889	0.0225039
924.444	0.00713652
925	0.00241923
925.556	0.00800532
926.111	0.0164968
926.667	0.0210784
927.222	0.0147834
927.778	0.000531096
928.333	0.00239469
928.889	0.00235317
929.444	0.013864
930	0.0109538
930.556	0.0172856
931.111	0.0251955
931.667	0.00946167
932.222	0.00723617
932.778	0.0115421
933.333	0.00495007
933.889	0.0177158
934.444	0.0158937
935	5.27706e-05
935.556	0.00471122
936.111	0.000111783
936.667	0.0186837
937.222	0.00899104
937.778	0.011518
938.333	0.0140391
938.889	0.0157031
939.444	0.00892888
940	0.0156224
940.556	0.0146191
941.111	0.0140487
941.667	0.0134619
942.222	0.00254522
942.778	0.00972324
943.333	0.000627804
943.889	0.0284516
944.444	0.00544855
945	0.0033937
945.556	0.0117557
946.111	0.00492219
946.667	0.00277743
947.222	0.0169761
947.778	0.0084792
948.333	0.00702118
948.889	0.00039357
949.444	0.00222347
950	0.00498479
950.556	0.00271824
951.111	0.0186496
951.667	0.00808815
952.222	0.0112033
952.778	0.0114217
953.333	0.00524546
953.889	0.0127729
954.444	0.0135614
955	0.00903479
955.556	0.00283216
956.111	0.0100851
956.667	0.00830289
957.222	0.01612
957.778	0.0016498
958.333	0.0183776
958.889	0.00225984
959.444	0.0141058
960	0.00993472
960.556	0.014854
961.111	0.017654
961.667	0.00370475
962.222	0.00877155
962.778	0.00518662
963.333	0.0134062
963.889	0.0113504
964.444	0.0224412
965	0.00370612
965.556	0.00848768
966.111	0.0047653
966.667	0.00959048
967.222	3.53149e-05
967.778	0.0187356
968.333	0.0164628
968.889	0.00147677
969.444	8.38561e-05
970	0.0123414
970.556	0.00334692
971.111	0.014036
971.667	0.0233994
972.222	0.00398665
972.778	0.00235683
973.333	0.00254357
973.889	0.00153949
974.444	0.00166684
975	0.0139146
975.556	0.0108403
976.111	0.000260224
976.667	0.00111567
977.222	0.0147635
977.778	0.00696175
978.333	0.000237045
978.889	0.0156311
979.444	0.00513525
980	0.000965284
980.556	0.00690069
981.111	0.0154451
981.667	0.0126052
982.222	0.00957788
982.778	0.00639984
983.333	0.00494419
983.889	0.00554863
984.444	0.0248684
985	0.005232
985.556	0.00527878
986.111	0.0018554
986.667	0.00110052
987.222	0.00270757
987.778	0.00506831
988.333	0.0201456
988.889	0.00927837
989.444	0.00644377
990	0.0111072
990.556	0.00255067
991.111	0.000127185
991.667	0.0185582
992.222	0.0125456
992.778	0.000386488
993.333	0.00169611
993.889	0.00486368
994.444	0.00834898
995	0.00444001
995.556	0.0195344
996.111	0.0149394
996.667	0.0128329
997.222	0.00965453
997.778	0.00487186
998.333	0.00462948
998.889	0.0100685
999.444	0.0159643
1000	0.000466728
1000.56	0.000466728
1001.11	0.0159643
1001.67	0.0100685
1002.22	0.00462948
1002.78	0.00487186
1003.33	0.00965453
1003.89	0.0128329
1004.44	0.0149394
1005	0.0195344
1005.56	0.00444001
1006.11	0.00834898
1006.67	0.00486368
1007.22	0.00169611
1007.78	0.000386488
1008.33	0.0125456
1008.89	0.0185582
1009.44	0.000127185
1010	0.00255067
1010.56	0.0111072
1011.11	0.00644377
1011.67	0.00927837
1012.22	0.0201456
1012.78	0.00506831
1013.33	0.00270757
1013.89	0.00110052
1014.44	0.0018554
1015	0.00527878
1015.56	0.005232
1016.11	0.0248684
1016.67	0.00554863
1017.22	0.00494419
1017.78	0.00639984
1018.33	0.00957788
1018.89	0.0126052
1019.44	0.0154451
1020	0.00690069
1020.56	0.000965284
1021.11	0.00513525
1021.67	0.0156311
1022.22	0.000237045
1022.78	0.00696175
1023.33	0.0147635
1023.89	0.00111567
1024.44	0.000260224
1025	0.0108403
1025.56	0.0139146
1026.11	0.00166684
1026.67	0.00153949
1027.22	0.00254357
1027.78	0.00235683
1028.33	0.00398665
1028.89	0.0233994
1029.44	0.014036
1030	0.00334692
1030.56	0.0123414
1031.11	8.38561e-05
1031.67	0.00147677
1032.22	0.0164628
1032.78	0.0187356
1033.33	3.53149e-05
1033.89	0.00959048
1034.44	0.0047653
1035	0.00848768
1035.56	0.00370612
1036.11	0.0224412
1036.67	0.0113504
1037.22	0.0134062
1037.78	0.00518662
1038.33	0.00877155
1038.89	0.00370475
1039.44	0.017654
1040	0.014854
1040.56	0.00993472
1041.11	0.0141058
1041.67	0.00225984
1042.22	0.0183776
1042.78	0.0016498
1043.33	0.01612
1043.89	0.00830289
1044.44	0.0100851
1045	0.00283216
1045.56	0.00903479
1046.11	0.0135614
1046.67	0.0127729
1047.22	0.00524546
1047.78	0.0114217
1048.33	0.0112033
1048.89	0.00808815
1049.44	0.0186496
1050	0.00271824
1050.56	0.00498479
1051.11	0.00222347
1051.67	0.00039357
1052.22	0.00702118
1052.78	0.0084792
1053.33	0.0169761
1053.89	0.00277743
1054.44	0.00492219
1055	0.0117557
1055.56	0.0033937
1056.11	0.00544855
1056.67	0.0284516
1057.22	0.000627804
1057.78	0.00972324
1058.33	0.00254522
1058.89	0.0134619
1059.44	0.0140487
1060	0.0146191
1060.56	0.0156224
1061.11	0.00892888
1061.67	0.0157031
1062.22	0.0140391
1062.78	0.011518
1063.33	0.00899104
1063.89	0.0186837
1064.44	0.000111783
1065	0.00471122
1065.56	5.27706e-05
1066.11	0.0158937
1066.67	0.0177158
1067.22	0.00495007
1067.78	0.0115421
1068.33	0.00723617
1068.89	0.00946167
1069.44	0.0251955
1070	0.0172856
1070.56	0.0109538
1071.11	0.013864
1071.67	0.00235317
1072.22	0.00239469
1072.78	0.000531096
1073.33	0.0147834
1073.89	0.0210784
1074.44	0.0164968
1075	0.00800532
1075.56	0.00241923
1076.11	0.00713652
1076.67	0.0225039
1077.22	0.0105614
1077.78	0.00152547
1078.33	0.0064139
1078.89	0.00261341
1079.44	0.0118927
1080	0.00197666
1080.56	0.0183153
1081.11	0.017906
1081.67	0.00995028
1082.22	0.00453408
1082.78	0.00938929
1083.33	0.00899834
1083.89	0.0212818
1084.44	0.00747506
1085	0.00113971
1085.56	0.00932748
1086.11	0.000372878
1086.67	0.0173401
1087.22	0.00273288
1087.78	0.0078168
1088.33	0.0150533
1088.89	0.0205812
1089.44	0.00507319
1090	0.0110036
1090.56	0.0168523
1091.11	0.00994078
1091.67	0.00336771
1092.22	0.0126361
1092.78	0.00817251
1093.33	0.000177395
1093.89	0.03086
1094.44	0.000520659
1095	0.0011713
1095.56	0.013938
1096.11	0.0126888
1096.67	0.00643442
1097.22	0.00809773
1097.78	0.018494
1098.33	0.00334909
1098.89	0.00576551
1099.44	0.0086044
1100	0.00700451
1100.56	0.000759135
1101.11	0.0308658
1101.67	0.0109899
1102.22	0.00400196
1102.78	0.0029833
1103.33	0.000402901
1103.89	0.0160333
1104.44	0.0098022
1105	0.013743
1105.56	0.00261941
1106.11	0.0180528
1106.67	0.0155757
1107.22	0.0134148
1107.78	0.00509519
1108.33	0.0176202
1108.89	0.00411741
1109.44	0.00473356
1110	0.00859207
1110.56	0.00447569
1111.11	0.0178856
1111.67	0.00283126
1112.22	0.0169562
1112.78	0.00778024
1113.33	0.0209143
1113.89	0.0188102
1114.44	0.00794128
1115	0.00115114
1115.56	0.0124192
1116.11	0.00284643
1116.67	0.00559382
1117.22	0.00498882
1117.78	0.00862882
1118.33	0.0113281
1118.89	0.0115854
1119.44	0.00869543
1120	0.0111593
1120.56	0.00911285
1121.11	0.0183211
1121.67	0.0126611
1122.22	0.00903568
1122.78	0.00607907
1123.33	0.00441927
1123.89	0.0221914
1124.44	0.00588625
1125	0.00914955
1125.56	0.0131175
1126.11	0.0168456
1126.67	0.00297828
1127.22	0.0125759
1127.78	0.0011155
1128.33	0.0164362
1128.89	0.000685883
1129.44	0.00101714
1130	0.00871646
1130.56	0.00319672
1131.11	0.0235043
1131.67	0.00940177
1132.22	0.00979153
1132.78	0.0193874
1133.33	0.0220835
1133.89	0.0089038
1134.44	0.0259896
1135	0.00235366
1135.56	0.0201032
1136.11	0.00182864
1136.67	0.00780303
1137.22	0.00235436
1137.78	0.0112713
1138.33	0.0338728
1138.89	0.00623455
1139.44	0.00179034
1140	0.0166065
1140.56	0.010833
1141.11	0.0107111
1141.67	0.00983859
1142.22	0.00752953
1142.78	0.0111835
1143.33	0.00213799
1143.89	0.0206253
1144.44	0.012944
1145	0.00333461
1145.56	0.0169364
1146.11	0.00242075
1146.67	0.00803519
1147.22	0.0303467
1147.78	0.00440242
1148.33	0.0282387
1148.89	0.00882655
1149.44	0.011073
1150	0.00241432
1150.56	0.00831435
1151.11	0.0364144
1151.67	0.0106273
1152.22	0.0192897
1152.78	0.0183333
1153.33	0.014429
1153.89	0.00709059
1154.44	0.0180156
1155	0.0167037
1155.56	0.00862918
1156.11	0.00563527
1156.67	0.000878845
1157.22	0.0114243
1157.78	0.0090032
1158.33	0.0239767
1158.89	0.0143551
1159.44	0.0180739
1160	0.0221395
1160.56	0.0060093
1161.11	0.00213019
1161.67	0.00492204
1162.22	0.00447713
1162.78	0.0220066
1163.33	0.0169366
1163.89	0.00387347
1164.44	0.0131417
1165	0.0107595
1165.56	0.0231332
1166.11	0.0125047
1166.67	0.00655436
1167.22	0.0152843
1167.78	0.00617234
1168.33	0.0242609
1168.89	7.45437e-05
1169.44	0.00326086
1170	0.0219085
1170.56	0.0142319
1171.11	0.00635172
1171.67	0.0299024
1172.22	0.00197412
1172.78	0.00824487
1173.33	0.00205369
1173.89	0.0133162
1174.44	0.0192559
1175	0.00266443
1175.56	0.0357683
1176.11	0.0234841
1176.67	0.00270588
1177.22	0.0193323
1177.78	0.0181757
1178.33	0.0191678
1178.89	0.0317684
1179.44	0.00308323
1180	0.00542166
1180.56	0.0166042
1181.11	0.000943477
1181.67	0.0109858
1182.22	0.0117459
1182.78	0.0313277
1183.33	0.00948776
1183.89	0.0192855
1184.44	0.0300701
1185	0.00638466
1185.56	0.00855415
1186.11	0.0118963
1186.67	0.00238661
1187.22	0.00847305
1187.78	0.018438
1188.33	0.0189655
1188.89	0.0128445
1189.44	0.0066881
1190	0.0272787
1190.56	0.00428282
1191.11	0.0121518
1191.67	0.0320381
1192.22	0.00627449
1192.78	0.0126047
1193.33	0.00721206
1193.89	0.0015262
1194.44	0.0153406
1195	0.00822042
1195.56	0.0272226
1196.11	0.0140666
1196.67	0.0223887
1197.22	0.0160286
1197.78	0.00574031
1198.33	0.020015
1198.89	0.0285505
1199.44	0.00106765
1200	0.00837433
1200.56	0.00467364
1201.11	0.00611483
1201.67	0.0227392
1202.22	0.0193339
1202.78	0.0301972
1203.33	0.0131016
1203.89	0.0149273
1204.44	0.0128886
1205	0.000807872
1205.56	0.00365425
1206.11	0.0211292
1206.67	0.0150258
1207.22	0.0292981
1207.78	0.0273083
1208.33	0.000957553
1208.89	0.0223389
1209.44	0.0168929
1210	0.0186373
1210.56	0.0181793
1211.11	0.0115913
1211.67	0.00630502
1212.22	0.00763492
1212.78	0.0296651
1213.33	0.0187219
1213.89	0.00139849
1214.44	0.0154525
1215	0.0202458
1215.56	0.00443807
1216.11	0.0348286
1216.67	0.0122435
1217.22	0.0153377
1217.78	0.0078014
1218.33	0.0118811
1218.89	0.0013445
1219.44	0.00394239
1220	0.028553
1220.56	0.00563532
1221.11	0.0097792
1221.67	0.0138123
1222.22	0.0138863
1222.78	0.0144769
1223.33	0.0386833
1223.89	0.00928111
1224.44	0.0163207
1225	0.00259618
1225.56	0.000935084
1226.11	0.0133205
1226.67	0.00143735
1227.22	0.0403472
1227.78	0.0101563
1228.33	0.00822985
1228.89	0.0266674
1229.44	0.0166731
1230	0.00114285
1230.56	0.0385587
1231.11	0.00870589
1231.67	0.00917423
1232.22	0.0185383
1232.78	0.00745093
1233.33	0.0257826
1233.89	0.0188054
1234.44	0.0404548
1235	0.00403893
1235.56	0.0305215
1236.11	0.0262906
1236.67	0.00864893
1237.22	0.00761898
1237.78	0.0165974
1238.33	0.0211726
1238.89	0.0227371
1239.44	0.0117055
1240	0.0235489
1240.56	0.0292117
1241.11	0.0157382
1241.67	0.0307166
1242.22	0.000338402
1242.78	0.0180233
1243.33	0.0149063
1243.89	0.00520509
1244.44	0.00290541
1245	0.0206532
1245.56	0.0237467
1246.11	0.0147195
1246.67	0.0227056
1247.22	0.028285
1247.78	0.0337159
1248.33	0.021157
1248.89	0.018908
1249.44	0.00733923
1250	0.0149201
1250.56	0.027215
1251.11	0.0225783
1251.67	0.0244323
1252.22	0.00110079
1252.78	0.0152377
1253.33	0.0224753
1253.89	0.00828826
1254.44	0.0272789
1255	0.0188943
1255.56	0.0205198
1256.11	0.00462014
1256.67	0.00342913
1257.22	0.00414637
1257.78	0.0167959
1258.33	0.000813799
1258.89	0.0321866
1259.44	0.0243678
1260	0.0108807
1260.56	0.0331011
1261.11	0.0200403
1261.67	0.0162271
1262.22	0.0113064
1262.78	0.00336937
1263.33	0.00804964
1263.89	0.00041083
1264.44	0.00221177
1265	0.0236108
1265.56	0.0164403
1266.11	0.0478279
1266.67	0.00435274
1267.22	0.00444691
1267.78	0.0198607
1268.33	0.0269178
1268.89	0.0161422
1269.44	0.0141154
1270	0.00464457
1270.56	0.0366341
1271.11	0.0187849
1271.67	0.0388421
1272.22	0.0122115
1272.78	0.0211752
1273.33	0.0536009
1273.89	0.00967774
1274.44	0.0104788
1275	0.0436327
1275.56	0.0041718
1276.11	0.0338256
1276.67	0.000689231
1277.22	0.00162895
1277.78	0.0156902
1278.33	0.00164732
1278.89	0.0288571
1279.44	0.0100892
1280	0.0458813
1280.56	0.0330859
1281.11	0.0116407
1281.67	0.0189096
1282.22	0.0232918
1282.78	0.00409564
1283.33	0.0166348
1283.89	0.0108617
1284.44	0.00529009
1285	0.0194897
1285.56	0.0136921
1286.11	0.0400031
1286.67	0.0382647
1287.22	0.00426441
1287.78	0.0366122
1288.33	0.0166859
1288.89	0.0136725
1289.44	0.00217739
1290	0.00364539
1290.56	0.0295569
1291.11	0.000444093
1291.67	0.0310768
1292.22	0.0103881
1292.78	0.0441754
1293.33	0.0216267
1293.89	0.0124221
1294.44	0.00444117
1295	0.02305
1295.56	0.0126157
1296.11	0.0198278
1296.67	0.0125766
1297.22	0.0160002
1297.78	0.0485233
1298.33	0.0132972
1298.89	0.0192064
1299.44	0.0408372
1300	0.0380205
1300.56	0.0165008
1301.11	0.0177726
1301.67	0.00192433
1302.22	0.021588
1302.78	0.00617564
1303.33	0.00945217
1303.89	0.00808207
1304.44	0.00623086
1305	0.0442989
1305.56	0.0394692
1306.11	0.00971819
1306.67	0.00971771
1307.22	0.0133567
1307.78	0.043885
1308.33	0.0274344
1308.89	0.00762783
1309.44	0.00838122
1310	0.000121187
1310.56	0.0660471
1311.11	0.0388853
1311.67	0.00224828
1312.22	0.016414
1312.78	0.0562412
1313.33	0.0107402
1313.89	0.0135069
1314.44	0.0117749
1315	0.0232565
1315.56	0.026459
1316.11	0.00904802
1316.67	0.00659644
1317.22	0.0131088
1317.78	0.0511726
1318.33	0.00266449
1318.89	0.0153466
1319.44	0.0436959
1320	0.0387359
1320.56	0.0259456
1321.11	0.0352231
1321.67	0.00650593
1322.22	0.0171174
1322.78	0.00682459
1323.33	0.00207466
1323.89	0.00602861
1324.44	0.0385888
1325	0.0557849
1325.56	0.000341502
1326.11	0.0136431
1326.67	0.0272581
1327.22	0.0418189
1327.78	0.0218354
1328.33	0.00809382
1328.89	0.000513724
1329.44	0.0214662
1330	0.034828
1330.56	0.00371055
1331.11	0.0402044
1331.67	0.0270509
1332.22	0.0239615
1332.78	0.00251253
1333.33	0.0155846
1333.89	0.0219362
1334.44	0.019631
1335	0.0585965
1335.56	0.00171287
1336.11	0.0113883
1336.67	0.0248665
1337.22	0.0706842
1337.78	0.0221495
1338.33	0.0610694
1338.89	4.97485e-05
1339.44	0.0318153
1340	0.0344101
1340.56	0.0110705
1341.11	0.00360576
1341.67	0.0341171
1342.22	0.0384369
1342.78	0.0104031
1343.33	0.000736588
1343.89	0.0226315
1344.44	0.043014
1345	0.0150522
1345.56	0.0579743
1346.11	0.00694128
1346.67	0.0082099
1347.22	0.0451597
1347.78	0.00495673
1348.33	0.0096072
1348.89	0.0417177
1349.44	0.0467126
1350	0.0383535
1350.56	0.0113656
1351.11	0.0488511
1351.67	0.0198028
1352.22	0.0369826
1352.78	0.0113022
1353.33	0.00203269
1353.89	0.0381768
1354.44	0.0391281
1355	0.037558
1355.56	0.0198391
1356.11	0.00753915
1356.67	0.0438475
1357.22	0.0215653
1357.78	0.00749785
1358.33	0.0171403
1358.89	0.0288514
1359.44	0.0386475
1360	0.00825504
1360.56	0.00385078
1361.11	0.0201706
1361.67	0.0300301
1362.22	0.0299377
1362.78	0.00710493
1363.33	0.0167848
1363.89	0.0262358
1364.44	0.0686389
1365	0.0203631
1365.56	0.0304518
1366.11	0.0233181
1366.67	0.0648361
1367.22	0.0120463
1367.78	0.0138344
1368.33	0.0139219
1368.89	0.0516983
1369.44	0.0665659
1370	0.0419248
1370.56	0.0156169
1371.11	0.0413687
1371.67	0.0391045
1372.22	0.0220418
1372.78	0.021919
1373.33	0.036862
1373.89	0.0252805
1374.44	0.0527392
1375	0.009717
1375.56	0.0495216
1376.11	0.0611769
1376.67	0.0325859
1377.22	0.0317136
1377.78	0.0517218
1378.33	0.0223627
1378.89	0.0275377
1379.44	0.0430677
1380	0.0035463
1380.56	0.023361
1381.11	0.0159509
1381.67	0.0340576
1382.22	0.00501801
1382.78	0.0461449
1383.33	0.00574314
1383.89	0.0468575
1384.44	0.00304607
1385	0.00924089
1385.56	0.019867
1386.11	0.0460035
1386.67	0.0339427
1387.22	0.00687395
1387.78	0.00411212
1388.33	0.0221122
1388.89	0.0424
1389.44	0.00418647
1390	0.0178315
1390.56	0.0187688
1391.11	0.0789325
1391.67	0.00802178
1392.22	0.0462442
1392.78	0.011245
1393.33	0.024267
1393.89	0.103957
1394.44	0.0257687
1395	0.00503756
1395.56	0.00541492
1396.11	0.0484905
1396.67	0.0225077
1397.22	0.00481662
1397.78	0.0144432
1398.33	0.000226397
1398.89	0.0625376
1399.44	0.0384493
1400	0.0337368
1400.56	0.0384172
1401.11	0.0460953
1401.67	0.00633538
1402.22	0.00602738
1402.78	0.0338315
1403.33	0.053674
1403.89	0.00467565
1404.44	0.0269655
1405	0.0414254
1405.56	0.0317332
1406.11	0.0449413
1406.67	0.0646676
1407.22	0.0306631
1407.78	0.038192
1408.33	0.0108893
1408.89	0.00990643
1409.44	0.0035641
1410	0.0052083
1410.56	0.0481661
1411.11	0.0453083
1411.67	0.0039762
1412.22	0.0509651
1412.78	0.0327594
1413.33	0.0435133
1413.89	0.0431342
1414.44	0.0429324
1415	0.0218135
1415.56	0.0343646
1416.11	0.0104331
1416.67	0.0446715
1417.22	0.0545365
1417.78	0.00373725
1418.33	0.0807542
1418.89	0.00994741
1419.44	0.0213389
1420	0.00504087
1420.56	0.0887469
1421.11	0.0556445
1421.67	0.0110263
1422.22	0.00948744
1422.78	0.00342324
1423.33	0.0606097
1423.89	0.0863308
1424.44	0.0452715
1425	0.00419736
1425.56	0.0825197
1426.11	0.0081857
1426.67	0.0156632
1427.22	0.0239927
1427.78	0.013806
1428.33	0.0216819
1428.89	0.0953935
1429.44	0.00599017
1430	0.0838621
1430.56	0.00371661
1431.11	0.0185533
1431.67	0.0387261
1432.22	0.0360894
1432.78	0.0108247
1433.33	0.00623312
1433.89	0.0416667
1434.44	0.0122402
1435	0.0132692
1435.56	0.0508021
1436.11	0.00388645
1436.67	0.06959
1437.22	0.00951569
1437.78	0.0192444
1438.33	0.045069
1438.89	0.0197843
1439.44	0.0737072
1440	0.0479424
1440.56	0.0277802
1441.11	0.041762
1441.67	0.0472387
1442.22	0.00396139
1442.78	0.0457173
1443.33	0.0213336
1443.89	0.0469204
1444.44	0.0322324
1445	0.023458
1445.56	0.101458
1446.11	0.0363894
1446.67	0.0587209
1447.22	0.040113
1447.78	0.0465403
1448.33	0.018322
1448.89	0.00569958
1449.44	0.0423213
1450	0.06518
1450.56	0.0517908
1451.11	0.00947897
1451.67	0.0207504
1452.22	0.0561421
1452.78	0.0964923
1453.33	0.0971735
1453.89	0.048164
1454.44	0.0167095
1455	0.0823908
1455.56	0.0174647
1456.11	0.0185131
1456.67	0.00220598
1457.22	0.0449029
1457.78	0.0568812
1458.33	0.0493622
1458.89	0.0365267
1459.44	0.0324491
1460	0.0952408
1460.56	0.00583821
1461.11	0.0217573
1461.67	0.0492427
1462.22	0.0780795
1462.78	0.0194903
1463.33	0.000161353
1463.89	0.0370787
1464.44	0.0792579
1465	0.0496643
1465.56	0.0306415
1466.11	0.0622201
1466.67	0.0775486
1467.22	0.0674929
1467.78	0.0272666
1468.33	0.0318445
1468.89	0.0126013
1469.44	0.0446528
1470	0.0229977
1470.56	0.0376734
1471.11	0.0402733
1471.67	0.0857961
1472.22	0.107064
1472.78	0.00191203
1473.33	0.0474509
1473.89	0.0419218
1474.44	0.00489064
1475	0.0637014
1475.56	0.00922479
1476.11	0.0190024
1476.67	0.012613
1477.22	0.0994363
1477.78	0.00853869
1478.33	0.056163
1478.89	0.0488691
1479.44	0.142885
1480	0.0442552
1480.56	0.13674
1481.11	0.039318
1481.67	0.0793071
1482.22	0.0461838
1482.78	0.020697
1483.33	0.0098716
1483.89	0.0409117
1484.44	0.0288366
1485	0.0476496
1485.56	0.0388239
1486.11	0.0681092
1486.67	0.0400208
1487.22	0.00225197
1487.78	0.0656137
1488.33	0.0645944
1488.89	0.00886983
1489.44	0.00725832
1490	0.0553345
1490.56	0.0158808
1491.11	0.0128563
1491.67	0.112394
1492.22	0.0191601
1492.78	0.0706702
1493.33	0.0162631
1493.89	0.0500533
1494.44	0.047308
1495	0.0638318
1495.56	0.00356423
1496.11	0.040836
1496.67	0.1705
1497.22	0.0645774
1497.78	0.00591371
1498.33	0.0081159
1498.89	0.0592842
1499.44	0.0326748
1500	0.0215981
1500.56	0.00624417
1501.11	0.0310008
1501.67	0.0424301
1502.22	0.0856117
1502.78	0.0585
1503.33	0.0685891
1503.89	0.038806
1504.44	0.080764
1505	0.00616635
1505.56	0.065796
1506.11	0.00484418
1506.67	0.0068047
1507.22	0.0231231
1507.78	0.0416312
1508.33	0.0934705
1508.89	0.0109861
1509.44	0.0442655
1510	0.0109961
1510.56	0.0126403
1511.11	0.00409567
1511.67	0.0103866
1512.22	0.0452705
1512.78	0.0377627
1513.33	0.0760902
1513.89	0.122585
1514.44	0.0382982
1515	0.0268239
1515.56	0.0438501
1516.11	0.0815546
1516.67	0.0168491
1517.22	0.0248483
1517.78	0.0613835
1518.33	0.0533114
1518.89	0.0216197
1519.44	0.0370409
1520	0.0812216
1520.56	0.0526913
1521.11	0.0345263
1521.67	0.057082
1522.22	0.0491073
1522.78	0.0324111
1523.33	0.0698048
1523.89	0.017936
1524.44	0.104567
1525	0.00537998
1525.56	0.0781609
1526.11	0.0587969
1526.67	0.0386637
1527.22	0.0849416
1527.78	0.0701321
1528.33	0.0276779
1528.89	2.63413e-06
1529.44	0.0137805
1530	0.0638133
1530.56	0.0892968
1531.11	0.0285886
1531.67	0.0595694
1532.22	0.143464
1532.78	0.0233567
1533.33	0.101373
1533.89	0.0110363
1534.44	0.101819
1535	0.00946465
1535.56	0.133675
1536.11	0.207852
1536.67	0.0235727
1537.22	0.0649515
1537.78	0.0173031
1538.33	0.0913123
1538.89	0.127286
1539.44	0.0251519
1540	0.0673894
1540.56	0.0421358
1541.11	0.0512721
1541.67	0.17835
1542.22	0.0990107
1542.78	0.0137977
1543.33	0.0791983
1543.89	0.0918019
1544.44	0.0316289
1545	0.156665
1545.56	0.123694
1546.11	0.00656916
1546.67	0.0969074
1547.22	0.120641
1547.78	0.0827197
1548.33	0.0222987
1548.89	0.0506779
1549.44	0.138639
1550	0.0457158
1550.56	0.0272148
1551.11	0.0442114
1551.67	0.0473247
1552.22	0.0904047
1552.78	0.206336
1553.33	0.08121
1553.89	0.0478415
1554.44	0.0627579
1555	0.166089
1555.56	0.0908636
1556.11	0.0109403
1556.67	0.110551
1557.22	0.138175
1557.78	0.0691394
1558.33	0.133892
1558.89	0.00482617
1559.44	0.00435655
1560	0.20795
1560.56	0.117781
1561.11	0.0575179
1561.67	0.113205
1562.22	0.0858425
1562.78	0.0687433
1563.33	0.0535722
1563.89	0.0110419
1564.44	0.0364491
1565	0.0465889
1565.56	0.0217429
1566.11	0.139432
1566.67	0.115909
1567.22	0.0479002
1567.78	0.0480506
1568.33	0.0800054
1568.89	0.155661
1569.44	0.122189
1570	0.158127
1570.56	0.0740324
1571.11	0.116985
1571.67	0.272646
1572.22	0.253354
1572.78	0.1076
1573.33	0.04903
1573.89	0.0514011
1574.44	0.0861032
1575	0.00807283
1575.56	0.117749
1576.11	0.151321
1576.67	0.12021
1577.22	0.131791
1577.78	0.106652
1578.33	0.216951
1578.89	0.0856617
1579.44	0.0498345
1580	0.106964
1580.56	0.0842413
1581.11	0.0351729
1581.67	0.264408
1582.22	0.0684484
1582.78	0.15575
1583.33	0.0677283
1583.89	0.208801
1584.44	0.00378798
1585	0.0332519
1585.56	0.0957456
1586.11	0.00593498
1586.67	0.199687
1587.22	0.145351
1587.78	0.0485004
1588.33	0.0587136
1588.89	0.0700477
1589.44	0.197266
1590	0.144867
1590.56	0.084182
1591.11	0.167539
1591.67	0.107149
1592.22	0.0596411
1592.78	0.00689687
1593.33	0.348699
1593.89	0.099918
1594.44	0.284834
1595	0.297423
1595.56	0.0699297
1596.11	0.0314714
1596.67	0.189511
1597.22	0.00906316
1597.78	0.0480448
1598.33	0.0734137
1598.89	0.170002
1599.44	0.312219
1600	0.0443409
1600.56	0.0550576
1601.11	0.050258
1601.67	0.0664846
1602.22	0.139389
1602.78	0.00227464
1603.33	0.108312
1603.89	0.139992
1604.44	0.467939
1605	0.0645648
1605.56	0.154091
1606.11	0.0609134
1606.67	0.0527722
1607.22	0.0970908
1607.78	0.140004
1608.33	0.0210439
1608.89	0.16519
1609.44	0.151612
1610	0.333638
1610.56	0.0355034
1611.11	0.0823622
1611.67	0.0129242
1612.22	0.0899733
1612.78	0.118994
1613.33	0.161579
1613.89	0.083579
1614.44	0.338117
1615	0.0636357
1615.56	0.0936288
1616.11	0.131019
1616.67	0.139197
1617.22	0.106951
1617.78	0.0633153
1618.33	0.22508
1618.89	0.104905
1619.44	0.11506
1620	0.284152
1620.56	0.0495773
1621.11	0.0169743
1621.67	0.321612
1622.22	0.293246
1622.78	0.213468
1623.33	0.0600429
1623.89	0.00917284
1624.44	0.309987
1625	0.138919
1625.56	0.114862
1626.11	0.0112458
1626.67	0.173708
1627.22	0.344658
1627.78	0.135381
1628.33	0.00207367
1628.89	0.216412
1629.44	0.0100693
1630	0.0829467
1630.56	0.153325
1631.11	0.0863593
1631.67	0.144374
1632.22	0.0595394
1632.78	0.598254
1633.33	0.099015
1633.89	0.29727
1634.44	0.212447
1635	0.162578
1635.56	0.262308
1636.11	0.0463587
1636.67	0.31311
1637.22	0.231499
1637.78	0.209292
1638.33	0.317576
1638.89	0.476612
1639.44	0.248705
1640	0.19516
1640.56	0.110176
1641.11	0.324753
1641.67	0.312577
1642.22	0.421785
1642.78	0.167194
1643.33	0.0331341
1643.89	0.361237
1644.44	0.170767
1645	0.275923
1645.56	0.000644846
1646.11	0.095301
1646.67	0.222295
1647.22	0.370648
1647.78	0.0673624
1648.33	0.388767
1648.89	0.496991
1649.44	0.240749
1650	0.143928
1650.56	0.248401
1651.11	0.356623
1651.67	0.0976782
1652.22	0.102221
1652.78	0.0765131
1653.33	0.344894
1653.89	0.0891705
1654.44	0.238865
1655	0.0435546
1655.56	0.217065
1656.11	0.0996996
1656.67	0.0484573
1657.22	0.243482
1657.78	0.315053
1658.33	0.075732
1658.89	0.103582
1659.44	0.169662
1660	0.0073944
1660.56	0.131348
1661.11	0.0488655
1661.67	0.163625
1662.22	0.258973
1662.78	0.03768
1663.33	0.165625
1663.89	0.271836
1664.44	0.103294
1665	0.380711
1665.56	0.506874
1666.11	0.252679
1666.67	0.485895
1667.22	0.140247
1667.78	0.00957727
1668.33	0.437555
1668.89	0.0231984
1669.44	0.15434
1670	0.282231
1670.56	0.407775
1671.11	0.245759
1671.67	0.237233
1672.22	0.162154
1672.78	0.244907
1673.33	0.0100495
1673.89	0.193173
1674.44	0.0413284
1675	0.0515056
1675.56	0.0408352
1676.11	0.4621
1676.67	0.198407
1677.22	0.0478201
1677.78	0.333686
1678.33	0.0203329
1678.89	0.684217
1679.44	0.0521675
1680	0.080198
1680.56	0.5732
1681.11	0.0558281
1681.67	0.107122
1682.22	0.102625
1682.78	0.219465
1683.33	0.318569
1683.89	0.507866
1684.44	0.16875
1685	0.0331754
1685.56	0.120849
1686.11	0.200596
1686.67	0.346771
1687.22	0.116387
1687.78	0.330334
1688.33	0.127421
1688.89	0.399319
1689.44	0.21684
1690	0.288522
1690.56	0.0192363
1691.11	0.580355
1691.67	0.157185
1692.22	0.179231
1692.78	0.210149
1693.33	0.089864
1693.89	0.298968
1694.44	0.490583
1695	0.232688
1695.56	0.445222
1696.11	0.000422416
1696.67	0.111566
1697.22	0.664955
1697.78	0.189717
1698.33	0.142302
1698.89	0.49539
1699.44	0.21433
1700	0.521194
1700.56	0.302379
1701.11	0.0794639
1701.67	0.0563212
1702.22	0.281225
1702.78	0.269393
1703.33	0.369768
1703.89	0.62391
1704.44	0.200024
1705	0.263842
1705.56	0.273972
1706.11	0.236543
1706.67	0.360443
1707.22	0.149881
1707.78	0.68435
1708.33	0.1957
1708.89	0.329145
1709.44	0.165922
1710	0.414485
1710.56	0.235831
1711.11	0.312317
1711.67	0.242286
1712.22	0.103753
1712.78	0.349816
1713.33	0.393491
1713.89	0.464069
1714.44	0.378126
1715	0.138102
1715.56	0.291979
1716.11	0.0820056
1716.67	0.0608511
1717.22	0.539123
1717.78	0.553331
1718.33	0.624814
1718.89	0.497764
1719.44	0.531551
1720	0.284043
1720.56	0.485131
1721.11	1.39244
1721.67	1.38883
1722.22	0.448444
1722.78	0.39259
1723.33	0.825377
1723.89	0.106608
1724.44	0.0330826
1725	0.672151
1725.56	0.202773
1726.11	0.918289
1726.67	0.553468
1727.22	0.647549
1727.78	0.889728
1728.33	0.729409
1728.89	1.27869
1729.44	0.424268
1730	0.0895884
1730.56	0.0906263
1731.11	0.291116
1731.67	0.633418
1732.22	0.531987
1732.78	0.105307
1733.33	0.393406
1733.89	0.180552
1734.44	0.144611
1735	0.353002
1735.56	0.616156
1736.11	0.434997
1736.67	1.484
1737.22	0.146166
1737.78	0.608891
1738.33	0.5025
1738.89	1.02235
1739.44	0.273263
1740	0.0851325
1740.56	0.0708807
1741.11	0.261798
1741.67	0.503673
1742.22	0.316902
1742.78	0.530427
1743.33	0.386722
1743.89	0.0500693
1744.44	0.45544
1745	0.0129717
1745.56	0.0985189
1746.11	0.448031
1746.67	0.136985
1747.22	0.578037
1747.78	0.810701
1748.33	0.530513
1748.89	0.429997
1749.44	0.664997
1750	0.420218
1750.56	0.799253
1751.11	0.33675
1751.67	1.34711
1752.22	0.540697
1752.78	0.0534893
1753.33	1.84876
1753.89	0.428582
1754.44	0.573209
1755	0.0868839
1755.56	0.53414
1756.11	0.315907
1756.67	0.570377
1757.22	0.99942
1757.78	0.586271
1758.33	0.366429
1758.89	1.49004
1759.44	0.325941
1760	0.265836
1760.56	1.31807
1761.11	1.15231
1761.67	0.326182
1762.22	0.233581
1762.78	0.31306
1763.33	0.806074
1763.89	0.984231
1764.44	0.55416
1765	0.259796
1765.56	0.182378
1766.11	1.22576
1766.67	0.308316
1767.22	1.44048
1767.78	0.697893
1768.33	1.19245
1768.89	0.380722
1769.44	0.748592
1770	0.573591
1770.56	1.38175
1771.11	1.22187
1771.67	0.288284
1772.22	0.376023
1772.78	1.50915
1773.33	0.472778
1773.89	0.216305
1774.44	0.269385
1775	0.6313
1775.56	0.296397
1776.11	1.07522
1776.67	0.857476
1777.22	0.715203
1777.78	0.906957
1778.33	0.230676
1778.89	0.821701
1779.44	1.53555
1780	0.015221
1780.56	0.605388
1781.11	0.107065
1781.67	0.543122
1782.22	0.103892
1782.78	0.929673
1783.33	0.237248
1783.89	0.130325
1784.44	0.260586
1785	1.21665
1785.56	0.654022
1786.11	0.887581
1786.67	0.138664
1787.22	2.02992
1787.78	0.400352
1788.33	0.597006
1788.89	0.666109
1789.44	0.389375
1790	0.2852
1790.56	2.18309
1791.11	0.35302
1791.67	0.770409
1792.22	1.03577
1792.78	0.67329
1793.33	0.0879432
1793.89	0.153411
1794.44	0.559334
1795	0.322771
1795.56	0.706807
1796.11	0.38032
1796.67	0.23753
1797.22	0.478314
1797.78	0.0483825
1798.33	0.503152
1798.89	0.677186
1799.44	0.117862
1800	3.057
1800.56	1.65085
1801.11	0.125507
1801.67	0.450171
1802.22	1.24562
1802.78	1.60357
1803.33	0.89081
1803.89	0.191035
1804.44	0.683833
1805	1.1442
1805.56	0.31049
1806.11	0.416906
1806.67	0.0464344
1807.22	0.309019
1807.78	0.24464
1808.33	1.21907
1808.89	0.800049
1809.44	0.783753
1810	1.08678
1810.56	0.528309
1811.11	1.09324
1811.67	0.407977
1812.22	0.213249
1812.78	1.35691
1813.33	0.325518
1813.89	2.9006
1814.44	0.538842
1815	0.191233
1815.56	1.54791
1816.11	0.711577
1816.67	1.29362
1817.22	0.0262158
1817.78	0.696459
1818.33	0.771961
1818.89	1.74525
1819.44	1.05795
1820	0.455685
1820.56	0.539004
1821.11	1.39499
1821.67	0.238108
1822.22	0.576858
1822.78	2.4853
1823.33	0.962432
1823.89	1.62032
1824.44	0.213326
1825	0.2549
1825.56	0.829884
1826.11	1.31717
1826.67	0.375793
1827.22	1.95082
1827.78	1.40424
1828.33	1.62192
1828.89	1.56759
1829.44	0.240201
1830	0.580458
1830.56	0.546255
1831.11	0.705627
1831.67	2.17573
1832.22	0.970051
1832.78	1.49782
1833.33	0.252321
1833.89	1.76687
1834.44	0.864272
1835	0.691758
1835.56	0.943851
1836.11	1.52648
1836.67	0.578135
1837.22	0.958252
1837.78	1.26917
1838.33	0.451974
1838.89	1.38618
1839.44	0.222675
1840	0.308842
1840.56	0.640018
1841.11	0.432586
1841.67	0.234532
1842.22	0.347385
1842.78	0.284743
1843.33	0.199056
1843.89	0.509574
1844.44	1.05532
1845	1.19104
1845.56	3.89474
1846.11	0.128305
1846.67	0.109
1847.22	0.645657
1847.78	0.937318
1848.33	0.77406
1848.89	0.775665
1849.44	0.973576
1850	0.497014
1850.56	0.330289
1851.11	1.18684
1851.67	1.38359
1852.22	1.304
1852.78	0.0964335
1853.33	0.297414
1853.89	0.373083
1854.44	1.69989
1855	0.163522
1855.56	0.262197
1856.11	1.23908
1856.67	1.25361
1857.22	0.0192348
1857.78	1.0875
1858.33	1.68098
1858.89	1.55027
1859.44	0.454476
1860	0.884799
1860.56	0.607082
1861.11	0.748073
1861.67	1.44626
1862.22	1.27024
1862.78	1.03707
1863.33	0.127433
1863.89	1.70299
1864.44	1.6405
1865	0.00617493
1865.56	0.136001
1866.11	0.566206
1866.67	0.0562602
1867.22	2.11134
1867.78	0.110601
1868.33	0.859267
1868.89	3.90393
1869.44	1.26186
1870	1.90989
1870.56	0.659696
1871.11	0.194134
1871.67	0.0201701
1872.22	0.782647
1872.78	1.88707
1873.33	2.40115
1873.89	0.491661
1874.44	0.814319
1875	2.62271
1875.56	1.25872
1876.11	0.826422
1876.67	1.44539
1877.22	0.876561
1877.78	0.779659
1878.33	2.93338
1878.89	0.197334
1879.44	0.736747
1880	2.41979
1880.56	2.47548
1881.11	0.825739
1881.67	0.818297
1882.22	1.15678
1882.78	3.24276
1883.33	1.01802
1883.89	3.68801
1884.44	0.72537
1885	1.71535
1885.56	3.1451
1886.11	1.31782
1886.67	0.694686
1887.22	0.604564
1887.78	0.856497
1888.33	0.712823
1888.89	0.218937
1889.44	2.12167
1890	0.103739
1890.56	1.36783
1891.11	0.848279
1891.67	0.303123
1892.22	0.559853
1892.78	1.3745
1893.33	1.07983
1893.89	1.57937
1894.44	1.74942
1895	1.6361
1895.56	3.48924
1896.11	0.0886287
1896.67	1.57834
1897.22	1.98859
1897.78	1.95519
1898.33	0.622201
1898.89	0.163915
1899.44	0.381855
1900	0.0493225
1900.56	1.93496
1901.11	2.8683
1901.67	3.81499
1902.22	0.875657
1902.78	0.811775
1903.33	0.416087
1903.89	0.73108
1904.44	1.01394
1905	0.326608
1905.56	0.945471
1906.11	0.269078
1906.67	2.37477
1907.22	1.82468
1907.78	1.49917
1908.33	0.961166
1908.89	1.02005
1909.44	1.01879
1910	1.73612
1910.56	3.5969
1911.11	1.6245
1911.67	0.566729
1912.22	0.084513
1912.78	0.555271
1913.33	2.40793
1913.89	0.0817003
1914.44	4.20772
1915	0.857059
1915.56	0.810042
1916.11	1.19651
1916.67	1.9135
1917.22	0.0755777
1917.78	2.58327
1918.33	2.0549
1918.89	0.777319
1919.44	0.340498
1920	0.731635
1920.56	0.856731
1921.11	1.09043
1921.67	0.42699
1922.22	1.2182
1922.78	1.56
1923.33	0.467254
1923.89	0.37912
1924.44	1.67073
1925	0.451573
1925.56	2.21588
1926.11	0.62229
1926.67	0.712013
1927.22	1.34966
1927.78	0.502531
1928.33	0.0900723
1928.89	1.2011
1929.44	0.173471
1930	0.318745
1930.56	2.32699
1931.11	1.04616
1931.67	2.46653
1932.22	0.100124
1932.78	0.381574
1933.33	0.827519
1933.89	2.16031
1934.44	0.0518409
1935	3.47125
1935.56	4.30476
1936.11	0.249499
1936.67	1.50229
1937.22	2.198
1937.78	1.07806
1938.33	3.12092
1938.89	2.07628
1939.44	0.618321
1940	1.03534
1940.56	2.32816
1941.11	0.116618
1941.67	0.749967
1942.22	1.08111
1942.78	2.86668
1943.33	0.383885
1943.89	1.35163
1944.44	1.57718
1945	0.404211
1945.56	0.875628
1946.11	3.06541
1946.67	1.24531
1947.22	0.738517
1947.78	0.85242
1948.33	0.494084
1948.89	1.46473
1949.44	0.762863
1950	1.48901
1950.56	3.55186
1951.11	1.93907
1951.67	0.533856
1952.22	0.536612
1952.78	2.4124
1953.33	2.64833
1953.89	2.61829
1954.44	0.0988776
1955	1.56785
1955.56	2.63098
1956.11	0.053073
1956.67	2.24526
1957.22	0.866693
1957.78	0.575711
1958.33	0.23654
1958.89	1.58201
1959.44	0.701959
1960	0.876219
1960.56	0.785944
1961.11	1.85474
1961.67	1.21941
1962.22	0.0882466
1962.78	1.95821
1963.33	2.87085
1963.89	1.89937
1964.44	0.785269
1965	2.89642
1965.56	4.09699
1966.11	3.01723
1966.67	0.106052
1967.22	2.34529
1967.78	0.111079
1968.33	4.11381
1968.89	2.48984
1969.44	3.46879
1970	0.743034
1970.56	1.45209
1971.11	0.819399
1971.67	3.92968
1972.22	0.953789
1972.78	1.98928
1973.33	4.72125
1973.89	0.408755
1974.44	1.73576
1975	1.8888
1975.56	1.8877
1976.11	1.51377
1976.67	3.54111
1977.22	0.34878
1977.78	3.49085
1978.33	0.734887
1978.89	2.09905
1979.44	1.49087
1980	2.27708
1980.56	3.59704
1981.11	0.312911
1981.67	0.299676
1982.22	1.13481
1982.78	1.93448
1983.33	0.154184
1983.89	0.241518
1984.44	0.257398
1985	1.13752
1985.56	0.206073
1986.11	0.578127
1986.67	1.33411
1987.22	1.75576
1987.78	4.26987
1988.33	4.30071
1988.89	0.781855
1989.44	2.7033
1990	3.23331
1990.56	2.15769
1991.11	0.582628
1991.67	0.393594
1992.22	3.09359
1992.78	1.61073
1993.33	1.10935
1993.89	1.44085
1994.44	2.11626
1995	4.16812
1995.56	0.314642
1996.11	1.55183
1996.67	0.710673
1997.22	0.0988032
1997.78	0.499963
1998.33	0.178017
1998.89	2.9613
1999.44	2.10843
2000	1.57634
