t	etaU
0	4.00119e-15
0.555556	0.710026
1.11111	2.49829
1.66667	2.97484
2.22222	1.11473
2.77778	0.21569
3.33333	0.290902
3.88889	0.986644
4.44444	1.03374
5	0.175132
5.55556	0.989285
6.11111	0.380371
6.66667	1.71014
7.22222	0.465375
7.77778	1.38493
8.33333	0.944235
8.88889	1.55006
9.44444	0.193242
10	0.196761
10.5556	0.467196
11.1111	1.23985
11.6667	0.135849
12.2222	0.125195
12.7778	0.88741
13.3333	1.03963
13.8889	0.604674
14.4444	1.31289
15	1.0523
15.5556	0.0324119
16.1111	0.279339
16.6667	0.151466
17.2222	1.93228
17.7778	0.0153768
18.3333	1.89424
18.8889	0.550645
19.4444	0.933199
20	2.29893
20.5556	1.38917
21.1111	0.190442
21.6667	1.10127
22.2222	0.613577
22.7778	0.399737
23.3333	0.188705
23.8889	1.00266
24.4444	0.403757
25	0.940625
25.5556	1.20509
26.1111	0.0493286
26.6667	0.959298
27.2222	0.171565
27.7778	0.197598
28.3333	0.702662
28.8889	0.0455677
29.4444	0.766986
30	1.67932
30.5556	0.799976
31.1111	0.29999
31.6667	1.0785
32.2222	1.03559
32.7778	1.07011
33.3333	0.523038
33.8889	1.02819
34.4444	0.207868
35	0.0451311
35.5556	0.437999
36.1111	0.120078
36.6667	0.20301
37.2222	0.331197
37.7778	0.0598335
38.3333	0.426664
38.8889	0.678137
39.4444	1.49439
40	0.442059
40.5556	0.510445
41.1111	0.804143
41.6667	0.602475
42.2222	0.623096
42.7778	0.49033
43.3333	0.759378
43.8889	0.636745
44.4444	0.308761
45	1.08099
45.5556	0.11964
46.1111	0.47712
46.6667	0.644704
47.2222	0.330378
47.7778	0.188479
48.3333	1.59344
48.8889	0.261887
49.4444	0.392542
50	0.311523
50.5556	0.569887
51.1111	0.178765
51.6667	0.141947
52.2222	0.844325
52.7778	0.0898814
53.3333	0.0729697
53.8889	0.709897
54.4444	0.134309
55	0.555982
55.5556	0.23378
56.1111	0.916199
56.6667	1.13488
57.2222	0.294039
57.7778	0.0275784
58.3333	0.911918
58.8889	0.28598
59.4444	0.250243
60	0.531778
60.5556	0.46933
61.1111	0.360253
61.6667	0.227133
62.2222	0.720746
62.7778	0.203805
63.3333	0.420494
63.8889	0.534237
64.4444	0.0816024
65	0.89131
65.5556	0.614624
66.1111	1.19859
66.6667	0.210389
67.2222	0.495542
67.7778	1.17387
68.3333	0.0564211
68.8889	0.0682693
69.4444	0.815387
70	1.21634
70.5556	0.862113
71.1111	0.620109
71.6667	0.18245
72.2222	0.74004
72.7778	0.373166
73.3333	0.195321
73.8889	0.284249
74.4444	0.275416
75	0.287079
75.5556	0.212988
76.1111	0.498021
76.6667	0.333903
77.2222	0.534571
77.7778	0.0480255
78.3333	0.165519
78.8889	0.526527
79.4444	0.00324349
80	0.460646
80.5556	0.0142211
81.1111	0.377217
81.6667	0.526636
82.2222	0.743686
82.7778	0.107513
83.3333	0.0978261
83.8889	0.344921
84.4444	1.07667
85	0.300247
85.5556	0.605118
86.1111	0.816104
86.6667	0.514261
87.2222	0.27516
87.7778	0.145685
88.3333	0.715973
88.8889	0.18519
89.4444	0.29381
90	0.641712
90.5556	0.597758
91.1111	0.0963156
91.6667	0.532778
92.2222	0.0630496
92.7778	0.325675
93.3333	0.224028
93.8889	0.0856522
94.4444	0.510761
95	0.0170431
95.5556	0.942588
96.1111	0.0844712
96.6667	0.229507
97.2222	0.106184
97.7778	0.0373877
98.3333	0.0868466
98.8889	0.15007
99.4444	0.193088
100	0.055114
100.556	0.0903103
101.111	0.339231
101.667	0.19153
102.222	0.150324
102.778	0.12602
103.333	0.0440439
103.889	0.126073
104.444	0.221444
105	0.452221
105.556	0.49723
106.111	0.042426
106.667	0.0793145
107.222	0.134483
107.778	0.1569
108.333	0.206731
108.889	0.0249061
109.444	0.479157
110	0.0652678
110.556	0.154213
111.111	0.164424
111.667	0.0553566
112.222	0.38254
112.778	0.00646872
113.333	0.137061
113.889	0.031897
114.444	0.284785
115	0.147691
115.556	0.268618
116.111	0.392246
116.667	0.0695711
117.222	0.292538
117.778	0.226143
118.333	0.326437
118.889	0.0303933
119.444	0.0565861
120	0.0627782
120.556	0.0834531
121.111	0.0722155
121.667	0.0768097
122.222	0.06031
122.778	0.144573
123.333	0.138429
123.889	0.140333
124.444	0.190627
125	0.264363
125.556	0.0362449
126.111	0.0514007
126.667	0.10014
127.222	0.157922
127.778	0.250734
128.333	0.287958
128.889	0.0317789
129.444	0.071215
130	0.0473864
130.556	0.445366
131.111	0.0474543
131.667	0.161483
132.222	0.0301397
132.778	0.235438
133.333	0.0300547
133.889	0.242676
134.444	0.30585
135	0.278547
135.556	0.221874
136.111	0.126668
136.667	0.20689
137.222	0.0318005
137.778	0.0019298
138.333	0.254827
138.889	0.188676
139.444	0.5114
140	0.411484
140.556	0.334197
141.111	0.206744
141.667	0.227979
142.222	1.03063
142.778	0.451634
143.333	0.0565441
143.889	0.638557
144.444	0.0685054
145	0.270677
145.556	0.0833136
146.111	0.195148
146.667	0.0161799
147.222	0.104306
147.778	0.127858
148.333	0.663174
148.889	0.288944
149.444	0.11142
150	0.309423
150.556	0.100274
151.111	0.110428
151.667	0.119843
152.222	0.231388
152.778	0.0909768
153.333	0.0831656
153.889	0.103944
154.444	0.103638
155	0.102193
155.556	0.237523
156.111	0.395257
156.667	0.0950394
157.222	0.183609
157.778	0.262105
158.333	0.259156
158.889	0.285461
159.444	0.0170758
160	0.00547479
160.556	0.0283786
161.111	0.148626
161.667	0.0921779
162.222	0.155956
162.778	0.00721874
163.333	0.125224
163.889	0.123016
164.444	0.182575
165	0.366941
165.556	0.0249856
166.111	0.00536578
166.667	0.190266
167.222	0.0842892
167.778	0.0929775
168.333	0.0326413
168.889	0.0634513
169.444	0.218659
170	0.00980743
170.556	0.0975356
171.111	0.201324
171.667	0.0740263
172.222	0.0584444
172.778	0.0958199
173.333	0.0151476
173.889	0.000763194
174.444	0.129852
175	0.124571
175.556	0.0406493
176.111	0.0742704
176.667	0.0168173
177.222	0.175645
177.778	0.044614
178.333	0.0733056
178.889	0.14767
179.444	0.148759
180	0.0569725
180.556	0.0366789
181.111	0.0785965
181.667	0.172762
182.222	0.0225852
182.778	0.18288
183.333	0.128524
183.889	0.193689
184.444	0.0214265
185	0.172397
185.556	0.0189768
186.111	0.0298278
186.667	0.0388142
187.222	0.0585419
187.778	0.0892899
188.333	0.104234
188.889	0.19338
189.444	0.153238
190	0.0782136
190.556	0.0229354
191.111	0.0052874
191.667	0.0243798
192.222	0.0729136
192.778	0.140502
193.333	0.1208
193.889	0.0839996
194.444	0.195131
195	0.063892
195.556	0.248693
196.111	0.0452588
196.667	0.0743021
197.222	0.0519353
197.778	0.171552
198.333	0.187306
198.889	0.0844723
199.444	0.0378673
200	0.170979
200.556	0.103256
201.111	0.16136
201.667	0.0897
202.222	0.135667
202.778	0.0911512
203.333	0.0523846
203.889	0.0161319
204.444	0.124317
205	0.170155
205.556	0.244863
206.111	0.0186547
206.667	0.0542827
207.222	0.0874143
207.778	0.0906722
208.333	0.0645288
208.889	0.00885369
209.444	0.0833455
210	0.0287835
210.556	0.0164324
211.111	0.117708
211.667	0.0470943
212.222	0.128578
212.778	0.0022996
213.333	0.068412
213.889	0.0327303
214.444	0.173878
215	0.0629259
215.556	0.081592
216.111	0.0956574
216.667	0.032336
217.222	0.044063
217.778	0.020757
218.333	0.0933686
218.889	0.0092459
219.444	0.136679
220	0.0163355
220.556	0.178318
221.111	0.141819
221.667	0.139897
222.222	0.0120001
222.778	0.00888308
223.333	0.154588
223.889	0.0830119
224.444	0.0161927
225	0.0530935
225.556	0.0258968
226.111	0.0359664
226.667	0.162191
227.222	0.0116639
227.778	0.210526
228.333	0.0390865
228.889	0.0894187
229.444	0.0303138
230	0.0245845
230.556	0.00681708
231.111	0.164383
231.667	0.0815428
232.222	0.0555858
232.778	0.189545
233.333	0.0574612
233.889	0.0127358
234.444	0.098854
235	0.0461963
235.556	0.120533
236.111	0.0798061
236.667	0.0749592
237.222	0.0934682
237.778	0.0317805
238.333	0.106581
238.889	0.0155699
239.444	0.0969695
240	0.0262098
240.556	0.00188149
241.111	0.0181301
241.667	0.0144402
242.222	0.0234808
242.778	0.0150476
243.333	0.0873997
243.889	0.00293587
244.444	0.0770145
245	0.0509285
245.556	0.0865989
246.111	0.0656233
246.667	0.0633924
247.222	0.0644134
247.778	0.0189713
248.333	0.00511559
248.889	0.0324186
249.444	0.0688355
250	0.108235
250.556	0.0116772
251.111	0.0332405
251.667	0.0752512
252.222	0.0587458
252.778	0.00464124
253.333	0.0240054
253.889	0.0837403
254.444	0.0956457
255	0.0459423
255.556	0.136729
256.111	0.0532095
256.667	0.0385616
257.222	0.000435085
257.778	0.0431118
258.333	0.0331542
258.889	0.045166
259.444	0.0469207
260	0.00514353
260.556	0.131779
261.111	0.0155175
261.667	0.121313
262.222	0.00971494
262.778	0.015981
263.333	0.045175
263.889	0.0344974
264.444	0.0535827
265	0.0751344
265.556	0.0715171
266.111	0.000629411
266.667	0.0780177
267.222	0.0234558
267.778	0.0807075
268.333	0.068162
268.889	0.00025948
269.444	0.0455608
270	0.0119592
270.556	0.0240034
271.111	0.121926
271.667	0.0103505
272.222	0.0563527
272.778	0.00940853
273.333	0.0185546
273.889	0.0185902
274.444	0.000792199
275	0.0314163
275.556	0.0361486
276.111	0.0788992
276.667	0.00100702
277.222	0.0575656
277.778	0.00933152
278.333	0.0123285
278.889	0.00712613
279.444	0.0245991
280	0.0325071
280.556	0.0582555
281.111	0.0522154
281.667	0.00473286
282.222	0.03231
282.778	0.0725726
283.333	0.00263952
283.889	0.016949
284.444	0.00589479
285	0.0363183
285.556	0.0049837
286.111	0.0230353
286.667	0.0248224
287.222	0.0531778
287.778	0.068473
288.333	0.0682566
288.889	0.0190118
289.444	0.0152553
290	0.00142013
290.556	0.0491497
291.111	0.0467365
291.667	0.0238993
292.222	0.0142194
292.778	0.0335058
293.333	0.000958151
293.889	0.0854253
294.444	0.0454001
295	0.0149042
295.556	0.0379747
296.111	0.0160938
296.667	0.052406
297.222	0.0112611
297.778	0.0584893
298.333	0.05517
298.889	0.0669576
299.444	0.00765611
300	0.000284722
300.556	0.0212603
301.111	0.061841
301.667	0.0724751
302.222	0.0240564
302.778	0.0147247
303.333	0.000392962
303.889	0.0487294
304.444	0.0174127
305	0.0434766
305.556	0.0187348
306.111	0.0426908
306.667	0.00140145
307.222	0.0481845
307.778	0.00765488
308.333	0.0362212
308.889	0.0141219
309.444	0.0455537
310	0.0025275
310.556	0.00447659
311.111	0.0396055
311.667	0.0884261
312.222	0.0461522
312.778	0.0602509
313.333	0.0233077
313.889	0.0158647
314.444	0.0325873
315	0.00261751
315.556	0.0323973
316.111	0.012463
316.667	0.0206931
317.222	0.0308229
317.778	0.0385249
318.333	0.0283481
318.889	0.0682775
319.444	0.0500966
320	0.00778844
320.556	0.00606179
321.111	0.0236686
321.667	0.0501219
322.222	0.0382913
322.778	0.051479
323.333	0.0112966
323.889	0.0283867
324.444	0.00629906
325	0.0328519
325.556	0.0346273
326.111	0.00132785
326.667	0.00635766
327.222	0.00684436
327.778	0.0119359
328.333	0.0255803
328.889	0.0389327
329.444	0.065875
330	0.0580598
330.556	0.0786311
331.111	0.0288261
331.667	0.0268569
332.222	0.0382991
332.778	0.0656142
333.333	0.00529889
333.889	0.0223745
334.444	0.010597
335	0.0688473
335.556	0.00888481
336.111	0.0389583
336.667	0.00750015
337.222	0.0560356
337.778	0.0171683
338.333	0.0109913
338.889	0.0540939
339.444	0.0150824
340	0.0172536
340.556	0.042513
341.111	0.0235274
341.667	0.00788209
342.222	0.026163
342.778	0.00223088
343.333	0.0162081
343.889	0.0693507
344.444	0.00175318
345	0.0214525
345.556	0.00156605
346.111	0.0343627
346.667	0.0324426
347.222	0.00173527
347.778	0.0144891
348.333	0.025854
348.889	0.00663535
349.444	0.0297396
350	0.0178877
350.556	0.0316414
351.111	0.00434627
351.667	0.0307894
352.222	0.0384738
352.778	0.00588423
353.333	0.042501
353.889	0.0360493
354.444	0.030445
355	0.00952602
355.556	0.000205623
356.111	0.00487776
356.667	0.0348442
357.222	0.0141584
357.778	0.0085039
358.333	0.0453581
358.889	0.0100699
359.444	0.00995164
360	0.00814784
360.556	0.0486894
361.111	0.00800289
361.667	0.0266607
362.222	0.0155015
362.778	0.0048816
363.333	0.0178087
363.889	0.0226659
364.444	0.0342928
365	0.0011535
365.556	0.0576539
366.111	0.00467728
366.667	0.0180464
367.222	0.00182244
367.778	0.0426931
368.333	0.0181569
368.889	0.0646741
369.444	0.0521017
370	0.00560128
370.556	0.0038322
371.111	0.00240216
371.667	0.0554001
372.222	0.0258488
372.778	0.0364832
373.333	0.0298677
373.889	0.00513617
374.444	0.00500439
375	0.0129421
375.556	0.0318622
376.111	0.0297777
376.667	0.0192963
377.222	0.0192631
377.778	0.00401245
378.333	0.00305639
378.889	0.0234748
379.444	0.00589749
380	0.00141482
380.556	0.00649158
381.111	0.013839
381.667	0.0269986
382.222	0.00200402
382.778	0.0104269
383.333	0.0290392
383.889	0.00113755
384.444	0.0173179
385	0.00485441
385.556	0.00658699
386.111	0.00229305
386.667	0.0331128
387.222	0.00996901
387.778	0.00785513
388.333	0.0197188
388.889	0.0419628
389.444	0.0309777
390	0.0150393
390.556	0.0332091
391.111	0.00416859
391.667	0.00633527
392.222	0.00115581
392.778	0.0470536
393.333	0.0282732
393.889	0.0125248
394.444	0.0440995
395	0.0178933
395.556	0.0174819
396.111	0.0114969
396.667	0.0431825
397.222	0.0113486
397.778	0.0107745
398.333	0.042072
398.889	0.00707768
399.444	0.00087494
400	0.0320598
400.556	0.042398
401.111	0.0212403
401.667	0.0146493
402.222	0.0227742
402.778	0.0150319
403.333	0.0140532
403.889	0.0204268
404.444	0.03387
405	0.00506788
405.556	0.00544234
406.111	0.0173018
406.667	0.00199577
407.222	0.0161874
407.778	0.0251257
408.333	0.0133678
408.889	0.00616323
409.444	0.0145586
410	0.00130424
410.556	0.0249528
411.111	0.0180498
411.667	0.0222696
412.222	0.0031072
412.778	0.0060651
413.333	0.0300716
413.889	0.0243311
414.444	0.0153323
415	0.00509374
415.556	0.0255701
416.111	0.0218331
416.667	0.000886943
417.222	0.00404063
417.778	0.0393925
418.333	0.0295127
418.889	0.0112705
419.444	0.0135686
420	0.0308886
420.556	0.0324699
421.111	0.00664397
421.667	0.0312579
422.222	0.0294218
422.778	0.0244838
423.333	0.0138152
423.889	0.0304478
424.444	0.0265894
425	0.0088776
425.556	0.0426329
426.111	0.0193275
426.667	0.00288491
427.222	0.0161685
427.778	0.0293323
428.333	0.0170051
428.889	0.0223176
429.444	0.00339155
430	0.00335262
430.556	0.0108314
431.111	0.0196508
431.667	0.0279783
432.222	0.0205989
432.778	0.0433721
433.333	0.0208485
433.889	0.0181295
434.444	0.00510076
435	0.0260576
435.556	0.0214916
436.111	0.00153354
436.667	0.00629357
437.222	0.0185352
437.778	0.00784578
438.333	0.0350629
438.889	0.0233108
439.444	0.0420643
440	0.000523718
440.556	0.00468999
441.111	0.00731174
441.667	0.0159168
442.222	0.00656482
442.778	0.0218217
443.333	0.0435179
443.889	0.00382872
444.444	0.00159486
445	0.0132737
445.556	0.0338232
446.111	0.010696
446.667	0.0276165
447.222	0.0214674
447.778	0.0010979
448.333	0.0158634
448.889	0.00226758
449.444	0.0334251
450	0.0124034
450.556	0.027449
451.111	0.0173917
451.667	0.00388817
452.222	0.00910555
452.778	0.0256735
453.333	0.0150895
453.889	0.01839
454.444	0.0449929
455	0.0165367
455.556	0.0146515
456.111	0.013849
456.667	0.0256085
457.222	0.018593
457.778	0.0261988
458.333	0.0201993
458.889	0.0124699
459.444	0.0151015
460	0.000666479
460.556	0.0274178
461.111	0.0112907
461.667	0.00766111
462.222	0.0079324
462.778	0.00258003
463.333	0.0176283
463.889	0.0100329
464.444	0.0443145
465	0.00122575
465.556	0.018812
466.111	0.00551076
466.667	0.0220005
467.222	0.0131132
467.778	0.00524023
468.333	0.0224437
468.889	0.00357898
469.444	0.0148996
470	0.00280851
470.556	0.0281277
471.111	0.0102985
471.667	0.0209675
472.222	0.0128499
472.778	0.00988764
473.333	0.000256744
473.889	0.0279142
474.444	0.0223242
475	0.0113625
475.556	0.0256537
476.111	0.0200508
476.667	0.0220542
477.222	0.00612724
477.778	0.0374123
478.333	0.0421456
478.889	0.00235799
479.444	0.0219777
480	0.0186413
480.556	0.0078601
481.111	0.0157531
481.667	0.0347092
482.222	0.0275069
482.778	0.020021
483.333	0.0119261
483.889	0.0031237
484.444	0.00370898
485	0.0150084
485.556	0.0387422
486.111	0.00193244
486.667	0.0184661
487.222	0.0126416
487.778	0.00174156
488.333	0.0133243
488.889	0.00830775
489.444	0.029224
490	0.00350467
490.556	0.0129901
491.111	0.00830581
491.667	0.0153176
492.222	0.0103904
492.778	0.0171842
493.333	0.0298856
493.889	0.00790627
494.444	0.00410733
495	0.00324538
495.556	0.0332475
496.111	0.0152311
496.667	0.0162254
497.222	0.0202933
497.778	0.0116063
498.333	0.0165817
498.889	0.0227431
499.444	0.0271077
500	0.0148912
500.556	0.0211692
501.111	0.0118222
501.667	0.0232226
502.222	0.0177038
502.778	0.021212
503.333	0.033252
503.889	0.00488723
504.444	0.0202663
505	0.0186356
505.556	0.028722
506.111	0.00424521
506.667	0.0290549
507.222	0.0302867
507.778	0.00844225
508.333	0.0182563
508.889	0.0209864
509.444	0.0206312
510	0.0019258
510.556	0.0348359
511.111	0.00640719
511.667	0.00855112
512.222	0.0111189
512.778	0.0196418
513.333	0.0144478
513.889	0.0171564
514.444	0.020592
515	0.00438743
515.556	0.020193
516.111	0.00299254
516.667	0.0269618
517.222	0.0116663
517.778	0.0146373
518.333	0.0186364
518.889	0.000477668
519.444	0.00016739
520	0.0118427
520.556	0.020371
521.111	0.0133993
521.667	0.0193447
522.222	0.00861222
522.778	0.00520188
523.333	0.0137386
523.889	0.00722787
524.444	0.0252214
525	0.000277729
525.556	0.000422569
526.111	0.00547612
526.667	0.0103819
527.222	0.0251256
527.778	0.0174477
528.333	0.0368806
528.889	0.0118788
529.444	0.00543507
530	0.00633528
530.556	0.0220295
531.111	0.00939715
531.667	0.0243974
532.222	0.0267925
532.778	0.00530236
533.333	0.000645009
533.889	0.0181067
534.444	0.0341643
535	0.00587508
535.556	0.0314901
536.111	0.0209425
536.667	0.00190947
537.222	0.00880634
537.778	0.0302896
538.333	0.0217284
538.889	0.0175861
539.444	0.0392746
540	0.0119062
540.556	0.000474043
541.111	0.0039474
541.667	0.0248743
542.222	0.011824
542.778	0.0267487
543.333	0.0211705
543.889	0.00566143
544.444	0.00447714
545	0.00958449
545.556	0.025189
546.111	0.00956192
546.667	0.0162793
547.222	0.00594716
547.778	0.00647903
548.333	0.010917
548.889	0.00403612
549.444	0.0236503
550	0.00184569
550.556	0.00913035
551.111	0.00511838
551.667	0.0132764
552.222	0.0173196
552.778	0.00889637
553.333	0.0211814
553.889	0.00282989
554.444	0.00110545
555	0.00214432
555.556	0.0279411
556.111	0.0127432
556.667	0.0170291
557.222	0.0211094
557.778	0.00684317
558.333	0.00621788
558.889	0.0150751
559.444	0.0302821
560	0.0163957
560.556	0.0265997
561.111	0.0169778
561.667	0.00515183
562.222	0.00436259
562.778	0.0278914
563.333	0.0348996
563.889	0.00395642
564.444	0.0151591
565	0.018345
565.556	0.0114491
566.111	0.00471289
566.667	0.0268421
567.222	0.0277112
567.778	0.0122096
568.333	0.0175203
568.889	0.0119101
569.444	0.0123434
570	0.0130745
570.556	0.0294726
571.111	0.0184466
571.667	0.0139396
572.222	0.0132046
572.778	0.00842641
573.333	0.0102998
573.889	0.017877
574.444	0.0261208
575	0.00821856
575.556	0.00411712
576.111	0.00115039
576.667	0.013491
577.222	0.0191617
577.778	0.0134694
578.333	0.020176
578.889	0.00524954
579.444	0.000104995
580	0.000809266
580.556	0.023814
581.111	0.01396
581.667	0.0161175
582.222	0.0185434
582.778	0.00671336
583.333	0.0133084
583.889	0.00398419
584.444	0.0262124
585	0.00808552
585.556	0.0134792
586.111	0.0163558
586.667	0.0155532
587.222	0.0116981
587.778	0.0168228
588.333	0.0315361
588.889	0.000400379
589.444	0.0156271
590	0.0156752
590.556	0.0193996
591.111	0.00769429
591.667	0.0244616
592.222	0.0333962
592.778	0.0043856
593.333	0.0218015
593.889	0.0137932
594.444	0.0253605
595	0.00451019
595.556	0.0295369
596.111	0.0198055
596.667	0.00658452
597.222	0.0150926
597.778	0.0188401
598.333	0.0181664
598.889	0.0028601
599.444	0.0330613
600	0.00689321
600.556	0.00300772
601.111	0.00835709
601.667	0.0187949
602.222	0.0176765
602.778	0.011151
603.333	0.0184876
603.889	0.00819186
604.444	0.00091867
605	0.00032708
605.556	0.020189
606.111	0.0170582
606.667	0.0120303
607.222	0.00542194
607.778	0.00880981
608.333	0.00802014
608.889	0.00313544
609.444	0.0277203
610	0.0184418
610.556	0.010132
611.111	0.0107934
611.667	0.0120683
612.222	0.0173721
612.778	0.0132433
613.333	0.0310152
613.889	0.011792
614.444	0.00804386
615	0.0097859
615.556	0.0234394
616.111	0.00897326
616.667	0.0231785
617.222	0.0355243
617.778	0.00881966
618.333	0.00460375
618.889	0.0156784
619.444	0.0293289
620	0.00740641
620.556	0.0287575
621.111	0.0267044
621.667	0.00439011
622.222	0.00227577
622.778	0.0234104
623.333	0.0256261
623.889	0.000166188
624.444	0.0326179
625	0.0185983
625.556	0.00436372
626.111	0.00255083
626.667	0.025471
627.222	0.0167093
627.778	0.011355
628.333	0.0211646
628.889	0.0138917
629.444	0.00701262
630	0.000464368
630.556	0.0218963
631.111	0.0195536
631.667	0.0172306
632.222	0.0121746
632.778	0.00713244
633.333	0.0140861
633.889	0.00277506
634.444	0.0162067
635	0.0126182
635.556	0.00254305
636.111	0.00692272
636.667	0.0096353
637.222	0.02518
637.778	0.00603131
638.333	0.0204189
638.889	0.012195
639.444	0.00255552
640	0.00641007
640.556	0.0236856
641.111	0.025108
641.667	0.00756853
642.222	0.0249933
642.778	0.0129915
643.333	0.0031831
643.889	0.0101341
644.444	0.0362029
645	0.0166627
645.556	0.0166104
646.111	0.0253482
646.667	0.0146268
647.222	0.00730401
647.778	0.0206228
648.333	0.0373602
648.889	0.0100958
649.444	0.0210596
650	0.0214602
650.556	0.0119213
651.111	0.000739111
651.667	0.0293088
652.222	0.0298198
652.778	0.00536012
653.333	0.019559
653.889	0.0147854
654.444	0.0118192
655	0.00585676
655.556	0.0277384
656.111	0.022194
656.667	0.00929355
657.222	0.00960957
657.778	0.0100294
658.333	0.0117284
658.889	0.001501
659.444	0.0245642
660	0.0103982
660.556	0.000852882
661.111	0.00450974
661.667	0.0100365
662.222	0.0163749
662.778	0.003489
663.333	0.0215417
663.889	0.00661195
664.444	0.00358675
665	0.000683493
665.556	0.0167791
666.111	0.0184735
666.667	0.00673161
667.222	0.0185843
667.778	0.0144835
668.333	0.0134641
668.889	0.000694831
669.444	0.0266442
670	0.020441
670.556	0.00996072
671.111	0.0180571
671.667	0.0189498
672.222	0.0180061
672.778	0.00979846
673.333	0.0327063
673.889	0.0178897
674.444	0.0108599
675	0.0213893
675.556	0.0249238
676.111	0.011875
676.667	0.0197852
677.222	0.0334271
677.778	0.00367179
678.333	0.0150607
678.889	0.0175169
679.444	0.0251624
680	0.00334981
680.556	0.0235521
681.111	0.0272224
681.667	0.00361394
682.222	0.0107882
682.778	0.0170018
683.333	0.0241729
683.889	0.000824038
684.444	0.0255918
685	0.0149426
685.556	0.00169627
686.111	0.00544161
686.667	0.0172449
687.222	0.0161551
687.778	0.00264066
688.333	0.0212985
688.889	0.00542435
689.444	0.00106214
690	0.000119207
690.556	0.0190292
691.111	0.0173268
691.667	0.0021939
692.222	0.0111651
692.778	0.00545092
693.333	0.0114379
693.889	0.000354567
694.444	0.0232937
695	0.0208659
695.556	0.00191526
696.111	0.00900703
696.667	0.0148034
697.222	0.0225101
697.778	0.00536358
698.333	0.0263492
698.889	0.0200577
699.444	0.00280616
700	0.0100143
700.556	0.02116
701.111	0.0211319
701.667	0.016564
702.222	0.0335755
702.778	0.0186322
703.333	0.00159034
703.889	0.012956
704.444	0.0304699
705	0.0119738
705.556	0.0205765
706.111	0.0292489
706.667	0.0108882
707.222	0.00402276
707.778	0.015367
708.333	0.0302538
708.889	0.00469532
709.444	0.0221711
710	0.0232854
710.556	0.00697451
711.111	0.00337545
711.667	0.0202009
712.222	0.0219033
712.778	0.00516722
713.333	0.0207964
713.889	0.0148184
714.444	0.00724147
715	0.00228659
715.556	0.0168786
716.111	0.0180533
716.667	0.00677452
717.222	0.0110994
717.778	0.0112967
718.333	0.0122443
718.889	0.00436566
719.444	0.0195649
720	0.014771
720.556	0.00174539
721.111	0.00416314
721.667	0.0123012
722.222	0.0210979
722.778	0.00291926
723.333	0.0211956
723.889	0.0123783
724.444	0.00610262
725	0.00785324
725.556	0.0204863
726.111	0.026955
726.667	0.000883501
727.222	0.0208974
727.778	0.0157383
728.333	0.00700753
728.889	0.00615031
729.444	0.0300159
730	0.0232447
730.556	0.0102621
731.111	0.0240188
731.667	0.0180163
732.222	0.00540267
732.778	0.0136426
733.333	0.0341168
733.889	0.0160308
734.444	0.0174716
735	0.0210048
735.556	0.0163252
736.111	0.0011432
736.667	0.023676
737.222	0.0307219
737.778	0.00574342
738.333	0.0183553
738.889	0.0164763
739.444	0.0135626
740	0.000352265
740.556	0.0214275
741.111	0.0248737
741.667	0.00118572
742.222	0.0081218
742.778	0.0104452
743.333	0.0152784
743.889	0.000592803
744.444	0.0184161
745	0.0184406
745.556	0.00196001
746.111	0.00275339
746.667	0.0111699
747.222	0.0169835
747.778	0.00139667
748.333	0.0168697
748.889	0.0143557
749.444	0.00712623
750	0.00359638
750.556	0.015726
751.111	0.0206716
751.667	0.00276328
752.222	0.0184996
752.778	0.0155078
753.333	0.0142333
753.889	0.00441137
754.444	0.0240407
755	0.0237126
755.556	0.00124128
756.111	0.0179312
756.667	0.0212853
757.222	0.0186392
757.778	0.00537531
758.333	0.0308705
758.889	0.0222766
759.444	0.00781259
760	0.0205189
760.556	0.023067
761.111	0.0166276
761.667	0.0166998
762.222	0.0300732
762.778	0.0140744
763.333	0.0112295
763.889	0.0210421
764.444	0.0218816
765	0.0105402
765.556	0.020425
766.111	0.0255251
766.667	0.00360306
767.222	0.0101703
767.778	0.0160873
768.333	0.0232437
768.889	0.00348771
769.444	0.0183055
770	0.0173038
770.556	0.00156878
771.111	0.0064962
771.667	0.0113888
772.222	0.0209901
772.778	3.75453e-05
773.333	0.0136629
773.889	0.0105956
774.444	0.00588804
775	0.00106521
775.556	0.0138788
776.111	0.020702
776.667	0.00273445
777.222	0.00852863
777.778	0.011435
778.333	0.0120842
778.889	0.00626179
779.444	0.0193097
780	0.0233484
780.556	0.00641025
781.111	0.00531966
781.667	0.0162515
782.222	0.0192007
782.778	0.00241905
783.333	0.0257197
783.889	0.0247751
784.444	0.00526295
785	0.00867253
785.556	0.0209017
786.111	0.0216242
786.667	0.00498359
787.222	0.0306621
787.778	0.020579
788.333	0.00404512
788.889	0.0149289
789.444	0.0256526
790	0.0181164
790.556	0.015745
791.111	0.0316064
791.667	0.0157417
792.222	0.000934853
792.778	0.016109
793.333	0.0264248
793.889	0.0093372
794.444	0.0202501
795	0.0231672
795.556	0.0118868
796.111	0.00150202
796.667	0.0150965
797.222	0.0216004
797.778	0.0040921
798.333	0.0191597
798.889	0.0121511
799.444	0.00929892
800	0.000289286
800.556	0.013862
801.111	0.0178278
801.667	0.000718431
802.222	0.0100841
802.778	0.0114948
803.333	0.0132971
803.889	0.00647211
804.444	0.0123263
805	0.0176946
805.556	0.00266773
806.111	0.00298355
806.667	0.0120855
807.222	0.0199787
807.778	0.00685955
808.333	0.0137203
808.889	0.0205702
809.444	0.007179
810	5.71989e-05
810.556	0.0190763
811.111	0.025857
811.667	0.00363955
812.222	0.019301
812.778	0.0210291
813.333	0.0109445
813.889	0.00489199
814.444	0.0295354
815	0.0254398
815.556	0.000102976
816.111	0.0251453
816.667	0.0190655
817.222	0.00936861
817.778	0.0129326
818.333	0.0322898
818.889	0.0199173
819.444	0.00905441
820	0.0230524
820.556	0.0183055
821.111	0.00657272
821.667	0.01685
822.222	0.028528
822.778	0.0126689
823.333	0.0134962
823.889	0.0177627
824.444	0.0143109
825	0.00432238
825.556	0.0200899
826.111	0.0217436
826.667	0.00592592
827.222	0.00992925
827.778	0.0114184
828.333	0.0124474
828.889	0.00437033
829.444	0.016693
830	0.0184041
830.556	0.00613197
831.111	0.00343607
831.667	0.00767177
832.222	0.0173235
832.778	0.00484227
833.333	0.011335
833.889	0.0162926
834.444	0.0112875
835	0.00328285
835.556	0.0102236
836.111	0.0229024
836.667	0.00590303
837.222	0.0115751
837.778	0.0189268
838.333	0.0158688
838.889	0.00522317
839.444	0.0191395
840	0.0253373
840.556	0.00509874
841.111	0.0143911
841.667	0.024055
842.222	0.0191251
842.778	0.00122098
843.333	0.0280163
843.889	0.0236138
844.444	7.90074e-05
845	0.0181094
845.556	0.0256479
846.111	0.0164555
846.667	0.00861686
847.222	0.0296261
847.778	0.0186852
848.333	0.00496689
848.889	0.0203583
849.444	0.023463
850	0.0130871
850.556	0.01404
851.111	0.0267125
851.667	0.00918044
852.222	0.00607752
852.778	0.0175169
853.333	0.0188323
853.889	0.00935882
854.444	0.0142164
855	0.0195149
855.556	0.00587973
856.111	0.0027775
856.667	0.0130394
857.222	0.0165141
857.778	0.00739286
858.333	0.0114523
858.889	0.0112661
859.444	0.00908008
860	0.0014652
860.556	0.00965401
861.111	0.0198961
861.667	0.00984055
862.222	0.00659247
862.778	0.0112436
863.333	0.0159664
863.889	0.00663067
864.444	0.0128163
865	0.0243553
865.556	0.0124705
866.111	0.00367745
866.667	0.0159975
867.222	0.0215863
867.778	0.00659416
868.333	0.0188716
868.889	0.0282462
869.444	0.0103753
870	0.00640523
870.556	0.0226952
871.111	0.0237856
871.667	0.000975788
872.222	0.0243546
872.778	0.0273178
873.333	0.00654001
873.889	0.00993181
874.444	0.0276984
875	0.0196417
875.556	0.00735568
876.111	0.0289082
876.667	0.0205638
877.222	0.00346107
877.778	0.0133538
878.333	0.0254806
878.889	0.0112734
879.444	0.0116309
880	0.0252161
880.556	0.013155
881.111	0.00260073
881.667	0.0138315
882.222	0.0202549
882.778	0.0077103
883.333	0.0116641
883.889	0.0173197
884.444	0.0114115
885	0.003902
885.556	0.0105341
886.111	0.0166256
886.667	0.0075266
887.222	0.00621977
887.778	0.0117915
888.333	0.0134417
888.889	0.0111067
889.444	0.00955672
890	0.0149086
890.556	0.0106186
891.111	0.00188603
891.667	0.0113824
892.222	0.0203608
892.778	0.012818
893.333	0.0090986
893.889	0.0194438
894.444	0.014065
895	0.000597316
895.556	0.01587
896.111	0.0278468
896.667	0.00940574
897.222	0.0131498
897.778	0.0239804
898.333	0.0149881
898.889	0.0032021
899.444	0.0232248
900	0.0290263
900.556	0.00460004
901.111	0.0181054
901.667	0.0257645
902.222	0.0112829
902.778	0.00800643
903.333	0.0287255
903.889	0.0230268
904.444	0.00203813
905	0.0212894
905.556	0.021737
906.111	0.00678517
906.667	0.0117895
907.222	0.0269823
907.778	0.0163119
908.333	0.0060815
908.889	0.0177845
909.444	0.0169534
910	0.00423952
910.556	0.0126254
911.111	0.0221192
911.667	0.00975976
912.222	0.00417883
912.778	0.0132058
913.333	0.0136507
913.889	0.00640813
914.444	0.00912359
915	0.0176118
915.556	0.00789476
916.111	0.00366086
916.667	0.00900673
917.222	0.0129777
917.778	0.0115913
918.333	0.00731106
918.889	0.0152203
919.444	0.0155138
920	0.00706439
920.556	0.00821143
921.111	0.0206954
921.667	0.014072
922.222	0.00764576
922.778	0.0178881
923.333	0.0210703
923.889	0.00603274
924.444	0.0139667
925	0.026201
925.556	0.0123994
926.111	0.011958
926.667	0.0240627
927.222	0.0224806
927.778	0.00315308
928.333	0.0215032
928.889	0.0270585
929.444	0.00684976
930	0.016032
930.556	0.0263603
931.111	0.0196903
931.667	0.00477137
932.222	0.0240641
932.778	0.0238253
933.333	0.000776525
933.889	0.0164553
934.444	0.025332
935	0.0134499
935.556	0.00923012
936.111	0.0224102
936.667	0.0169978
937.222	0.00335677
937.778	0.0142898
938.333	0.0217926
938.889	0.00922932
939.444	0.00623985
940	0.0186964
940.556	0.0100231
941.111	0.000531969
941.667	0.0114384
942.222	0.0176253
942.778	0.00937169
943.333	0.00325425
943.889	0.013916
944.444	0.00934673
945	0.00547218
945.556	0.00832184
946.111	0.0167515
946.667	0.0143361
947.222	0.000835723
947.778	0.0110521
948.333	0.0156839
948.889	0.0103174
949.444	0.00890174
950	0.0215951
950.556	0.0180079
951.111	9.8954e-05
951.667	0.0159578
952.222	0.0213619
952.778	0.0110392
953.333	0.0149874
953.889	0.0257473
954.444	0.0198854
955	0.00461695
955.556	0.0209588
956.111	0.0248308
956.667	0.00507866
957.222	0.0198748
957.778	0.0286899
958.333	0.0155483
958.889	0.0101432
959.444	0.0234378
960	0.0229276
960.556	0.00296519
961.111	0.0220443
961.667	0.026319
962.222	0.00815035
962.778	0.013105
963.333	0.0237739
963.889	0.0159463
964.444	0.00694888
965	0.0216798
965.556	0.0198114
966.111	0.00346364
966.667	0.0104072
967.222	0.0197229
967.778	0.00938242
968.333	0.00566174
968.889	0.0163481
969.444	0.0149603
970	0.00452851
970.556	0.005829
971.111	0.0153074
971.667	0.0100493
972.222	0.00135454
972.778	0.0109785
973.333	0.0155104
973.889	0.00927411
974.444	0.00253431
975	0.0161478
975.556	0.0131774
976.111	0.00407647
976.667	0.0121894
977.222	0.0189687
977.778	0.0150866
978.333	0.00364772
978.889	0.0195021
979.444	0.0183138
980	0.00432133
980.556	0.017355
981.111	0.0238616
981.667	0.0173739
982.222	0.00899132
982.778	0.0232383
983.333	0.0216942
983.889	0.001371
984.444	0.0212017
985	0.0277606
985.556	0.0118961
986.111	0.0148874
986.667	0.025617
987.222	0.0177345
987.778	0.00754271
988.333	0.0255848
988.889	0.0248101
989.444	0.00474754
990	0.0183215
990.556	0.02362
991.111	0.0122738
991.667	0.0108214
992.222	0.0232647
992.778	0.0196901
993.333	0.000538942
993.889	0.0157207
994.444	0.0181176
995	0.00702442
995.556	0.0107265
996.111	0.0173045
996.667	0.0155951
997.222	0.000856896
997.778	0.00982294
998.333	0.0157893
998.889	0.00681464
999.444	0.00380197
1000	0.014799
1000.56	0.014799
1001.11	0.00380197
1001.67	0.00681464
1002.22	0.0157893
1002.78	0.00982294
1003.33	0.000856896
1003.89	0.0155951
1004.44	0.0173045
1005	0.0107265
1005.56	0.00702442
1006.11	0.0181176
1006.67	0.0157207
1007.22	0.000538942
1007.78	0.0196901
1008.33	0.0232647
1008.89	0.0108214
1009.44	0.0122738
1010	0.02362
1010.56	0.0183215
1011.11	0.00474754
1011.67	0.0248101
1012.22	0.0255848
1012.78	0.00754271
1013.33	0.0177345
1013.89	0.025617
1014.44	0.0148874
1015	0.0118961
1015.56	0.0277606
1016.11	0.0212017
1016.67	0.001371
1017.22	0.0216942
1017.78	0.0232383
1018.33	0.00899132
1018.89	0.0173739
1019.44	0.0238616
1020	0.017355
1020.56	0.00432133
1021.11	0.0183138
1021.67	0.0195021
1022.22	0.00364772
1022.78	0.0150866
1023.33	0.0189687
1023.89	0.0121894
1024.44	0.00407647
1025	0.0131774
1025.56	0.0161478
1026.11	0.00253431
1026.67	0.00927411
1027.22	0.0155104
1027.78	0.0109785
1028.33	0.00135454
1028.89	0.0100493
1029.44	0.0153074
1030	0.005829
1030.56	0.00452851
1031.11	0.0149603
1031.67	0.0163481
1032.22	0.00566174
1032.78	0.00938242
1033.33	0.0197229
1033.89	0.0104072
1034.44	0.00346364
1035	0.0198114
1035.56	0.0216798
1036.11	0.00694888
1036.67	0.0159463
1037.22	0.0237739
1037.78	0.013105
1038.33	0.00815035
1038.89	0.026319
1039.44	0.0220443
1040	0.00296519
1040.56	0.0229276
1041.11	0.0234378
1041.67	0.0101432
1042.22	0.0155483
1042.78	0.0286899
1043.33	0.0198748
1043.89	0.00507866
1044.44	0.0248308
1045	0.0209588
1045.56	0.00461695
1046.11	0.0198854
1046.67	0.0257473
1047.22	0.0149874
1047.78	0.0110392
1048.33	0.0213619
1048.89	0.0159578
1049.44	9.8954e-05
1050	0.0180079
1050.56	0.0215951
1051.11	0.00890174
1051.67	0.0103174
1052.22	0.0156839
1052.78	0.0110521
1053.33	0.000835723
1053.89	0.0143361
1054.44	0.0167515
1055	0.00832184
1055.56	0.00547218
1056.11	0.00934673
1056.67	0.013916
1057.22	0.00325425
1057.78	0.00937169
1058.33	0.0176253
1058.89	0.0114384
1059.44	0.000531969
1060	0.0100231
1060.56	0.0186964
1061.11	0.00623985
1061.67	0.00922932
1062.22	0.0217926
1062.78	0.0142898
1063.33	0.00335677
1063.89	0.0169978
1064.44	0.0224102
1065	0.00923012
1065.56	0.0134499
1066.11	0.025332
1066.67	0.0164553
1067.22	0.000776525
1067.78	0.0238253
1068.33	0.0240641
1068.89	0.00477137
1069.44	0.0196903
1070	0.0263603
1070.56	0.016032
1071.11	0.00684976
1071.67	0.0270585
1072.22	0.0215032
1072.78	0.00315308
1073.33	0.0224806
1073.89	0.0240627
1074.44	0.011958
1075	0.0123994
1075.56	0.026201
1076.11	0.0139667
1076.67	0.00603274
1077.22	0.0210703
1077.78	0.0178881
1078.33	0.00764576
1078.89	0.014072
1079.44	0.0206954
1080	0.00821143
1080.56	0.00706439
1081.11	0.0155138
1081.67	0.0152203
1082.22	0.00731106
1082.78	0.0115913
1083.33	0.0129777
1083.89	0.00900673
1084.44	0.00366086
1085	0.00789476
1085.56	0.0176118
1086.11	0.00912359
1086.67	0.00640813
1087.22	0.0136507
1087.78	0.0132058
1088.33	0.00417883
1088.89	0.00975976
1089.44	0.0221192
1090	0.0126254
1090.56	0.00423952
1091.11	0.0169534
1091.67	0.0177845
1092.22	0.0060815
1092.78	0.0163119
1093.33	0.0269823
1093.89	0.0117895
1094.44	0.00678517
1095	0.021737
1095.56	0.0212894
1096.11	0.00203813
1096.67	0.0230268
1097.22	0.0287255
1097.78	0.00800643
1098.33	0.0112829
1098.89	0.0257645
1099.44	0.0181054
1100	0.00460004
1100.56	0.0290263
1101.11	0.0232248
1101.67	0.0032021
1102.22	0.0149881
1102.78	0.0239804
1103.33	0.0131498
1103.89	0.00940574
1104.44	0.0278468
1105	0.01587
1105.56	0.000597316
1106.11	0.014065
1106.67	0.0194438
1107.22	0.0090986
1107.78	0.012818
1108.33	0.0203608
1108.89	0.0113824
1109.44	0.00188603
1110	0.0106186
1110.56	0.0149086
1111.11	0.00955672
1111.67	0.0111067
1112.22	0.0134417
1112.78	0.0117915
1113.33	0.00621977
1113.89	0.0075266
1114.44	0.0166256
1115	0.0105341
1115.56	0.003902
1116.11	0.0114115
1116.67	0.0173197
1117.22	0.0116641
1117.78	0.0077103
1118.33	0.0202549
1118.89	0.0138315
1119.44	0.00260073
1120	0.013155
1120.56	0.0252161
1121.11	0.0116309
1121.67	0.0112734
1122.22	0.0254806
1122.78	0.0133538
1123.33	0.00346107
1123.89	0.0205638
1124.44	0.0289082
1125	0.00735568
1125.56	0.0196417
1126.11	0.0276984
1126.67	0.00993181
1127.22	0.00654001
1127.78	0.0273178
1128.33	0.0243546
1128.89	0.000975788
1129.44	0.0237856
1130	0.0226952
1130.56	0.00640523
1131.11	0.0103753
1131.67	0.0282462
1132.22	0.0188716
1132.78	0.00659416
1133.33	0.0215863
1133.89	0.0159975
1134.44	0.00367745
1135	0.0124705
1135.56	0.0243553
1136.11	0.0128163
1136.67	0.00663067
1137.22	0.0159664
1137.78	0.0112436
1138.33	0.00659247
1138.89	0.00984055
1139.44	0.0198961
1140	0.00965401
1140.56	0.0014652
1141.11	0.00908008
1141.67	0.0112661
1142.22	0.0114523
1142.78	0.00739286
1143.33	0.0165141
1143.89	0.0130394
1144.44	0.0027775
1145	0.00587973
1145.56	0.0195149
1146.11	0.0142164
1146.67	0.00935882
1147.22	0.0188323
1147.78	0.0175169
1148.33	0.00607752
1148.89	0.00918044
1149.44	0.0267125
1150	0.01404
1150.56	0.0130871
1151.11	0.023463
1151.67	0.0203583
1152.22	0.00496689
1152.78	0.0186852
1153.33	0.0296261
1153.89	0.00861686
1154.44	0.0164555
1155	0.0256479
1155.56	0.0181094
1156.11	7.90074e-05
1156.67	0.0236138
1157.22	0.0280163
1157.78	0.00122098
1158.33	0.0191251
1158.89	0.024055
1159.44	0.0143911
1160	0.00509874
1160.56	0.0253373
1161.11	0.0191395
1161.67	0.00522317
1162.22	0.0158688
1162.78	0.0189268
1163.33	0.0115751
1163.89	0.00590303
1164.44	0.0229024
1165	0.0102236
1165.56	0.00328285
1166.11	0.0112875
1166.67	0.0162926
1167.22	0.011335
1167.78	0.00484227
1168.33	0.0173235
1168.89	0.00767177
1169.44	0.00343607
1170	0.00613197
1170.56	0.0184041
1171.11	0.016693
1171.67	0.00437033
1172.22	0.0124474
1172.78	0.0114184
1173.33	0.00992925
1173.89	0.00592592
1174.44	0.0217436
1175	0.0200899
1175.56	0.00432238
1176.11	0.0143109
1176.67	0.0177627
1177.22	0.0134962
1177.78	0.0126689
1178.33	0.028528
1178.89	0.01685
1179.44	0.00657272
1180	0.0183055
1180.56	0.0230524
1181.11	0.00905441
1181.67	0.0199173
1182.22	0.0322898
1182.78	0.0129326
1183.33	0.00936861
1183.89	0.0190655
1184.44	0.0251453
1185	0.000102976
1185.56	0.0254398
1186.11	0.0295354
1186.67	0.00489199
1187.22	0.0109445
1187.78	0.0210291
1188.33	0.019301
1188.89	0.00363955
1189.44	0.025857
1190	0.0190763
1190.56	5.71989e-05
1191.11	0.007179
1191.67	0.0205702
1192.22	0.0137203
1192.78	0.00685955
1193.33	0.0199787
1193.89	0.0120855
1194.44	0.00298355
1195	0.00266773
1195.56	0.0176946
1196.11	0.0123263
1196.67	0.00647211
1197.22	0.0132971
1197.78	0.0114948
1198.33	0.0100841
1198.89	0.000718431
1199.44	0.0178278
1200	0.013862
1200.56	0.000289286
1201.11	0.00929892
1201.67	0.0121511
1202.22	0.0191597
1202.78	0.0040921
1203.33	0.0216004
1203.89	0.0150965
1204.44	0.00150202
1205	0.0118868
1205.56	0.0231672
1206.11	0.0202501
1206.67	0.0093372
1207.22	0.0264248
1207.78	0.016109
1208.33	0.000934853
1208.89	0.0157417
1209.44	0.0316064
1210	0.015745
1210.56	0.0181164
1211.11	0.0256526
1211.67	0.0149289
1212.22	0.00404512
1212.78	0.020579
1213.33	0.0306621
1213.89	0.00498359
1214.44	0.0216242
1215	0.0209017
1215.56	0.00867253
1216.11	0.00526295
1216.67	0.0247751
1217.22	0.0257197
1217.78	0.00241905
1218.33	0.0192007
1218.89	0.0162515
1219.44	0.00531966
1220	0.00641025
1220.56	0.0233484
1221.11	0.0193097
1221.67	0.00626179
1222.22	0.0120842
1222.78	0.011435
1223.33	0.00852863
1223.89	0.00273445
1224.44	0.020702
1225	0.0138788
1225.56	0.00106521
1226.11	0.00588804
1226.67	0.0105956
1227.22	0.0136629
1227.78	3.75453e-05
1228.33	0.0209901
1228.89	0.0113888
1229.44	0.0064962
1230	0.00156878
1230.56	0.0173038
1231.11	0.0183055
1231.67	0.00348771
1232.22	0.0232437
1232.78	0.0160873
1233.33	0.0101703
1233.89	0.00360306
1234.44	0.0255251
1235	0.020425
1235.56	0.0105402
1236.11	0.0218816
1236.67	0.0210421
1237.22	0.0112295
1237.78	0.0140744
1238.33	0.0300732
1238.89	0.0166998
1239.44	0.0166276
1240	0.023067
1240.56	0.0205189
1241.11	0.00781259
1241.67	0.0222766
1242.22	0.0308705
1242.78	0.00537531
1243.33	0.0186392
1243.89	0.0212853
1244.44	0.0179312
1245	0.00124128
1245.56	0.0237126
1246.11	0.0240407
1246.67	0.00441137
1247.22	0.0142333
1247.78	0.0155078
1248.33	0.0184996
1248.89	0.00276328
1249.44	0.0206716
1250	0.015726
1250.56	0.00359638
1251.11	0.00712623
1251.67	0.0143557
1252.22	0.0168697
1252.78	0.00139667
1253.33	0.0169835
1253.89	0.0111699
1254.44	0.00275339
1255	0.00196001
1255.56	0.0184406
1256.11	0.0184161
1256.67	0.000592803
1257.22	0.0152784
1257.78	0.0104452
1258.33	0.0081218
1258.89	0.00118572
1259.44	0.0248737
1260	0.0214275
1260.56	0.000352265
1261.11	0.0135626
1261.67	0.0164763
1262.22	0.0183553
1262.78	0.00574342
1263.33	0.0307219
1263.89	0.023676
1264.44	0.0011432
1265	0.0163252
1265.56	0.0210048
1266.11	0.0174716
1266.67	0.0160308
1267.22	0.0341168
1267.78	0.0136426
1268.33	0.00540267
1268.89	0.0180163
1269.44	0.0240188
1270	0.0102621
1270.56	0.0232447
1271.11	0.0300159
1271.67	0.00615031
1272.22	0.00700753
1272.78	0.0157383
1273.33	0.0208974
1273.89	0.000883501
1274.44	0.026955
1275	0.0204863
1275.56	0.00785324
1276.11	0.00610262
1276.67	0.0123783
1277.22	0.0211956
1277.78	0.00291926
1278.33	0.0210979
1278.89	0.0123012
1279.44	0.00416314
1280	0.00174539
1280.56	0.014771
1281.11	0.0195649
1281.67	0.00436566
1282.22	0.0122443
1282.78	0.0112967
1283.33	0.0110994
1283.89	0.00677452
1284.44	0.0180533
1285	0.0168786
1285.56	0.00228659
1286.11	0.00724147
1286.67	0.0148184
1287.22	0.0207964
1287.78	0.00516722
1288.33	0.0219033
1288.89	0.0202009
1289.44	0.00337545
1290	0.00697451
1290.56	0.0232854
1291.11	0.0221711
1291.67	0.00469532
1292.22	0.0302538
1292.78	0.015367
1293.33	0.00402276
1293.89	0.0108882
1294.44	0.0292489
1295	0.0205765
1295.56	0.0119738
1296.11	0.0304699
1296.67	0.012956
1297.22	0.00159034
1297.78	0.0186322
1298.33	0.0335755
1298.89	0.016564
1299.44	0.0211319
1300	0.02116
1300.56	0.0100143
1301.11	0.00280616
1301.67	0.0200577
1302.22	0.0263492
1302.78	0.00536358
1303.33	0.0225101
1303.89	0.0148034
1304.44	0.00900703
1305	0.00191526
1305.56	0.0208659
1306.11	0.0232937
1306.67	0.000354567
1307.22	0.0114379
1307.78	0.00545092
1308.33	0.0111651
1308.89	0.0021939
1309.44	0.0173268
1310	0.0190292
1310.56	0.000119207
1311.11	0.00106214
1311.67	0.00542435
1312.22	0.0212985
1312.78	0.00264066
1313.33	0.0161551
1313.89	0.0172449
1314.44	0.00544161
1315	0.00169627
1315.56	0.0149426
1316.11	0.0255918
1316.67	0.000824038
1317.22	0.0241729
1317.78	0.0170018
1318.33	0.0107882
1318.89	0.00361394
1319.44	0.0272224
1320	0.0235521
1320.56	0.00334981
1321.11	0.0251624
1321.67	0.0175169
1322.22	0.0150607
1322.78	0.00367179
1323.33	0.0334271
1323.89	0.0197852
1324.44	0.011875
1325	0.0249238
1325.56	0.0213893
1326.11	0.0108599
1326.67	0.0178897
1327.22	0.0327063
1327.78	0.00979846
1328.33	0.0180061
1328.89	0.0189498
1329.44	0.0180571
1330	0.00996072
1330.56	0.020441
1331.11	0.0266442
1331.67	0.000694831
1332.22	0.0134641
1332.78	0.0144835
1333.33	0.0185843
1333.89	0.00673161
1334.44	0.0184735
1335	0.0167791
1335.56	0.000683493
1336.11	0.00358675
1336.67	0.00661195
1337.22	0.0215417
1337.78	0.003489
1338.33	0.0163749
1338.89	0.0100365
1339.44	0.00450974
1340	0.000852882
1340.56	0.0103982
1341.11	0.0245642
1341.67	0.001501
1342.22	0.0117284
1342.78	0.0100294
1343.33	0.00960957
1343.89	0.00929355
1344.44	0.022194
1345	0.0277384
1345.56	0.00585676
1346.11	0.0118192
1346.67	0.0147854
1347.22	0.019559
1347.78	0.00536012
1348.33	0.0298198
1348.89	0.0293088
1349.44	0.000739111
1350	0.0119213
1350.56	0.0214602
1351.11	0.0210596
1351.67	0.0100958
1352.22	0.0373602
1352.78	0.0206228
1353.33	0.00730401
1353.89	0.0146268
1354.44	0.0253482
1355	0.0166104
1355.56	0.0166627
1356.11	0.0362029
1356.67	0.0101341
1357.22	0.0031831
1357.78	0.0129915
1358.33	0.0249933
1358.89	0.00756853
1359.44	0.025108
1360	0.0236856
1360.56	0.00641007
1361.11	0.00255552
1361.67	0.012195
1362.22	0.0204189
1362.78	0.00603131
1363.33	0.02518
1363.89	0.0096353
1364.44	0.00692272
1365	0.00254305
1365.56	0.0126182
1366.11	0.0162067
1366.67	0.00277506
1367.22	0.0140861
1367.78	0.00713244
1368.33	0.0121746
1368.89	0.0172306
1369.44	0.0195536
1370	0.0218963
1370.56	0.000464368
1371.11	0.00701262
1371.67	0.0138917
1372.22	0.0211646
1372.78	0.011355
1373.33	0.0167093
1373.89	0.025471
1374.44	0.00255083
1375	0.00436372
1375.56	0.0185983
1376.11	0.0326179
1376.67	0.000166188
1377.22	0.0256261
1377.78	0.0234104
1378.33	0.00227577
1378.89	0.00439011
1379.44	0.0267044
1380	0.0287575
1380.56	0.00740641
1381.11	0.0293289
1381.67	0.0156784
1382.22	0.00460375
1382.78	0.00881966
1383.33	0.0355243
1383.89	0.0231785
1384.44	0.00897326
1385	0.0234394
1385.56	0.0097859
1386.11	0.00804386
1386.67	0.011792
1387.22	0.0310152
1387.78	0.0132433
1388.33	0.0173721
1388.89	0.0120683
1389.44	0.0107934
1390	0.010132
1390.56	0.0184418
1391.11	0.0277203
1391.67	0.00313544
1392.22	0.00802014
1392.78	0.00880981
1393.33	0.00542194
1393.89	0.0120303
1394.44	0.0170582
1395	0.020189
1395.56	0.00032708
1396.11	0.00091867
1396.67	0.00819186
1397.22	0.0184876
1397.78	0.011151
1398.33	0.0176765
1398.89	0.0187949
1399.44	0.00835709
1400	0.00300772
1400.56	0.00689321
1401.11	0.0330613
1401.67	0.0028601
1402.22	0.0181664
1402.78	0.0188401
1403.33	0.0150926
1403.89	0.00658452
1404.44	0.0198055
1405	0.0295369
1405.56	0.00451019
1406.11	0.0253605
1406.67	0.0137932
1407.22	0.0218015
1407.78	0.0043856
1408.33	0.0333962
1408.89	0.0244616
1409.44	0.00769429
1410	0.0193996
1410.56	0.0156752
1411.11	0.0156271
1411.67	0.000400379
1412.22	0.0315361
1412.78	0.0168228
1413.33	0.0116981
1413.89	0.0155532
1414.44	0.0163558
1415	0.0134792
1415.56	0.00808552
1416.11	0.0262124
1416.67	0.00398419
1417.22	0.0133084
1417.78	0.00671336
1418.33	0.0185434
1418.89	0.0161175
1419.44	0.01396
1420	0.023814
1420.56	0.000809266
1421.11	0.000104995
1421.67	0.00524954
1422.22	0.020176
1422.78	0.0134694
1423.33	0.0191617
1423.89	0.013491
1424.44	0.00115039
1425	0.00411712
1425.56	0.00821856
1426.11	0.0261208
1426.67	0.017877
1427.22	0.0102998
1427.78	0.00842641
1428.33	0.0132046
1428.89	0.0139396
1429.44	0.0184466
1430	0.0294726
1430.56	0.0130745
1431.11	0.0123434
1431.67	0.0119101
1432.22	0.0175203
1432.78	0.0122096
1433.33	0.0277112
1433.89	0.0268421
1434.44	0.00471289
1435	0.0114491
1435.56	0.018345
1436.11	0.0151591
1436.67	0.00395642
1437.22	0.0348996
1437.78	0.0278914
1438.33	0.00436259
1438.89	0.00515183
1439.44	0.0169778
1440	0.0265997
1440.56	0.0163957
1441.11	0.0302821
1441.67	0.0150751
1442.22	0.00621788
1442.78	0.00684317
1443.33	0.0211094
1443.89	0.0170291
1444.44	0.0127432
1445	0.0279411
1445.56	0.00214432
1446.11	0.00110545
1446.67	0.00282989
1447.22	0.0211814
1447.78	0.00889637
1448.33	0.0173196
1448.89	0.0132764
1449.44	0.00511838
1450	0.00913035
1450.56	0.00184569
1451.11	0.0236503
1451.67	0.00403612
1452.22	0.010917
1452.78	0.00647903
1453.33	0.00594716
1453.89	0.0162793
1454.44	0.00956192
1455	0.025189
1455.56	0.00958449
1456.11	0.00447714
1456.67	0.00566143
1457.22	0.0211705
1457.78	0.0267487
1458.33	0.011824
1458.89	0.0248743
1459.44	0.0039474
1460	0.000474043
1460.56	0.0119062
1461.11	0.0392746
1461.67	0.0175861
1462.22	0.0217284
1462.78	0.0302896
1463.33	0.00880634
1463.89	0.00190947
1464.44	0.0209425
1465	0.0314901
1465.56	0.00587508
1466.11	0.0341643
1466.67	0.0181067
1467.22	0.000645009
1467.78	0.00530236
1468.33	0.0267925
1468.89	0.0243974
1469.44	0.00939715
1470	0.0220295
1470.56	0.00633528
1471.11	0.00543507
1471.67	0.0118788
1472.22	0.0368806
1472.78	0.0174477
1473.33	0.0251256
1473.89	0.0103819
1474.44	0.00547612
1475	0.000422569
1475.56	0.000277729
1476.11	0.0252214
1476.67	0.00722787
1477.22	0.0137386
1477.78	0.00520188
1478.33	0.00861222
1478.89	0.0193447
1479.44	0.0133993
1480	0.020371
1480.56	0.0118427
1481.11	0.00016739
1481.67	0.000477668
1482.22	0.0186364
1482.78	0.0146373
1483.33	0.0116663
1483.89	0.0269618
1484.44	0.00299254
1485	0.020193
1485.56	0.00438743
1486.11	0.020592
1486.67	0.0171564
1487.22	0.0144478
1487.78	0.0196418
1488.33	0.0111189
1488.89	0.00855112
1489.44	0.00640719
1490	0.0348359
1490.56	0.0019258
1491.11	0.0206312
1491.67	0.0209864
1492.22	0.0182563
1492.78	0.00844225
1493.33	0.0302867
1493.89	0.0290549
1494.44	0.00424521
1495	0.028722
1495.56	0.0186356
1496.11	0.0202663
1496.67	0.00488723
1497.22	0.033252
1497.78	0.021212
1498.33	0.0177038
1498.89	0.0232226
1499.44	0.0118222
1500	0.0211692
1500.56	0.0148912
1501.11	0.0271077
1501.67	0.0227431
1502.22	0.0165817
1502.78	0.0116063
1503.33	0.0202933
1503.89	0.0162254
1504.44	0.0152311
1505	0.0332475
1505.56	0.00324538
1506.11	0.00410733
1506.67	0.00790627
1507.22	0.0298856
1507.78	0.0171842
1508.33	0.0103904
1508.89	0.0153176
1509.44	0.00830581
1510	0.0129901
1510.56	0.00350467
1511.11	0.029224
1511.67	0.00830775
1512.22	0.0133243
1512.78	0.00174156
1513.33	0.0126416
1513.89	0.0184661
1514.44	0.00193244
1515	0.0387422
1515.56	0.0150084
1516.11	0.00370898
1516.67	0.0031237
1517.22	0.0119261
1517.78	0.020021
1518.33	0.0275069
1518.89	0.0347092
1519.44	0.0157531
1520	0.0078601
1520.56	0.0186413
1521.11	0.0219777
1521.67	0.00235799
1522.22	0.0421456
1522.78	0.0374123
1523.33	0.00612724
1523.89	0.0220542
1524.44	0.0200508
1525	0.0256537
1525.56	0.0113625
1526.11	0.0223242
1526.67	0.0279142
1527.22	0.000256744
1527.78	0.00988764
1528.33	0.0128499
1528.89	0.0209675
1529.44	0.0102985
1530	0.0281277
1530.56	0.00280851
1531.11	0.0148996
1531.67	0.00357898
1532.22	0.0224437
1532.78	0.00524023
1533.33	0.0131132
1533.89	0.0220005
1534.44	0.00551076
1535	0.018812
1535.56	0.00122575
1536.11	0.0443145
1536.67	0.0100329
1537.22	0.0176283
1537.78	0.00258003
1538.33	0.0079324
1538.89	0.00766111
1539.44	0.0112907
1540	0.0274178
1540.56	0.000666479
1541.11	0.0151015
1541.67	0.0124699
1542.22	0.0201993
1542.78	0.0261988
1543.33	0.018593
1543.89	0.0256085
1544.44	0.013849
1545	0.0146515
1545.56	0.0165367
1546.11	0.0449929
1546.67	0.01839
1547.22	0.0150895
1547.78	0.0256735
1548.33	0.00910555
1548.89	0.00388817
1549.44	0.0173917
1550	0.027449
1550.56	0.0124034
1551.11	0.0334251
1551.67	0.00226758
1552.22	0.0158634
1552.78	0.0010979
1553.33	0.0214674
1553.89	0.0276165
1554.44	0.010696
1555	0.0338232
1555.56	0.0132737
1556.11	0.00159486
1556.67	0.00382872
1557.22	0.0435179
1557.78	0.0218217
1558.33	0.00656482
1558.89	0.0159168
1559.44	0.00731174
1560	0.00468999
1560.56	0.000523718
1561.11	0.0420643
1561.67	0.0233108
1562.22	0.0350629
1562.78	0.00784578
1563.33	0.0185352
1563.89	0.00629357
1564.44	0.00153354
1565	0.0214916
1565.56	0.0260576
1566.11	0.00510076
1566.67	0.0181295
1567.22	0.0208485
1567.78	0.0433721
1568.33	0.0205989
1568.89	0.0279783
1569.44	0.0196508
1570	0.0108314
1570.56	0.00335262
1571.11	0.00339155
1571.67	0.0223176
1572.22	0.0170051
1572.78	0.0293323
1573.33	0.0161685
1573.89	0.00288491
1574.44	0.0193275
1575	0.0426329
1575.56	0.0088776
1576.11	0.0265894
1576.67	0.0304478
1577.22	0.0138152
1577.78	0.0244838
1578.33	0.0294218
1578.89	0.0312579
1579.44	0.00664397
1580	0.0324699
1580.56	0.0308886
1581.11	0.0135686
1581.67	0.0112705
1582.22	0.0295127
1582.78	0.0393925
1583.33	0.00404063
1583.89	0.000886943
1584.44	0.0218331
1585	0.0255701
1585.56	0.00509374
1586.11	0.0153323
1586.67	0.0243311
1587.22	0.0300716
1587.78	0.0060651
1588.33	0.0031072
1588.89	0.0222696
1589.44	0.0180498
1590	0.0249528
1590.56	0.00130424
1591.11	0.0145586
1591.67	0.00616323
1592.22	0.0133678
1592.78	0.0251257
1593.33	0.0161874
1593.89	0.00199577
1594.44	0.0173018
1595	0.00544234
1595.56	0.00506788
1596.11	0.03387
1596.67	0.0204268
1597.22	0.0140532
1597.78	0.0150319
1598.33	0.0227742
1598.89	0.0146493
1599.44	0.0212403
1600	0.042398
1600.56	0.0320598
1601.11	0.00087494
1601.67	0.00707768
1602.22	0.042072
1602.78	0.0107745
1603.33	0.0113486
1603.89	0.0431825
1604.44	0.0114969
1605	0.0174819
1605.56	0.0178933
1606.11	0.0440995
1606.67	0.0125248
1607.22	0.0282732
1607.78	0.0470536
1608.33	0.00115581
1608.89	0.00633527
1609.44	0.00416859
1610	0.0332091
1610.56	0.0150393
1611.11	0.0309777
1611.67	0.0419628
1612.22	0.0197188
1612.78	0.00785513
1613.33	0.00996901
1613.89	0.0331128
1614.44	0.00229305
1615	0.00658699
1615.56	0.00485441
1616.11	0.0173179
1616.67	0.00113755
1617.22	0.0290392
1617.78	0.0104269
1618.33	0.00200402
1618.89	0.0269986
1619.44	0.013839
1620	0.00649158
1620.56	0.00141482
1621.11	0.00589749
1621.67	0.0234748
1622.22	0.00305639
1622.78	0.00401245
1623.33	0.0192631
1623.89	0.0192963
1624.44	0.0297777
1625	0.0318622
1625.56	0.0129421
1626.11	0.00500439
1626.67	0.00513617
1627.22	0.0298677
1627.78	0.0364832
1628.33	0.0258488
1628.89	0.0554001
1629.44	0.00240216
1630	0.0038322
1630.56	0.00560128
1631.11	0.0521017
1631.67	0.0646741
1632.22	0.0181569
1632.78	0.0426931
1633.33	0.00182244
1633.89	0.0180464
1634.44	0.00467728
1635	0.0576539
1635.56	0.0011535
1636.11	0.0342928
1636.67	0.0226659
1637.22	0.0178087
1637.78	0.0048816
1638.33	0.0155015
1638.89	0.0266607
1639.44	0.00800289
1640	0.0486894
1640.56	0.00814784
1641.11	0.00995164
1641.67	0.0100699
1642.22	0.0453581
1642.78	0.0085039
1643.33	0.0141584
1643.89	0.0348442
1644.44	0.00487776
1645	0.000205623
1645.56	0.00952602
1646.11	0.030445
1646.67	0.0360493
1647.22	0.042501
1647.78	0.00588423
1648.33	0.0384738
1648.89	0.0307894
1649.44	0.00434627
1650	0.0316414
1650.56	0.0178877
1651.11	0.0297396
1651.67	0.00663535
1652.22	0.025854
1652.78	0.0144891
1653.33	0.00173527
1653.89	0.0324426
1654.44	0.0343627
1655	0.00156605
1655.56	0.0214525
1656.11	0.00175318
1656.67	0.0693507
1657.22	0.0162081
1657.78	0.00223088
1658.33	0.026163
1658.89	0.00788209
1659.44	0.0235274
1660	0.042513
1660.56	0.0172536
1661.11	0.0150824
1661.67	0.0540939
1662.22	0.0109913
1662.78	0.0171683
1663.33	0.0560356
1663.89	0.00750015
1664.44	0.0389583
1665	0.00888481
1665.56	0.0688473
1666.11	0.010597
1666.67	0.0223745
1667.22	0.00529889
1667.78	0.0656142
1668.33	0.0382991
1668.89	0.0268569
1669.44	0.0288261
1670	0.0786311
1670.56	0.0580598
1671.11	0.065875
1671.67	0.0389327
1672.22	0.0255803
1672.78	0.0119359
1673.33	0.00684436
1673.89	0.00635766
1674.44	0.00132785
1675	0.0346273
1675.56	0.0328519
1676.11	0.00629906
1676.67	0.0283867
1677.22	0.0112966
1677.78	0.051479
1678.33	0.0382913
1678.89	0.0501219
1679.44	0.0236686
1680	0.00606179
1680.56	0.00778844
1681.11	0.0500966
1681.67	0.0682775
1682.22	0.0283481
1682.78	0.0385249
1683.33	0.0308229
1683.89	0.0206931
1684.44	0.012463
1685	0.0323973
1685.56	0.00261751
1686.11	0.0325873
1686.67	0.0158647
1687.22	0.0233077
1687.78	0.0602509
1688.33	0.0461522
1688.89	0.0884261
1689.44	0.0396055
1690	0.00447659
1690.56	0.0025275
1691.11	0.0455537
1691.67	0.0141219
1692.22	0.0362212
1692.78	0.00765488
1693.33	0.0481845
1693.89	0.00140145
1694.44	0.0426908
1695	0.0187348
1695.56	0.0434766
1696.11	0.0174127
1696.67	0.0487294
1697.22	0.000392962
1697.78	0.0147247
1698.33	0.0240564
1698.89	0.0724751
1699.44	0.061841
1700	0.0212603
1700.56	0.000284722
1701.11	0.00765611
1701.67	0.0669576
1702.22	0.05517
1702.78	0.0584893
1703.33	0.0112611
1703.89	0.052406
1704.44	0.0160938
1705	0.0379747
1705.56	0.0149042
1706.11	0.0454001
1706.67	0.0854253
1707.22	0.000958151
1707.78	0.0335058
1708.33	0.0142194
1708.89	0.0238993
1709.44	0.0467365
1710	0.0491497
1710.56	0.00142013
1711.11	0.0152553
1711.67	0.0190118
1712.22	0.0682566
1712.78	0.068473
1713.33	0.0531778
1713.89	0.0248224
1714.44	0.0230353
1715	0.0049837
1715.56	0.0363183
1716.11	0.00589479
1716.67	0.016949
1717.22	0.00263952
1717.78	0.0725726
1718.33	0.03231
1718.89	0.00473286
1719.44	0.0522154
1720	0.0582555
1720.56	0.0325071
1721.11	0.0245991
1721.67	0.00712613
1722.22	0.0123285
1722.78	0.00933152
1723.33	0.0575656
1723.89	0.00100702
1724.44	0.0788992
1725	0.0361486
1725.56	0.0314163
1726.11	0.000792199
1726.67	0.0185902
1727.22	0.0185546
1727.78	0.00940853
1728.33	0.0563527
1728.89	0.0103505
1729.44	0.121926
1730	0.0240034
1730.56	0.0119592
1731.11	0.0455608
1731.67	0.00025948
1732.22	0.068162
1732.78	0.0807075
1733.33	0.0234558
1733.89	0.0780177
1734.44	0.000629411
1735	0.0715171
1735.56	0.0751344
1736.11	0.0535827
1736.67	0.0344974
1737.22	0.045175
1737.78	0.015981
1738.33	0.00971494
1738.89	0.121313
1739.44	0.0155175
1740	0.131779
1740.56	0.00514353
1741.11	0.0469207
1741.67	0.045166
1742.22	0.0331542
1742.78	0.0431118
1743.33	0.000435085
1743.89	0.0385616
1744.44	0.0532095
1745	0.136729
1745.56	0.0459423
1746.11	0.0956457
1746.67	0.0837403
1747.22	0.0240054
1747.78	0.00464124
1748.33	0.0587458
1748.89	0.0752512
1749.44	0.0332405
1750	0.0116772
1750.56	0.108235
1751.11	0.0688355
1751.67	0.0324186
1752.22	0.00511559
1752.78	0.0189713
1753.33	0.0644134
1753.89	0.0633924
1754.44	0.0656233
1755	0.0865989
1755.56	0.0509285
1756.11	0.0770145
1756.67	0.00293587
1757.22	0.0873997
1757.78	0.0150476
1758.33	0.0234808
1758.89	0.0144402
1759.44	0.0181301
1760	0.00188149
1760.56	0.0262098
1761.11	0.0969695
1761.67	0.0155699
1762.22	0.106581
1762.78	0.0317805
1763.33	0.0934682
1763.89	0.0749592
1764.44	0.0798061
1765	0.120533
1765.56	0.0461963
1766.11	0.098854
1766.67	0.0127358
1767.22	0.0574612
1767.78	0.189545
1768.33	0.0555858
1768.89	0.0815428
1769.44	0.164383
1770	0.00681708
1770.56	0.0245845
1771.11	0.0303138
1771.67	0.0894187
1772.22	0.0390865
1772.78	0.210526
1773.33	0.0116639
1773.89	0.162191
1774.44	0.0359664
1775	0.0258968
1775.56	0.0530935
1776.11	0.0161927
1776.67	0.0830119
1777.22	0.154588
1777.78	0.00888308
1778.33	0.0120001
1778.89	0.139897
1779.44	0.141819
1780	0.178318
1780.56	0.0163355
1781.11	0.136679
1781.67	0.0092459
1782.22	0.0933686
1782.78	0.020757
1783.33	0.044063
1783.89	0.032336
1784.44	0.0956574
1785	0.081592
1785.56	0.0629259
1786.11	0.173878
1786.67	0.0327303
1787.22	0.068412
1787.78	0.0022996
1788.33	0.128578
1788.89	0.0470943
1789.44	0.117708
1790	0.0164324
1790.56	0.0287835
1791.11	0.0833455
1791.67	0.00885369
1792.22	0.0645288
1792.78	0.0906722
1793.33	0.0874143
1793.89	0.0542827
1794.44	0.0186547
1795	0.244863
1795.56	0.170155
1796.11	0.124317
1796.67	0.0161319
1797.22	0.0523846
1797.78	0.0911512
1798.33	0.135667
1798.89	0.0897
1799.44	0.16136
1800	0.103256
1800.56	0.170979
1801.11	0.0378673
1801.67	0.0844723
1802.22	0.187306
1802.78	0.171552
1803.33	0.0519353
1803.89	0.0743021
1804.44	0.0452588
1805	0.248693
1805.56	0.063892
1806.11	0.195131
1806.67	0.0839996
1807.22	0.1208
1807.78	0.140502
1808.33	0.0729136
1808.89	0.0243798
1809.44	0.0052874
1810	0.0229354
1810.56	0.0782136
1811.11	0.153238
1811.67	0.19338
1812.22	0.104234
1812.78	0.0892899
1813.33	0.0585419
1813.89	0.0388142
1814.44	0.0298278
1815	0.0189768
1815.56	0.172397
1816.11	0.0214265
1816.67	0.193689
1817.22	0.128524
1817.78	0.18288
1818.33	0.0225852
1818.89	0.172762
1819.44	0.0785965
1820	0.0366789
1820.56	0.0569725
1821.11	0.148759
1821.67	0.14767
1822.22	0.0733056
1822.78	0.044614
1823.33	0.175645
1823.89	0.0168173
1824.44	0.0742704
1825	0.0406493
1825.56	0.124571
1826.11	0.129852
1826.67	0.000763194
1827.22	0.0151476
1827.78	0.0958199
1828.33	0.0584444
1828.89	0.0740263
1829.44	0.201324
1830	0.0975356
1830.56	0.00980743
1831.11	0.218659
1831.67	0.0634513
1832.22	0.0326413
1832.78	0.0929775
1833.33	0.0842892
1833.89	0.190266
1834.44	0.00536578
1835	0.0249856
1835.56	0.366941
1836.11	0.182575
1836.67	0.123016
1837.22	0.125224
1837.78	0.00721874
1838.33	0.155956
1838.89	0.0921779
1839.44	0.148626
1840	0.0283786
1840.56	0.00547479
1841.11	0.0170758
1841.67	0.285461
1842.22	0.259156
1842.78	0.262105
1843.33	0.183609
1843.89	0.0950394
1844.44	0.395257
1845	0.237523
1845.56	0.102193
1846.11	0.103638
1846.67	0.103944
1847.22	0.0831656
1847.78	0.0909768
1848.33	0.231388
1848.89	0.119843
1849.44	0.110428
1850	0.100274
1850.56	0.309423
1851.11	0.11142
1851.67	0.288944
1852.22	0.663174
1852.78	0.127858
1853.33	0.104306
1853.89	0.0161799
1854.44	0.195148
1855	0.0833136
1855.56	0.270677
1856.11	0.0685054
1856.67	0.638557
1857.22	0.0565441
1857.78	0.451634
1858.33	1.03063
1858.89	0.227979
1859.44	0.206744
1860	0.334197
1860.56	0.411484
1861.11	0.5114
1861.67	0.188676
1862.22	0.254827
1862.78	0.0019298
1863.33	0.0318005
1863.89	0.20689
1864.44	0.126668
1865	0.221874
1865.56	0.278547
1866.11	0.30585
1866.67	0.242676
1867.22	0.0300547
1867.78	0.235438
1868.33	0.0301397
1868.89	0.161483
1869.44	0.0474543
1870	0.445366
1870.56	0.0473864
1871.11	0.071215
1871.67	0.0317789
1872.22	0.287958
1872.78	0.250734
1873.33	0.157922
1873.89	0.10014
1874.44	0.0514007
1875	0.0362449
1875.56	0.264363
1876.11	0.190627
1876.67	0.140333
1877.22	0.138429
1877.78	0.144573
1878.33	0.06031
1878.89	0.0768097
1879.44	0.0722155
1880	0.0834531
1880.56	0.0627782
1881.11	0.0565861
1881.67	0.0303933
1882.22	0.326437
1882.78	0.226143
1883.33	0.292538
1883.89	0.0695711
1884.44	0.392246
1885	0.268618
1885.56	0.147691
1886.11	0.284785
1886.67	0.031897
1887.22	0.137061
1887.78	0.00646872
1888.33	0.38254
1888.89	0.0553566
1889.44	0.164424
1890	0.154213
1890.56	0.0652678
1891.11	0.479157
1891.67	0.0249061
1892.22	0.206731
1892.78	0.1569
1893.33	0.134483
1893.89	0.0793145
1894.44	0.042426
1895	0.49723
1895.56	0.452221
1896.11	0.221444
1896.67	0.126073
1897.22	0.0440439
1897.78	0.12602
1898.33	0.150324
1898.89	0.19153
1899.44	0.339231
1900	0.0903103
1900.56	0.055114
1901.11	0.193088
1901.67	0.15007
1902.22	0.0868466
1902.78	0.0373877
1903.33	0.106184
1903.89	0.229507
1904.44	0.0844712
1905	0.942588
1905.56	0.0170431
1906.11	0.510761
1906.67	0.0856522
1907.22	0.224028
1907.78	0.325675
1908.33	0.0630496
1908.89	0.532778
1909.44	0.0963156
1910	0.597758
1910.56	0.641712
1911.11	0.29381
1911.67	0.18519
1912.22	0.715973
1912.78	0.145685
1913.33	0.27516
1913.89	0.514261
1914.44	0.816104
1915	0.605118
1915.56	0.300247
1916.11	1.07667
1916.67	0.344921
1917.22	0.0978261
1917.78	0.107513
1918.33	0.743686
1918.89	0.526636
1919.44	0.377217
1920	0.0142211
1920.56	0.460646
1921.11	0.00324349
1921.67	0.526527
1922.22	0.165519
1922.78	0.0480255
1923.33	0.534571
1923.89	0.333903
1924.44	0.498021
1925	0.212988
1925.56	0.287079
1926.11	0.275416
1926.67	0.284249
1927.22	0.195321
1927.78	0.373166
1928.33	0.74004
1928.89	0.18245
1929.44	0.620109
1930	0.862113
1930.56	1.21634
1931.11	0.815387
1931.67	0.0682693
1932.22	0.0564211
1932.78	1.17387
1933.33	0.495542
1933.89	0.210389
1934.44	1.19859
1935	0.614624
1935.56	0.89131
1936.11	0.0816024
1936.67	0.534237
1937.22	0.420494
1937.78	0.203805
1938.33	0.720746
1938.89	0.227133
1939.44	0.360253
1940	0.46933
1940.56	0.531778
1941.11	0.250243
1941.67	0.28598
1942.22	0.911918
1942.78	0.0275784
1943.33	0.294039
1943.89	1.13488
1944.44	0.916199
1945	0.23378
1945.56	0.555982
1946.11	0.134309
1946.67	0.709897
1947.22	0.0729697
1947.78	0.0898814
1948.33	0.844325
1948.89	0.141947
1949.44	0.178765
1950	0.569887
1950.56	0.311523
1951.11	0.392542
1951.67	0.261887
1952.22	1.59344
1952.78	0.188479
1953.33	0.330378
1953.89	0.644704
1954.44	0.47712
1955	0.11964
1955.56	1.08099
1956.11	0.308761
1956.67	0.636745
1957.22	0.759378
1957.78	0.49033
1958.33	0.623096
1958.89	0.602475
1959.44	0.804143
1960	0.510445
1960.56	0.442059
1961.11	1.49439
1961.67	0.678137
1962.22	0.426664
1962.78	0.0598335
1963.33	0.331197
1963.89	0.20301
1964.44	0.120078
1965	0.437999
1965.56	0.0451311
1966.11	0.207868
1966.67	1.02819
1967.22	0.523038
1967.78	1.07011
1968.33	1.03559
1968.89	1.0785
1969.44	0.29999
1970	0.799976
1970.56	1.67932
1971.11	0.766986
1971.67	0.0455677
1972.22	0.702662
1972.78	0.197598
1973.33	0.171565
1973.89	0.959298
1974.44	0.0493286
1975	1.20509
1975.56	0.940625
1976.11	0.403757
1976.67	1.00266
1977.22	0.188705
1977.78	0.399737
1978.33	0.613577
1978.89	1.10127
1979.44	0.190442
1980	1.38917
1980.56	2.29893
1981.11	0.933199
1981.67	0.550645
1982.22	1.89424
1982.78	0.0153768
1983.33	1.93228
1983.89	0.151466
1984.44	0.279339
1985	0.0324119
1985.56	1.0523
1986.11	1.31289
1986.67	0.604674
1987.22	1.03963
1987.78	0.88741
1988.33	0.125195
1988.89	0.135849
1989.44	1.23985
1990	0.467196
1990.56	0.196761
1991.11	0.193242
1991.67	1.55006
1992.22	0.944235
1992.78	1.38493
1993.33	0.465375
1993.89	1.71014
1994.44	0.380371
1995	0.989285
1995.56	0.175132
1996.11	1.03374
1996.67	0.986644
1997.22	0.290902
1997.78	0.21569
1998.33	1.11473
1998.89	2.97484
1999.44	2.49829
2000	0.710026
