t	etaU
0	4.31463e-15
0.555556	1.97194
1.11111	0.462694
1.66667	0.672072
2.22222	1.31015
2.77778	0.841797
3.33333	0.222467
3.88889	0.171926
4.44444	2.49555
5	1.85141
5.55556	2.54792
6.11111	1.01343
6.66667	1.0554
7.22222	4.29269
7.77778	0.132076
8.33333	1.26122
8.88889	0.256895
9.44444	2.6284
10	0.274137
10.5556	1.91094
11.1111	0.878565
11.6667	0.186936
12.2222	0.102324
12.7778	0.246473
13.3333	0.812318
13.8889	0.0480654
14.4444	0.725945
15	0.447605
15.5556	1.13831
16.1111	0.0249434
16.6667	1.48788
17.2222	0.00862885
17.7778	1.11012
18.3333	2.21279
18.8889	1.82551
19.4444	0.900169
20	0.841105
20.5556	2.63624
21.1111	0.265942
21.6667	0.574305
22.2222	2.3244
22.7778	2.32774
23.3333	1.07908
23.8889	2.82215
24.4444	2.85411
25	1.35561
25.5556	1.09666
26.1111	1.16181
26.6667	1.02558
27.2222	3.12059
27.7778	1.69193
28.3333	0.119724
28.8889	2.76466
29.4444	0.786227
30	0.248404
30.5556	2.67812
31.1111	0.764716
31.6667	0.548389
32.2222	1.36395
32.7778	1.35576
33.3333	1.45617
33.8889	0.198929
34.4444	1.14724
35	1.28467
35.5556	0.731484
36.1111	0.818766
36.6667	2.78382
37.2222	1.00239
37.7778	4.25236
38.3333	0.227939
38.8889	1.4697
39.4444	1.17356
40	0.952885
40.5556	2.54155
41.1111	0.271492
41.6667	1.40575
42.2222	0.136443
42.7778	0.0287569
43.3333	1.61807
43.8889	0.166582
44.4444	0.75163
45	0.0483739
45.5556	0.099566
46.1111	1.03638
46.6667	1.38758
47.2222	1.56082
47.7778	0.364668
48.3333	1.40818
48.8889	0.357857
49.4444	0.859439
50	0.86972
50.5556	0.228816
51.1111	1.79373
51.6667	1.86538
52.2222	0.415047
52.7778	0.780606
53.3333	1.14038
53.8889	0.34898
54.4444	0.963438
55	0.0644905
55.5556	0.0268681
56.1111	3.42538
56.6667	0.814555
57.2222	2.146
57.7778	1.63043
58.3333	1.14437
58.8889	0.601292
59.4444	1.04866
60	0.265707
60.5556	1.00262
61.1111	0.80454
61.6667	0.0365188
62.2222	0.387653
62.7778	2.1021
63.3333	1.86417
63.8889	1.40961
64.4444	0.491283
65	0.798959
65.5556	1.76302
66.1111	0.785693
66.6667	1.93252
67.2222	0.456252
67.7778	0.637901
68.3333	0.700375
68.8889	1.75009
69.4444	2.70745
70	0.28267
70.5556	0.575482
71.1111	0.786572
71.6667	0.370812
72.2222	3.11215
72.7778	1.0321
73.3333	0.945693
73.8889	1.4687
74.4444	0.962749
75	1.15295
75.5556	1.53314
76.1111	0.133493
76.6667	0.413679
77.2222	2.1419
77.7778	0.311462
78.3333	2.08079
78.8889	0.711925
79.4444	1.76763
80	0.118481
80.5556	1.11244
81.1111	1.22027
81.6667	1.48214
82.2222	0.506104
82.7778	0.717318
83.3333	0.963349
83.8889	0.460139
84.4444	0.569657
85	0.0559714
85.5556	1.89673
86.1111	1.047
86.6667	3.97887
87.2222	1.5715
87.7778	1.61497
88.3333	0.789823
88.8889	1.20929
89.4444	1.71243
90	0.809152
90.5556	1.51784
91.1111	1.24332
91.6667	0.360343
92.2222	0.709668
92.7778	0.843898
93.3333	0.131901
93.8889	0.0143729
94.4444	0.152806
95	0.127541
95.5556	1.44817
96.1111	1.53478
96.6667	1.39025
97.2222	0.677231
97.7778	0.138803
98.3333	0.284132
98.8889	2.00101
99.4444	0.884446
100	0.302371
100.556	0.545986
101.111	1.41994
101.667	1.18003
102.222	0.163226
102.778	0.160291
103.333	0.310357
103.889	0.552405
104.444	1.30905
105	0.533867
105.556	0.207968
106.111	0.204207
106.667	0.54678
107.222	1.66298
107.778	0.774804
108.333	1.70536
108.889	0.353603
109.444	0.295431
110	1.97517
110.556	1.1269
111.111	1.04329
111.667	0.16831
112.222	1.31106
112.778	0.247746
113.333	1.02867
113.889	0.297875
114.444	0.386777
115	2.33028
115.556	0.8768
116.111	0.144214
116.667	0.380846
117.222	0.252233
117.778	0.590221
118.333	0.474437
118.889	0.158629
119.444	0.282569
120	1.53387
120.556	0.728248
121.111	0.663365
121.667	1.03437
122.222	0.933953
122.778	0.697096
123.333	0.262202
123.889	0.423027
124.444	2.1762
125	0.508191
125.556	0.0418144
126.111	1.44277
126.667	0.452417
127.222	0.0331474
127.778	0.978498
128.333	0.766942
128.889	2.12152
129.444	0.925574
130	1.1496
130.556	0.698989
131.111	1.08827
131.667	0.723694
132.222	0.067912
132.778	0.929129
133.333	0.528355
133.889	0.174923
134.444	0.787246
135	1.02035
135.556	1.46359
136.111	0.400223
136.667	0.0432109
137.222	0.404746
137.778	0.127899
138.333	0.440918
138.889	0.203451
139.444	0.0724039
140	0.397635
140.556	1.75316
141.111	0.533437
141.667	0.269361
142.222	0.479976
142.778	1.75043
143.333	0.017335
143.889	0.934381
144.444	2.5075
145	0.641265
145.556	0.336732
146.111	1.03849
146.667	0.0277428
147.222	0.958972
147.778	0.360588
148.333	1.06502
148.889	0.461952
149.444	0.583239
150	0.252247
150.556	0.112086
151.111	0.358115
151.667	1.09985
152.222	0.430277
152.778	1.08017
153.333	0.567368
153.889	0.265153
154.444	0.155093
155	0.577917
155.556	0.256148
156.111	0.21566
156.667	0.00532751
157.222	0.0908732
157.778	0.133899
158.333	0.412042
158.889	1.24603
159.444	0.359416
160	1.20688
160.556	0.0408652
161.111	1.17075
161.667	0.0281032
162.222	1.06046
162.778	0.272632
163.333	0.377463
163.889	0.754816
164.444	0.41262
165	1.04619
165.556	0.930902
166.111	0.304215
166.667	0.275774
167.222	0.101471
167.778	1.21488
168.333	0.448156
168.889	0.69592
169.444	0.324986
170	0.274136
170.556	0.90721
171.111	1.29952
171.667	0.060936
172.222	1.76233
172.778	0.309949
173.333	0.38441
173.889	0.347935
174.444	0.0554382
175	0.137352
175.556	0.0217269
176.111	0.145656
176.667	0.212906
177.222	0.821867
177.778	2.25972
178.333	0.0776004
178.889	0.0976104
179.444	0.348627
180	0.544683
180.556	0.491863
181.111	0.688755
181.667	0.697791
182.222	0.487146
182.778	1.01309
183.333	0.310811
183.889	0.72452
184.444	1.13248
185	0.791447
185.556	0.31811
186.111	0.0712137
186.667	1.05767
187.222	0.349297
187.778	0.310363
188.333	0.133668
188.889	0.179603
189.444	0.293556
190	0.752731
190.556	0.242186
191.111	0.107142
191.667	0.529088
192.222	0.213906
192.778	0.274312
193.333	0.658778
193.889	0.103255
194.444	0.209101
195	0.271663
195.556	0.0859264
196.111	0.108293
196.667	0.32657
197.222	0.679133
197.778	0.421757
198.333	0.847355
198.889	0.262574
199.444	0.409236
200	0.464011
200.556	0.0082043
201.111	0.688634
201.667	0.104577
202.222	0.524248
202.778	0.207175
203.333	0.386872
203.889	0.580202
204.444	0.314846
205	0.472108
205.556	0.14161
206.111	0.526728
206.667	0.607857
207.222	0.302584
207.778	0.0391203
208.333	1.0997
208.889	0.0103024
209.444	0.787517
210	0.64914
210.556	0.92221
211.111	0.608956
211.667	0.952731
212.222	0.1409
212.778	0.367644
213.333	0.273131
213.889	0.496106
214.444	0.270147
215	0.280269
215.556	0.393009
216.111	0.43888
216.667	0.15375
217.222	0.744199
217.778	0.333609
218.333	0.350744
218.889	1.07406
219.444	0.429246
220	0.134101
220.556	0.260038
221.111	0.19498
221.667	0.337754
222.222	0.41302
222.778	0.384312
223.333	0.462743
223.889	0.443727
224.444	0.756416
225	0.00545503
225.556	0.43437
226.111	0.0296725
226.667	0.231767
227.222	0.167655
227.778	0.728432
228.333	0.28172
228.889	0.508081
229.444	0.0895875
230	0.173905
230.556	0.0483973
231.111	0.37153
231.667	0.161626
232.222	0.218311
232.778	0.594704
233.333	0.349072
233.889	0.125512
234.444	0.449587
235	0.103522
235.556	0.01311
236.111	0.12848
236.667	0.176867
237.222	0.343907
237.778	0.4785
238.333	0.288388
238.889	0.0654383
239.444	0.917033
240	0.0698612
240.556	0.406822
241.111	0.66271
241.667	0.169301
242.222	0.249172
242.778	0.00445666
243.333	0.154045
243.889	0.110055
244.444	0.3333
245	0.205616
245.556	0.0375284
246.111	0.0991677
246.667	0.0346001
247.222	0.335062
247.778	0.066529
248.333	0.443611
248.889	0.403404
249.444	0.193556
250	0.0407886
250.556	0.532699
251.111	0.00678021
251.667	0.181978
252.222	0.243399
252.778	0.242193
253.333	0.150971
253.889	0.0940183
254.444	0.198445
255	0.217627
255.556	0.120312
256.111	0.440335
256.667	0.357512
257.222	0.420015
257.778	0.165722
258.333	0.501719
258.889	0.131251
259.444	0.0180209
260	0.262529
260.556	0.109061
261.111	0.248985
261.667	0.321082
262.222	0.0927453
262.778	0.211608
263.333	0.340489
263.889	0.125615
264.444	0.473537
265	0.273763
265.556	0.155586
266.111	0.0900593
266.667	0.125591
267.222	0.266057
267.778	0.107109
268.333	0.116725
268.889	0.10223
269.444	0.301875
270	0.164156
270.556	0.535468
271.111	0.252694
271.667	0.170663
272.222	0.223413
272.778	0.115741
273.333	0.206114
273.889	0.163451
274.444	0.0618789
275	0.311979
275.556	0.286045
276.111	0.0673183
276.667	0.225051
277.222	0.257824
277.778	0.0764841
278.333	0.173584
278.889	0.0332239
279.444	0.241417
280	0.598251
280.556	0.232274
281.111	0.159698
281.667	0.0464405
282.222	0.201039
282.778	0.455743
283.333	0.0794114
283.889	0.113368
284.444	0.142052
285	0.383415
285.556	0.0622263
286.111	0.0530616
286.667	0.02318
287.222	0.0351256
287.778	0.0226296
288.333	0.0310065
288.889	0.0473893
289.444	0.2724
290	0.216639
290.556	0.0672144
291.111	0.0922649
291.667	0.105054
292.222	0.152811
292.778	0.214614
293.333	0.0213116
293.889	0.26564
294.444	0.109856
295	0.0813841
295.556	0.17479
296.111	0.323272
296.667	0.118306
297.222	0.0961926
297.778	0.371098
298.333	0.0758602
298.889	0.129061
299.444	0.0453483
300	0.127508
300.556	0.134082
301.111	0.0911149
301.667	0.142054
302.222	0.0715313
302.778	0.169417
303.333	0.0371622
303.889	0.0282172
304.444	0.0881313
305	0.22236
305.556	0.218476
306.111	0.129007
306.667	0.269553
307.222	0.101484
307.778	0.150386
308.333	0.00832362
308.889	0.219458
309.444	0.00814682
310	0.00992188
310.556	0.0673352
311.111	0.0422422
311.667	0.0128943
312.222	0.00775282
312.778	0.037916
313.333	0.0883657
313.889	0.0427362
314.444	0.0426941
315	0.0974292
315.556	0.0442746
316.111	0.157736
316.667	0.138983
317.222	0.172151
317.778	0.066813
318.333	0.0841299
318.889	0.122436
319.444	0.0551203
320	0.229985
320.556	0.0786268
321.111	0.0433341
321.667	0.190911
322.222	0.0703846
322.778	0.192177
323.333	0.138714
323.889	0.118589
324.444	0.202848
325	0.0812016
325.556	0.14143
326.111	0.117518
326.667	0.209106
327.222	0.0284025
327.778	0.146138
328.333	0.108075
328.889	0.0472357
329.444	0.291282
330	0.050465
330.556	0.0166791
331.111	0.00578339
331.667	0.0845294
332.222	0.168976
332.778	0.143669
333.333	0.0173393
333.889	0.0264408
334.444	0.0577878
335	0.114551
335.556	0.0234164
336.111	0.134604
336.667	0.0525332
337.222	0.0386581
337.778	0.136428
338.333	0.051943
338.889	0.0919741
339.444	0.0815308
340	0.156189
340.556	0.0485457
341.111	0.0200621
341.667	0.148031
342.222	0.000263686
342.778	0.0354071
343.333	0.041166
343.889	0.110955
344.444	0.00108232
345	0.0622392
345.556	0.136954
346.111	0.0687177
346.667	0.0380928
347.222	0.0737779
347.778	0.138579
348.333	0.0197848
348.889	0.0596512
349.444	0.00827531
350	0.24292
350.556	0.0811818
351.111	0.0445542
351.667	0.0371349
352.222	0.0676724
352.778	0.0600751
353.333	0.154255
353.889	0.0272049
354.444	0.0852544
355	0.0215385
355.556	0.0109113
356.111	0.0133718
356.667	0.0541973
357.222	0.0404994
357.778	0.0643487
358.333	0.0537762
358.889	0.00659357
359.444	0.19449
360	0.0509495
360.556	0.0862813
361.111	0.108947
361.667	0.101249
362.222	0.0045938
362.778	0.0167447
363.333	0.0867993
363.889	0.0830341
364.444	0.24684
365	0.0157378
365.556	0.0296513
366.111	0.0679884
366.667	0.0378436
367.222	0.0894603
367.778	0.122935
368.333	0.131252
368.889	0.00094993
369.444	0.0977661
370	0.038344
370.556	0.054007
371.111	0.0425727
371.667	0.0639928
372.222	0.0563416
372.778	0.138545
373.333	0.0587542
373.889	0.0456387
374.444	0.0944645
375	0.0339576
375.556	0.00605961
376.111	0.0595927
376.667	0.0204531
377.222	0.00622002
377.778	0.0829714
378.333	0.0224208
378.889	0.0343411
379.444	0.0817811
380	0.017673
380.556	0.0472631
381.111	0.0673207
381.667	0.0487297
382.222	0.0638192
382.778	0.0296735
383.333	0.0771486
383.889	0.249097
384.444	0.0375565
385	0.00674445
385.556	0.0363158
386.111	0.0316972
386.667	0.0576748
387.222	0.128215
387.778	0.122494
388.333	0.146365
388.889	0.0644469
389.444	0.00180754
390	0.0179124
390.556	0.109928
391.111	0.132794
391.667	0.0233273
392.222	0.000789917
392.778	0.0211233
393.333	0.0232601
393.889	0.0235732
394.444	0.0296675
395	0.0182225
395.556	0.100877
396.111	0.105841
396.667	0.144804
397.222	0.0890052
397.778	0.120333
398.333	0.0129673
398.889	0.0375681
399.444	0.0419033
400	0.0497991
400.556	0.0599979
401.111	0.0331549
401.667	0.0171879
402.222	0.00433237
402.778	0.00974586
403.333	0.0516237
403.889	0.151735
404.444	0.135402
405	0.0956698
405.556	0.0576132
406.111	0.0192894
406.667	0.0421826
407.222	0.0181284
407.778	0.186981
408.333	0.0461491
408.889	0.0068192
409.444	0.0206318
410	0.0184068
410.556	0.0935985
411.111	0.007769
411.667	0.176667
412.222	0.0315168
412.778	0.068796
413.333	0.00999745
413.889	0.0484722
414.444	0.0525962
415	0.0014535
415.556	0.0178523
416.111	0.0477481
416.667	0.0579698
417.222	0.0109069
417.778	0.0735427
418.333	0.0183478
418.889	0.120858
419.444	0.0177113
420	0.0149186
420.556	0.017058
421.111	0.0031451
421.667	0.0263314
422.222	0.068025
422.778	0.00710721
423.333	0.0241409
423.889	0.0339566
424.444	0.0695212
425	0.01926
425.556	0.0941616
426.111	0.0249446
426.667	0.0311047
427.222	0.0411182
427.778	0.00204934
428.333	0.0243393
428.889	0.052586
429.444	0.0315524
430	0.0541354
430.556	0.00256667
431.111	0.0617525
431.667	0.134169
432.222	0.0197298
432.778	0.0128609
433.333	0.0555734
433.889	0.00731942
434.444	0.115116
435	0.0264467
435.556	0.0835572
436.111	0.0200534
436.667	0.020795
437.222	0.00931173
437.778	0.0747245
438.333	0.0835966
438.889	0.0437774
439.444	0.0698197
440	0.0808443
440.556	0.0645875
441.111	0.0855546
441.667	0.0121743
442.222	0.081738
442.778	0.0334752
443.333	0.131005
443.889	0.0104995
444.444	0.0113105
445	0.0906674
445.556	0.158687
446.111	0.000391398
446.667	0.0594078
447.222	0.0357637
447.778	0.0605406
448.333	0.0392429
448.889	0.0298167
449.444	0.0962059
450	0.0221853
450.556	0.0551653
451.111	0.0745927
451.667	0.0260265
452.222	0.01377
452.778	0.0234559
453.333	0.0343879
453.889	0.00995977
454.444	0.0303326
455	0.0397271
455.556	0.0208945
456.111	0.0228155
456.667	0.025972
457.222	0.0680005
457.778	0.00897296
458.333	0.0172013
458.889	0.00171708
459.444	0.0600828
460	0.0309218
460.556	0.116596
461.111	0.0130793
461.667	0.00228873
462.222	0.0321032
462.778	0.016927
463.333	0.045981
463.889	0.0314996
464.444	0.0982852
465	0.0154771
465.556	0.00679481
466.111	0.08527
466.667	0.0542726
467.222	0.0733533
467.778	0.0558537
468.333	0.0530751
468.889	0.00173807
469.444	0.0020236
470	0.0288598
470.556	0.0120373
471.111	0.0175124
471.667	0.0808779
472.222	0.0137951
472.778	0.0126753
473.333	0.0295685
473.889	0.0241432
474.444	0.0651004
475	0.0677411
475.556	0.068365
476.111	0.0184324
476.667	0.0360851
477.222	0.0129456
477.778	0.0872635
478.333	0.0467045
478.889	0.0287739
479.444	0.0337634
480	0.0743174
480.556	0.0083748
481.111	0.0324
481.667	0.087259
482.222	0.0344578
482.778	0.0324579
483.333	0.0422076
483.889	0.0423277
484.444	0.0170418
485	0.0226572
485.556	0.0513693
486.111	0.0226831
486.667	0.0561912
487.222	0.00198662
487.778	0.0250882
488.333	0.0312248
488.889	0.017775
489.444	0.0140922
490	0.044318
490.556	0.00536174
491.111	0.0446319
491.667	0.00160109
492.222	0.0515754
492.778	0.00544075
493.333	0.0305347
493.889	0.0251352
494.444	0.053272
495	0.0361102
495.556	0.0346573
496.111	0.0255291
496.667	0.0475571
497.222	0.00773667
497.778	0.0236892
498.333	0.00672122
498.889	0.0506023
499.444	0.0615074
500	0.0323813
500.556	0.0122208
501.111	0.066242
501.667	0.013107
502.222	0.0180525
502.778	0.0119777
503.333	0.0544715
503.889	0.061494
504.444	0.00869798
505	0.000466863
505.556	0.0513859
506.111	0.0670755
506.667	0.0351288
507.222	0.0217131
507.778	0.0633368
508.333	0.0112003
508.889	0.0399496
509.444	0.0402096
510	0.0350608
510.556	0.0445617
511.111	0.0148428
511.667	0.0362445
512.222	0.0127117
512.778	0.0367634
513.333	0.0593403
513.889	0.0639655
514.444	0.0474326
515	0.0506834
515.556	0.0152294
516.111	0.0496236
516.667	0.060397
517.222	0.0140037
517.778	0.0354758
518.333	0.00892282
518.889	0.0506795
519.444	0.018839
520	0.0216375
520.556	0.0289927
521.111	0.0066462
521.667	0.0502166
522.222	0.0152421
522.778	0.0323877
523.333	0.0339262
523.889	0.051857
524.444	0.0481118
525	0.0503303
525.556	0.0231304
526.111	0.0201663
526.667	0.00762632
527.222	0.0372244
527.778	0.0388193
528.333	0.0270268
528.889	0.0270165
529.444	0.00730031
530	0.0370057
530.556	0.03975
531.111	0.0474938
531.667	0.0262021
532.222	0.0557187
532.778	0.0382401
533.333	0.0227136
533.889	0.0159627
534.444	0.0699108
535	0.00940522
535.556	0.0463852
536.111	0.0114853
536.667	0.0212587
537.222	0.00051436
537.778	0.043134
538.333	0.062515
538.889	0.0454055
539.444	0.0520613
540	0.0160434
540.556	0.0137096
541.111	0.0287164
541.667	0.0509712
542.222	0.00223092
542.778	0.0446628
543.333	0.0346674
543.889	0.0372462
544.444	0.0202102
545	0.0244973
545.556	0.0726622
546.111	0.012631
546.667	0.0719712
547.222	0.0291174
547.778	0.00276767
548.333	0.00231537
548.889	0.0341743
549.444	0.0467704
550	0.00645021
550.556	0.0533918
551.111	0.018979
551.667	0.0047218
552.222	0.0356903
552.778	0.0482811
553.333	0.0221921
553.889	0.0467464
554.444	0.0181382
555	0.0299595
555.556	0.0372089
556.111	0.0217311
556.667	0.0273593
557.222	0.0242593
557.778	0.00826955
558.333	0.0266321
558.889	0.0275373
559.444	0.0552181
560	0.000790272
560.556	0.0433471
561.111	0.00507677
561.667	0.0349637
562.222	0.0502367
562.778	0.00331241
563.333	0.0629901
563.889	0.0100758
564.444	0.0156063
565	0.0116949
565.556	0.0237666
566.111	0.047171
566.667	0.0347343
567.222	0.0237137
567.778	0.0528388
568.333	0.0282933
568.889	0.0140941
569.444	0.0289426
570	0.0203142
570.556	0.039229
571.111	0.0246132
571.667	0.0513623
572.222	0.0320334
572.778	0.00316322
573.333	0.0371621
573.889	0.0257604
574.444	0.0373947
575	0.000422099
575.556	0.0272181
576.111	0.0197104
576.667	0.0191046
577.222	0.0516712
577.778	0.0130223
578.333	0.0280798
578.889	0.0447141
579.444	0.00661714
580	0.00070984
580.556	0.0465987
581.111	0.0292501
581.667	0.0331814
582.222	0.00879988
582.778	0.0340136
583.333	0.0174467
583.889	0.0189862
584.444	0.0762611
585	0.00200177
585.556	0.0353323
586.111	0.013519
586.667	0.0141332
587.222	0.0277431
587.778	0.00930823
588.333	0.0446622
588.889	0.00862047
589.444	0.0187772
590	0.0148933
590.556	0.00290091
591.111	0.0549256
591.667	0.0604734
592.222	0.033705
592.778	0.0503414
593.333	0.00740115
593.889	0.0322446
594.444	0.0135863
595	0.000281949
595.556	0.0521468
596.111	0.00918317
596.667	0.0425842
597.222	0.0305302
597.778	0.0135818
598.333	0.0499128
598.889	0.0245034
599.444	0.0514016
600	0.0138011
600.556	0.0146756
601.111	0.0242387
601.667	0.00754291
602.222	0.0474404
602.778	0.0406543
603.333	0.0327297
603.889	0.0171112
604.444	0.0267602
605	0.0267234
605.556	0.0407118
606.111	0.00471351
606.667	0.0335514
607.222	0.0183435
607.778	0.0137237
608.333	0.0414721
608.889	0.0194571
609.444	0.0441771
610	0.0116669
610.556	0.0451479
611.111	0.0213407
611.667	0.0166054
612.222	0.0387782
612.778	0.00949558
613.333	0.040336
613.889	0.0321356
614.444	0.0263821
615	0.00375409
615.556	0.0251192
616.111	0.0276324
616.667	0.0422247
617.222	0.0354956
617.778	0.0417491
618.333	0.00258901
618.889	0.0161358
619.444	0.0299633
620	0.00852402
620.556	0.0499597
621.111	0.0190094
621.667	0.0482786
622.222	0.0248548
622.778	0.0165344
623.333	0.0618069
623.889	0.0111054
624.444	0.0343451
625	0.0252503
625.556	0.00787357
626.111	0.000285189
626.667	0.0329805
627.222	0.0322169
627.778	0.00611721
628.333	0.0212294
628.889	0.0378178
629.444	0.00155831
630	0.016579
630.556	0.0493253
631.111	0.0146525
631.667	0.0330026
632.222	0.000786092
632.778	0.0193812
633.333	0.0234733
633.889	0.0162685
634.444	0.0483894
635	0.00592215
635.556	0.0183628
636.111	0.0248096
636.667	2.5559e-05
637.222	0.058845
637.778	0.0272285
638.333	0.0313999
638.889	0.00529893
639.444	0.00684512
640	0.0124669
640.556	0.00488281
641.111	0.0359499
641.667	0.0464006
642.222	0.039902
642.778	0.0194431
643.333	0.0310703
643.889	0.000583489
644.444	0.0572306
645	0.0097915
645.556	0.0446821
646.111	0.0184124
646.667	0.00145196
647.222	0.0257638
647.778	0.00118192
648.333	0.0571245
648.889	0.0136698
649.444	0.0462317
650	0.00331611
650.556	0.008846
651.111	0.0308997
651.667	0.0300852
652.222	0.0183589
652.778	0.0330356
653.333	0.0338666
653.889	0.00893565
654.444	0.0242204
655	0.0304901
655.556	0.0473519
656.111	0.00508267
656.667	0.0276515
657.222	0.00439449
657.778	0.0161213
658.333	0.0332272
658.889	0.014589
659.444	0.0296115
660	0.00755298
660.556	0.0226774
661.111	0.0244877
661.667	0.0127032
662.222	0.044974
662.778	0.0206432
663.333	0.0139968
663.889	0.0274522
664.444	0.0094362
665	0.0097621
665.556	0.0165583
666.111	0.0440507
666.667	0.0204788
667.222	0.0155705
667.778	0.0276123
668.333	0.0304565
668.889	0.00727521
669.444	0.0554545
670	0.0143123
670.556	0.0194622
671.111	0.0053543
671.667	0.00215748
672.222	0.0276294
672.778	0.00315902
673.333	0.0670114
673.889	0.0123932
674.444	0.0248376
675	0.0250123
675.556	0.0157163
676.111	0.0282361
676.667	0.0390236
677.222	0.0362035
677.778	0.00213134
678.333	0.0115702
678.889	0.0125962
679.444	0.0151001
680	0.0356722
680.556	0.0556397
681.111	0.0246827
681.667	0.0267166
682.222	0.0221192
682.778	0.00168915
683.333	0.0350374
683.889	0.0126239
684.444	0.0372242
685	0.00828588
685.556	0.0191795
686.111	0.0301988
686.667	0.000625629
687.222	0.0300165
687.778	0.0204635
688.333	0.0364075
688.889	0.0212035
689.444	0.00602884
690	0.0227185
690.556	0.0161915
691.111	0.0160385
691.667	0.0204056
692.222	0.020644
692.778	0.0262629
693.333	0.0322678
693.889	0.0261711
694.444	0.0381959
695	0.00333215
695.556	0.0169455
696.111	0.0159514
696.667	0.00126336
697.222	0.0379556
697.778	0.00959911
698.333	0.0322403
698.889	0.0079376
699.444	0.0214492
700	0.0246845
700.556	0.0258019
701.111	0.0499908
701.667	0.0261827
702.222	0.0200281
702.778	0.00854071
703.333	0.00257122
703.889	0.00533992
704.444	0.0345059
705	0.0244689
705.556	0.02771
706.111	0.0158967
706.667	0.0282003
707.222	0.0100979
707.778	0.00924018
708.333	0.0432185
708.889	0.00282291
709.444	0.023581
710	0.00645471
710.556	0.0156183
711.111	0.0091228
711.667	0.00906367
712.222	0.0551344
712.778	0.0279058
713.333	0.0190627
713.889	0.0278599
714.444	0.00106096
715	0.00926679
715.556	0.0325025
716.111	0.021307
716.667	0.0124919
717.222	0.0060123
717.778	0.0310082
718.333	0.00645311
718.889	0.0138303
719.444	0.0491382
720	0.00524043
720.556	0.014753
721.111	0.0249754
721.667	0.00514418
722.222	0.0284527
722.778	0.00246011
723.333	0.0304736
723.889	0.00467022
724.444	0.0168926
725	0.029921
725.556	0.00669714
726.111	0.0362458
726.667	0.0277155
727.222	0.0210832
727.778	0.0121084
728.333	0.0211874
728.889	0.0150502
729.444	0.0144763
730	0.0314667
730.556	0.02927
731.111	0.024055
731.667	0.0140653
732.222	0.025522
732.778	0.0055611
733.333	0.0483655
733.889	0.00477062
734.444	0.0307451
735	0.00663458
735.556	0.0188843
736.111	0.0111864
736.667	0.0102383
737.222	0.0412199
737.778	0.0181324
738.333	0.0424422
738.889	0.0164767
739.444	0.0220351
740	0.0212114
740.556	0.0264069
741.111	0.0100121
741.667	0.027937
742.222	0.00765351
742.778	0.00363585
743.333	0.0259368
743.889	0.0142977
744.444	0.0259277
745	0.00126585
745.556	0.0309103
746.111	0.0148479
746.667	0.0121075
747.222	0.0305164
747.778	0.00200274
748.333	0.0147768
748.889	0.00217097
749.444	0.0187194
750	0.0182208
750.556	0.0142069
751.111	0.0451363
751.667	0.0138368
752.222	0.0146271
752.778	0.0181604
753.333	0.015667
753.889	0.00773039
754.444	0.0309134
755	0.0269268
755.556	0.00856785
756.111	0.0108261
756.667	0.0108782
757.222	0.0240629
757.778	0.000411842
758.333	0.0581465
758.889	0.00477642
759.444	0.0103164
760	0.00575088
760.556	0.0157336
761.111	0.0180297
761.667	0.0212945
762.222	0.0444785
762.778	0.00435834
763.333	0.0241692
763.889	0.0114922
764.444	0.0218434
765	0.0160206
765.556	0.0450321
766.111	0.0191251
766.667	0.00800079
767.222	0.00125004
767.778	0.00414298
768.333	0.0164129
768.889	0.0075655
769.444	0.0380668
770	0.0156972
770.556	0.0204764
771.111	0.0193147
771.667	0.00234825
772.222	0.029713
772.778	0.020358
773.333	0.0163272
773.889	0.000781838
774.444	0.00320831
775	0.01399
775.556	0.000162863
776.111	0.0257034
776.667	0.0249266
777.222	0.016333
777.778	0.00941147
778.333	0.0291828
778.889	0.0202115
779.444	0.0250984
780	0.00927199
780.556	0.00826317
781.111	0.00234877
781.667	0.00630804
782.222	0.0327561
782.778	0.0175483
783.333	0.0411984
783.889	0.00210154
784.444	0.009854
785	0.00992178
785.556	0.0225024
786.111	0.0323884
786.667	0.00829193
787.222	0.0278953
787.778	0.0032174
788.333	0.0146218
788.889	2.58659e-05
789.444	0.0260597
790	0.0406049
790.556	0.0341965
791.111	0.0147229
791.667	0.00880769
792.222	0.0104659
792.778	0.01386
793.333	0.0290079
793.889	0.0154292
794.444	0.0260172
795	0.0108345
795.556	0.0149919
796.111	0.0141588
796.667	0.010091
797.222	0.0376523
797.778	0.0129108
798.333	0.015421
798.889	0.0144172
799.444	0.000408427
800	9.40244e-05
800.556	0.0141748
801.111	0.0334465
801.667	0.00788797
802.222	0.00513961
802.778	0.0280569
803.333	0.0207382
803.889	0.0109517
804.444	0.0277035
805	0.0125129
805.556	0.00160429
806.111	0.00942417
806.667	0.00198054
807.222	0.0166404
807.778	0.0110176
808.333	0.0351324
808.889	0.0138695
809.444	0.00607182
810	0.0339416
810.556	0.0134314
811.111	0.0269115
811.667	0.0167981
812.222	0.0201724
812.778	0.0161793
813.333	0.00771339
813.889	0.0140569
814.444	0.0181754
815	0.0301591
815.556	0.0209636
816.111	0.0221739
816.667	0.00333837
817.222	0.0319155
817.778	0.00491189
818.333	0.0297174
818.889	0.00839515
819.444	0.0179573
820	0.0234275
820.556	0.00385295
821.111	0.0231438
821.667	0.00603434
822.222	0.0363892
822.778	0.0147027
823.333	0.0229459
823.889	0.00125433
824.444	0.0219245
825	0.0149874
825.556	0.0150901
826.111	0.0120924
826.667	0.00865958
827.222	0.0198919
827.778	0.00765527
828.333	0.0239183
828.889	0.0224281
829.444	0.02913
830	0.00526198
830.556	0.0091083
831.111	0.00458768
831.667	0.00207582
832.222	0.0217771
832.778	0.010067
833.333	0.0134431
833.889	8.67813e-05
834.444	0.0131739
835	0.0175757
835.556	0.0119565
836.111	0.0392283
836.667	0.00562015
837.222	0.00432382
837.778	0.000868901
838.333	0.00554834
838.889	0.0101726
839.444	0.0173485
840	0.0376568
840.556	0.0080939
841.111	0.00424286
841.667	0.0054735
842.222	0.0264842
842.778	0.00398305
843.333	0.045281
843.889	0.0168441
844.444	0.00103449
845	0.00490088
845.556	0.00607779
846.111	0.0120163
846.667	0.00238821
847.222	0.0491903
847.778	0.00291407
848.333	0.00301428
848.889	0.00748279
849.444	0.0194016
850	0.00864899
850.556	0.0268569
851.111	0.0256532
851.667	0.00555692
852.222	0.00728121
852.778	0.00405364
853.333	0.0108439
853.889	0.0137308
854.444	0.0360215
855	0.0116768
855.556	0.00694807
856.111	0.0186163
856.667	0.00905295
857.222	0.00837491
857.778	0.00125041
858.333	0.0225917
858.889	0.00880157
859.444	0.00599251
860	0.0207884
860.556	0.000732715
861.111	0.0175825
861.667	0.0165593
862.222	0.001715
862.778	0.00421495
863.333	0.0257688
863.889	0.00901501
864.444	0.00155027
865	0.0212321
865.556	0.00399689
866.111	0.0038624
866.667	0.00319074
867.222	0.0362438
867.778	0.0154698
868.333	0.0250192
868.889	0.00615832
869.444	0.00215422
870	0.000682832
870.556	0.0239003
871.111	0.0262892
871.667	0.0076154
872.222	0.0275514
872.778	0.00847325
873.333	0.0117338
873.889	0.00721764
874.444	0.0353794
875	0.0274335
875.556	0.0158872
876.111	0.0109832
876.667	0.00666463
877.222	0.00374284
877.778	0.00658061
878.333	0.0257161
878.889	0.021984
879.444	0.0200412
880	0.00992911
880.556	0.0141159
881.111	0.0128775
881.667	0.0242249
882.222	0.0269702
882.778	0.00138423
883.333	0.00336539
883.889	0.00678622
884.444	0.00832909
885	0.00920494
885.556	0.0110456
886.111	0.027369
886.667	0.00659893
887.222	0.000801255
887.778	0.0108383
888.333	0.0150722
888.889	0.00378792
889.444	0.0179006
890	0.011933
890.556	0.00907111
891.111	0.00121088
891.667	0.013017
892.222	0.019123
892.778	0.00990583
893.333	0.0259885
893.889	0.00560655
894.444	0.0122181
895	0.0180404
895.556	0.0114632
896.111	0.0154369
896.667	0.0047747
897.222	0.0161771
897.778	0.0193478
898.333	0.00902625
898.889	0.0208289
899.444	0.0195275
900	0.0293335
900.556	0.0185256
901.111	0.00846899
901.667	0.0214163
902.222	0.0198839
902.778	0.00209625
903.333	0.018935
903.889	0.0196474
904.444	0.0225114
905	0.0179795
905.556	0.0103307
906.111	0.0232951
906.667	0.00671037
907.222	0.0267317
907.778	0.00999822
908.333	0.0076558
908.889	0.0154962
909.444	0.0140395
910	0.00799185
910.556	0.000256485
911.111	0.0230152
911.667	0.0156301
912.222	0.00864473
912.778	0.00118632
913.333	0.0241645
913.889	0.0116502
914.444	0.0120276
915	0.00226634
915.556	0.00156589
916.111	0.00211666
916.667	0.00258189
917.222	0.01723
917.778	0.0214802
918.333	0.0141153
918.889	0.00646888
919.444	0.00439824
920	0.016445
920.556	0.0179605
921.111	0.0177528
921.667	0.0129241
922.222	0.00251168
922.778	0.00791026
923.333	0.00520368
923.889	0.0145565
924.444	0.016004
925	0.0359476
925.556	0.000437873
926.111	0.00249164
926.667	0.00337959
927.222	0.0277524
927.778	0.00806242
928.333	0.0179027
928.889	0.0292836
929.444	0.00254944
930	0.00615034
930.556	0.00408773
931.111	0.0216998
931.667	0.0130465
932.222	0.0337825
932.778	0.00817447
933.333	0.0039497
933.889	0.00277941
934.444	0.0208551
935	0.000900349
935.556	0.0102009
936.111	0.0268707
936.667	0.010008
937.222	0.00399339
937.778	0.00872752
938.333	0.020158
938.889	0.000735743
939.444	0.0223081
940	0.0058238
940.556	0.0100855
941.111	0.00741585
941.667	0.00150279
942.222	0.00579518
942.778	0.0018562
943.333	0.0163006
943.889	0.00843005
944.444	0.000513565
945	0.0265711
945.556	0.00843225
946.111	0.00530758
946.667	0.00595586
947.222	0.00405744
947.778	0.0121527
948.333	0.0110581
948.889	0.0205163
949.444	0.000440709
950	0.0159392
950.556	0.00429156
951.111	0.00117972
951.667	0.00480676
952.222	0.0358497
952.778	0.00781852
953.333	0.00732093
953.889	0.00467249
954.444	0.0142821
955	0.0127601
955.556	0.0140681
956.111	0.031437
956.667	0.00980664
957.222	0.0232704
957.778	0.00475996
958.333	0.00838613
958.889	0.00405904
959.444	0.0333755
960	0.0164748
960.556	0.000731248
961.111	0.0109998
961.667	0.0144025
962.222	0.0048411
962.778	0.00778467
963.333	0.0272668
963.889	0.0208212
964.444	0.0185681
965	0.00150229
965.556	0.00910229
966.111	0.00122273
966.667	0.0212413
967.222	0.0149204
967.778	0.00902938
968.333	0.00575412
968.889	0.00381141
969.444	0.00261556
970	0.00590909
970.556	0.0137124
971.111	0.0203964
971.667	0.00698218
972.222	0.0139903
972.778	0.00387892
973.333	0.00586869
973.889	0.000298166
974.444	0.00281545
975	0.0194067
975.556	0.00760359
976.111	0.0131792
976.667	0.00679906
977.222	0.0219667
977.778	0.00180489
978.333	0.0116729
978.889	0.00760874
979.444	0.0258825
980	0.00963628
980.556	0.00944688
981.111	0.0124792
981.667	0.0130561
982.222	0.0198223
982.778	0.0133038
983.333	0.0206414
983.889	0.0172393
984.444	0.0250412
985	0.0105039
985.556	7.07213e-05
986.111	0.01322
986.667	0.0263173
987.222	0.018562
987.778	0.000987221
988.333	0.0158706
988.889	0.0188978
989.444	0.0191427
990	0.0111827
990.556	0.0217353
991.111	0.0263818
991.667	0.0188813
992.222	0.00871353
992.778	0.00594059
993.333	0.00570094
993.889	0.0180378
994.444	0.014344
995	0.0134801
995.556	0.00670819
996.111	0.0134938
996.667	0.0103239
997.222	0.00179449
997.778	0.00505465
998.333	0.0256227
998.889	1.59166e-05
999.444	0.00596824
1000	0.00180239
1000.56	0.00180239
1001.11	0.00596824
1001.67	1.59166e-05
1002.22	0.0256227
1002.78	0.00505465
1003.33	0.00179449
1003.89	0.0103239
1004.44	0.0134938
1005	0.00670819
1005.56	0.0134801
1006.11	0.014344
1006.67	0.0180378
1007.22	0.00570094
1007.78	0.00594059
1008.33	0.00871353
1008.89	0.0188813
1009.44	0.0263818
1010	0.0217353
1010.56	0.0111827
1011.11	0.0191427
1011.67	0.0188978
1012.22	0.0158706
1012.78	0.000987221
1013.33	0.018562
1013.89	0.0263173
1014.44	0.01322
1015	7.07213e-05
1015.56	0.0105039
1016.11	0.0250412
1016.67	0.0172393
1017.22	0.0206414
1017.78	0.0133038
1018.33	0.0198223
1018.89	0.0130561
1019.44	0.0124792
1020	0.00944688
1020.56	0.00963628
1021.11	0.0258825
1021.67	0.00760874
1022.22	0.0116729
1022.78	0.00180489
1023.33	0.0219667
1023.89	0.00679906
1024.44	0.0131792
1025	0.00760359
1025.56	0.0194067
1026.11	0.00281545
1026.67	0.000298166
1027.22	0.00586869
1027.78	0.00387892
1028.33	0.0139903
1028.89	0.00698218
1029.44	0.0203964
1030	0.0137124
1030.56	0.00590909
1031.11	0.00261556
1031.67	0.00381141
1032.22	0.00575412
1032.78	0.00902938
1033.33	0.0149204
1033.89	0.0212413
1034.44	0.00122273
1035	0.00910229
1035.56	0.00150229
1036.11	0.0185681
1036.67	0.0208212
1037.22	0.0272668
1037.78	0.00778467
1038.33	0.0048411
1038.89	0.0144025
1039.44	0.0109998
1040	0.000731248
1040.56	0.0164748
1041.11	0.0333755
1041.67	0.00405904
1042.22	0.00838613
1042.78	0.00475996
1043.33	0.0232704
1043.89	0.00980664
1044.44	0.031437
1045	0.0140681
1045.56	0.0127601
1046.11	0.0142821
1046.67	0.00467249
1047.22	0.00732093
1047.78	0.00781852
1048.33	0.0358497
1048.89	0.00480676
1049.44	0.00117972
1050	0.00429156
1050.56	0.0159392
1051.11	0.000440709
1051.67	0.0205163
1052.22	0.0110581
1052.78	0.0121527
1053.33	0.00405744
1053.89	0.00595586
1054.44	0.00530758
1055	0.00843225
1055.56	0.0265711
1056.11	0.000513565
1056.67	0.00843005
1057.22	0.0163006
1057.78	0.0018562
1058.33	0.00579518
1058.89	0.00150279
1059.44	0.00741585
1060	0.0100855
1060.56	0.0058238
1061.11	0.0223081
1061.67	0.000735743
1062.22	0.020158
1062.78	0.00872752
1063.33	0.00399339
1063.89	0.010008
1064.44	0.0268707
1065	0.0102009
1065.56	0.000900349
1066.11	0.0208551
1066.67	0.00277941
1067.22	0.0039497
1067.78	0.00817447
1068.33	0.0337825
1068.89	0.0130465
1069.44	0.0216998
1070	0.00408773
1070.56	0.00615034
1071.11	0.00254944
1071.67	0.0292836
1072.22	0.0179027
1072.78	0.00806242
1073.33	0.0277524
1073.89	0.00337959
1074.44	0.00249164
1075	0.000437873
1075.56	0.0359476
1076.11	0.016004
1076.67	0.0145565
1077.22	0.00520368
1077.78	0.00791026
1078.33	0.00251168
1078.89	0.0129241
1079.44	0.0177528
1080	0.0179605
1080.56	0.016445
1081.11	0.00439824
1081.67	0.00646888
1082.22	0.0141153
1082.78	0.0214802
1083.33	0.01723
1083.89	0.00258189
1084.44	0.00211666
1085	0.00156589
1085.56	0.00226634
1086.11	0.0120276
1086.67	0.0116502
1087.22	0.0241645
1087.78	0.00118632
1088.33	0.00864473
1088.89	0.0156301
1089.44	0.0230152
1090	0.000256485
1090.56	0.00799185
1091.11	0.0140395
1091.67	0.0154962
1092.22	0.0076558
1092.78	0.00999822
1093.33	0.0267317
1093.89	0.00671037
1094.44	0.0232951
1095	0.0103307
1095.56	0.0179795
1096.11	0.0225114
1096.67	0.0196474
1097.22	0.018935
1097.78	0.00209625
1098.33	0.0198839
1098.89	0.0214163
1099.44	0.00846899
1100	0.0185256
1100.56	0.0293335
1101.11	0.0195275
1101.67	0.0208289
1102.22	0.00902625
1102.78	0.0193478
1103.33	0.0161771
1103.89	0.0047747
1104.44	0.0154369
1105	0.0114632
1105.56	0.0180404
1106.11	0.0122181
1106.67	0.00560655
1107.22	0.0259885
1107.78	0.00990583
1108.33	0.019123
1108.89	0.013017
1109.44	0.00121088
1110	0.00907111
1110.56	0.011933
1111.11	0.0179006
1111.67	0.00378792
1112.22	0.0150722
1112.78	0.0108383
1113.33	0.000801255
1113.89	0.00659893
1114.44	0.027369
1115	0.0110456
1115.56	0.00920494
1116.11	0.00832909
1116.67	0.00678622
1117.22	0.00336539
1117.78	0.00138423
1118.33	0.0269702
1118.89	0.0242249
1119.44	0.0128775
1120	0.0141159
1120.56	0.00992911
1121.11	0.0200412
1121.67	0.021984
1122.22	0.0257161
1122.78	0.00658061
1123.33	0.00374284
1123.89	0.00666463
1124.44	0.0109832
1125	0.0158872
1125.56	0.0274335
1126.11	0.0353794
1126.67	0.00721764
1127.22	0.0117338
1127.78	0.00847325
1128.33	0.0275514
1128.89	0.0076154
1129.44	0.0262892
1130	0.0239003
1130.56	0.000682832
1131.11	0.00215422
1131.67	0.00615832
1132.22	0.0250192
1132.78	0.0154698
1133.33	0.0362438
1133.89	0.00319074
1134.44	0.0038624
1135	0.00399689
1135.56	0.0212321
1136.11	0.00155027
1136.67	0.00901501
1137.22	0.0257688
1137.78	0.00421495
1138.33	0.001715
1138.89	0.0165593
1139.44	0.0175825
1140	0.000732715
1140.56	0.0207884
1141.11	0.00599251
1141.67	0.00880157
1142.22	0.0225917
1142.78	0.00125041
1143.33	0.00837491
1143.89	0.00905295
1144.44	0.0186163
1145	0.00694807
1145.56	0.0116768
1146.11	0.0360215
1146.67	0.0137308
1147.22	0.0108439
1147.78	0.00405364
1148.33	0.00728121
1148.89	0.00555692
1149.44	0.0256532
1150	0.0268569
1150.56	0.00864899
1151.11	0.0194016
1151.67	0.00748279
1152.22	0.00301428
1152.78	0.00291407
1153.33	0.0491903
1153.89	0.00238821
1154.44	0.0120163
1155	0.00607779
1155.56	0.00490088
1156.11	0.00103449
1156.67	0.0168441
1157.22	0.045281
1157.78	0.00398305
1158.33	0.0264842
1158.89	0.0054735
1159.44	0.00424286
1160	0.0080939
1160.56	0.0376568
1161.11	0.0173485
1161.67	0.0101726
1162.22	0.00554834
1162.78	0.000868901
1163.33	0.00432382
1163.89	0.00562015
1164.44	0.0392283
1165	0.0119565
1165.56	0.0175757
1166.11	0.0131739
1166.67	8.67813e-05
1167.22	0.0134431
1167.78	0.010067
1168.33	0.0217771
1168.89	0.00207582
1169.44	0.00458768
1170	0.0091083
1170.56	0.00526198
1171.11	0.02913
1171.67	0.0224281
1172.22	0.0239183
1172.78	0.00765527
1173.33	0.0198919
1173.89	0.00865958
1174.44	0.0120924
1175	0.0150901
1175.56	0.0149874
1176.11	0.0219245
1176.67	0.00125433
1177.22	0.0229459
1177.78	0.0147027
1178.33	0.0363892
1178.89	0.00603434
1179.44	0.0231438
1180	0.00385295
1180.56	0.0234275
1181.11	0.0179573
1181.67	0.00839515
1182.22	0.0297174
1182.78	0.00491189
1183.33	0.0319155
1183.89	0.00333837
1184.44	0.0221739
1185	0.0209636
1185.56	0.0301591
1186.11	0.0181754
1186.67	0.0140569
1187.22	0.00771339
1187.78	0.0161793
1188.33	0.0201724
1188.89	0.0167981
1189.44	0.0269115
1190	0.0134314
1190.56	0.0339416
1191.11	0.00607182
1191.67	0.0138695
1192.22	0.0351324
1192.78	0.0110176
1193.33	0.0166404
1193.89	0.00198054
1194.44	0.00942417
1195	0.00160429
1195.56	0.0125129
1196.11	0.0277035
1196.67	0.0109517
1197.22	0.0207382
1197.78	0.0280569
1198.33	0.00513961
1198.89	0.00788797
1199.44	0.0334465
1200	0.0141748
1200.56	9.40244e-05
1201.11	0.000408427
1201.67	0.0144172
1202.22	0.015421
1202.78	0.0129108
1203.33	0.0376523
1203.89	0.010091
1204.44	0.0141588
1205	0.0149919
1205.56	0.0108345
1206.11	0.0260172
1206.67	0.0154292
1207.22	0.0290079
1207.78	0.01386
1208.33	0.0104659
1208.89	0.00880769
1209.44	0.0147229
1210	0.0341965
1210.56	0.0406049
1211.11	0.0260597
1211.67	2.58659e-05
1212.22	0.0146218
1212.78	0.0032174
1213.33	0.0278953
1213.89	0.00829193
1214.44	0.0323884
1215	0.0225024
1215.56	0.00992178
1216.11	0.009854
1216.67	0.00210154
1217.22	0.0411984
1217.78	0.0175483
1218.33	0.0327561
1218.89	0.00630804
1219.44	0.00234877
1220	0.00826317
1220.56	0.00927199
1221.11	0.0250984
1221.67	0.0202115
1222.22	0.0291828
1222.78	0.00941147
1223.33	0.016333
1223.89	0.0249266
1224.44	0.0257034
1225	0.000162863
1225.56	0.01399
1226.11	0.00320831
1226.67	0.000781838
1227.22	0.0163272
1227.78	0.020358
1228.33	0.029713
1228.89	0.00234825
1229.44	0.0193147
1230	0.0204764
1230.56	0.0156972
1231.11	0.0380668
1231.67	0.0075655
1232.22	0.0164129
1232.78	0.00414298
1233.33	0.00125004
1233.89	0.00800079
1234.44	0.0191251
1235	0.0450321
1235.56	0.0160206
1236.11	0.0218434
1236.67	0.0114922
1237.22	0.0241692
1237.78	0.00435834
1238.33	0.0444785
1238.89	0.0212945
1239.44	0.0180297
1240	0.0157336
1240.56	0.00575088
1241.11	0.0103164
1241.67	0.00477642
1242.22	0.0581465
1242.78	0.000411842
1243.33	0.0240629
1243.89	0.0108782
1244.44	0.0108261
1245	0.00856785
1245.56	0.0269268
1246.11	0.0309134
1246.67	0.00773039
1247.22	0.015667
1247.78	0.0181604
1248.33	0.0146271
1248.89	0.0138368
1249.44	0.0451363
1250	0.0142069
1250.56	0.0182208
1251.11	0.0187194
1251.67	0.00217097
1252.22	0.0147768
1252.78	0.00200274
1253.33	0.0305164
1253.89	0.0121075
1254.44	0.0148479
1255	0.0309103
1255.56	0.00126585
1256.11	0.0259277
1256.67	0.0142977
1257.22	0.0259368
1257.78	0.00363585
1258.33	0.00765351
1258.89	0.027937
1259.44	0.0100121
1260	0.0264069
1260.56	0.0212114
1261.11	0.0220351
1261.67	0.0164767
1262.22	0.0424422
1262.78	0.0181324
1263.33	0.0412199
1263.89	0.0102383
1264.44	0.0111864
1265	0.0188843
1265.56	0.00663458
1266.11	0.0307451
1266.67	0.00477062
1267.22	0.0483655
1267.78	0.0055611
1268.33	0.025522
1268.89	0.0140653
1269.44	0.024055
1270	0.02927
1270.56	0.0314667
1271.11	0.0144763
1271.67	0.0150502
1272.22	0.0211874
1272.78	0.0121084
1273.33	0.0210832
1273.89	0.0277155
1274.44	0.0362458
1275	0.00669714
1275.56	0.029921
1276.11	0.0168926
1276.67	0.00467022
1277.22	0.0304736
1277.78	0.00246011
1278.33	0.0284527
1278.89	0.00514418
1279.44	0.0249754
1280	0.014753
1280.56	0.00524043
1281.11	0.0491382
1281.67	0.0138303
1282.22	0.00645311
1282.78	0.0310082
1283.33	0.0060123
1283.89	0.0124919
1284.44	0.021307
1285	0.0325025
1285.56	0.00926679
1286.11	0.00106096
1286.67	0.0278599
1287.22	0.0190627
1287.78	0.0279058
1288.33	0.0551344
1288.89	0.00906367
1289.44	0.0091228
1290	0.0156183
1290.56	0.00645471
1291.11	0.023581
1291.67	0.00282291
1292.22	0.0432185
1292.78	0.00924018
1293.33	0.0100979
1293.89	0.0282003
1294.44	0.0158967
1295	0.02771
1295.56	0.0244689
1296.11	0.0345059
1296.67	0.00533992
1297.22	0.00257122
1297.78	0.00854071
1298.33	0.0200281
1298.89	0.0261827
1299.44	0.0499908
1300	0.0258019
1300.56	0.0246845
1301.11	0.0214492
1301.67	0.0079376
1302.22	0.0322403
1302.78	0.00959911
1303.33	0.0379556
1303.89	0.00126336
1304.44	0.0159514
1305	0.0169455
1305.56	0.00333215
1306.11	0.0381959
1306.67	0.0261711
1307.22	0.0322678
1307.78	0.0262629
1308.33	0.020644
1308.89	0.0204056
1309.44	0.0160385
1310	0.0161915
1310.56	0.0227185
1311.11	0.00602884
1311.67	0.0212035
1312.22	0.0364075
1312.78	0.0204635
1313.33	0.0300165
1313.89	0.000625629
1314.44	0.0301988
1315	0.0191795
1315.56	0.00828588
1316.11	0.0372242
1316.67	0.0126239
1317.22	0.0350374
1317.78	0.00168915
1318.33	0.0221192
1318.89	0.0267166
1319.44	0.0246827
1320	0.0556397
1320.56	0.0356722
1321.11	0.0151001
1321.67	0.0125962
1322.22	0.0115702
1322.78	0.00213134
1323.33	0.0362035
1323.89	0.0390236
1324.44	0.0282361
1325	0.0157163
1325.56	0.0250123
1326.11	0.0248376
1326.67	0.0123932
1327.22	0.0670114
1327.78	0.00315902
1328.33	0.0276294
1328.89	0.00215748
1329.44	0.0053543
1330	0.0194622
1330.56	0.0143123
1331.11	0.0554545
1331.67	0.00727521
1332.22	0.0304565
1332.78	0.0276123
1333.33	0.0155705
1333.89	0.0204788
1334.44	0.0440507
1335	0.0165583
1335.56	0.0097621
1336.11	0.0094362
1336.67	0.0274522
1337.22	0.0139968
1337.78	0.0206432
1338.33	0.044974
1338.89	0.0127032
1339.44	0.0244877
1340	0.0226774
1340.56	0.00755298
1341.11	0.0296115
1341.67	0.014589
1342.22	0.0332272
1342.78	0.0161213
1343.33	0.00439449
1343.89	0.0276515
1344.44	0.00508267
1345	0.0473519
1345.56	0.0304901
1346.11	0.0242204
1346.67	0.00893565
1347.22	0.0338666
1347.78	0.0330356
1348.33	0.0183589
1348.89	0.0300852
1349.44	0.0308997
1350	0.008846
1350.56	0.00331611
1351.11	0.0462317
1351.67	0.0136698
1352.22	0.0571245
1352.78	0.00118192
1353.33	0.0257638
1353.89	0.00145196
1354.44	0.0184124
1355	0.0446821
1355.56	0.0097915
1356.11	0.0572306
1356.67	0.000583489
1357.22	0.0310703
1357.78	0.0194431
1358.33	0.039902
1358.89	0.0464006
1359.44	0.0359499
1360	0.00488281
1360.56	0.0124669
1361.11	0.00684512
1361.67	0.00529893
1362.22	0.0313999
1362.78	0.0272285
1363.33	0.058845
1363.89	2.5559e-05
1364.44	0.0248096
1365	0.0183628
1365.56	0.00592215
1366.11	0.0483894
1366.67	0.0162685
1367.22	0.0234733
1367.78	0.0193812
1368.33	0.000786092
1368.89	0.0330026
1369.44	0.0146525
1370	0.0493253
1370.56	0.016579
1371.11	0.00155831
1371.67	0.0378178
1372.22	0.0212294
1372.78	0.00611721
1373.33	0.0322169
1373.89	0.0329805
1374.44	0.000285189
1375	0.00787357
1375.56	0.0252503
1376.11	0.0343451
1376.67	0.0111054
1377.22	0.0618069
1377.78	0.0165344
1378.33	0.0248548
1378.89	0.0482786
1379.44	0.0190094
1380	0.0499597
1380.56	0.00852402
1381.11	0.0299633
1381.67	0.0161358
1382.22	0.00258901
1382.78	0.0417491
1383.33	0.0354956
1383.89	0.0422247
1384.44	0.0276324
1385	0.0251192
1385.56	0.00375409
1386.11	0.0263821
1386.67	0.0321356
1387.22	0.040336
1387.78	0.00949558
1388.33	0.0387782
1388.89	0.0166054
1389.44	0.0213407
1390	0.0451479
1390.56	0.0116669
1391.11	0.0441771
1391.67	0.0194571
1392.22	0.0414721
1392.78	0.0137237
1393.33	0.0183435
1393.89	0.0335514
1394.44	0.00471351
1395	0.0407118
1395.56	0.0267234
1396.11	0.0267602
1396.67	0.0171112
1397.22	0.0327297
1397.78	0.0406543
1398.33	0.0474404
1398.89	0.00754291
1399.44	0.0242387
1400	0.0146756
1400.56	0.0138011
1401.11	0.0514016
1401.67	0.0245034
1402.22	0.0499128
1402.78	0.0135818
1403.33	0.0305302
1403.89	0.0425842
1404.44	0.00918317
1405	0.0521468
1405.56	0.000281949
1406.11	0.0135863
1406.67	0.0322446
1407.22	0.00740115
1407.78	0.0503414
1408.33	0.033705
1408.89	0.0604734
1409.44	0.0549256
1410	0.00290091
1410.56	0.0148933
1411.11	0.0187772
1411.67	0.00862047
1412.22	0.0446622
1412.78	0.00930823
1413.33	0.0277431
1413.89	0.0141332
1414.44	0.013519
1415	0.0353323
1415.56	0.00200177
1416.11	0.0762611
1416.67	0.0189862
1417.22	0.0174467
1417.78	0.0340136
1418.33	0.00879988
1418.89	0.0331814
1419.44	0.0292501
1420	0.0465987
1420.56	0.00070984
1421.11	0.00661714
1421.67	0.0447141
1422.22	0.0280798
1422.78	0.0130223
1423.33	0.0516712
1423.89	0.0191046
1424.44	0.0197104
1425	0.0272181
1425.56	0.000422099
1426.11	0.0373947
1426.67	0.0257604
1427.22	0.0371621
1427.78	0.00316322
1428.33	0.0320334
1428.89	0.0513623
1429.44	0.0246132
1430	0.039229
1430.56	0.0203142
1431.11	0.0289426
1431.67	0.0140941
1432.22	0.0282933
1432.78	0.0528388
1433.33	0.0237137
1433.89	0.0347343
1434.44	0.047171
1435	0.0237666
1435.56	0.0116949
1436.11	0.0156063
1436.67	0.0100758
1437.22	0.0629901
1437.78	0.00331241
1438.33	0.0502367
1438.89	0.0349637
1439.44	0.00507677
1440	0.0433471
1440.56	0.000790272
1441.11	0.0552181
1441.67	0.0275373
1442.22	0.0266321
1442.78	0.00826955
1443.33	0.0242593
1443.89	0.0273593
1444.44	0.0217311
1445	0.0372089
1445.56	0.0299595
1446.11	0.0181382
1446.67	0.0467464
1447.22	0.0221921
1447.78	0.0482811
1448.33	0.0356903
1448.89	0.0047218
1449.44	0.018979
1450	0.0533918
1450.56	0.00645021
1451.11	0.0467704
1451.67	0.0341743
1452.22	0.00231537
1452.78	0.00276767
1453.33	0.0291174
1453.89	0.0719712
1454.44	0.012631
1455	0.0726622
1455.56	0.0244973
1456.11	0.0202102
1456.67	0.0372462
1457.22	0.0346674
1457.78	0.0446628
1458.33	0.00223092
1458.89	0.0509712
1459.44	0.0287164
1460	0.0137096
1460.56	0.0160434
1461.11	0.0520613
1461.67	0.0454055
1462.22	0.062515
1462.78	0.043134
1463.33	0.00051436
1463.89	0.0212587
1464.44	0.0114853
1465	0.0463852
1465.56	0.00940522
1466.11	0.0699108
1466.67	0.0159627
1467.22	0.0227136
1467.78	0.0382401
1468.33	0.0557187
1468.89	0.0262021
1469.44	0.0474938
1470	0.03975
1470.56	0.0370057
1471.11	0.00730031
1471.67	0.0270165
1472.22	0.0270268
1472.78	0.0388193
1473.33	0.0372244
1473.89	0.00762632
1474.44	0.0201663
1475	0.0231304
1475.56	0.0503303
1476.11	0.0481118
1476.67	0.051857
1477.22	0.0339262
1477.78	0.0323877
1478.33	0.0152421
1478.89	0.0502166
1479.44	0.0066462
1480	0.0289927
1480.56	0.0216375
1481.11	0.018839
1481.67	0.0506795
1482.22	0.00892282
1482.78	0.0354758
1483.33	0.0140037
1483.89	0.060397
1484.44	0.0496236
1485	0.0152294
1485.56	0.0506834
1486.11	0.0474326
1486.67	0.0639655
1487.22	0.0593403
1487.78	0.0367634
1488.33	0.0127117
1488.89	0.0362445
1489.44	0.0148428
1490	0.0445617
1490.56	0.0350608
1491.11	0.0402096
1491.67	0.0399496
1492.22	0.0112003
1492.78	0.0633368
1493.33	0.0217131
1493.89	0.0351288
1494.44	0.0670755
1495	0.0513859
1495.56	0.000466863
1496.11	0.00869798
1496.67	0.061494
1497.22	0.0544715
1497.78	0.0119777
1498.33	0.0180525
1498.89	0.013107
1499.44	0.066242
1500	0.0122208
1500.56	0.0323813
1501.11	0.0615074
1501.67	0.0506023
1502.22	0.00672122
1502.78	0.0236892
1503.33	0.00773667
1503.89	0.0475571
1504.44	0.0255291
1505	0.0346573
1505.56	0.0361102
1506.11	0.053272
1506.67	0.0251352
1507.22	0.0305347
1507.78	0.00544075
1508.33	0.0515754
1508.89	0.00160109
1509.44	0.0446319
1510	0.00536174
1510.56	0.044318
1511.11	0.0140922
1511.67	0.017775
1512.22	0.0312248
1512.78	0.0250882
1513.33	0.00198662
1513.89	0.0561912
1514.44	0.0226831
1515	0.0513693
1515.56	0.0226572
1516.11	0.0170418
1516.67	0.0423277
1517.22	0.0422076
1517.78	0.0324579
1518.33	0.0344578
1518.89	0.087259
1519.44	0.0324
1520	0.0083748
1520.56	0.0743174
1521.11	0.0337634
1521.67	0.0287739
1522.22	0.0467045
1522.78	0.0872635
1523.33	0.0129456
1523.89	0.0360851
1524.44	0.0184324
1525	0.068365
1525.56	0.0677411
1526.11	0.0651004
1526.67	0.0241432
1527.22	0.0295685
1527.78	0.0126753
1528.33	0.0137951
1528.89	0.0808779
1529.44	0.0175124
1530	0.0120373
1530.56	0.0288598
1531.11	0.0020236
1531.67	0.00173807
1532.22	0.0530751
1532.78	0.0558537
1533.33	0.0733533
1533.89	0.0542726
1534.44	0.08527
1535	0.00679481
1535.56	0.0154771
1536.11	0.0982852
1536.67	0.0314996
1537.22	0.045981
1537.78	0.016927
1538.33	0.0321032
1538.89	0.00228873
1539.44	0.0130793
1540	0.116596
1540.56	0.0309218
1541.11	0.0600828
1541.67	0.00171708
1542.22	0.0172013
1542.78	0.00897296
1543.33	0.0680005
1543.89	0.025972
1544.44	0.0228155
1545	0.0208945
1545.56	0.0397271
1546.11	0.0303326
1546.67	0.00995977
1547.22	0.0343879
1547.78	0.0234559
1548.33	0.01377
1548.89	0.0260265
1549.44	0.0745927
1550	0.0551653
1550.56	0.0221853
1551.11	0.0962059
1551.67	0.0298167
1552.22	0.0392429
1552.78	0.0605406
1553.33	0.0357637
1553.89	0.0594078
1554.44	0.000391398
1555	0.158687
1555.56	0.0906674
1556.11	0.0113105
1556.67	0.0104995
1557.22	0.131005
1557.78	0.0334752
1558.33	0.081738
1558.89	0.0121743
1559.44	0.0855546
1560	0.0645875
1560.56	0.0808443
1561.11	0.0698197
1561.67	0.0437774
1562.22	0.0835966
1562.78	0.0747245
1563.33	0.00931173
1563.89	0.020795
1564.44	0.0200534
1565	0.0835572
1565.56	0.0264467
1566.11	0.115116
1566.67	0.00731942
1567.22	0.0555734
1567.78	0.0128609
1568.33	0.0197298
1568.89	0.134169
1569.44	0.0617525
1570	0.00256667
1570.56	0.0541354
1571.11	0.0315524
1571.67	0.052586
1572.22	0.0243393
1572.78	0.00204934
1573.33	0.0411182
1573.89	0.0311047
1574.44	0.0249446
1575	0.0941616
1575.56	0.01926
1576.11	0.0695212
1576.67	0.0339566
1577.22	0.0241409
1577.78	0.00710721
1578.33	0.068025
1578.89	0.0263314
1579.44	0.0031451
1580	0.017058
1580.56	0.0149186
1581.11	0.0177113
1581.67	0.120858
1582.22	0.0183478
1582.78	0.0735427
1583.33	0.0109069
1583.89	0.0579698
1584.44	0.0477481
1585	0.0178523
1585.56	0.0014535
1586.11	0.0525962
1586.67	0.0484722
1587.22	0.00999745
1587.78	0.068796
1588.33	0.0315168
1588.89	0.176667
1589.44	0.007769
1590	0.0935985
1590.56	0.0184068
1591.11	0.0206318
1591.67	0.0068192
1592.22	0.0461491
1592.78	0.186981
1593.33	0.0181284
1593.89	0.0421826
1594.44	0.0192894
1595	0.0576132
1595.56	0.0956698
1596.11	0.135402
1596.67	0.151735
1597.22	0.0516237
1597.78	0.00974586
1598.33	0.00433237
1598.89	0.0171879
1599.44	0.0331549
1600	0.0599979
1600.56	0.0497991
1601.11	0.0419033
1601.67	0.0375681
1602.22	0.0129673
1602.78	0.120333
1603.33	0.0890052
1603.89	0.144804
1604.44	0.105841
1605	0.100877
1605.56	0.0182225
1606.11	0.0296675
1606.67	0.0235732
1607.22	0.0232601
1607.78	0.0211233
1608.33	0.000789917
1608.89	0.0233273
1609.44	0.132794
1610	0.109928
1610.56	0.0179124
1611.11	0.00180754
1611.67	0.0644469
1612.22	0.146365
1612.78	0.122494
1613.33	0.128215
1613.89	0.0576748
1614.44	0.0316972
1615	0.0363158
1615.56	0.00674445
1616.11	0.0375565
1616.67	0.249097
1617.22	0.0771486
1617.78	0.0296735
1618.33	0.0638192
1618.89	0.0487297
1619.44	0.0673207
1620	0.0472631
1620.56	0.017673
1621.11	0.0817811
1621.67	0.0343411
1622.22	0.0224208
1622.78	0.0829714
1623.33	0.00622002
1623.89	0.0204531
1624.44	0.0595927
1625	0.00605961
1625.56	0.0339576
1626.11	0.0944645
1626.67	0.0456387
1627.22	0.0587542
1627.78	0.138545
1628.33	0.0563416
1628.89	0.0639928
1629.44	0.0425727
1630	0.054007
1630.56	0.038344
1631.11	0.0977661
1631.67	0.00094993
1632.22	0.131252
1632.78	0.122935
1633.33	0.0894603
1633.89	0.0378436
1634.44	0.0679884
1635	0.0296513
1635.56	0.0157378
1636.11	0.24684
1636.67	0.0830341
1637.22	0.0867993
1637.78	0.0167447
1638.33	0.0045938
1638.89	0.101249
1639.44	0.108947
1640	0.0862813
1640.56	0.0509495
1641.11	0.19449
1641.67	0.00659357
1642.22	0.0537762
1642.78	0.0643487
1643.33	0.0404994
1643.89	0.0541973
1644.44	0.0133718
1645	0.0109113
1645.56	0.0215385
1646.11	0.0852544
1646.67	0.0272049
1647.22	0.154255
1647.78	0.0600751
1648.33	0.0676724
1648.89	0.0371349
1649.44	0.0445542
1650	0.0811818
1650.56	0.24292
1651.11	0.00827531
1651.67	0.0596512
1652.22	0.0197848
1652.78	0.138579
1653.33	0.0737779
1653.89	0.0380928
1654.44	0.0687177
1655	0.136954
1655.56	0.0622392
1656.11	0.00108232
1656.67	0.110955
1657.22	0.041166
1657.78	0.0354071
1658.33	0.000263686
1658.89	0.148031
1659.44	0.0200621
1660	0.0485457
1660.56	0.156189
1661.11	0.0815308
1661.67	0.0919741
1662.22	0.051943
1662.78	0.136428
1663.33	0.0386581
1663.89	0.0525332
1664.44	0.134604
1665	0.0234164
1665.56	0.114551
1666.11	0.0577878
1666.67	0.0264408
1667.22	0.0173393
1667.78	0.143669
1668.33	0.168976
1668.89	0.0845294
1669.44	0.00578339
1670	0.0166791
1670.56	0.050465
1671.11	0.291282
1671.67	0.0472357
1672.22	0.108075
1672.78	0.146138
1673.33	0.0284025
1673.89	0.209106
1674.44	0.117518
1675	0.14143
1675.56	0.0812016
1676.11	0.202848
1676.67	0.118589
1677.22	0.138714
1677.78	0.192177
1678.33	0.0703846
1678.89	0.190911
1679.44	0.0433341
1680	0.0786268
1680.56	0.229985
1681.11	0.0551203
1681.67	0.122436
1682.22	0.0841299
1682.78	0.066813
1683.33	0.172151
1683.89	0.138983
1684.44	0.157736
1685	0.0442746
1685.56	0.0974292
1686.11	0.0426941
1686.67	0.0427362
1687.22	0.0883657
1687.78	0.037916
1688.33	0.00775282
1688.89	0.0128943
1689.44	0.0422422
1690	0.0673352
1690.56	0.00992188
1691.11	0.00814682
1691.67	0.219458
1692.22	0.00832362
1692.78	0.150386
1693.33	0.101484
1693.89	0.269553
1694.44	0.129007
1695	0.218476
1695.56	0.22236
1696.11	0.0881313
1696.67	0.0282172
1697.22	0.0371622
1697.78	0.169417
1698.33	0.0715313
1698.89	0.142054
1699.44	0.0911149
1700	0.134082
1700.56	0.127508
1701.11	0.0453483
1701.67	0.129061
1702.22	0.0758602
1702.78	0.371098
1703.33	0.0961926
1703.89	0.118306
1704.44	0.323272
1705	0.17479
1705.56	0.0813841
1706.11	0.109856
1706.67	0.26564
1707.22	0.0213116
1707.78	0.214614
1708.33	0.152811
1708.89	0.105054
1709.44	0.0922649
1710	0.0672144
1710.56	0.216639
1711.11	0.2724
1711.67	0.0473893
1712.22	0.0310065
1712.78	0.0226296
1713.33	0.0351256
1713.89	0.02318
1714.44	0.0530616
1715	0.0622263
1715.56	0.383415
1716.11	0.142052
1716.67	0.113368
1717.22	0.0794114
1717.78	0.455743
1718.33	0.201039
1718.89	0.0464405
1719.44	0.159698
1720	0.232274
1720.56	0.598251
1721.11	0.241417
1721.67	0.0332239
1722.22	0.173584
1722.78	0.0764841
1723.33	0.257824
1723.89	0.225051
1724.44	0.0673183
1725	0.286045
1725.56	0.311979
1726.11	0.0618789
1726.67	0.163451
1727.22	0.206114
1727.78	0.115741
1728.33	0.223413
1728.89	0.170663
1729.44	0.252694
1730	0.535468
1730.56	0.164156
1731.11	0.301875
1731.67	0.10223
1732.22	0.116725
1732.78	0.107109
1733.33	0.266057
1733.89	0.125591
1734.44	0.0900593
1735	0.155586
1735.56	0.273763
1736.11	0.473537
1736.67	0.125615
1737.22	0.340489
1737.78	0.211608
1738.33	0.0927453
1738.89	0.321082
1739.44	0.248985
1740	0.109061
1740.56	0.262529
1741.11	0.0180209
1741.67	0.131251
1742.22	0.501719
1742.78	0.165722
1743.33	0.420015
1743.89	0.357512
1744.44	0.440335
1745	0.120312
1745.56	0.217627
1746.11	0.198445
1746.67	0.0940183
1747.22	0.150971
1747.78	0.242193
1748.33	0.243399
1748.89	0.181978
1749.44	0.00678021
1750	0.532699
1750.56	0.0407886
1751.11	0.193556
1751.67	0.403404
1752.22	0.443611
1752.78	0.066529
1753.33	0.335062
1753.89	0.0346001
1754.44	0.0991677
1755	0.0375284
1755.56	0.205616
1756.11	0.3333
1756.67	0.110055
1757.22	0.154045
1757.78	0.00445666
1758.33	0.249172
1758.89	0.169301
1759.44	0.66271
1760	0.406822
1760.56	0.0698612
1761.11	0.917033
1761.67	0.0654383
1762.22	0.288388
1762.78	0.4785
1763.33	0.343907
1763.89	0.176867
1764.44	0.12848
1765	0.01311
1765.56	0.103522
1766.11	0.449587
1766.67	0.125512
1767.22	0.349072
1767.78	0.594704
1768.33	0.218311
1768.89	0.161626
1769.44	0.37153
1770	0.0483973
1770.56	0.173905
1771.11	0.0895875
1771.67	0.508081
1772.22	0.28172
1772.78	0.728432
1773.33	0.167655
1773.89	0.231767
1774.44	0.0296725
1775	0.43437
1775.56	0.00545503
1776.11	0.756416
1776.67	0.443727
1777.22	0.462743
1777.78	0.384312
1778.33	0.41302
1778.89	0.337754
1779.44	0.19498
1780	0.260038
1780.56	0.134101
1781.11	0.429246
1781.67	1.07406
1782.22	0.350744
1782.78	0.333609
1783.33	0.744199
1783.89	0.15375
1784.44	0.43888
1785	0.393009
1785.56	0.280269
1786.11	0.270147
1786.67	0.496106
1787.22	0.273131
1787.78	0.367644
1788.33	0.1409
1788.89	0.952731
1789.44	0.608956
1790	0.92221
1790.56	0.64914
1791.11	0.787517
1791.67	0.0103024
1792.22	1.0997
1792.78	0.0391203
1793.33	0.302584
1793.89	0.607857
1794.44	0.526728
1795	0.14161
1795.56	0.472108
1796.11	0.314846
1796.67	0.580202
1797.22	0.386872
1797.78	0.207175
1798.33	0.524248
1798.89	0.104577
1799.44	0.688634
1800	0.0082043
1800.56	0.464011
1801.11	0.409236
1801.67	0.262574
1802.22	0.847355
1802.78	0.421757
1803.33	0.679133
1803.89	0.32657
1804.44	0.108293
1805	0.0859264
1805.56	0.271663
1806.11	0.209101
1806.67	0.103255
1807.22	0.658778
1807.78	0.274312
1808.33	0.213906
1808.89	0.529088
1809.44	0.107142
1810	0.242186
1810.56	0.752731
1811.11	0.293556
1811.67	0.179603
1812.22	0.133668
1812.78	0.310363
1813.33	0.349297
1813.89	1.05767
1814.44	0.0712137
1815	0.31811
1815.56	0.791447
1816.11	1.13248
1816.67	0.72452
1817.22	0.310811
1817.78	1.01309
1818.33	0.487146
1818.89	0.697791
1819.44	0.688755
1820	0.491863
1820.56	0.544683
1821.11	0.348627
1821.67	0.0976104
1822.22	0.0776004
1822.78	2.25972
1823.33	0.821867
1823.89	0.212906
1824.44	0.145656
1825	0.0217269
1825.56	0.137352
1826.11	0.0554382
1826.67	0.347935
1827.22	0.38441
1827.78	0.309949
1828.33	1.76233
1828.89	0.060936
1829.44	1.29952
1830	0.90721
1830.56	0.274136
1831.11	0.324986
1831.67	0.69592
1832.22	0.448156
1832.78	1.21488
1833.33	0.101471
1833.89	0.275774
1834.44	0.304215
1835	0.930902
1835.56	1.04619
1836.11	0.41262
1836.67	0.754816
1837.22	0.377463
1837.78	0.272632
1838.33	1.06046
1838.89	0.0281032
1839.44	1.17075
1840	0.0408652
1840.56	1.20688
1841.11	0.359416
1841.67	1.24603
1842.22	0.412042
1842.78	0.133899
1843.33	0.0908732
1843.89	0.00532751
1844.44	0.21566
1845	0.256148
1845.56	0.577917
1846.11	0.155093
1846.67	0.265153
1847.22	0.567368
1847.78	1.08017
1848.33	0.430277
1848.89	1.09985
1849.44	0.358115
1850	0.112086
1850.56	0.252247
1851.11	0.583239
1851.67	0.461952
1852.22	1.06502
1852.78	0.360588
1853.33	0.958972
1853.89	0.0277428
1854.44	1.03849
1855	0.336732
1855.56	0.641265
1856.11	2.5075
1856.67	0.934381
1857.22	0.017335
1857.78	1.75043
1858.33	0.479976
1858.89	0.269361
1859.44	0.533437
1860	1.75316
1860.56	0.397635
1861.11	0.0724039
1861.67	0.203451
1862.22	0.440918
1862.78	0.127899
1863.33	0.404746
1863.89	0.0432109
1864.44	0.400223
1865	1.46359
1865.56	1.02035
1866.11	0.787246
1866.67	0.174923
1867.22	0.528355
1867.78	0.929129
1868.33	0.067912
1868.89	0.723694
1869.44	1.08827
1870	0.698989
1870.56	1.1496
1871.11	0.925574
1871.67	2.12152
1872.22	0.766942
1872.78	0.978498
1873.33	0.0331474
1873.89	0.452417
1874.44	1.44277
1875	0.0418144
1875.56	0.508191
1876.11	2.1762
1876.67	0.423027
1877.22	0.262202
1877.78	0.697096
1878.33	0.933953
1878.89	1.03437
1879.44	0.663365
1880	0.728248
1880.56	1.53387
1881.11	0.282569
1881.67	0.158629
1882.22	0.474437
1882.78	0.590221
1883.33	0.252233
1883.89	0.380846
1884.44	0.144214
1885	0.8768
1885.56	2.33028
1886.11	0.386777
1886.67	0.297875
1887.22	1.02867
1887.78	0.247746
1888.33	1.31106
1888.89	0.16831
1889.44	1.04329
1890	1.1269
1890.56	1.97517
1891.11	0.295431
1891.67	0.353603
1892.22	1.70536
1892.78	0.774804
1893.33	1.66298
1893.89	0.54678
1894.44	0.204207
1895	0.207968
1895.56	0.533867
1896.11	1.30905
1896.67	0.552405
1897.22	0.310357
1897.78	0.160291
1898.33	0.163226
1898.89	1.18003
1899.44	1.41994
1900	0.545986
1900.56	0.302371
1901.11	0.884446
1901.67	2.00101
1902.22	0.284132
1902.78	0.138803
1903.33	0.677231
1903.89	1.39025
1904.44	1.53478
1905	1.44817
1905.56	0.127541
1906.11	0.152806
1906.67	0.0143729
1907.22	0.131901
1907.78	0.843898
1908.33	0.709668
1908.89	0.360343
1909.44	1.24332
1910	1.51784
1910.56	0.809152
1911.11	1.71243
1911.67	1.20929
1912.22	0.789823
1912.78	1.61497
1913.33	1.5715
1913.89	3.97887
1914.44	1.047
1915	1.89673
1915.56	0.0559714
1916.11	0.569657
1916.67	0.460139
1917.22	0.963349
1917.78	0.717318
1918.33	0.506104
1918.89	1.48214
1919.44	1.22027
1920	1.11244
1920.56	0.118481
1921.11	1.76763
1921.67	0.711925
1922.22	2.08079
1922.78	0.311462
1923.33	2.1419
1923.89	0.413679
1924.44	0.133493
1925	1.53314
1925.56	1.15295
1926.11	0.962749
1926.67	1.4687
1927.22	0.945693
1927.78	1.0321
1928.33	3.11215
1928.89	0.370812
1929.44	0.786572
1930	0.575482
1930.56	0.28267
1931.11	2.70745
1931.67	1.75009
1932.22	0.700375
1932.78	0.637901
1933.33	0.456252
1933.89	1.93252
1934.44	0.785693
1935	1.76302
1935.56	0.798959
1936.11	0.491283
1936.67	1.40961
1937.22	1.86417
1937.78	2.1021
1938.33	0.387653
1938.89	0.0365188
1939.44	0.80454
1940	1.00262
1940.56	0.265707
1941.11	1.04866
1941.67	0.601292
1942.22	1.14437
1942.78	1.63043
1943.33	2.146
1943.89	0.814555
1944.44	3.42538
1945	0.0268681
1945.56	0.0644905
1946.11	0.963438
1946.67	0.34898
1947.22	1.14038
1947.78	0.780606
1948.33	0.415047
1948.89	1.86538
1949.44	1.79373
1950	0.228816
1950.56	0.86972
1951.11	0.859439
1951.67	0.357857
1952.22	1.40818
1952.78	0.364668
1953.33	1.56082
1953.89	1.38758
1954.44	1.03638
1955	0.099566
1955.56	0.0483739
1956.11	0.75163
1956.67	0.166582
1957.22	1.61807
1957.78	0.0287569
1958.33	0.136443
1958.89	1.40575
1959.44	0.271492
1960	2.54155
1960.56	0.952885
1961.11	1.17356
1961.67	1.4697
1962.22	0.227939
1962.78	4.25236
1963.33	1.00239
1963.89	2.78382
1964.44	0.818766
1965	0.731484
1965.56	1.28467
1966.11	1.14724
1966.67	0.198929
1967.22	1.45617
1967.78	1.35576
1968.33	1.36395
1968.89	0.548389
1969.44	0.764716
1970	2.67812
1970.56	0.248404
1971.11	0.786227
1971.67	2.76466
1972.22	0.119724
1972.78	1.69193
1973.33	3.12059
1973.89	1.02558
1974.44	1.16181
1975	1.09666
1975.56	1.35561
1976.11	2.85411
1976.67	2.82215
1977.22	1.07908
1977.78	2.32774
1978.33	2.3244
1978.89	0.574305
1979.44	0.265942
1980	2.63624
1980.56	0.841105
1981.11	0.900169
1981.67	1.82551
1982.22	2.21279
1982.78	1.11012
1983.33	0.00862885
1983.89	1.48788
1984.44	0.0249434
1985	1.13831
1985.56	0.447605
1986.11	0.725945
1986.67	0.0480654
1987.22	0.812318
1987.78	0.246473
1988.33	0.102324
1988.89	0.186936
1989.44	0.878565
1990	1.91094
1990.56	0.274137
1991.11	2.6284
1991.67	0.256895
1992.22	1.26122
1992.78	0.132076
1993.33	4.29269
1993.89	1.0554
1994.44	1.01343
1995	2.54792
1995.56	1.85141
1996.11	2.49555
1996.67	0.171926
1997.22	0.222467
1997.78	0.841797
1998.33	1.31015
1998.89	0.672072
1999.44	0.462694
2000	1.97194
