t	etaU
0	1.90125e-14
0.555556	0.793827
1.11111	1.43629
1.66667	0.650276
2.22222	0.715752
2.77778	2.08235
3.33333	1.79308
3.88889	0.0152701
4.44444	2.03013
5	0.483023
5.55556	0.85285
6.11111	2.86654
6.66667	0.96473
7.22222	0.846563
7.77778	1.24416
8.33333	1.89451
8.88889	0.59757
9.44444	0.0596078
10	2.46788
10.5556	1.34058
11.1111	0.917333
11.6667	1.24448
12.2222	1.38532
12.7778	0.00108631
13.3333	0.0401475
13.8889	2.66197
14.4444	0.633843
15	2.19967
15.5556	1.09275
16.1111	1.41969
16.6667	1.31234
17.2222	0.159773
17.7778	1.02843
18.3333	1.69551
18.8889	0.15501
19.4444	1.72244
20	0.400068
20.5556	0.629697
21.1111	1.22931
21.6667	0.141202
22.2222	0.671221
22.7778	0.396099
23.3333	0.121632
23.8889	1.0207
24.4444	1.9386
25	1.94698
25.5556	0.927433
26.1111	0.119141
26.6667	0.9955
27.2222	0.53018
27.7778	0.855392
28.3333	0.225934
28.8889	0.417593
29.4444	1.16964
30	1.29287
30.5556	0.312327
31.1111	0.12859
31.6667	0.350335
32.2222	0.285453
32.7778	0.109379
33.3333	0.0933956
33.8889	0.297345
34.4444	1.97433
35	0.808758
35.5556	0.631754
36.1111	0.00342157
36.6667	0.385534
37.2222	0.133546
37.7778	0.253211
38.3333	0.402513
38.8889	0.186237
39.4444	0.186559
40	1.33775
40.5556	0.620312
41.1111	1.02869
41.6667	0.565839
42.2222	0.0730359
42.7778	0.870705
43.3333	0.942575
43.8889	0.236281
44.4444	1.26182
45	0.152115
45.5556	0.156243
46.1111	0.167508
46.6667	0.104521
47.2222	1.36198
47.7778	0.471667
48.3333	0.650852
48.8889	0.33959
49.4444	1.69593
50	0.323608
50.5556	1.5346
51.1111	0.987844
51.6667	0.468502
52.2222	0.337926
52.7778	0.360962
53.3333	0.247268
53.8889	0.939572
54.4444	0.281775
55	0.538368
55.5556	0.617366
56.1111	0.0282312
56.6667	0.582246
57.2222	0.784332
57.7778	0.194673
58.3333	0.499302
58.8889	0.331977
59.4444	0.0415465
60	1.03537
60.5556	0.0457851
61.1111	1.13307
61.6667	0.136168
62.2222	0.773704
62.7778	0.824254
63.3333	0.642615
63.8889	1.62138
64.4444	0.250458
65	0.197748
65.5556	0.661908
66.1111	0.396783
66.6667	0.107546
67.2222	0.526289
67.7778	1.52353
68.3333	1.11953
68.8889	0.227308
69.4444	0.303102
70	0.441651
70.5556	0.168327
71.1111	0.541271
71.6667	0.982929
72.2222	0.425616
72.7778	0.661192
73.3333	0.173245
73.8889	0.330157
74.4444	1.30423
75	0.00971466
75.5556	0.815272
76.1111	0.00345664
76.6667	1.1732
77.2222	0.801392
77.7778	0.637873
78.3333	0.174739
78.8889	1.47204
79.4444	1.75849
80	1.75888
80.5556	1.51857
81.1111	0.166189
81.6667	1.3543
82.2222	0.644268
82.7778	0.489617
83.3333	1.06754
83.8889	1.31918
84.4444	0.920206
85	0.585764
85.5556	0.0829255
86.1111	0.444591
86.6667	1.24161
87.2222	0.270934
87.7778	1.0629
88.3333	1.7153
88.8889	0.754433
89.4444	1.16035
90	0.142643
90.5556	0.443904
91.1111	0.301975
91.6667	0.93403
92.2222	0.363774
92.7778	1.7294
93.3333	1.84934
93.8889	0.901306
94.4444	0.872953
95	0.00920329
95.5556	0.389876
96.1111	1.26057
96.6667	0.28738
97.2222	0.280725
97.7778	0.925017
98.3333	0.346845
98.8889	0.777982
99.4444	0.364408
100	1.82165
100.556	1.13452
101.111	1.28456
101.667	0.492061
102.222	0.991352
102.778	1.35115
103.333	0.119663
103.889	0.107778
104.444	0.154608
105	0.223289
105.556	0.793165
106.111	0.129828
106.667	0.696099
107.222	1.35278
107.778	2.22791
108.333	1.22294
108.889	0.351167
109.444	2.0257
110	0.79811
110.556	0.126171
111.111	0.140394
111.667	0.56977
112.222	0.0212451
112.778	1.34948
113.333	0.0692711
113.889	0.871943
114.444	0.196596
115	1.10465
115.556	0.416807
116.111	1.13209
116.667	0.911312
117.222	1.61224
117.778	1.32665
118.333	1.67937
118.889	0.117125
119.444	0.350124
120	0.487654
120.556	1.0672
121.111	0.537719
121.667	0.475816
122.222	1.79122
122.778	0.700472
123.333	2.57885
123.889	0.289993
124.444	0.426389
125	0.590208
125.556	0.531954
126.111	2.54378
126.667	0.688185
127.222	0.300646
127.778	1.48991
128.333	0.256873
128.889	1.47937
129.444	1.69707
130	0.313899
130.556	0.0312743
131.111	0.0930725
131.667	0.229324
132.222	0.792303
132.778	0.525335
133.333	0.139888
133.889	0.402367
134.444	3.34369
135	0.620471
135.556	0.716106
136.111	0.430099
136.667	0.800094
137.222	0.12093
137.778	0.732108
138.333	0.40209
138.889	0.0489441
139.444	1.13721
140	0.76933
140.556	1.7961
141.111	1.08872
141.667	2.66711
142.222	0.362377
142.778	0.878554
143.333	0.616975
143.889	0.618499
144.444	0.3817
145	0.298642
145.556	1.2614
146.111	1.75367
146.667	0.261158
147.222	1.80039
147.778	0.964543
148.333	0.174043
148.889	1.62581
149.444	1.16784
150	0.327453
150.556	0.868044
151.111	0.249077
151.667	1.22019
152.222	1.95655
152.778	1.0155
153.333	1.39237
153.889	0.890515
154.444	0.208674
155	0.00471076
155.556	1.69595
156.111	1.45399
156.667	0.916173
157.222	1.68236
157.778	1.26929
158.333	1.70235
158.889	1.32031
159.444	0.440206
160	0.201707
160.556	0.403921
161.111	0.341024
161.667	0.0618773
162.222	1.4232
162.778	0.234865
163.333	1.3605
163.889	0.0259587
164.444	1.42757
165	0.939519
165.556	0.955125
166.111	0.872833
166.667	0.615452
167.222	0.0314126
167.778	1.66645
168.333	0.341974
168.889	0.136579
169.444	0.564492
170	0.470397
170.556	0.409076
171.111	0.519103
171.667	0.358731
172.222	1.1418
172.778	0.653091
173.333	0.462633
173.889	0.246815
174.444	0.347416
175	0.61552
175.556	1.39806
176.111	0.578602
176.667	0.722433
177.222	0.617379
177.778	0.701152
178.333	0.318749
178.889	0.413984
179.444	0.393243
180	0.0259462
180.556	1.59793
181.111	1.40185
181.667	0.742872
182.222	0.20273
182.778	0.0300219
183.333	1.33489
183.889	0.417215
184.444	0.127147
185	0.426857
185.556	0.646655
186.111	0.386104
186.667	0.369195
187.222	1.01292
187.778	0.0187497
188.333	0.265728
188.889	0.0930206
189.444	0.163276
190	0.742191
190.556	1.49846
191.111	0.103371
191.667	0.000659493
192.222	0.0410351
192.778	0.605626
193.333	0.0966306
193.889	0.0129536
194.444	0.346937
195	0.214519
195.556	1.59097
196.111	0.36845
196.667	0.010475
197.222	0.606628
197.778	0.152837
198.333	0.621593
198.889	0.555898
199.444	0.992835
200	0.485434
200.556	0.507964
201.111	0.333532
201.667	1.193
202.222	1.31734
202.778	0.133368
203.333	0.649964
203.889	0.0468217
204.444	1.5946
205	0.812056
205.556	0.253967
206.111	1.06465
206.667	0.651735
207.222	0.46007
207.778	0.238427
208.333	0.0226663
208.889	0.345102
209.444	0.885465
210	0.455661
210.556	0.665611
211.111	0.116409
211.667	0.410141
212.222	0.0466217
212.778	0.394326
213.333	0.0798235
213.889	0.458805
214.444	0.6293
215	0.658417
215.556	0.0228883
216.111	1.26499
216.667	0.521094
217.222	0.273166
217.778	0.982127
218.333	0.231063
218.889	0.481391
219.444	0.58072
220	0.556247
220.556	0.278345
221.111	0.394992
221.667	0.078313
222.222	0.00259762
222.778	1.04917
223.333	0.886149
223.889	0.303465
224.444	0.0749472
225	0.0443465
225.556	0.12798
226.111	0.303616
226.667	0.168383
227.222	0.444581
227.778	0.264928
228.333	0.117843
228.889	0.404772
229.444	0.473201
230	1.24919
230.556	1.34066
231.111	0.178029
231.667	0.484181
232.222	0.31707
232.778	0.644668
233.333	0.271428
233.889	0.209035
234.444	0.125388
235	0.616979
235.556	0.592186
236.111	0.140975
236.667	0.288155
237.222	0.021767
237.778	0.703605
238.333	0.64914
238.889	0.213439
239.444	0.162625
240	0.422309
240.556	0.0375094
241.111	0.247711
241.667	0.298395
242.222	0.279765
242.778	0.0476645
243.333	0.423788
243.889	0.115718
244.444	0.287275
245	0.686774
245.556	1.05074
246.111	0.428705
246.667	0.91245
247.222	0.0537034
247.778	0.254234
248.333	0.530506
248.889	0.203965
249.444	0.407927
250	0.7845
250.556	0.670471
251.111	0.0251832
251.667	0.223732
252.222	0.900795
252.778	0.247796
253.333	0.516463
253.889	0.336146
254.444	0.178142
255	0.244401
255.556	0.235046
256.111	0.426782
256.667	0.782965
257.222	0.566748
257.778	0.0952495
258.333	0.331259
258.889	0.298564
259.444	0.123157
260	0.386875
260.556	0.00517499
261.111	0.480251
261.667	0.0358894
262.222	0.439757
262.778	0.0449217
263.333	0.1136
263.889	0.445902
264.444	0.597656
265	0.0154957
265.556	0.0715554
266.111	0.404526
266.667	0.23071
267.222	0.235056
267.778	0.671791
268.333	0.774407
268.889	0.428258
269.444	0.131179
270	0.118025
270.556	0.377235
271.111	0.13604
271.667	0.34072
272.222	0.442156
272.778	0.0786237
273.333	0.0232786
273.889	0.0715414
274.444	0.26985
275	0.298835
275.556	0.407069
276.111	0.192056
276.667	0.219907
277.222	0.188811
277.778	0.634805
278.333	0.471639
278.889	0.277382
279.444	0.244839
280	0.10417
280.556	0.322983
281.111	0.068055
281.667	0.180208
282.222	0.176133
282.778	0.299418
283.333	0.0365151
283.889	0.372958
284.444	0.196377
285	0.182774
285.556	0.0738507
286.111	0.0558069
286.667	0.0723054
287.222	0.23176
287.778	0.303825
288.333	0.120755
288.889	0.175019
289.444	0.333187
290	0.272716
290.556	0.235023
291.111	0.372777
291.667	0.190423
292.222	0.257347
292.778	0.136659
293.333	0.279609
293.889	0.453423
294.444	0.150101
295	0.0353253
295.556	0.233033
296.111	0.243479
296.667	0.100523
297.222	0.402288
297.778	0.231049
298.333	0.309951
298.889	0.129848
299.444	0.101552
300	0.460338
300.556	0.159232
301.111	0.0121046
301.667	0.0795466
302.222	0.244915
302.778	0.188019
303.333	0.343341
303.889	0.0790137
304.444	0.107219
305	0.33863
305.556	0.0441808
306.111	0.0539613
306.667	0.351381
307.222	0.290592
307.778	0.145245
308.333	0.105166
308.889	0.0855105
309.444	0.344587
310	0.0196273
310.556	0.14535
311.111	0.169455
311.667	0.267008
312.222	0.045339
312.778	0.0317591
313.333	0.0545742
313.889	0.341247
314.444	0.223319
315	0.0346935
315.556	0.143805
316.111	0.103006
316.667	0.109826
317.222	0.163826
317.778	0.258107
318.333	0.149603
318.889	0.228126
319.444	0.134213
320	0.0931906
320.556	0.0153265
321.111	0.123484
321.667	0.235439
322.222	0.0113313
322.778	0.175723
323.333	0.141715
323.889	0.0370728
324.444	0.102666
325	0.219457
325.556	0.0652341
326.111	0.253377
326.667	0.047465
327.222	0.0855973
327.778	0.0912061
328.333	0.164151
328.889	0.0134449
329.444	0.18444
330	0.0972157
330.556	0.00554104
331.111	0.144278
331.667	0.0359411
332.222	0.213722
332.778	0.0890367
333.333	0.215348
333.889	0.274179
334.444	0.211529
335	0.0232089
335.556	0.020387
336.111	0.184899
336.667	0.383447
337.222	0.0411081
337.778	0.0808618
338.333	0.043722
338.889	0.166041
339.444	0.204874
340	0.021669
340.556	0.128542
341.111	0.0435399
341.667	0.0274525
342.222	0.101204
342.778	0.0905955
343.333	0.177409
343.889	0.0749413
344.444	0.0212577
345	0.269087
345.556	0.0358144
346.111	0.0302506
346.667	0.0452696
347.222	0.132234
347.778	0.108264
348.333	0.144573
348.889	0.142743
349.444	0.127011
350	0.000407242
350.556	0.0615928
351.111	0.165928
351.667	0.0344475
352.222	0.0855717
352.778	0.131385
353.333	0.0822667
353.889	0.116962
354.444	0.257703
355	0.0287546
355.556	0.238568
356.111	0.18163
356.667	0.05708
357.222	0.103875
357.778	0.147041
358.333	0.101519
358.889	0.024389
359.444	0.075893
360	0.101006
360.556	0.343542
361.111	0.013331
361.667	0.0616833
362.222	0.00964838
362.778	0.168367
363.333	0.195206
363.889	0.0740963
364.444	0.21211
365	0.0218967
365.556	0.0831287
366.111	0.0667255
366.667	0.0758842
367.222	0.0116114
367.778	0.0525276
368.333	0.08048
368.889	0.0781676
369.444	0.0380202
370	0.0979723
370.556	0.14115
371.111	0.061938
371.667	0.0907546
372.222	0.27781
372.778	0.0317555
373.333	0.177913
373.889	0.0583773
374.444	0.166667
375	0.0285004
375.556	0.0126671
376.111	0.049369
376.667	0.0986221
377.222	0.0730748
377.778	0.0339879
378.333	0.0709684
378.889	0.210415
379.444	0.259515
380	0.0811387
380.556	0.0162707
381.111	0.0417179
381.667	0.00878536
382.222	0.115484
382.778	0.0405471
383.333	0.151755
383.889	0.0142623
384.444	0.139795
385	0.00456635
385.556	0.146683
386.111	0.0612674
386.667	0.0981213
387.222	0.21962
387.778	0.153069
388.333	0.0584346
388.889	0.0847299
389.444	0.010552
390	0.0524286
390.556	0.0364259
391.111	0.0203163
391.667	0.0971107
392.222	0.130816
392.778	0.126159
393.333	0.0154291
393.889	0.0889777
394.444	0.0496647
395	0.0684728
395.556	0.155066
396.111	0.0623291
396.667	0.0233916
397.222	0.0525824
397.778	0.143303
398.333	0.0348211
398.889	0.197085
399.444	0.0987531
400	0.192075
400.556	0.0835232
401.111	0.0700948
401.667	0.0376463
402.222	0.00375623
402.778	0.146118
403.333	0.0437192
403.889	0.120283
404.444	0.00651607
405	0.0136068
405.556	0.220991
406.111	0.10727
406.667	0.0131722
407.222	0.019591
407.778	0.0488369
408.333	0.0109453
408.889	0.0292474
409.444	0.00374406
410	0.0150563
410.556	0.13066
411.111	0.042324
411.667	0.0553336
412.222	0.0766699
412.778	0.0931833
413.333	0.00174246
413.889	0.0417668
414.444	0.0213491
415	0.14583
415.556	0.00257499
416.111	0.0615689
416.667	0.0312662
417.222	0.0417582
417.778	0.132047
418.333	0.0445255
418.889	0.00545437
419.444	0.172221
420	0.0050089
420.556	0.0314495
421.111	0.0311614
421.667	0.0683844
422.222	0.0696221
422.778	0.0432561
423.333	0.12842
423.889	0.0579976
424.444	0.0417162
425	0.0936156
425.556	0.10263
426.111	0.0268781
426.667	0.0284514
427.222	0.0348062
427.778	0.0156014
428.333	0.0151888
428.889	0.0501588
429.444	0.119935
430	0.0936512
430.556	0.00276707
431.111	0.0769115
431.667	0.0221429
432.222	0.00219824
432.778	0.00631603
433.333	0.142457
433.889	0.121798
434.444	0.0679222
435	0.025633
435.556	0.0140082
436.111	0.00939333
436.667	0.0799568
437.222	0.0462577
437.778	0.00568374
438.333	0.000976626
438.889	0.0356072
439.444	0.0235283
440	0.0164424
440.556	0.00723361
441.111	0.00134618
441.667	0.00365879
442.222	0.0863916
442.778	0.0828754
443.333	0.0587386
443.889	0.112047
444.444	0.10785
445	0.0688224
445.556	0.0663752
446.111	0.0219248
446.667	0.0369711
447.222	0.0233173
447.778	0.0212358
448.333	0.0483653
448.889	0.0412461
449.444	0.0554589
450	0.0666035
450.556	0.00154974
451.111	0.0773578
451.667	0.0098316
452.222	0.0533498
452.778	0.0306954
453.333	0.00663399
453.889	0.0645441
454.444	0.0382735
455	0.0147061
455.556	0.0174376
456.111	0.013145
456.667	0.0379888
457.222	0.0233642
457.778	0.0643751
458.333	0.0421642
458.889	0.0334193
459.444	0.00657768
460	0.0307169
460.556	0.0137744
461.111	0.00295649
461.667	0.0269849
462.222	0.0143719
462.778	0.00524394
463.333	0.0526357
463.889	0.0566656
464.444	0.0873721
465	0.0557868
465.556	0.053887
466.111	0.0567931
466.667	0.00637848
467.222	0.0445194
467.778	0.016793
468.333	0.0279953
468.889	0.0530522
469.444	0.035125
470	0.0381371
470.556	0.0437306
471.111	0.0371486
471.667	0.00697865
472.222	0.0205832
472.778	0.061873
473.333	0.0357636
473.889	0.0353126
474.444	0.0654386
475	0.0621313
475.556	0.0417038
476.111	0.00845555
476.667	0.00017316
477.222	0.00385415
477.778	0.104904
478.333	0.0665392
478.889	0.00438937
479.444	0.0506875
480	0.0196933
480.556	0.0230961
481.111	0.0571233
481.667	0.00632565
482.222	0.0139093
482.778	0.030303
483.333	0.00160032
483.889	0.0473186
484.444	0.0307444
485	0.0200172
485.556	0.0583596
486.111	0.0188485
486.667	0.00275526
487.222	0.0071921
487.778	0.0290684
488.333	0.0477282
488.889	0.0597287
489.444	0.01916
490	0.00276845
490.556	0.0169719
491.111	0.00601014
491.667	0.0068881
492.222	0.0512287
492.778	0.0477553
493.333	0.00690155
493.889	0.0210287
494.444	0.00860213
495	0.0392903
495.556	0.000436715
496.111	0.0716961
496.667	0.0112205
497.222	0.0228451
497.778	0.0196182
498.333	0.0738759
498.889	0.0369102
499.444	0.00192675
500	0.0118986
500.556	0.0486709
501.111	0.0242354
501.667	0.0220188
502.222	0.0445137
502.778	0.00970536
503.333	0.0374461
503.889	0.0805507
504.444	0.0627289
505	0.0564664
505.556	0.00013769
506.111	0.0543503
506.667	0.0608309
507.222	0.0110967
507.778	0.007698
508.333	0.0187846
508.889	0.0709404
509.444	0.0206991
510	0.0407624
510.556	0.0111495
511.111	0.036688
511.667	0.00972548
512.222	0.0081333
512.778	0.0240833
513.333	0.0121239
513.889	0.00850901
514.444	0.0571118
515	0.00222663
515.556	0.0323165
516.111	0.00178323
516.667	0.044008
517.222	0.029242
517.778	0.0113437
518.333	0.0402458
518.889	0.0249774
519.444	0.0056273
520	0.00834497
520.556	0.00208985
521.111	0.0263002
521.667	0.0530078
522.222	0.0265733
522.778	0.0286176
523.333	0.00598179
523.889	0.0147218
524.444	0.00582371
525	0.0315021
525.556	0.00953048
526.111	0.0363374
526.667	0.053878
527.222	0.00670654
527.778	0.02163
528.333	0.0331796
528.889	0.0331656
529.444	0.010353
530	0.0220134
530.556	0.0331886
531.111	0.0472691
531.667	0.0313296
532.222	0.00228006
532.778	0.0159787
533.333	0.0614807
533.889	0.00501882
534.444	0.0073456
535	0.00524213
535.556	0.00235957
536.111	0.00445316
536.667	0.000644846
537.222	0.0095525
537.778	0.0316788
538.333	0.0046974
538.889	0.0548286
539.444	0.0333488
540	0.0222396
540.556	0.0189595
541.111	0.00382886
541.667	0.0239407
542.222	0.0241765
542.778	0.0322787
543.333	0.046884
543.889	0.000224442
544.444	0.0121955
545	0.00702118
545.556	0.023789
546.111	0.0465531
546.667	0.0218322
547.222	0.00827306
547.778	0.012034
548.333	0.0131608
548.889	0.0326034
549.444	0.0139516
550	0.0318629
550.556	0.0031231
551.111	0.0702519
551.667	0.00381859
552.222	0.014273
552.778	0.0379414
553.333	0.0214698
553.889	0.0164442
554.444	0.00130446
555	0.0253715
555.556	0.0464412
556.111	0.0609278
556.667	0.018503
557.222	0.0380626
557.778	0.034924
558.333	0.0136115
558.889	0.0379109
559.444	0.00502129
560	0.0146459
560.556	0.00860335
561.111	0.00153195
561.667	0.0096023
562.222	0.0224106
562.778	0.0361559
563.333	0.00170011
563.889	0.0426302
564.444	0.0541024
565	0.0285206
565.556	0.00269379
566.111	0.0175863
566.667	0.0319584
567.222	0.010132
567.778	0.00925219
568.333	0.0171437
568.889	0.0177586
569.444	0.0217396
570	0.0120627
570.556	0.0528582
571.111	0.0284183
571.667	0.0238869
572.222	0.0194012
572.778	0.0124441
573.333	0.0363971
573.889	0.00929525
574.444	0.034886
575	0.0168066
575.556	0.0232147
576.111	0.00737099
576.667	0.0146117
577.222	0.0214701
577.778	0.0355466
578.333	0.035431
578.889	0.00233788
579.444	0.0117607
580	0.0109852
580.556	0.00928556
581.111	0.000378293
581.667	0.00838962
582.222	0.0132093
582.778	0.020062
583.333	0.0213727
583.889	0.0172416
584.444	0.00391198
585	0.0104586
585.556	0.0357556
586.111	0.0203382
586.667	0.0195704
587.222	0.0152659
587.778	0.0262379
588.333	0.00307951
588.889	0.0114263
589.444	0.0274536
590	0.0173048
590.556	0.00839582
591.111	0.00262592
591.667	0.0166131
592.222	0.00679014
592.778	0.00576706
593.333	0.0101724
593.889	0.0285651
594.444	0.00493199
595	0.00227819
595.556	0.0276486
596.111	0.0261997
596.667	0.0153551
597.222	0.0159353
597.778	0.0217875
598.333	0.0226538
598.889	0.00840711
599.444	0.0169447
600	0.0170662
600.556	0.0207984
601.111	0.0175629
601.667	0.0059933
602.222	0.0117786
602.778	0.00641564
603.333	0.00972855
603.889	0.0396696
604.444	0.0119818
605	0.0163785
605.556	0.0228071
606.111	0.0174687
606.667	0.0207247
607.222	0.016804
607.778	0.0242794
608.333	0.00606492
608.889	0.0111639
609.444	0.011083
610	0.0189872
610.556	0.0239979
611.111	0.0147644
611.667	0.0134758
612.222	0.0135888
612.778	0.00658855
613.333	0.0172596
613.889	0.0134459
614.444	7.10024e-05
615	0.0193134
615.556	0.00432101
616.111	0.00278886
616.667	0.022402
617.222	0.00485852
617.778	0.0227774
618.333	0.0160364
618.889	0.00291489
619.444	0.00441944
620	0.00942012
620.556	0.0199355
621.111	0.019916
621.667	0.00831084
622.222	0.0270467
622.778	0.0143681
623.333	0.0170591
623.889	0.0123754
624.444	0.0130164
625	0.0269438
625.556	0.00932899
626.111	0.00502141
626.667	0.00067013
627.222	0.00504073
627.778	0.0360827
628.333	0.0293852
628.889	0.0120982
629.444	0.0223304
630	0.00800554
630.556	0.00857268
631.111	0.0128563
631.667	0.00214531
632.222	0.0114202
632.778	0.00129695
633.333	0.00494773
633.889	0.00739646
634.444	0.00306353
635	0.0184448
635.556	0.0174257
636.111	0.026294
636.667	0.00180502
637.222	0.00374818
637.778	0.0154276
638.333	0.0315136
638.889	0.0119619
639.444	0.00777604
640	0.00294146
640.556	0.0258536
641.111	0.0188934
641.667	0.00423187
642.222	0.025895
642.778	0.00388605
643.333	0.0050007
643.889	0.00102683
644.444	0.0106213
645	0.0298013
645.556	0.00971819
646.111	0.000532513
646.667	0.00604209
647.222	0.00846668
647.778	0.0206782
648.333	0.022689
648.889	0.00862137
649.444	0.0261735
650	0.0116073
650.556	0.0009447
651.111	0.018724
651.667	0.0209017
652.222	0.0353374
652.778	0.00625991
653.333	0.00554266
653.889	0.000247148
654.444	0.0154551
655	0.0112914
655.556	0.0209728
656.111	0.0270033
656.667	0.012578
657.222	0.0195991
657.778	0.0105608
658.333	0.0163626
658.889	0.0133652
659.444	0.0182181
660	0.0237903
660.556	0.00674155
661.111	0.0202354
661.667	0.0153733
662.222	0.0154408
662.778	0.0138153
663.333	0.0117922
663.889	0.0117725
664.444	0.0252153
665	0.0252989
665.556	0.0192305
666.111	0.0123151
666.667	0.00736803
667.222	0.00795918
667.778	0.00189419
668.333	0.0448142
668.889	0.0154193
669.444	0.0225186
670	0.012324
670.556	0.00368546
671.111	0.00212487
671.667	0.0224552
672.222	0.0181134
672.778	0.017859
673.333	0.0146946
673.889	0.0189915
674.444	0.01204
675	0.0114342
675.556	0.0309774
676.111	0.0129848
676.667	0.00510609
677.222	0.00405648
677.778	0.00688435
678.333	0.00201094
678.889	0.00118569
679.444	0.0279139
680	0.00440088
680.556	0.00679233
681.111	0.0130792
681.667	0.0100312
682.222	0.00881183
682.778	0.0201632
683.333	0.00854886
683.889	0.000976273
684.444	0.00505492
685	0.0169154
685.556	0.0334487
686.111	0.00657056
686.667	0.0224092
687.222	0.0021314
687.778	0.00548419
688.333	0.0137121
688.889	0.0218871
689.444	0.00810669
690	0.00413226
690.556	0.00338691
691.111	0.00253588
691.667	0.00509266
692.222	0.0265416
692.778	0.0250865
693.333	0.00695549
693.889	0.00492198
694.444	0.00692849
695	0.0129654
695.556	0.0290365
696.111	0.0210705
696.667	0.030826
697.222	0.0105808
697.778	0.00584624
698.333	0.0160356
698.889	0.00580817
699.444	0.0255368
700	0.0248074
700.556	0.0112202
701.111	0.000301036
701.667	0.0192442
702.222	0.00822451
702.778	0.0251318
703.333	0.0101441
703.889	0.0134534
704.444	0.020799
705	8.39207e-07
705.556	0.0258554
706.111	0.00254942
706.667	0.021706
707.222	0.0102236
707.778	0.0129477
708.333	0.0097715
708.889	0.0189988
709.444	0.0345681
710	0.00954321
710.556	0.00770065
711.111	0.00651224
711.667	0.00357888
712.222	0.0171491
712.778	0.0362477
713.333	0.00179819
713.889	0.00168133
714.444	0.00421819
715	0.00728532
715.556	0.0137392
716.111	0.0209462
716.667	0.031088
717.222	0.00758599
717.778	0.0114656
718.333	0.00302731
718.889	0.0159008
719.444	0.0134432
720	0.0355696
720.556	0.00520025
721.111	0.00761674
721.667	0.00583183
722.222	0.00219152
722.778	0.0197306
723.333	0.00567567
723.889	0.0214026
724.444	0.00912969
725	0.0118569
725.556	0.0106174
726.111	0.016601
726.667	0.00436052
727.222	0.0103402
727.778	0.00485721
728.333	0.000895752
728.889	0.0116897
729.444	0.0167108
730	0.0214145
730.556	0.0151379
731.111	0.00911192
731.667	0.00134152
732.222	0.00624733
732.778	0.0295214
733.333	0.00800743
733.889	0.0105798
734.444	0.0130105
735	0.0159497
735.556	0.0125859
736.111	0.00609379
736.667	0.0189924
737.222	0.0111889
737.778	0.0173713
738.333	0.00066334
738.889	0.00730214
739.444	0.00370476
740	0.0354615
740.556	0.00760418
741.111	0.00636682
741.667	0.0115999
742.222	0.00110473
742.778	0.0282666
743.333	0.000154599
743.889	0.0310895
744.444	0.0123388
745	0.00746039
745.556	0.0057563
746.111	0.0151266
746.667	0.0124123
747.222	0.021188
747.778	0.00477185
748.333	0.00063676
748.889	0.0142135
749.444	0.00316041
750	0.037404
750.556	0.00571532
751.111	0.0139758
751.667	0.00229876
752.222	0.0109542
752.778	0.0136989
753.333	0.0104299
753.889	0.00912047
754.444	0.0130914
755	0.00207035
755.556	0.0100393
756.111	0.00634733
756.667	0.00737879
757.222	0.0357665
757.778	0.00395915
758.333	0.00326812
758.889	0.0087624
759.444	0.0018137
760	0.0231687
760.556	0.013036
761.111	0.0141565
761.667	0.00803477
762.222	0.00147882
762.778	0.0134794
763.333	0.0125596
763.889	0.00821895
764.444	0.0222833
765	0.00605986
765.556	0.0105533
766.111	0.0164948
766.667	0.00776827
767.222	0.0338479
767.778	0.0011817
768.333	0.0179625
768.889	0.00608374
769.444	0.00455356
770	0.0337521
770.556	0.00805262
771.111	0.0121551
771.667	0.00607908
772.222	0.000351194
772.778	0.00714629
773.333	0.0123635
773.889	0.0185769
774.444	0.020671
775	0.00293392
775.556	0.00223758
776.111	0.00454267
776.667	0.000848767
777.222	0.0305354
777.778	0.00937708
778.333	0.00571025
778.889	7.63293e-05
779.444	0.00610425
780	0.00974521
780.556	0.00593967
781.111	0.0195345
781.667	0.00968773
782.222	0.00882415
782.778	0.00784663
783.333	0.0127922
783.889	0.00881349
784.444	0.0260704
785	0.00279024
785.556	0.00340829
786.111	0.00508164
786.667	0.0108685
787.222	0.0227895
787.778	0.00390148
788.333	0.0268891
788.889	0.00470717
789.444	0.0129815
790	0.0121702
790.556	0.0158478
791.111	0.0103554
791.667	0.0155822
792.222	0.00443978
792.778	0.0100756
793.333	0.00500427
793.889	0.00450725
794.444	0.0310425
795	0.00209092
795.556	0.0144849
796.111	0.00281115
796.667	0.0102668
797.222	0.0151102
797.778	0.0142372
798.333	0.0160138
798.889	8.93613e-05
799.444	0.000255177
800	0.00910403
800.556	0.005248
801.111	0.0165803
801.667	0.03014
802.222	0.00117954
802.778	0.00242339
803.333	0.0124734
803.889	0.0042692
804.444	0.0243929
805	0.0142784
805.556	0.0147891
806.111	0.00576696
806.667	0.00921428
807.222	0.0252962
807.778	0.0116941
808.333	0.0168552
808.889	0.0138033
809.444	0.00399179
810	0.0071789
810.556	0.0217826
811.111	0.00924968
811.667	0.0249011
812.222	0.00879068
812.778	0.0013513
813.333	0.006512
813.889	0.00563066
814.444	0.032378
815	0.0128276
815.556	0.0106944
816.111	0.00845389
816.667	0.00735098
817.222	0.000782075
817.778	0.0135822
818.333	0.0234925
818.889	0.00837974
819.444	0.00127314
820	0.00142369
820.556	0.00524722
821.111	0.000775583
821.667	0.0336736
822.222	0.00981231
822.778	0.00101978
823.333	0.0012464
823.889	0.000254214
824.444	0.0151331
825	0.0124397
825.556	0.0230339
826.111	0.00391721
826.667	0.0153818
827.222	0.00711149
827.778	0.0176121
828.333	0.00906031
828.889	0.0276297
829.444	0.00389388
830	0.0147713
830.556	0.00317314
831.111	0.00647796
831.667	0.0246411
832.222	0.00511713
832.778	0.0117954
833.333	2.34004e-05
833.889	0.0130865
834.444	0.0222539
835	0.0172159
835.556	0.0155208
836.111	0.0082566
836.667	0.00276043
837.222	0.00573788
837.778	0.00536116
838.333	0.0176329
838.889	0.0277133
839.444	0.00352668
840	0.00109239
840.556	0.00981983
841.111	0.0129575
841.667	0.0265622
842.222	0.0181019
842.778	0.0124112
843.333	0.00135574
843.889	0.000759676
844.444	0.00475806
845	0.00492556
845.556	0.01767
846.111	0.0232047
846.667	0.00178768
847.222	0.00742823
847.778	0.0179754
848.333	0.00358587
848.889	0.0241015
849.444	0.0173581
850	0.00318622
850.556	0.00452164
851.111	0.00549341
851.667	0.0239627
852.222	0.00701435
852.778	0.0212715
853.333	0.0106864
853.889	0.00685622
854.444	0.00627886
855	0.0214587
855.556	0.013344
856.111	0.0186825
856.667	0.00894632
857.222	0.00151385
857.778	0.000884188
858.333	0.00144699
858.889	0.0335546
859.444	0.00807482
860	0.00174836
860.556	0.00915926
861.111	0.00664935
861.667	0.00816903
862.222	0.0151343
862.778	0.0241531
863.333	0.00330768
863.889	0.00815019
864.444	0.000331415
865	0.0110783
865.556	0.00605222
866.111	0.0315502
866.667	0.0086857
867.222	0.0111135
867.778	0.00903355
868.333	0.000765443
868.889	0.0208328
869.444	0.0126936
870	0.0214459
870.556	0.00415745
871.111	0.012259
871.667	0.0127361
872.222	0.0131556
872.778	0.0118871
873.333	0.0170047
873.889	0.00240878
874.444	0.0120173
875	0.010677
875.556	0.0105021
876.111	0.0257267
876.667	0.00458963
877.222	0.00971144
877.778	0.00332026
878.333	0.012158
878.889	0.0265703
879.444	0.0176206
880	0.0118417
880.556	0.0045563
881.111	0.00119248
881.667	0.00179146
882.222	0.00851271
882.778	0.0191505
883.333	0.017438
883.889	0.00371309
884.444	0.00462077
885	0.0122476
885.556	0.00496855
886.111	0.0259637
886.667	0.0227312
887.222	0.000743582
887.778	0.00353263
888.333	0.00431171
888.889	0.0134893
889.444	0.0108003
890	0.0226939
890.556	0.0119359
891.111	0.00682246
891.667	0.00336647
892.222	0.0168894
892.778	0.0059945
893.333	0.0199883
893.889	0.0159777
894.444	0.0108432
895	0.00281388
895.556	0.00524054
896.111	0.0303368
896.667	0.00713326
897.222	0.0105209
897.778	0.00987658
898.333	0.00708932
898.889	0.00449517
899.444	0.0215653
900	0.014615
900.556	0.00652722
901.111	0.00913085
901.667	0.00179213
902.222	0.00765896
902.778	0.00476907
903.333	0.0305082
903.889	0.00740872
904.444	0.00621228
905	0.00985232
905.556	0.0098821
906.111	0.0109217
906.667	0.0175821
907.222	0.0162117
907.778	0.00153298
908.333	0.0028488
908.889	0.00967791
909.444	0.0056438
910	0.0145184
910.556	0.0214803
911.111	0.00458489
911.667	0.0121549
912.222	0.0106961
912.778	0.00348992
913.333	0.0200499
913.889	0.0159611
914.444	0.00654414
915	0.00348232
915.556	0.0119605
916.111	0.0183764
916.667	0.0112834
917.222	0.0121291
917.778	0.0144683
918.333	0.000892911
918.889	0.0107865
919.444	0.0112543
920	0.016212
920.556	0.0150424
921.111	0.0072289
921.667	0.00388673
922.222	0.00706095
922.778	0.0108094
923.333	0.0288463
923.889	0.0159713
924.444	0.00154095
925	0.00818409
925.556	0.00134966
926.111	0.00236879
926.667	0.00986715
927.222	0.023336
927.778	0.00909151
928.333	0.0037434
928.889	0.0043211
929.444	0.0114805
930	0.00184836
930.556	0.0235076
931.111	0.0173988
931.667	0.00810882
932.222	0.00375475
932.778	0.00335395
933.333	0.0181413
933.889	0.00901855
934.444	0.0187805
935	0.00720878
935.556	0.014137
936.111	0.00597015
936.667	0.0196104
937.222	0.0151248
937.778	0.0150171
938.333	0.0132475
938.889	0.0137134
939.444	0.00291799
940	0.00647262
940.556	0.0258052
941.111	0.0111255
941.667	0.00302073
942.222	0.0103986
942.778	0.0137191
943.333	0.0114989
943.889	0.0230639
944.444	0.010935
945	0.0040727
945.556	0.00444481
946.111	0.000783794
946.667	0.00579832
947.222	0.0142538
947.778	0.0216907
948.333	0.00488107
948.889	0.00729383
949.444	0.0131856
950	0.00834227
950.556	0.0158689
951.111	0.0221846
951.667	0.00947839
952.222	0.0011528
952.778	0.00515626
953.333	0.0120558
953.889	0.00746953
954.444	0.014739
955	0.014888
955.556	0.00152741
956.111	0.0124082
956.667	0.0149415
957.222	0.0096738
957.778	0.0104821
958.333	0.0171862
958.889	0.000214175
959.444	0.000824041
960	0.00687415
960.556	0.0293528
961.111	0.0127875
961.667	0.00721384
962.222	0.0121891
962.778	0.00555783
963.333	0.00450729
963.889	0.0146366
964.444	0.0223572
965	0.0101776
965.556	0.00723798
966.111	0.000471536
966.667	0.00448924
967.222	0.00352259
967.778	0.0280984
968.333	0.0188572
968.889	0.00669541
969.444	0.0105812
970	0.00554323
970.556	0.00983777
971.111	0.0141495
971.667	0.0232638
972.222	0.00867557
972.778	0.00759956
973.333	0.000896259
973.889	0.00816233
974.444	0.010989
975	0.0216067
975.556	0.0183
976.111	0.0177125
976.667	0.00502679
977.222	0.00221921
977.778	0.0191403
978.333	0.0143262
978.889	0.0118496
979.444	0.00722917
980	0.0190269
980.556	0.010792
981.111	0.0171179
981.667	0.0118383
982.222	0.0113614
982.778	0.0102426
983.333	0.0126561
983.889	0.00876389
984.444	0.0153805
985	0.0186997
985.556	0.0112173
986.111	0.00371029
986.667	0.0101243
987.222	0.0132195
987.778	0.0174385
988.333	0.0236237
988.889	0.00906049
989.444	0.00574343
990	0.000917857
990.556	0.00250022
991.111	0.00611671
991.667	0.0205856
992.222	0.0187745
992.778	0.00190592
993.333	0.0133961
993.889	0.013796
994.444	0.000691942
995	0.0167057
995.556	0.0246064
996.111	0.00127127
996.667	0.00127619
997.222	0.00715422
997.778	0.0177779
998.333	0.00906576
998.889	0.0174339
999.444	0.0154155
1000	0.00683316
1000.56	0.00683316
1001.11	0.0154155
1001.67	0.0174339
1002.22	0.00906576
1002.78	0.0177779
1003.33	0.00715422
1003.89	0.00127619
1004.44	0.00127127
1005	0.0246064
1005.56	0.0167057
1006.11	0.000691942
1006.67	0.013796
1007.22	0.0133961
1007.78	0.00190592
1008.33	0.0187745
1008.89	0.0205856
1009.44	0.00611671
1010	0.00250022
1010.56	0.000917857
1011.11	0.00574343
1011.67	0.00906049
1012.22	0.0236237
1012.78	0.0174385
1013.33	0.0132195
1013.89	0.0101243
1014.44	0.00371029
1015	0.0112173
1015.56	0.0186997
1016.11	0.0153805
1016.67	0.00876389
1017.22	0.0126561
1017.78	0.0102426
1018.33	0.0113614
1018.89	0.0118383
1019.44	0.0171179
1020	0.010792
1020.56	0.0190269
1021.11	0.00722917
1021.67	0.0118496
1022.22	0.0143262
1022.78	0.0191403
1023.33	0.00221921
1023.89	0.00502679
1024.44	0.0177125
1025	0.0183
1025.56	0.0216067
1026.11	0.010989
1026.67	0.00816233
1027.22	0.000896259
1027.78	0.00759956
1028.33	0.00867557
1028.89	0.0232638
1029.44	0.0141495
1030	0.00983777
1030.56	0.00554323
1031.11	0.0105812
1031.67	0.00669541
1032.22	0.0188572
1032.78	0.0280984
1033.33	0.00352259
1033.89	0.00448924
1034.44	0.000471536
1035	0.00723798
1035.56	0.0101776
1036.11	0.0223572
1036.67	0.0146366
1037.22	0.00450729
1037.78	0.00555783
1038.33	0.0121891
1038.89	0.00721384
1039.44	0.0127875
1040	0.0293528
1040.56	0.00687415
1041.11	0.000824041
1041.67	0.000214175
1042.22	0.0171862
1042.78	0.0104821
1043.33	0.0096738
1043.89	0.0149415
1044.44	0.0124082
1045	0.00152741
1045.56	0.014888
1046.11	0.014739
1046.67	0.00746953
1047.22	0.0120558
1047.78	0.00515626
1048.33	0.0011528
1048.89	0.00947839
1049.44	0.0221846
1050	0.0158689
1050.56	0.00834227
1051.11	0.0131856
1051.67	0.00729383
1052.22	0.00488107
1052.78	0.0216907
1053.33	0.0142538
1053.89	0.00579832
1054.44	0.000783794
1055	0.00444481
1055.56	0.0040727
1056.11	0.010935
1056.67	0.0230639
1057.22	0.0114989
1057.78	0.0137191
1058.33	0.0103986
1058.89	0.00302073
1059.44	0.0111255
1060	0.0258052
1060.56	0.00647262
1061.11	0.00291799
1061.67	0.0137134
1062.22	0.0132475
1062.78	0.0150171
1063.33	0.0151248
1063.89	0.0196104
1064.44	0.00597015
1065	0.014137
1065.56	0.00720878
1066.11	0.0187805
1066.67	0.00901855
1067.22	0.0181413
1067.78	0.00335395
1068.33	0.00375475
1068.89	0.00810882
1069.44	0.0173988
1070	0.0235076
1070.56	0.00184836
1071.11	0.0114805
1071.67	0.0043211
1072.22	0.0037434
1072.78	0.00909151
1073.33	0.023336
1073.89	0.00986715
1074.44	0.00236879
1075	0.00134966
1075.56	0.00818409
1076.11	0.00154095
1076.67	0.0159713
1077.22	0.0288463
1077.78	0.0108094
1078.33	0.00706095
1078.89	0.00388673
1079.44	0.0072289
1080	0.0150424
1080.56	0.016212
1081.11	0.0112543
1081.67	0.0107865
1082.22	0.000892911
1082.78	0.0144683
1083.33	0.0121291
1083.89	0.0112834
1084.44	0.0183764
1085	0.0119605
1085.56	0.00348232
1086.11	0.00654414
1086.67	0.0159611
1087.22	0.0200499
1087.78	0.00348992
1088.33	0.0106961
1088.89	0.0121549
1089.44	0.00458489
1090	0.0214803
1090.56	0.0145184
1091.11	0.0056438
1091.67	0.00967791
1092.22	0.0028488
1092.78	0.00153298
1093.33	0.0162117
1093.89	0.0175821
1094.44	0.0109217
1095	0.0098821
1095.56	0.00985232
1096.11	0.00621228
1096.67	0.00740872
1097.22	0.0305082
1097.78	0.00476907
1098.33	0.00765896
1098.89	0.00179213
1099.44	0.00913085
1100	0.00652722
1100.56	0.014615
1101.11	0.0215653
1101.67	0.00449517
1102.22	0.00708932
1102.78	0.00987658
1103.33	0.0105209
1103.89	0.00713326
1104.44	0.0303368
1105	0.00524054
1105.56	0.00281388
1106.11	0.0108432
1106.67	0.0159777
1107.22	0.0199883
1107.78	0.0059945
1108.33	0.0168894
1108.89	0.00336647
1109.44	0.00682246
1110	0.0119359
1110.56	0.0226939
1111.11	0.0108003
1111.67	0.0134893
1112.22	0.00431171
1112.78	0.00353263
1113.33	0.000743582
1113.89	0.0227312
1114.44	0.0259637
1115	0.00496855
1115.56	0.0122476
1116.11	0.00462077
1116.67	0.00371309
1117.22	0.017438
1117.78	0.0191505
1118.33	0.00851271
1118.89	0.00179146
1119.44	0.00119248
1120	0.0045563
1120.56	0.0118417
1121.11	0.0176206
1121.67	0.0265703
1122.22	0.012158
1122.78	0.00332026
1123.33	0.00971144
1123.89	0.00458963
1124.44	0.0257267
1125	0.0105021
1125.56	0.010677
1126.11	0.0120173
1126.67	0.00240878
1127.22	0.0170047
1127.78	0.0118871
1128.33	0.0131556
1128.89	0.0127361
1129.44	0.012259
1130	0.00415745
1130.56	0.0214459
1131.11	0.0126936
1131.67	0.0208328
1132.22	0.000765443
1132.78	0.00903355
1133.33	0.0111135
1133.89	0.0086857
1134.44	0.0315502
1135	0.00605222
1135.56	0.0110783
1136.11	0.000331415
1136.67	0.00815019
1137.22	0.00330768
1137.78	0.0241531
1138.33	0.0151343
1138.89	0.00816903
1139.44	0.00664935
1140	0.00915926
1140.56	0.00174836
1141.11	0.00807482
1141.67	0.0335546
1142.22	0.00144699
1142.78	0.000884188
1143.33	0.00151385
1143.89	0.00894632
1144.44	0.0186825
1145	0.013344
1145.56	0.0214587
1146.11	0.00627886
1146.67	0.00685622
1147.22	0.0106864
1147.78	0.0212715
1148.33	0.00701435
1148.89	0.0239627
1149.44	0.00549341
1150	0.00452164
1150.56	0.00318622
1151.11	0.0173581
1151.67	0.0241015
1152.22	0.00358587
1152.78	0.0179754
1153.33	0.00742823
1153.89	0.00178768
1154.44	0.0232047
1155	0.01767
1155.56	0.00492556
1156.11	0.00475806
1156.67	0.000759676
1157.22	0.00135574
1157.78	0.0124112
1158.33	0.0181019
1158.89	0.0265622
1159.44	0.0129575
1160	0.00981983
1160.56	0.00109239
1161.11	0.00352668
1161.67	0.0277133
1162.22	0.0176329
1162.78	0.00536116
1163.33	0.00573788
1163.89	0.00276043
1164.44	0.0082566
1165	0.0155208
1165.56	0.0172159
1166.11	0.0222539
1166.67	0.0130865
1167.22	2.34004e-05
1167.78	0.0117954
1168.33	0.00511713
1168.89	0.0246411
1169.44	0.00647796
1170	0.00317314
1170.56	0.0147713
1171.11	0.00389388
1171.67	0.0276297
1172.22	0.00906031
1172.78	0.0176121
1173.33	0.00711149
1173.89	0.0153818
1174.44	0.00391721
1175	0.0230339
1175.56	0.0124397
1176.11	0.0151331
1176.67	0.000254214
1177.22	0.0012464
1177.78	0.00101978
1178.33	0.00981231
1178.89	0.0336736
1179.44	0.000775583
1180	0.00524722
1180.56	0.00142369
1181.11	0.00127314
1181.67	0.00837974
1182.22	0.0234925
1182.78	0.0135822
1183.33	0.000782075
1183.89	0.00735098
1184.44	0.00845389
1185	0.0106944
1185.56	0.0128276
1186.11	0.032378
1186.67	0.00563066
1187.22	0.006512
1187.78	0.0013513
1188.33	0.00879068
1188.89	0.0249011
1189.44	0.00924968
1190	0.0217826
1190.56	0.0071789
1191.11	0.00399179
1191.67	0.0138033
1192.22	0.0168552
1192.78	0.0116941
1193.33	0.0252962
1193.89	0.00921428
1194.44	0.00576696
1195	0.0147891
1195.56	0.0142784
1196.11	0.0243929
1196.67	0.0042692
1197.22	0.0124734
1197.78	0.00242339
1198.33	0.00117954
1198.89	0.03014
1199.44	0.0165803
1200	0.005248
1200.56	0.00910403
1201.11	0.000255177
1201.67	8.93613e-05
1202.22	0.0160138
1202.78	0.0142372
1203.33	0.0151102
1203.89	0.0102668
1204.44	0.00281115
1205	0.0144849
1205.56	0.00209092
1206.11	0.0310425
1206.67	0.00450725
1207.22	0.00500427
1207.78	0.0100756
1208.33	0.00443978
1208.89	0.0155822
1209.44	0.0103554
1210	0.0158478
1210.56	0.0121702
1211.11	0.0129815
1211.67	0.00470717
1212.22	0.0268891
1212.78	0.00390148
1213.33	0.0227895
1213.89	0.0108685
1214.44	0.00508164
1215	0.00340829
1215.56	0.00279024
1216.11	0.0260704
1216.67	0.00881349
1217.22	0.0127922
1217.78	0.00784663
1218.33	0.00882415
1218.89	0.00968773
1219.44	0.0195345
1220	0.00593967
1220.56	0.00974521
1221.11	0.00610425
1221.67	7.63293e-05
1222.22	0.00571025
1222.78	0.00937708
1223.33	0.0305354
1223.89	0.000848767
1224.44	0.00454267
1225	0.00223758
1225.56	0.00293392
1226.11	0.020671
1226.67	0.0185769
1227.22	0.0123635
1227.78	0.00714629
1228.33	0.000351194
1228.89	0.00607908
1229.44	0.0121551
1230	0.00805262
1230.56	0.0337521
1231.11	0.00455356
1231.67	0.00608374
1232.22	0.0179625
1232.78	0.0011817
1233.33	0.0338479
1233.89	0.00776827
1234.44	0.0164948
1235	0.0105533
1235.56	0.00605986
1236.11	0.0222833
1236.67	0.00821895
1237.22	0.0125596
1237.78	0.0134794
1238.33	0.00147882
1238.89	0.00803477
1239.44	0.0141565
1240	0.013036
1240.56	0.0231687
1241.11	0.0018137
1241.67	0.0087624
1242.22	0.00326812
1242.78	0.00395915
1243.33	0.0357665
1243.89	0.00737879
1244.44	0.00634733
1245	0.0100393
1245.56	0.00207035
1246.11	0.0130914
1246.67	0.00912047
1247.22	0.0104299
1247.78	0.0136989
1248.33	0.0109542
1248.89	0.00229876
1249.44	0.0139758
1250	0.00571532
1250.56	0.037404
1251.11	0.00316041
1251.67	0.0142135
1252.22	0.00063676
1252.78	0.00477185
1253.33	0.021188
1253.89	0.0124123
1254.44	0.0151266
1255	0.0057563
1255.56	0.00746039
1256.11	0.0123388
1256.67	0.0310895
1257.22	0.000154599
1257.78	0.0282666
1258.33	0.00110473
1258.89	0.0115999
1259.44	0.00636682
1260	0.00760418
1260.56	0.0354615
1261.11	0.00370476
1261.67	0.00730214
1262.22	0.00066334
1262.78	0.0173713
1263.33	0.0111889
1263.89	0.0189924
1264.44	0.00609379
1265	0.0125859
1265.56	0.0159497
1266.11	0.0130105
1266.67	0.0105798
1267.22	0.00800743
1267.78	0.0295214
1268.33	0.00624733
1268.89	0.00134152
1269.44	0.00911192
1270	0.0151379
1270.56	0.0214145
1271.11	0.0167108
1271.67	0.0116897
1272.22	0.000895752
1272.78	0.00485721
1273.33	0.0103402
1273.89	0.00436052
1274.44	0.016601
1275	0.0106174
1275.56	0.0118569
1276.11	0.00912969
1276.67	0.0214026
1277.22	0.00567567
1277.78	0.0197306
1278.33	0.00219152
1278.89	0.00583183
1279.44	0.00761674
1280	0.00520025
1280.56	0.0355696
1281.11	0.0134432
1281.67	0.0159008
1282.22	0.00302731
1282.78	0.0114656
1283.33	0.00758599
1283.89	0.031088
1284.44	0.0209462
1285	0.0137392
1285.56	0.00728532
1286.11	0.00421819
1286.67	0.00168133
1287.22	0.00179819
1287.78	0.0362477
1288.33	0.0171491
1288.89	0.00357888
1289.44	0.00651224
1290	0.00770065
1290.56	0.00954321
1291.11	0.0345681
1291.67	0.0189988
1292.22	0.0097715
1292.78	0.0129477
1293.33	0.0102236
1293.89	0.021706
1294.44	0.00254942
1295	0.0258554
1295.56	8.39207e-07
1296.11	0.020799
1296.67	0.0134534
1297.22	0.0101441
1297.78	0.0251318
1298.33	0.00822451
1298.89	0.0192442
1299.44	0.000301036
1300	0.0112202
1300.56	0.0248074
1301.11	0.0255368
1301.67	0.00580817
1302.22	0.0160356
1302.78	0.00584624
1303.33	0.0105808
1303.89	0.030826
1304.44	0.0210705
1305	0.0290365
1305.56	0.0129654
1306.11	0.00692849
1306.67	0.00492198
1307.22	0.00695549
1307.78	0.0250865
1308.33	0.0265416
1308.89	0.00509266
1309.44	0.00253588
1310	0.00338691
1310.56	0.00413226
1311.11	0.00810669
1311.67	0.0218871
1312.22	0.0137121
1312.78	0.00548419
1313.33	0.0021314
1313.89	0.0224092
1314.44	0.00657056
1315	0.0334487
1315.56	0.0169154
1316.11	0.00505492
1316.67	0.000976273
1317.22	0.00854886
1317.78	0.0201632
1318.33	0.00881183
1318.89	0.0100312
1319.44	0.0130792
1320	0.00679233
1320.56	0.00440088
1321.11	0.0279139
1321.67	0.00118569
1322.22	0.00201094
1322.78	0.00688435
1323.33	0.00405648
1323.89	0.00510609
1324.44	0.0129848
1325	0.0309774
1325.56	0.0114342
1326.11	0.01204
1326.67	0.0189915
1327.22	0.0146946
1327.78	0.017859
1328.33	0.0181134
1328.89	0.0224552
1329.44	0.00212487
1330	0.00368546
1330.56	0.012324
1331.11	0.0225186
1331.67	0.0154193
1332.22	0.0448142
1332.78	0.00189419
1333.33	0.00795918
1333.89	0.00736803
1334.44	0.0123151
1335	0.0192305
1335.56	0.0252989
1336.11	0.0252153
1336.67	0.0117725
1337.22	0.0117922
1337.78	0.0138153
1338.33	0.0154408
1338.89	0.0153733
1339.44	0.0202354
1340	0.00674155
1340.56	0.0237903
1341.11	0.0182181
1341.67	0.0133652
1342.22	0.0163626
1342.78	0.0105608
1343.33	0.0195991
1343.89	0.012578
1344.44	0.0270033
1345	0.0209728
1345.56	0.0112914
1346.11	0.0154551
1346.67	0.000247148
1347.22	0.00554266
1347.78	0.00625991
1348.33	0.0353374
1348.89	0.0209017
1349.44	0.018724
1350	0.0009447
1350.56	0.0116073
1351.11	0.0261735
1351.67	0.00862137
1352.22	0.022689
1352.78	0.0206782
1353.33	0.00846668
1353.89	0.00604209
1354.44	0.000532513
1355	0.00971819
1355.56	0.0298013
1356.11	0.0106213
1356.67	0.00102683
1357.22	0.0050007
1357.78	0.00388605
1358.33	0.025895
1358.89	0.00423187
1359.44	0.0188934
1360	0.0258536
1360.56	0.00294146
1361.11	0.00777604
1361.67	0.0119619
1362.22	0.0315136
1362.78	0.0154276
1363.33	0.00374818
1363.89	0.00180502
1364.44	0.026294
1365	0.0174257
1365.56	0.0184448
1366.11	0.00306353
1366.67	0.00739646
1367.22	0.00494773
1367.78	0.00129695
1368.33	0.0114202
1368.89	0.00214531
1369.44	0.0128563
1370	0.00857268
1370.56	0.00800554
1371.11	0.0223304
1371.67	0.0120982
1372.22	0.0293852
1372.78	0.0360827
1373.33	0.00504073
1373.89	0.00067013
1374.44	0.00502141
1375	0.00932899
1375.56	0.0269438
1376.11	0.0130164
1376.67	0.0123754
1377.22	0.0170591
1377.78	0.0143681
1378.33	0.0270467
1378.89	0.00831084
1379.44	0.019916
1380	0.0199355
1380.56	0.00942012
1381.11	0.00441944
1381.67	0.00291489
1382.22	0.0160364
1382.78	0.0227774
1383.33	0.00485852
1383.89	0.022402
1384.44	0.00278886
1385	0.00432101
1385.56	0.0193134
1386.11	7.10024e-05
1386.67	0.0134459
1387.22	0.0172596
1387.78	0.00658855
1388.33	0.0135888
1388.89	0.0134758
1389.44	0.0147644
1390	0.0239979
1390.56	0.0189872
1391.11	0.011083
1391.67	0.0111639
1392.22	0.00606492
1392.78	0.0242794
1393.33	0.016804
1393.89	0.0207247
1394.44	0.0174687
1395	0.0228071
1395.56	0.0163785
1396.11	0.0119818
1396.67	0.0396696
1397.22	0.00972855
1397.78	0.00641564
1398.33	0.0117786
1398.89	0.0059933
1399.44	0.0175629
1400	0.0207984
1400.56	0.0170662
1401.11	0.0169447
1401.67	0.00840711
1402.22	0.0226538
1402.78	0.0217875
1403.33	0.0159353
1403.89	0.0153551
1404.44	0.0261997
1405	0.0276486
1405.56	0.00227819
1406.11	0.00493199
1406.67	0.0285651
1407.22	0.0101724
1407.78	0.00576706
1408.33	0.00679014
1408.89	0.0166131
1409.44	0.00262592
1410	0.00839582
1410.56	0.0173048
1411.11	0.0274536
1411.67	0.0114263
1412.22	0.00307951
1412.78	0.0262379
1413.33	0.0152659
1413.89	0.0195704
1414.44	0.0203382
1415	0.0357556
1415.56	0.0104586
1416.11	0.00391198
1416.67	0.0172416
1417.22	0.0213727
1417.78	0.020062
1418.33	0.0132093
1418.89	0.00838962
1419.44	0.000378293
1420	0.00928556
1420.56	0.0109852
1421.11	0.0117607
1421.67	0.00233788
1422.22	0.035431
1422.78	0.0355466
1423.33	0.0214701
1423.89	0.0146117
1424.44	0.00737099
1425	0.0232147
1425.56	0.0168066
1426.11	0.034886
1426.67	0.00929525
1427.22	0.0363971
1427.78	0.0124441
1428.33	0.0194012
1428.89	0.0238869
1429.44	0.0284183
1430	0.0528582
1430.56	0.0120627
1431.11	0.0217396
1431.67	0.0177586
1432.22	0.0171437
1432.78	0.00925219
1433.33	0.010132
1433.89	0.0319584
1434.44	0.0175863
1435	0.00269379
1435.56	0.0285206
1436.11	0.0541024
1436.67	0.0426302
1437.22	0.00170011
1437.78	0.0361559
1438.33	0.0224106
1438.89	0.0096023
1439.44	0.00153195
1440	0.00860335
1440.56	0.0146459
1441.11	0.00502129
1441.67	0.0379109
1442.22	0.0136115
1442.78	0.034924
1443.33	0.0380626
1443.89	0.018503
1444.44	0.0609278
1445	0.0464412
1445.56	0.0253715
1446.11	0.00130446
1446.67	0.0164442
1447.22	0.0214698
1447.78	0.0379414
1448.33	0.014273
1448.89	0.00381859
1449.44	0.0702519
1450	0.0031231
1450.56	0.0318629
1451.11	0.0139516
1451.67	0.0326034
1452.22	0.0131608
1452.78	0.012034
1453.33	0.00827306
1453.89	0.0218322
1454.44	0.0465531
1455	0.023789
1455.56	0.00702118
1456.11	0.0121955
1456.67	0.000224442
1457.22	0.046884
1457.78	0.0322787
1458.33	0.0241765
1458.89	0.0239407
1459.44	0.00382886
1460	0.0189595
1460.56	0.0222396
1461.11	0.0333488
1461.67	0.0548286
1462.22	0.0046974
1462.78	0.0316788
1463.33	0.0095525
1463.89	0.000644846
1464.44	0.00445316
1465	0.00235957
1465.56	0.00524213
1466.11	0.0073456
1466.67	0.00501882
1467.22	0.0614807
1467.78	0.0159787
1468.33	0.00228006
1468.89	0.0313296
1469.44	0.0472691
1470	0.0331886
1470.56	0.0220134
1471.11	0.010353
1471.67	0.0331656
1472.22	0.0331796
1472.78	0.02163
1473.33	0.00670654
1473.89	0.053878
1474.44	0.0363374
1475	0.00953048
1475.56	0.0315021
1476.11	0.00582371
1476.67	0.0147218
1477.22	0.00598179
1477.78	0.0286176
1478.33	0.0265733
1478.89	0.0530078
1479.44	0.0263002
1480	0.00208985
1480.56	0.00834497
1481.11	0.0056273
1481.67	0.0249774
1482.22	0.0402458
1482.78	0.0113437
1483.33	0.029242
1483.89	0.044008
1484.44	0.00178323
1485	0.0323165
1485.56	0.00222663
1486.11	0.0571118
1486.67	0.00850901
1487.22	0.0121239
1487.78	0.0240833
1488.33	0.0081333
1488.89	0.00972548
1489.44	0.036688
1490	0.0111495
1490.56	0.0407624
1491.11	0.0206991
1491.67	0.0709404
1492.22	0.0187846
1492.78	0.007698
1493.33	0.0110967
1493.89	0.0608309
1494.44	0.0543503
1495	0.00013769
1495.56	0.0564664
1496.11	0.0627289
1496.67	0.0805507
1497.22	0.0374461
1497.78	0.00970536
1498.33	0.0445137
1498.89	0.0220188
1499.44	0.0242354
1500	0.0486709
1500.56	0.0118986
1501.11	0.00192675
1501.67	0.0369102
1502.22	0.0738759
1502.78	0.0196182
1503.33	0.0228451
1503.89	0.0112205
1504.44	0.0716961
1505	0.000436715
1505.56	0.0392903
1506.11	0.00860213
1506.67	0.0210287
1507.22	0.00690155
1507.78	0.0477553
1508.33	0.0512287
1508.89	0.0068881
1509.44	0.00601014
1510	0.0169719
1510.56	0.00276845
1511.11	0.01916
1511.67	0.0597287
1512.22	0.0477282
1512.78	0.0290684
1513.33	0.0071921
1513.89	0.00275526
1514.44	0.0188485
1515	0.0583596
1515.56	0.0200172
1516.11	0.0307444
1516.67	0.0473186
1517.22	0.00160032
1517.78	0.030303
1518.33	0.0139093
1518.89	0.00632565
1519.44	0.0571233
1520	0.0230961
1520.56	0.0196933
1521.11	0.0506875
1521.67	0.00438937
1522.22	0.0665392
1522.78	0.104904
1523.33	0.00385415
1523.89	0.00017316
1524.44	0.00845555
1525	0.0417038
1525.56	0.0621313
1526.11	0.0654386
1526.67	0.0353126
1527.22	0.0357636
1527.78	0.061873
1528.33	0.0205832
1528.89	0.00697865
1529.44	0.0371486
1530	0.0437306
1530.56	0.0381371
1531.11	0.035125
1531.67	0.0530522
1532.22	0.0279953
1532.78	0.016793
1533.33	0.0445194
1533.89	0.00637848
1534.44	0.0567931
1535	0.053887
1535.56	0.0557868
1536.11	0.0873721
1536.67	0.0566656
1537.22	0.0526357
1537.78	0.00524394
1538.33	0.0143719
1538.89	0.0269849
1539.44	0.00295649
1540	0.0137744
1540.56	0.0307169
1541.11	0.00657768
1541.67	0.0334193
1542.22	0.0421642
1542.78	0.0643751
1543.33	0.0233642
1543.89	0.0379888
1544.44	0.013145
1545	0.0174376
1545.56	0.0147061
1546.11	0.0382735
1546.67	0.0645441
1547.22	0.00663399
1547.78	0.0306954
1548.33	0.0533498
1548.89	0.0098316
1549.44	0.0773578
1550	0.00154974
1550.56	0.0666035
1551.11	0.0554589
1551.67	0.0412461
1552.22	0.0483653
1552.78	0.0212358
1553.33	0.0233173
1553.89	0.0369711
1554.44	0.0219248
1555	0.0663752
1555.56	0.0688224
1556.11	0.10785
1556.67	0.112047
1557.22	0.0587386
1557.78	0.0828754
1558.33	0.0863916
1558.89	0.00365879
1559.44	0.00134618
1560	0.00723361
1560.56	0.0164424
1561.11	0.0235283
1561.67	0.0356072
1562.22	0.000976626
1562.78	0.00568374
1563.33	0.0462577
1563.89	0.0799568
1564.44	0.00939333
1565	0.0140082
1565.56	0.025633
1566.11	0.0679222
1566.67	0.121798
1567.22	0.142457
1567.78	0.00631603
1568.33	0.00219824
1568.89	0.0221429
1569.44	0.0769115
1570	0.00276707
1570.56	0.0936512
1571.11	0.119935
1571.67	0.0501588
1572.22	0.0151888
1572.78	0.0156014
1573.33	0.0348062
1573.89	0.0284514
1574.44	0.0268781
1575	0.10263
1575.56	0.0936156
1576.11	0.0417162
1576.67	0.0579976
1577.22	0.12842
1577.78	0.0432561
1578.33	0.0696221
1578.89	0.0683844
1579.44	0.0311614
1580	0.0314495
1580.56	0.0050089
1581.11	0.172221
1581.67	0.00545437
1582.22	0.0445255
1582.78	0.132047
1583.33	0.0417582
1583.89	0.0312662
1584.44	0.0615689
1585	0.00257499
1585.56	0.14583
1586.11	0.0213491
1586.67	0.0417668
1587.22	0.00174246
1587.78	0.0931833
1588.33	0.0766699
1588.89	0.0553336
1589.44	0.042324
1590	0.13066
1590.56	0.0150563
1591.11	0.00374406
1591.67	0.0292474
1592.22	0.0109453
1592.78	0.0488369
1593.33	0.019591
1593.89	0.0131722
1594.44	0.10727
1595	0.220991
1595.56	0.0136068
1596.11	0.00651607
1596.67	0.120283
1597.22	0.0437192
1597.78	0.146118
1598.33	0.00375623
1598.89	0.0376463
1599.44	0.0700948
1600	0.0835232
1600.56	0.192075
1601.11	0.0987531
1601.67	0.197085
1602.22	0.0348211
1602.78	0.143303
1603.33	0.0525824
1603.89	0.0233916
1604.44	0.0623291
1605	0.155066
1605.56	0.0684728
1606.11	0.0496647
1606.67	0.0889777
1607.22	0.0154291
1607.78	0.126159
1608.33	0.130816
1608.89	0.0971107
1609.44	0.0203163
1610	0.0364259
1610.56	0.0524286
1611.11	0.010552
1611.67	0.0847299
1612.22	0.0584346
1612.78	0.153069
1613.33	0.21962
1613.89	0.0981213
1614.44	0.0612674
1615	0.146683
1615.56	0.00456635
1616.11	0.139795
1616.67	0.0142623
1617.22	0.151755
1617.78	0.0405471
1618.33	0.115484
1618.89	0.00878536
1619.44	0.0417179
1620	0.0162707
1620.56	0.0811387
1621.11	0.259515
1621.67	0.210415
1622.22	0.0709684
1622.78	0.0339879
1623.33	0.0730748
1623.89	0.0986221
1624.44	0.049369
1625	0.0126671
1625.56	0.0285004
1626.11	0.166667
1626.67	0.0583773
1627.22	0.177913
1627.78	0.0317555
1628.33	0.27781
1628.89	0.0907546
1629.44	0.061938
1630	0.14115
1630.56	0.0979723
1631.11	0.0380202
1631.67	0.0781676
1632.22	0.08048
1632.78	0.0525276
1633.33	0.0116114
1633.89	0.0758842
1634.44	0.0667255
1635	0.0831287
1635.56	0.0218967
1636.11	0.21211
1636.67	0.0740963
1637.22	0.195206
1637.78	0.168367
1638.33	0.00964838
1638.89	0.0616833
1639.44	0.013331
1640	0.343542
1640.56	0.101006
1641.11	0.075893
1641.67	0.024389
1642.22	0.101519
1642.78	0.147041
1643.33	0.103875
1643.89	0.05708
1644.44	0.18163
1645	0.238568
1645.56	0.0287546
1646.11	0.257703
1646.67	0.116962
1647.22	0.0822667
1647.78	0.131385
1648.33	0.0855717
1648.89	0.0344475
1649.44	0.165928
1650	0.0615928
1650.56	0.000407242
1651.11	0.127011
1651.67	0.142743
1652.22	0.144573
1652.78	0.108264
1653.33	0.132234
1653.89	0.0452696
1654.44	0.0302506
1655	0.0358144
1655.56	0.269087
1656.11	0.0212577
1656.67	0.0749413
1657.22	0.177409
1657.78	0.0905955
1658.33	0.101204
1658.89	0.0274525
1659.44	0.0435399
1660	0.128542
1660.56	0.021669
1661.11	0.204874
1661.67	0.166041
1662.22	0.043722
1662.78	0.0808618
1663.33	0.0411081
1663.89	0.383447
1664.44	0.184899
1665	0.020387
1665.56	0.0232089
1666.11	0.211529
1666.67	0.274179
1667.22	0.215348
1667.78	0.0890367
1668.33	0.213722
1668.89	0.0359411
1669.44	0.144278
1670	0.00554104
1670.56	0.0972157
1671.11	0.18444
1671.67	0.0134449
1672.22	0.164151
1672.78	0.0912061
1673.33	0.0855973
1673.89	0.047465
1674.44	0.253377
1675	0.0652341
1675.56	0.219457
1676.11	0.102666
1676.67	0.0370728
1677.22	0.141715
1677.78	0.175723
1678.33	0.0113313
1678.89	0.235439
1679.44	0.123484
1680	0.0153265
1680.56	0.0931906
1681.11	0.134213
1681.67	0.228126
1682.22	0.149603
1682.78	0.258107
1683.33	0.163826
1683.89	0.109826
1684.44	0.103006
1685	0.143805
1685.56	0.0346935
1686.11	0.223319
1686.67	0.341247
1687.22	0.0545742
1687.78	0.0317591
1688.33	0.045339
1688.89	0.267008
1689.44	0.169455
1690	0.14535
1690.56	0.0196273
1691.11	0.344587
1691.67	0.0855105
1692.22	0.105166
1692.78	0.145245
1693.33	0.290592
1693.89	0.351381
1694.44	0.0539613
1695	0.0441808
1695.56	0.33863
1696.11	0.107219
1696.67	0.0790137
1697.22	0.343341
1697.78	0.188019
1698.33	0.244915
1698.89	0.0795466
1699.44	0.0121046
1700	0.159232
1700.56	0.460338
1701.11	0.101552
1701.67	0.129848
1702.22	0.309951
1702.78	0.231049
1703.33	0.402288
1703.89	0.100523
1704.44	0.243479
1705	0.233033
1705.56	0.0353253
1706.11	0.150101
1706.67	0.453423
1707.22	0.279609
1707.78	0.136659
1708.33	0.257347
1708.89	0.190423
1709.44	0.372777
1710	0.235023
1710.56	0.272716
1711.11	0.333187
1711.67	0.175019
1712.22	0.120755
1712.78	0.303825
1713.33	0.23176
1713.89	0.0723054
1714.44	0.0558069
1715	0.0738507
1715.56	0.182774
1716.11	0.196377
1716.67	0.372958
1717.22	0.0365151
1717.78	0.299418
1718.33	0.176133
1718.89	0.180208
1719.44	0.068055
1720	0.322983
1720.56	0.10417
1721.11	0.244839
1721.67	0.277382
1722.22	0.471639
1722.78	0.634805
1723.33	0.188811
1723.89	0.219907
1724.44	0.192056
1725	0.407069
1725.56	0.298835
1726.11	0.26985
1726.67	0.0715414
1727.22	0.0232786
1727.78	0.0786237
1728.33	0.442156
1728.89	0.34072
1729.44	0.13604
1730	0.377235
1730.56	0.118025
1731.11	0.131179
1731.67	0.428258
1732.22	0.774407
1732.78	0.671791
1733.33	0.235056
1733.89	0.23071
1734.44	0.404526
1735	0.0715554
1735.56	0.0154957
1736.11	0.597656
1736.67	0.445902
1737.22	0.1136
1737.78	0.0449217
1738.33	0.439757
1738.89	0.0358894
1739.44	0.480251
1740	0.00517499
1740.56	0.386875
1741.11	0.123157
1741.67	0.298564
1742.22	0.331259
1742.78	0.0952495
1743.33	0.566748
1743.89	0.782965
1744.44	0.426782
1745	0.235046
1745.56	0.244401
1746.11	0.178142
1746.67	0.336146
1747.22	0.516463
1747.78	0.247796
1748.33	0.900795
1748.89	0.223732
1749.44	0.0251832
1750	0.670471
1750.56	0.7845
1751.11	0.407927
1751.67	0.203965
1752.22	0.530506
1752.78	0.254234
1753.33	0.0537034
1753.89	0.91245
1754.44	0.428705
1755	1.05074
1755.56	0.686774
1756.11	0.287275
1756.67	0.115718
1757.22	0.423788
1757.78	0.0476645
1758.33	0.279765
1758.89	0.298395
1759.44	0.247711
1760	0.0375094
1760.56	0.422309
1761.11	0.162625
1761.67	0.213439
1762.22	0.64914
1762.78	0.703605
1763.33	0.021767
1763.89	0.288155
1764.44	0.140975
1765	0.592186
1765.56	0.616979
1766.11	0.125388
1766.67	0.209035
1767.22	0.271428
1767.78	0.644668
1768.33	0.31707
1768.89	0.484181
1769.44	0.178029
1770	1.34066
1770.56	1.24919
1771.11	0.473201
1771.67	0.404772
1772.22	0.117843
1772.78	0.264928
1773.33	0.444581
1773.89	0.168383
1774.44	0.303616
1775	0.12798
1775.56	0.0443465
1776.11	0.0749472
1776.67	0.303465
1777.22	0.886149
1777.78	1.04917
1778.33	0.00259762
1778.89	0.078313
1779.44	0.394992
1780	0.278345
1780.56	0.556247
1781.11	0.58072
1781.67	0.481391
1782.22	0.231063
1782.78	0.982127
1783.33	0.273166
1783.89	0.521094
1784.44	1.26499
1785	0.0228883
1785.56	0.658417
1786.11	0.6293
1786.67	0.458805
1787.22	0.0798235
1787.78	0.394326
1788.33	0.0466217
1788.89	0.410141
1789.44	0.116409
1790	0.665611
1790.56	0.455661
1791.11	0.885465
1791.67	0.345102
1792.22	0.0226663
1792.78	0.238427
1793.33	0.46007
1793.89	0.651735
1794.44	1.06465
1795	0.253967
1795.56	0.812056
1796.11	1.5946
1796.67	0.0468217
1797.22	0.649964
1797.78	0.133368
1798.33	1.31734
1798.89	1.193
1799.44	0.333532
1800	0.507964
1800.56	0.485434
1801.11	0.992835
1801.67	0.555898
1802.22	0.621593
1802.78	0.152837
1803.33	0.606628
1803.89	0.010475
1804.44	0.36845
1805	1.59097
1805.56	0.214519
1806.11	0.346937
1806.67	0.0129536
1807.22	0.0966306
1807.78	0.605626
1808.33	0.0410351
1808.89	0.000659493
1809.44	0.103371
1810	1.49846
1810.56	0.742191
1811.11	0.163276
1811.67	0.0930206
1812.22	0.265728
1812.78	0.0187497
1813.33	1.01292
1813.89	0.369195
1814.44	0.386104
1815	0.646655
1815.56	0.426857
1816.11	0.127147
1816.67	0.417215
1817.22	1.33489
1817.78	0.0300219
1818.33	0.20273
1818.89	0.742872
1819.44	1.40185
1820	1.59793
1820.56	0.0259462
1821.11	0.393243
1821.67	0.413984
1822.22	0.318749
1822.78	0.701152
1823.33	0.617379
1823.89	0.722433
1824.44	0.578602
1825	1.39806
1825.56	0.61552
1826.11	0.347416
1826.67	0.246815
1827.22	0.462633
1827.78	0.653091
1828.33	1.1418
1828.89	0.358731
1829.44	0.519103
1830	0.409076
1830.56	0.470397
1831.11	0.564492
1831.67	0.136579
1832.22	0.341974
1832.78	1.66645
1833.33	0.0314126
1833.89	0.615452
1834.44	0.872833
1835	0.955125
1835.56	0.939519
1836.11	1.42757
1836.67	0.0259587
1837.22	1.3605
1837.78	0.234865
1838.33	1.4232
1838.89	0.0618773
1839.44	0.341024
1840	0.403921
1840.56	0.201707
1841.11	0.440206
1841.67	1.32031
1842.22	1.70235
1842.78	1.26929
1843.33	1.68236
1843.89	0.916173
1844.44	1.45399
1845	1.69595
1845.56	0.00471076
1846.11	0.208674
1846.67	0.890515
1847.22	1.39237
1847.78	1.0155
1848.33	1.95655
1848.89	1.22019
1849.44	0.249077
1850	0.868044
1850.56	0.327453
1851.11	1.16784
1851.67	1.62581
1852.22	0.174043
1852.78	0.964543
1853.33	1.80039
1853.89	0.261158
1854.44	1.75367
1855	1.2614
1855.56	0.298642
1856.11	0.3817
1856.67	0.618499
1857.22	0.616975
1857.78	0.878554
1858.33	0.362377
1858.89	2.66711
1859.44	1.08872
1860	1.7961
1860.56	0.76933
1861.11	1.13721
1861.67	0.0489441
1862.22	0.40209
1862.78	0.732108
1863.33	0.12093
1863.89	0.800094
1864.44	0.430099
1865	0.716106
1865.56	0.620471
1866.11	3.34369
1866.67	0.402367
1867.22	0.139888
1867.78	0.525335
1868.33	0.792303
1868.89	0.229324
1869.44	0.0930725
1870	0.0312743
1870.56	0.313899
1871.11	1.69707
1871.67	1.47937
1872.22	0.256873
1872.78	1.48991
1873.33	0.300646
1873.89	0.688185
1874.44	2.54378
1875	0.531954
1875.56	0.590208
1876.11	0.426389
1876.67	0.289993
1877.22	2.57885
1877.78	0.700472
1878.33	1.79122
1878.89	0.475816
1879.44	0.537719
1880	1.0672
1880.56	0.487654
1881.11	0.350124
1881.67	0.117125
1882.22	1.67937
1882.78	1.32665
1883.33	1.61224
1883.89	0.911312
1884.44	1.13209
1885	0.416807
1885.56	1.10465
1886.11	0.196596
1886.67	0.871943
1887.22	0.0692711
1887.78	1.34948
1888.33	0.0212451
1888.89	0.56977
1889.44	0.140394
1890	0.126171
1890.56	0.79811
1891.11	2.0257
1891.67	0.351167
1892.22	1.22294
1892.78	2.22791
1893.33	1.35278
1893.89	0.696099
1894.44	0.129828
1895	0.793165
1895.56	0.223289
1896.11	0.154608
1896.67	0.107778
1897.22	0.119663
1897.78	1.35115
1898.33	0.991352
1898.89	0.492061
1899.44	1.28456
1900	1.13452
1900.56	1.82165
1901.11	0.364408
1901.67	0.777982
1902.22	0.346845
1902.78	0.925017
1903.33	0.280725
1903.89	0.28738
1904.44	1.26057
1905	0.389876
1905.56	0.00920329
1906.11	0.872953
1906.67	0.901306
1907.22	1.84934
1907.78	1.7294
1908.33	0.363774
1908.89	0.93403
1909.44	0.301975
1910	0.443904
1910.56	0.142643
1911.11	1.16035
1911.67	0.754433
1912.22	1.7153
1912.78	1.0629
1913.33	0.270934
1913.89	1.24161
1914.44	0.444591
1915	0.0829255
1915.56	0.585764
1916.11	0.920206
1916.67	1.31918
1917.22	1.06754
1917.78	0.489617
1918.33	0.644268
1918.89	1.3543
1919.44	0.166189
1920	1.51857
1920.56	1.75888
1921.11	1.75849
1921.67	1.47204
1922.22	0.174739
1922.78	0.637873
1923.33	0.801392
1923.89	1.1732
1924.44	0.00345664
1925	0.815272
1925.56	0.00971466
1926.11	1.30423
1926.67	0.330157
1927.22	0.173245
1927.78	0.661192
1928.33	0.425616
1928.89	0.982929
1929.44	0.541271
1930	0.168327
1930.56	0.441651
1931.11	0.303102
1931.67	0.227308
1932.22	1.11953
1932.78	1.52353
1933.33	0.526289
1933.89	0.107546
1934.44	0.396783
1935	0.661908
1935.56	0.197748
1936.11	0.250458
1936.67	1.62138
1937.22	0.642615
1937.78	0.824254
1938.33	0.773704
1938.89	0.136168
1939.44	1.13307
1940	0.0457851
1940.56	1.03537
1941.11	0.0415465
1941.67	0.331977
1942.22	0.499302
1942.78	0.194673
1943.33	0.784332
1943.89	0.582246
1944.44	0.0282312
1945	0.617366
1945.56	0.538368
1946.11	0.281775
1946.67	0.939572
1947.22	0.247268
1947.78	0.360962
1948.33	0.337926
1948.89	0.468502
1949.44	0.987844
1950	1.5346
1950.56	0.323608
1951.11	1.69593
1951.67	0.33959
1952.22	0.650852
1952.78	0.471667
1953.33	1.36198
1953.89	0.104521
1954.44	0.167508
1955	0.156243
1955.56	0.152115
1956.11	1.26182
1956.67	0.236281
1957.22	0.942575
1957.78	0.870705
1958.33	0.0730359
1958.89	0.565839
1959.44	1.02869
1960	0.620312
1960.56	1.33775
1961.11	0.186559
1961.67	0.186237
1962.22	0.402513
1962.78	0.253211
1963.33	0.133546
1963.89	0.385534
1964.44	0.00342157
1965	0.631754
1965.56	0.808758
1966.11	1.97433
1966.67	0.297345
1967.22	0.0933956
1967.78	0.109379
1968.33	0.285453
1968.89	0.350335
1969.44	0.12859
1970	0.312327
1970.56	1.29287
1971.11	1.16964
1971.67	0.417593
1972.22	0.225934
1972.78	0.855392
1973.33	0.53018
1973.89	0.9955
1974.44	0.119141
1975	0.927433
1975.56	1.94698
1976.11	1.9386
1976.67	1.0207
1977.22	0.121632
1977.78	0.396099
1978.33	0.671221
1978.89	0.141202
1979.44	1.22931
1980	0.629697
1980.56	0.400068
1981.11	1.72244
1981.67	0.15501
1982.22	1.69551
1982.78	1.02843
1983.33	0.159773
1983.89	1.31234
1984.44	1.41969
1985	1.09275
1985.56	2.19967
1986.11	0.633843
1986.67	2.66197
1987.22	0.0401475
1987.78	0.00108631
1988.33	1.38532
1988.89	1.24448
1989.44	0.917333
1990	1.34058
1990.56	2.46788
1991.11	0.0596078
1991.67	0.59757
1992.22	1.89451
1992.78	1.24416
1993.33	0.846563
1993.89	0.96473
1994.44	2.86654
1995	0.85285
1995.56	0.483023
1996.11	2.03013
1996.67	0.0152701
1997.22	1.79308
1997.78	2.08235
1998.33	0.715752
1998.89	0.650276
1999.44	1.43629
2000	0.793827
