t	etaU
0	5.84094e-15
0.555556	1.89166
1.11111	0.315085
1.66667	1.26977
2.22222	2.20438
2.77778	0.176121
3.33333	0.716127
3.88889	0.840842
4.44444	1.61037
5	0.975642
5.55556	2.63644
6.11111	0.15244
6.66667	0.0852719
7.22222	0.781717
7.77778	0.553735
8.33333	0.874326
8.88889	0.349179
9.44444	1.48574
10	0.961596
10.5556	0.638717
11.1111	0.73047
11.6667	0.57272
12.2222	0.769843
12.7778	0.0875586
13.3333	1.24271
13.8889	0.82502
14.4444	0.668714
15	0.555929
15.5556	0.466112
16.1111	1.00317
16.6667	0.494022
17.2222	0.618176
17.7778	0.52669
18.3333	1.35332
18.8889	0.00195426
19.4444	0.551246
20	0.107552
20.5556	0.520846
21.1111	0.0268567
21.6667	0.359104
22.2222	1.2191
22.7778	0.280234
23.3333	0.86779
23.8889	0.168396
24.4444	0.471572
25	0.0706634
25.5556	0.105288
26.1111	0.209767
26.6667	1.18632
27.2222	0.665853
27.7778	0.315167
28.3333	0.33744
28.8889	0.946269
29.4444	0.675816
30	0.225381
30.5556	0.438752
31.1111	0.079999
31.6667	0.183638
32.2222	0.987263
32.7778	0.35352
33.3333	0.192927
33.8889	0.380467
34.4444	0.308755
35	0.0394898
35.5556	0.278308
36.1111	0.802453
36.6667	0.76275
37.2222	2.213
37.7778	0.442435
38.3333	0.551673
38.8889	0.511711
39.4444	0.248364
40	0.628694
40.5556	0.15894
41.1111	0.187911
41.6667	0.242024
42.2222	0.410622
42.7778	1.00972
43.3333	0.126496
43.8889	1.05517
44.4444	1.22036
45	0.284257
45.5556	0.645976
46.1111	0.659248
46.6667	0.00422405
47.2222	0.113447
47.7778	1.24227
48.3333	1.6056
48.8889	0.978861
49.4444	0.786016
50	0.0169885
50.5556	0.910822
51.1111	0.925244
51.6667	0.600038
52.2222	0.332798
52.7778	0.68513
53.3333	0.455443
53.8889	0.0941516
54.4444	0.499195
55	0.50408
55.5556	0.596438
56.1111	0.776237
56.6667	0.192191
57.2222	0.655735
57.7778	0.545593
58.3333	0.37961
58.8889	0.789728
59.4444	0.212298
60	0.158483
60.5556	0.491853
61.1111	0.150058
61.6667	0.504962
62.2222	0.323541
62.7778	0.638655
63.3333	0.382769
63.8889	0.531036
64.4444	0.383433
65	0.100602
65.5556	0.0285959
66.1111	0.82408
66.6667	0.0487056
67.2222	0.703039
67.7778	0.147899
68.3333	1.56879
68.8889	1.08393
69.4444	0.711335
70	0.115757
70.5556	0.871667
71.1111	0.16942
71.6667	0.0105028
72.2222	0.192812
72.7778	0.300123
73.3333	1.66206
73.8889	0.423896
74.4444	0.754428
75	0.0970514
75.5556	1.37195
76.1111	0.630362
76.6667	0.500313
77.2222	0.195814
77.7778	0.136749
78.3333	0.574972
78.8889	0.377556
79.4444	0.201717
80	0.0509154
80.5556	0.740011
81.1111	0.07851
81.6667	0.127428
82.2222	0.174717
82.7778	0.19156
83.3333	0.343882
83.8889	0.387455
84.4444	1.05832
85	0.384607
85.5556	0.514346
86.1111	0.0667489
86.6667	0.0270478
87.2222	0.155222
87.7778	0.412275
88.3333	0.61345
88.8889	0.0925209
89.4444	0.261984
90	0.619717
90.5556	0.00865883
91.1111	0.22096
91.6667	0.593963
92.2222	0.233781
92.7778	0.199774
93.3333	0.0307782
93.8889	0.174818
94.4444	0.184017
95	0.0266397
95.5556	0.326432
96.1111	0.614553
96.6667	0.491724
97.2222	0.120589
97.7778	0.627688
98.3333	0.175882
98.8889	0.0266504
99.4444	0.264578
100	0.463456
100.556	0.539824
101.111	0.505946
101.667	0.438971
102.222	0.681315
102.778	0.19073
103.333	0.256489
103.889	1.00079
104.444	0.23191
105	0.0342981
105.556	0.415447
106.111	0.647345
106.667	0.801798
107.222	0.658002
107.778	0.0920392
108.333	0.279551
108.889	0.151577
109.444	0.329539
110	0.314107
110.556	0.177636
111.111	0.192419
111.667	0.18263
112.222	0.147864
112.778	0.03231
113.333	0.162798
113.889	0.6936
114.444	0.364844
115	0.0801494
115.556	0.0641298
116.111	0.0976988
116.667	0.702126
117.222	0.136298
117.778	0.0484438
118.333	0.142464
118.889	0.313631
119.444	0.0997048
120	0.00116761
120.556	0.376864
121.111	0.550966
121.667	0.0857753
122.222	0.220337
122.778	0.0169797
123.333	0.348656
123.889	0.415288
124.444	0.409275
125	0.0655646
125.556	0.627635
126.111	0.266969
126.667	0.0124243
127.222	0.145713
127.778	0.229341
128.333	0.0372263
128.889	0.180619
129.444	0.239619
130	0.0865078
130.556	0.205893
131.111	0.0753784
131.667	0.0933954
132.222	0.502936
132.778	0.0715946
133.333	0.0884273
133.889	0.0206616
134.444	0.311562
135	0.194528
135.556	0.395412
136.111	0.329387
136.667	0.589112
137.222	0.126959
137.778	0.00269132
138.333	0.289664
138.889	0.321555
139.444	0.373963
140	0.0259413
140.556	0.448948
141.111	0.3417
141.667	0.0382481
142.222	0.357557
142.778	0.260346
143.333	0.0958443
143.889	0.103288
144.444	0.978952
145	0.122405
145.556	0.420073
146.111	0.211286
146.667	0.189009
147.222	0.221219
147.778	0.218796
148.333	0.675838
148.889	0.0358616
149.444	0.0577716
150	0.123949
150.556	0.192485
151.111	0.217516
151.667	0.160554
152.222	0.127792
152.778	0.0825506
153.333	0.0783067
153.889	0.200798
154.444	0.526028
155	0.174248
155.556	0.302307
156.111	0.48312
156.667	0.217005
157.222	0.140606
157.778	0.236708
158.333	0.343919
158.889	0.0135824
159.444	0.144528
160	0.279065
160.556	0.0565794
161.111	0.585337
161.667	0.11244
162.222	0.187459
162.778	0.262938
163.333	0.00924906
163.889	0.0445881
164.444	0.125384
165	0.208739
165.556	0.203773
166.111	0.270422
166.667	0.139274
167.222	0.0145597
167.778	0.188293
168.333	0.335456
168.889	0.156999
169.444	0.00726034
170	0.324044
170.556	0.0738571
171.111	0.0437849
171.667	0.0758984
172.222	0.0359649
172.778	0.0999176
173.333	0.11035
173.889	0.225308
174.444	0.291178
175	0.296622
175.556	0.209775
176.111	0.114379
176.667	0.0573491
177.222	0.0288074
177.778	0.562554
178.333	8.97484e-05
178.889	0.0901044
179.444	0.00452525
180	0.0719299
180.556	0.0237474
181.111	0.125819
181.667	0.00416424
182.222	0.303701
182.778	0.144757
183.333	0.0410743
183.889	0.365769
184.444	0.171322
185	0.0622153
185.556	0.0379924
186.111	0.045513
186.667	0.0105663
187.222	0.0443719
187.778	0.0602656
188.333	0.117931
188.889	0.136173
189.444	0.0587799
190	0.151007
190.556	0.082551
191.111	0.0142558
191.667	0.221673
192.222	0.249137
192.778	0.295409
193.333	0.360544
193.889	0.143063
194.444	0.344773
195	0.433723
195.556	0.0970156
196.111	0.0210264
196.667	0.128816
197.222	0.0730703
197.778	0.0925914
198.333	0.00459826
198.889	0.184928
199.444	0.0696354
200	0.186498
200.556	0.0820034
201.111	0.195433
201.667	0.163097
202.222	0.00666029
202.778	0.18812
203.333	0.101665
203.889	0.156963
204.444	0.129604
205	0.0578609
205.556	0.174913
206.111	0.181242
206.667	0.0469681
207.222	0.0954932
207.778	0.0692826
208.333	0.264726
208.889	0.126216
209.444	0.264415
210	0.0658633
210.556	0.0928381
211.111	0.19847
211.667	0.426417
212.222	0.119521
212.778	0.132102
213.333	0.0354458
213.889	0.208536
214.444	0.141863
215	0.11989
215.556	0.120902
216.111	0.0822095
216.667	0.133682
217.222	0.0812953
217.778	0.103539
218.333	0.0139105
218.889	0.10129
219.444	0.0760942
220	0.151041
220.556	0.00168665
221.111	0.0531383
221.667	0.0903283
222.222	0.0224862
222.778	0.0446923
223.333	0.141324
223.889	0.0661436
224.444	0.131235
225	0.0656145
225.556	0.0908094
226.111	0.0073087
226.667	0.264273
227.222	0.0163561
227.778	0.0127342
228.333	0.0550425
228.889	0.138325
229.444	0.129004
230	0.048661
230.556	0.0972355
231.111	0.143359
231.667	0.000504236
232.222	0.10919
232.778	0.103571
233.333	0.0872426
233.889	0.137726
234.444	0.00674476
235	0.100881
235.556	0.107166
236.111	0.0651449
236.667	0.0066639
237.222	0.0697297
237.778	0.0114134
238.333	0.0525726
238.889	0.163979
239.444	0.179007
240	0.119176
240.556	0.0555973
241.111	0.0886381
241.667	0.0593953
242.222	0.0150452
242.778	0.101085
243.333	0.0203851
243.889	0.187645
244.444	0.15307
245	0.0185657
245.556	0.0791999
246.111	0.0739951
246.667	0.0702308
247.222	0.00625487
247.778	0.0883121
248.333	0.0179636
248.889	0.0221534
249.444	0.18016
250	0.223878
250.556	0.0163118
251.111	0.0287373
251.667	0.0729249
252.222	0.0512827
252.778	0.085248
253.333	0.0657915
253.889	0.0830001
254.444	0.0359437
255	0.215326
255.556	0.045162
256.111	0.0822742
256.667	0.13001
257.222	0.0334685
257.778	0.105338
258.333	0.133955
258.889	0.166101
259.444	0.154923
260	0.083281
260.556	0.137765
261.111	0.0198096
261.667	0.0493218
262.222	0.029231
262.778	0.185454
263.333	0.0314049
263.889	0.132657
264.444	0.036804
265	0.0368724
265.556	0.0269496
266.111	0.0623817
266.667	0.139903
267.222	0.0491296
267.778	0.0982729
268.333	0.0997462
268.889	0.0868849
269.444	0.0606037
270	0.0371691
270.556	0.137115
271.111	0.121028
271.667	0.00434112
272.222	0.065273
272.778	0.0366015
273.333	0.101513
273.889	0.144253
274.444	0.0204949
275	0.000153431
275.556	0.0281621
276.111	0.081127
276.667	0.0132867
277.222	0.0116584
277.778	0.0707627
278.333	0.0599434
278.889	0.00531234
279.444	0.0704904
280	0.0184646
280.556	0.0927789
281.111	0.0178404
281.667	0.0808552
282.222	0.0276056
282.778	0.107065
283.333	0.112379
283.889	0.00912794
284.444	0.0690842
285	0.0406581
285.556	0.00349708
286.111	0.014652
286.667	0.0298829
287.222	0.0813885
287.778	0.016825
288.333	0.0262933
288.889	0.112049
289.444	0.0868222
290	0.0159518
290.556	0.0739961
291.111	0.102944
291.667	0.0728765
292.222	0.079567
292.778	0.0127984
293.333	0.0565041
293.889	0.0770957
294.444	0.0718258
295	0.095679
295.556	0.00476017
296.111	0.00552893
296.667	0.0410156
297.222	0.0982235
297.778	0.0671312
298.333	0.0759063
298.889	0.0174437
299.444	0.0289892
300	0.164848
300.556	0.0766072
301.111	0.0434746
301.667	0.065616
302.222	0.0202057
302.778	0.0153718
303.333	0.112723
303.889	0.0746348
304.444	0.00871476
305	0.0105195
305.556	0.0252227
306.111	0.0172322
306.667	0.0586831
307.222	0.0044995
307.778	0.0314756
308.333	0.0714742
308.889	0.0127186
309.444	0.0410538
310	0.112953
310.556	0.0268723
311.111	0.0629793
311.667	0.000237246
312.222	0.0272556
312.778	0.0489885
313.333	0.0249865
313.889	0.0469367
314.444	0.00504787
315	0.0762816
315.556	0.0135163
316.111	0.0686001
316.667	0.125912
317.222	0.0171272
317.778	0.0188166
318.333	0.0319022
318.889	0.0688699
319.444	0.0265195
320	0.0236452
320.556	0.0337202
321.111	0.0142989
321.667	0.0120176
322.222	0.0936795
322.778	0.0785611
323.333	0.00348122
323.889	0.103418
324.444	0.0115243
325	0.0299441
325.556	0.0712989
326.111	0.00497203
326.667	0.0381811
327.222	0.0922456
327.778	0.0873276
328.333	0.0161224
328.889	0.0363481
329.444	0.02845
330	0.0596957
330.556	0.0147616
331.111	0.0389202
331.667	0.0390096
332.222	0.0263998
332.778	0.010519
333.333	0.0604289
333.889	0.00560678
334.444	0.0295286
335	0.0481931
335.556	0.0602397
336.111	0.0342295
336.667	0.00900127
337.222	0.0339708
337.778	0.0321528
338.333	0.029723
338.889	0.0109895
339.444	0.0127859
340	0.011954
340.556	0.0443053
341.111	0.00108822
341.667	0.0647189
342.222	0.0552554
342.778	0.063579
343.333	0.0125961
343.889	0.0378821
344.444	0.0563792
345	0.0188764
345.556	0.0146941
346.111	0.0039959
346.667	0.0425154
347.222	0.0266081
347.778	0.00192367
348.333	0.0458225
348.889	0.0662261
349.444	0.00864353
350	0.00306851
350.556	0.0320489
351.111	0.00414343
351.667	0.0362406
352.222	0.024609
352.778	0.0192489
353.333	0.0171694
353.889	0.00448433
354.444	0.0380564
355	0.0196746
355.556	0.00879709
356.111	0.0230872
356.667	0.0136667
357.222	0.0225818
357.778	0.0683011
358.333	0.00350278
358.889	0.0255216
359.444	0.00550797
360	0.0092387
360.556	0.0853157
361.111	0.0158905
361.667	0.0558986
362.222	0.0497961
362.778	0.0286608
363.333	0.04057
363.889	0.0107527
364.444	0.0334667
365	0.0105061
365.556	0.0245289
366.111	0.0252361
366.667	0.0110375
367.222	0.0149083
367.778	0.0161805
368.333	0.00674125
368.889	0.0736604
369.444	0.047549
370	0.0219627
370.556	0.00569758
371.111	0.00435319
371.667	0.0340703
372.222	0.0382752
372.778	0.0142992
373.333	0.0320991
373.889	0.0302659
374.444	0.0312496
375	0.0400096
375.556	0.00424403
376.111	0.00443297
376.667	0.0485619
377.222	0.036899
377.778	0.038072
378.333	0.000303155
378.889	0.0706691
379.444	0.079476
380	0.0145477
380.556	0.00213494
381.111	0.00461299
381.667	0.0341947
382.222	0.010649
382.778	0.0279128
383.333	0.00516153
383.889	0.0318564
384.444	0.00395716
385	0.0142471
385.556	0.0498947
386.111	0.0151331
386.667	0.0525387
387.222	0.00975005
387.778	0.0188454
388.333	0.0587063
388.889	0.00197097
389.444	0.00958889
390	0.017671
390.556	0.0216247
391.111	0.00957588
391.667	0.0213244
392.222	0.020606
392.778	0.0651369
393.333	0.022999
393.889	0.00413979
394.444	0.0532568
395	0.00888008
395.556	0.00238814
396.111	0.00438797
396.667	0.0235211
397.222	0.0146798
397.778	0.00496634
398.333	0.00279154
398.889	0.0153532
399.444	0.0231349
400	0.0277123
400.556	0.077718
401.111	0.0165464
401.667	0.0420942
402.222	0.0244523
402.778	0.0281902
403.333	0.0156528
403.889	0.0462323
404.444	0.0947072
405	0.00474751
405.556	0.0140146
406.111	0.00575218
406.667	0.00013944
407.222	0.0656588
407.778	0.00760337
408.333	0.0183076
408.889	0.00990141
409.444	0.00806243
410	0.0129953
410.556	0.00353042
411.111	0.0023844
411.667	0.0221257
412.222	0.0237147
412.778	0.0100576
413.333	0.0428865
413.889	0.037646
414.444	0.0383961
415	0.0305457
415.556	0.00194696
416.111	0.0330377
416.667	0.0141879
417.222	0.0265677
417.778	0.00941211
418.333	0.0185956
418.889	0.0177108
419.444	0.0124182
420	0.0395642
420.556	0.0336565
421.111	0.0159075
421.667	0.0337199
422.222	0.000200412
422.778	0.00774076
423.333	0.00855485
423.889	0.000153022
424.444	0.0346478
425	0.00330595
425.556	0.0658248
426.111	0.0113931
426.667	0.0131357
427.222	0.0237943
427.778	0.0279201
428.333	0.0338047
428.889	0.0472501
429.444	0.0282328
430	0.0197143
430.556	0.0429836
431.111	0.0043789
431.667	0.0164895
432.222	0.0106637
432.778	0.0308432
433.333	0.0317917
433.889	0.0230091
434.444	0.0280258
435	0.000559625
435.556	0.00584438
436.111	0.0265962
436.667	0.0395165
437.222	0.00529037
437.778	0.021914
438.333	0.0451168
438.889	0.0219378
439.444	0.0355307
440	0.0329649
440.556	0.00196854
441.111	0.00266963
441.667	0.00507207
442.222	0.00847369
442.778	0.0110998
443.333	0.0252041
443.889	0.00698521
444.444	0.039145
445	0.00637184
445.556	0.0359025
446.111	0.0310697
446.667	0.0236481
447.222	0.00762549
447.778	0.0126506
448.333	0.0171546
448.889	0.0254337
449.444	0.00764043
450	0.00493008
450.556	0.0292695
451.111	0.00155936
451.667	0.0267719
452.222	0.0382186
452.778	0.014313
453.333	0.0433535
453.889	0.0142876
454.444	0.0203649
455	0.00505563
455.556	0.0014902
456.111	0.00119584
456.667	0.032444
457.222	0.0467305
457.778	0.0141343
458.333	0.0117931
458.889	0.0193148
459.444	0.0268315
460	0.00740758
460.556	0.0428512
461.111	0.00749031
461.667	0.0101729
462.222	0.00201756
462.778	0.00320259
463.333	0.00705271
463.889	0.0050982
464.444	0.0384542
465	0.00498418
465.556	0.00514762
466.111	0.046576
466.667	0.00350209
467.222	0.0138969
467.778	0.0150939
468.333	0.0367467
468.889	0.00480268
469.444	0.0182258
470	0.0262938
470.556	0.0100997
471.111	0.0162191
471.667	0.0374362
472.222	0.000730373
472.778	0.00957281
473.333	0.0023259
473.889	0.00557116
474.444	0.0292182
475	0.0139041
475.556	0.0333458
476.111	0.00199493
476.667	0.00345432
477.222	0.0176893
477.778	0.00215892
478.333	0.020005
478.889	0.0278753
479.444	0.0147599
480	0.0110292
480.556	0.0213128
481.111	0.00146523
481.667	0.0204735
482.222	0.0222459
482.778	0.0287837
483.333	0.00843291
483.889	0.0220045
484.444	0.0182857
485	0.0247153
485.556	0.0305886
486.111	0.00308927
486.667	0.00636784
487.222	0.0101244
487.778	0.0131518
488.333	0.0270464
488.889	0.00948159
489.444	0.0279911
490	0.0171171
490.556	0.0262337
491.111	0.0324039
491.667	0.0255816
492.222	0.00663995
492.778	0.0276649
493.333	0.0193899
493.889	0.0208188
494.444	0.00991266
495	0.0102075
495.556	0.0150349
496.111	0.0213264
496.667	0.0242356
497.222	0.0105534
497.778	0.0176861
498.333	0.0251067
498.889	0.0259211
499.444	0.0211047
500	0.00414308
500.556	0.00346287
501.111	0.000990563
501.667	0.00747217
502.222	0.00957531
502.778	0.0124949
503.333	0.0360355
503.889	0.0237095
504.444	0.000411281
505	0.00193328
505.556	0.0160057
506.111	0.0047414
506.667	0.0112451
507.222	0.0277455
507.778	0.00129937
508.333	0.0157717
508.889	0.0254121
509.444	0.022278
510	0.00274457
510.556	0.0259723
511.111	0.00495414
511.667	0.00303674
512.222	0.0140084
512.778	0.00210476
513.333	0.0118813
513.889	0.00583551
514.444	0.0275665
515	0.00346866
515.556	0.0125167
516.111	0.0335748
516.667	0.0246429
517.222	0.00236429
517.778	0.0198462
518.333	0.0023989
518.889	0.00473628
519.444	0.00929271
520	0.00686599
520.556	0.00908644
521.111	0.0129442
521.667	0.0317596
522.222	0.0164452
522.778	0.0127298
523.333	0.0262628
523.889	0.0211963
524.444	0.00566088
525	0.0199147
525.556	0.00939138
526.111	0.0108074
526.667	0.00175331
527.222	0.0262388
527.778	0.00838696
528.333	0.0308835
528.889	0.0178039
529.444	0.0181084
530	0.0164386
530.556	0.0119714
531.111	0.0126105
531.667	0.0196813
532.222	0.00037102
532.778	0.00858785
533.333	0.0116942
533.889	0.00381134
534.444	0.0309666
535	0.0167553
535.556	0.0380267
536.111	0.0212634
536.667	0.015803
537.222	0.00169517
537.778	0.0265549
538.333	0.0108894
538.889	0.00463541
539.444	0.0227537
540	0.00453155
540.556	0.017746
541.111	0.0185377
541.667	0.0285395
542.222	0.0099227
542.778	0.0189532
543.333	0.00465351
543.889	0.0125075
544.444	0.00423566
545	0.0120916
545.556	0.00677448
546.111	0.0261455
546.667	0.0207392
547.222	0.00160624
547.778	0.0145479
548.333	0.0111999
548.889	0.0193948
549.444	0.0494844
550	0.00212803
550.556	0.00220522
551.111	0.00660766
551.667	0.00204173
552.222	0.0119929
552.778	0.00113121
553.333	0.0233439
553.889	0.0184619
554.444	0.00336818
555	0.0140509
555.556	0.0171938
556.111	0.00291676
556.667	0.0259316
557.222	0.00425463
557.778	0.00225334
558.333	4.47107e-05
558.889	0.00601733
559.444	0.00603461
560	0.00773497
560.556	0.0380655
561.111	0.012796
561.667	0.00164396
562.222	0.022379
562.778	0.0130346
563.333	0.0219804
563.889	0.00316836
564.444	0.00932436
565	4.36419e-06
565.556	0.00100772
566.111	0.0374602
566.667	0.0122162
567.222	0.022014
567.778	0.0171843
568.333	0.0218176
568.889	0.000854759
569.444	0.0264731
570	0.0092248
570.556	0.0125933
571.111	0.00629355
571.667	0.0103572
572.222	0.010993
572.778	0.00299922
573.333	0.0299087
573.889	0.00535052
574.444	0.0187816
575	0.0085116
575.556	0.0124948
576.111	0.00195112
576.667	0.0198054
577.222	0.00680299
577.778	0.00148797
578.333	0.0158262
578.889	0.0182785
579.444	0.0133806
580	0.00989098
580.556	0.0274054
581.111	0.0175167
581.667	0.0218238
582.222	0.00807688
582.778	0.000846109
583.333	0.00456988
583.889	0.00265315
584.444	0.0152399
585	0.0114879
585.556	0.00932648
586.111	0.000698984
586.667	0.014603
587.222	0.0252466
587.778	0.0106213
588.333	0.0326468
588.889	0.0120781
589.444	0.0013838
590	0.00490495
590.556	0.00458737
591.111	0.00820282
591.667	0.0124364
592.222	0.0264624
592.778	0.0118824
593.333	0.00221405
593.889	0.0190338
594.444	0.01895
595	0.00250147
595.556	0.0300632
596.111	0.0102758
596.667	0.00419582
597.222	0.00471764
597.778	0.0100356
598.333	0.016085
598.889	0.00224493
599.444	0.0298165
600	0.00736023
600.556	0.00178583
601.111	0.0132495
601.667	0.0161286
602.222	0.0122841
602.778	0.0103672
603.333	0.0216003
603.889	0.000533511
604.444	0.0023893
605	0.0237329
605.556	0.0120271
606.111	0.0145887
606.667	0.026733
607.222	0.00713898
607.778	0.00213098
608.333	0.0180022
608.889	0.000597345
609.444	0.00885288
610	0.00692018
610.556	0.0239237
611.111	0.00278564
611.667	0.00264768
612.222	0.0185686
612.778	0.0013216
613.333	0.0211456
613.889	0.0167953
614.444	0.0130367
615	0.000278655
615.556	0.0169664
616.111	0.00312662
616.667	0.00404598
617.222	0.0219187
617.778	0.0197918
618.333	0.0140965
618.889	0.00900135
619.444	0.0266508
620	0.0106845
620.556	0.0174796
621.111	0.00239029
621.667	0.00774017
622.222	0.000260339
622.778	0.010096
623.333	0.0155198
623.889	0.0145171
624.444	0.024279
625	0.0122847
625.556	0.013124
626.111	0.0159864
626.667	0.0263411
627.222	0.0220341
627.778	0.000555224
628.333	0.00247849
628.889	0.000808576
629.444	0.00798859
630	0.00602858
630.556	0.023098
631.111	0.0221234
631.667	0.0195033
632.222	0.00107094
632.778	0.0102168
633.333	0.0152921
633.889	0.00540009
634.444	0.0189109
635	0.0164418
635.556	0.00311827
636.111	0.00558225
636.667	0.0103614
637.222	0.00980516
637.778	0.00963204
638.333	0.0294612
638.889	0.00742108
639.444	0.00118392
640	0.0113905
640.556	0.0106975
641.111	0.00555631
641.667	0.0123129
642.222	0.0222452
642.778	0.00104716
643.333	0.011043
643.889	0.0161851
644.444	0.0194734
645	0.0105968
645.556	0.0262983
646.111	0.00091551
646.667	0.000132846
647.222	0.0116757
647.778	0.0011832
648.333	0.015373
648.889	2.00222e-05
649.444	0.021818
650	0.0126285
650.556	0.00358169
651.111	0.0228031
651.667	0.00689179
652.222	0.0144497
652.778	0.0199242
653.333	0.00612831
653.889	0.0105544
654.444	0.0109537
655	0.0120862
655.556	0.00847245
656.111	0.0182287
656.667	0.022898
657.222	0.00873505
657.778	0.00485068
658.333	0.0236709
658.889	0.00475131
659.444	0.0114837
660	0.000433407
660.556	0.00625656
661.111	0.00756857
661.667	0.000152017
662.222	0.023585
662.778	0.00640588
663.333	0.0242522
663.889	0.0143725
664.444	0.00412564
665	0.00279714
665.556	0.0225713
666.111	0.014019
666.667	0.00354751
667.222	0.00832812
667.778	0.00561863
668.333	0.00562972
668.889	0.00179954
669.444	0.0220224
670	0.021222
670.556	0.0193871
671.111	0.00624001
671.667	0.00323321
672.222	0.0077511
672.778	0.00361976
673.333	0.0154785
673.889	0.0129479
674.444	0.00689366
675	0.000471932
675.556	0.00328164
676.111	0.0132432
676.667	0.013459
677.222	0.0314776
677.778	0.00865155
678.333	0.00398283
678.889	0.00451228
679.444	0.00971547
680	5.91331e-06
680.556	0.0112341
681.111	0.0262764
681.667	0.00451822
682.222	0.00192122
682.778	0.0125058
683.333	0.0203339
683.889	0.00598107
684.444	0.026325
685	0.00570138
685.556	0.000538483
686.111	0.0101884
686.667	0.000771783
687.222	0.00540218
687.778	0.00344635
688.333	0.0292412
688.889	0.00351587
689.444	0.000375797
690	0.0198988
690.556	0.0155628
691.111	0.00630792
691.667	0.00961817
692.222	0.0114049
692.778	0.00311078
693.333	0.00821736
693.889	0.0106773
694.444	0.01003
695	0.0162737
695.556	0.0173187
696.111	0.0040499
696.667	0.00225284
697.222	0.0240185
697.778	0.00381954
698.333	0.00166924
698.889	0.00322723
699.444	0.0105819
700	0.00840848
700.556	0.00320617
701.111	0.024918
701.667	0.00311272
702.222	0.0187654
702.778	0.00997421
703.333	0.00619573
703.889	0.00119609
704.444	0.0188372
705	0.00694754
705.556	0.00766012
706.111	0.00689512
706.667	0.00475443
707.222	0.00701396
707.778	0.00673102
708.333	0.0295969
708.889	0.0111347
709.444	0.0136572
710	0.00223602
710.556	0.00190782
711.111	0.00312643
711.667	0.0115022
712.222	0.0204237
712.778	0.00433954
713.333	0.0116306
713.889	0.000960969
714.444	0.00956473
715	0.0118696
715.556	0.0219545
716.111	0.0181121
716.667	0.00803928
717.222	0.00148997
717.778	0.000973751
718.333	0.00150891
718.889	0.00370366
719.444	0.0140953
720	0.0158124
720.556	0.00631062
721.111	0.00375666
721.667	0.00818324
722.222	0.0158231
722.778	0.00378538
723.333	0.0252572
723.889	0.00361694
724.444	0.00455397
725	0.000368688
725.556	0.00336677
726.111	0.0117852
726.667	0.00513043
727.222	0.0203162
727.778	0.00344014
728.333	0.00632587
728.889	0.0113758
729.444	0.0140306
730	0.00596304
730.556	0.0145973
731.111	0.00947483
731.667	0.00331552
732.222	0.00406874
732.778	0.00851413
733.333	0.0119368
733.889	0.0109425
734.444	0.0249247
735	0.00210522
735.556	0.00900231
736.111	0.0140659
736.667	0.00702759
737.222	0.0122122
737.778	0.00252253
738.333	0.0151792
738.889	0.00587095
739.444	0.00293386
740	0.0172467
740.556	0.00529779
741.111	0.0195302
741.667	0.0138918
742.222	0.0027503
742.778	0.00732564
743.333	0.0172002
743.889	0.00490365
744.444	0.00297973
745	0.0109834
745.556	0.0127406
746.111	0.00440128
746.667	0.00184923
747.222	0.0233291
747.778	0.00720171
748.333	0.0109007
748.889	0.00333516
749.444	0.00673683
750	0.00123839
750.556	0.0119569
751.111	0.0150407
751.667	0.00457895
752.222	0.0158615
752.778	0.00710385
753.333	0.00164806
753.889	0.00925309
754.444	0.0220152
755	0.0122922
755.556	0.00394533
756.111	0.00409643
756.667	0.00181427
757.222	0.000360968
757.778	0.00278165
758.333	0.017176
758.889	0.0160657
759.444	0.00951575
760	0.00360382
760.556	0.00594756
761.111	0.0135459
761.667	0.0142128
762.222	0.0190034
762.778	0.00826206
763.333	0.00209041
763.889	0.00137162
764.444	0.00153841
765	0.0111111
765.556	0.0103287
766.111	0.0214235
766.667	0.0014868
767.222	0.00330294
767.778	0.00660415
768.333	0.0151134
768.889	0.00148379
769.444	0.0141504
770	0.0159101
770.556	0.00470416
771.111	0.000452026
771.667	0.0101307
772.222	0.0143687
772.778	0.00200726
773.333	0.0174846
773.889	0.0038703
774.444	0.00709052
775	0.0128201
775.556	0.00734712
776.111	0.00840783
776.667	0.00284132
777.222	0.0146126
777.778	0.00848655
778.333	0.000589558
778.889	0.0176144
779.444	0.0116941
780	0.0102647
780.556	0.0118509
781.111	0.00400812
781.667	0.00878331
782.222	0.00984473
782.778	0.00700278
783.333	0.00895684
783.889	0.00697636
784.444	0.0135262
785	0.0070704
785.556	0.00258885
786.111	0.0183534
786.667	0.00197765
787.222	0.0154058
787.778	0.00608555
788.333	0.000353091
788.889	0.0085985
789.444	0.00961381
790	0.0152356
790.556	0.000806878
791.111	0.0150369
791.667	0.00911016
792.222	0.00119122
792.778	0.00018802
793.333	0.0201066
793.889	0.0135883
794.444	0.00678258
795	0.00216571
795.556	0.00299202
796.111	0.00339978
796.667	0.0029568
797.222	0.0185274
797.778	0.0156719
798.333	0.0132401
798.889	0.00679314
799.444	9.85054e-06
800	0.004434
800.556	0.0120777
801.111	0.0157478
801.667	0.00659349
802.222	0.00477005
802.778	0.00161435
803.333	0.00159048
803.889	0.00637913
804.444	0.0141009
805	0.020535
805.556	0.00501365
806.111	0.00589064
806.667	0.00239104
807.222	0.00805345
807.778	0.00225081
808.333	0.0109815
808.889	0.0181447
809.444	0.00100766
810	0.0055544
810.556	0.00219255
811.111	0.010306
811.667	0.00425948
812.222	0.0195587
812.778	0.00188055
813.333	0.00648141
813.889	0.00658398
814.444	0.00775571
815	0.00312046
815.556	0.00106814
816.111	0.0215309
816.667	0.00347273
817.222	0.00467862
817.778	0.00961238
818.333	0.0118834
818.889	0.00457848
819.444	0.0110918
820	0.00923127
820.556	0.00820603
821.111	0.01079
821.667	0.00186925
822.222	0.0073727
822.778	0.00855873
823.333	0.0165967
823.889	0.00813754
824.444	0.00370914
825	0.0191359
825.556	0.00973762
826.111	0.00511735
826.667	0.00283633
827.222	0.00770655
827.778	0.00622674
828.333	0.00853821
828.889	0.0147527
829.444	0.00438883
830	0.00939214
830.556	0.00576622
831.111	0.00672846
831.667	0.00201736
832.222	0.0196778
832.778	0.00378699
833.333	0.00303834
833.889	0.00431726
834.444	0.00175329
835	0.00726179
835.556	0.0024206
836.111	0.0205841
836.667	0.00322159
837.222	0.0100797
837.778	0.00356232
838.333	0.00185809
838.889	0.000141534
839.444	0.0140161
840	0.0140539
840.556	0.00313359
841.111	0.00339013
841.667	0.00054469
842.222	0.00308734
842.778	0.00587254
843.333	0.0206995
843.889	0.0139774
844.444	0.00366596
845	0.00131539
845.556	0.00351886
846.111	0.00200266
846.667	0.00306009
847.222	0.0177872
847.778	0.0122661
848.333	0.00146102
848.889	0.00240195
849.444	0.00146918
850	0.00874143
850.556	0.0107913
851.111	0.020041
851.667	0.00220615
852.222	0.00669555
852.778	0.00132005
853.333	0.000567845
853.889	0.00619677
854.444	0.00918673
855	0.0184065
855.556	0.00238723
856.111	0.00357084
856.667	0.00324767
857.222	0.00992407
857.778	0.00165298
858.333	0.0151401
858.889	0.00781917
859.444	0.00843402
860	0.00444782
860.556	0.00167972
861.111	0.00735689
861.667	0.00382335
862.222	0.0184702
862.778	0.00320286
863.333	0.010623
863.889	0.00903146
864.444	0.00488735
865	0.00698865
865.556	0.00375297
866.111	0.00787895
866.667	0.00793364
867.222	0.00956841
867.778	0.00970172
868.333	0.00429183
868.889	0.0130698
869.444	0.0109378
870	0.00336597
870.556	0.010307
871.111	0.0150286
871.667	0.00220801
872.222	0.00460309
872.778	0.00685867
873.333	0.006643
873.889	0.00506009
874.444	0.00869839
875	0.0170502
875.556	0.00456728
876.111	0.0129189
876.667	0.00283985
877.222	0.00225472
877.778	0.00465366
878.333	0.0164026
878.889	0.00995009
879.444	0.00250807
880	0.0100951
880.556	0.00284868
881.111	0.00177382
881.667	0.00142658
882.222	0.0184513
882.778	0.00986033
883.333	0.00291035
883.889	0.00320645
884.444	9.36093e-05
885	0.000541659
885.556	0.0094593
886.111	0.01189
886.667	0.0125459
887.222	0.00368163
887.778	0.000609988
888.333	0.0019535
888.889	0.00791576
889.444	0.0155872
890	0.0133347
890.556	0.00883648
891.111	0.0012773
891.667	0.00121553
892.222	0.00380577
892.778	0.00236047
893.333	0.00944923
893.889	0.0160419
894.444	0.00337367
895	0.000384295
895.556	0.00228078
896.111	0.0129732
896.667	0.00424021
897.222	0.0118823
897.778	0.0117523
898.333	0.0072935
898.889	9.56565e-05
899.444	0.00249011
900	0.00931739
900.556	0.00289301
901.111	0.0149796
901.667	0.00895978
902.222	0.00759053
902.778	0.00716176
903.333	0.00723959
903.889	0.0050828
904.444	0.00544877
905	0.00997177
905.556	0.0130776
906.111	0.00297753
906.667	0.00945593
907.222	0.010198
907.778	0.00574482
908.333	0.00754837
908.889	0.00834987
909.444	0.011424
910	0.00946877
910.556	0.00187583
911.111	0.0071377
911.667	0.00215017
912.222	0.00526145
912.778	0.0120242
913.333	0.00563691
913.889	0.0153749
914.444	0.000241876
915	0.00928627
915.556	0.00321899
916.111	0.00149687
916.667	0.0107251
917.222	0.0109473
917.778	0.0110522
918.333	0.000471079
918.889	0.00878477
919.444	0.000995842
920	0.00349477
920.556	0.00467861
921.111	0.0167328
921.667	0.00925711
922.222	0.00621096
922.778	0.000731651
923.333	0.00440576
923.889	0.00571681
924.444	0.0081848
925	0.0136435
925.556	0.0110722
926.111	0.00720362
926.667	0.0012165
927.222	0.00300112
927.778	0.00184509
928.333	0.0109836
928.889	0.0161663
929.444	0.0039525
930	0.000877387
930.556	0.00427398
931.111	0.000182658
931.667	0.00335649
932.222	0.0102651
932.778	0.0176191
933.333	0.00223374
933.889	0.00373339
934.444	0.00272732
935	0.00412898
935.556	0.00503365
936.111	0.0123503
936.667	0.0131032
937.222	0.00321976
937.778	5.98315e-05
938.333	0.00274354
938.889	0.00328228
939.444	0.00344145
940	0.0175417
940.556	0.0068868
941.111	0.00645238
941.667	0.00197985
942.222	0.00837371
942.778	0.000279311
943.333	0.00379257
943.889	0.0163365
944.444	0.00734287
945	0.00477148
945.556	0.00304293
946.111	0.00610743
946.667	0.00274781
947.222	0.00846779
947.778	0.00885703
948.333	0.00880952
948.889	0.0104102
949.444	0.00396083
950	0.00274405
950.556	0.00560297
951.111	0.0121809
951.667	0.00974375
952.222	0.00829972
952.778	0.0112498
953.333	0.00501873
953.889	0.00510559
954.444	0.000790726
955	0.00838833
955.556	0.00920693
956.111	0.0128388
956.667	0.00609155
957.222	0.0014179
957.778	0.0088388
958.333	0.00213805
958.889	0.00839844
959.444	0.00577164
960	0.0160325
960.556	0.00257583
961.111	0.00281849
961.667	0.00441419
962.222	0.00103429
962.778	0.00930895
963.333	0.0083336
963.889	0.0138209
964.444	0.00393635
965	0.00472998
965.556	0.00387393
966.111	0.00446132
966.667	0.00256858
967.222	0.0149455
967.778	0.0104643
968.333	0.00309649
968.889	0.00267285
969.444	0.00564915
970	0.00508641
970.556	0.00134914
971.111	0.0156935
971.667	0.0108544
972.222	0.000700556
972.778	0.00256069
973.333	0.000883648
973.889	0.00225114
974.444	0.0074864
975	0.0139466
975.556	0.0108867
976.111	0.00446321
976.667	0.00498397
977.222	0.000921003
977.778	0.00344365
978.333	0.00828739
978.889	0.0161434
979.444	0.00702918
980	0.00485093
980.556	0.00292693
981.111	0.00275164
981.667	0.00305007
982.222	0.00692634
982.778	0.0141773
983.333	0.0103338
983.889	0.00053015
984.444	0.000253838
985	0.0057589
985.556	0.0020645
986.111	0.0135401
986.667	0.00918009
987.222	0.0120872
987.778	0.000207211
988.333	0.00158743
988.889	0.00439958
989.444	0.000922215
990	0.0136624
990.556	0.0114634
991.111	0.00842849
991.667	0.00312837
992.222	0.00244003
992.778	0.00721975
993.333	0.00591522
993.889	0.00736552
994.444	0.0137925
995	0.00703471
995.556	0.00406408
996.111	0.00176714
996.667	0.00997028
997.222	0.00816393
997.778	0.00852054
998.333	0.011842
998.889	0.0102516
999.444	0.00333321
1000	0.00380299
1000.56	0.00380299
1001.11	0.00333321
1001.67	0.0102516
1002.22	0.011842
1002.78	0.00852054
1003.33	0.00816393
1003.89	0.00997028
1004.44	0.00176714
1005	0.00406408
1005.56	0.00703471
1006.11	0.0137925
1006.67	0.00736552
1007.22	0.00591522
1007.78	0.00721975
1008.33	0.00244003
1008.89	0.00312837
1009.44	0.00842849
1010	0.0114634
1010.56	0.0136624
1011.11	0.000922215
1011.67	0.00439958
1012.22	0.00158743
1012.78	0.000207211
1013.33	0.0120872
1013.89	0.00918009
1014.44	0.0135401
1015	0.0020645
1015.56	0.0057589
1016.11	0.000253838
1016.67	0.00053015
1017.22	0.0103338
1017.78	0.0141773
1018.33	0.00692634
1018.89	0.00305007
1019.44	0.00275164
1020	0.00292693
1020.56	0.00485093
1021.11	0.00702918
1021.67	0.0161434
1022.22	0.00828739
1022.78	0.00344365
1023.33	0.000921003
1023.89	0.00498397
1024.44	0.00446321
1025	0.0108867
1025.56	0.0139466
1026.11	0.0074864
1026.67	0.00225114
1027.22	0.000883648
1027.78	0.00256069
1028.33	0.000700556
1028.89	0.0108544
1029.44	0.0156935
1030	0.00134914
1030.56	0.00508641
1031.11	0.00564915
1031.67	0.00267285
1032.22	0.00309649
1032.78	0.0104643
1033.33	0.0149455
1033.89	0.00256858
1034.44	0.00446132
1035	0.00387393
1035.56	0.00472998
1036.11	0.00393635
1036.67	0.0138209
1037.22	0.0083336
1037.78	0.00930895
1038.33	0.00103429
1038.89	0.00441419
1039.44	0.00281849
1040	0.00257583
1040.56	0.0160325
1041.11	0.00577164
1041.67	0.00839844
1042.22	0.00213805
1042.78	0.0088388
1043.33	0.0014179
1043.89	0.00609155
1044.44	0.0128388
1045	0.00920693
1045.56	0.00838833
1046.11	0.000790726
1046.67	0.00510559
1047.22	0.00501873
1047.78	0.0112498
1048.33	0.00829972
1048.89	0.00974375
1049.44	0.0121809
1050	0.00560297
1050.56	0.00274405
1051.11	0.00396083
1051.67	0.0104102
1052.22	0.00880952
1052.78	0.00885703
1053.33	0.00846779
1053.89	0.00274781
1054.44	0.00610743
1055	0.00304293
1055.56	0.00477148
1056.11	0.00734287
1056.67	0.0163365
1057.22	0.00379257
1057.78	0.000279311
1058.33	0.00837371
1058.89	0.00197985
1059.44	0.00645238
1060	0.0068868
1060.56	0.0175417
1061.11	0.00344145
1061.67	0.00328228
1062.22	0.00274354
1062.78	5.98315e-05
1063.33	0.00321976
1063.89	0.0131032
1064.44	0.0123503
1065	0.00503365
1065.56	0.00412898
1066.11	0.00272732
1066.67	0.00373339
1067.22	0.00223374
1067.78	0.0176191
1068.33	0.0102651
1068.89	0.00335649
1069.44	0.000182658
1070	0.00427398
1070.56	0.000877387
1071.11	0.0039525
1071.67	0.0161663
1072.22	0.0109836
1072.78	0.00184509
1073.33	0.00300112
1073.89	0.0012165
1074.44	0.00720362
1075	0.0110722
1075.56	0.0136435
1076.11	0.0081848
1076.67	0.00571681
1077.22	0.00440576
1077.78	0.000731651
1078.33	0.00621096
1078.89	0.00925711
1079.44	0.0167328
1080	0.00467861
1080.56	0.00349477
1081.11	0.000995842
1081.67	0.00878477
1082.22	0.000471079
1082.78	0.0110522
1083.33	0.0109473
1083.89	0.0107251
1084.44	0.00149687
1085	0.00321899
1085.56	0.00928627
1086.11	0.000241876
1086.67	0.0153749
1087.22	0.00563691
1087.78	0.0120242
1088.33	0.00526145
1088.89	0.00215017
1089.44	0.0071377
1090	0.00187583
1090.56	0.00946877
1091.11	0.011424
1091.67	0.00834987
1092.22	0.00754837
1092.78	0.00574482
1093.33	0.010198
1093.89	0.00945593
1094.44	0.00297753
1095	0.0130776
1095.56	0.00997177
1096.11	0.00544877
1096.67	0.0050828
1097.22	0.00723959
1097.78	0.00716176
1098.33	0.00759053
1098.89	0.00895978
1099.44	0.0149796
1100	0.00289301
1100.56	0.00931739
1101.11	0.00249011
1101.67	9.56565e-05
1102.22	0.0072935
1102.78	0.0117523
1103.33	0.0118823
1103.89	0.00424021
1104.44	0.0129732
1105	0.00228078
1105.56	0.000384295
1106.11	0.00337367
1106.67	0.0160419
1107.22	0.00944923
1107.78	0.00236047
1108.33	0.00380577
1108.89	0.00121553
1109.44	0.0012773
1110	0.00883648
1110.56	0.0133347
1111.11	0.0155872
1111.67	0.00791576
1112.22	0.0019535
1112.78	0.000609988
1113.33	0.00368163
1113.89	0.0125459
1114.44	0.01189
1115	0.0094593
1115.56	0.000541659
1116.11	9.36093e-05
1116.67	0.00320645
1117.22	0.00291035
1117.78	0.00986033
1118.33	0.0184513
1118.89	0.00142658
1119.44	0.00177382
1120	0.00284868
1120.56	0.0100951
1121.11	0.00250807
1121.67	0.00995009
1122.22	0.0164026
1122.78	0.00465366
1123.33	0.00225472
1123.89	0.00283985
1124.44	0.0129189
1125	0.00456728
1125.56	0.0170502
1126.11	0.00869839
1126.67	0.00506009
1127.22	0.006643
1127.78	0.00685867
1128.33	0.00460309
1128.89	0.00220801
1129.44	0.0150286
1130	0.010307
1130.56	0.00336597
1131.11	0.0109378
1131.67	0.0130698
1132.22	0.00429183
1132.78	0.00970172
1133.33	0.00956841
1133.89	0.00793364
1134.44	0.00787895
1135	0.00375297
1135.56	0.00698865
1136.11	0.00488735
1136.67	0.00903146
1137.22	0.010623
1137.78	0.00320286
1138.33	0.0184702
1138.89	0.00382335
1139.44	0.00735689
1140	0.00167972
1140.56	0.00444782
1141.11	0.00843402
1141.67	0.00781917
1142.22	0.0151401
1142.78	0.00165298
1143.33	0.00992407
1143.89	0.00324767
1144.44	0.00357084
1145	0.00238723
1145.56	0.0184065
1146.11	0.00918673
1146.67	0.00619677
1147.22	0.000567845
1147.78	0.00132005
1148.33	0.00669555
1148.89	0.00220615
1149.44	0.020041
1150	0.0107913
1150.56	0.00874143
1151.11	0.00146918
1151.67	0.00240195
1152.22	0.00146102
1152.78	0.0122661
1153.33	0.0177872
1153.89	0.00306009
1154.44	0.00200266
1155	0.00351886
1155.56	0.00131539
1156.11	0.00366596
1156.67	0.0139774
1157.22	0.0206995
1157.78	0.00587254
1158.33	0.00308734
1158.89	0.00054469
1159.44	0.00339013
1160	0.00313359
1160.56	0.0140539
1161.11	0.0140161
1161.67	0.000141534
1162.22	0.00185809
1162.78	0.00356232
1163.33	0.0100797
1163.89	0.00322159
1164.44	0.0205841
1165	0.0024206
1165.56	0.00726179
1166.11	0.00175329
1166.67	0.00431726
1167.22	0.00303834
1167.78	0.00378699
1168.33	0.0196778
1168.89	0.00201736
1169.44	0.00672846
1170	0.00576622
1170.56	0.00939214
1171.11	0.00438883
1171.67	0.0147527
1172.22	0.00853821
1172.78	0.00622674
1173.33	0.00770655
1173.89	0.00283633
1174.44	0.00511735
1175	0.00973762
1175.56	0.0191359
1176.11	0.00370914
1176.67	0.00813754
1177.22	0.0165967
1177.78	0.00855873
1178.33	0.0073727
1178.89	0.00186925
1179.44	0.01079
1180	0.00820603
1180.56	0.00923127
1181.11	0.0110918
1181.67	0.00457848
1182.22	0.0118834
1182.78	0.00961238
1183.33	0.00467862
1183.89	0.00347273
1184.44	0.0215309
1185	0.00106814
1185.56	0.00312046
1186.11	0.00775571
1186.67	0.00658398
1187.22	0.00648141
1187.78	0.00188055
1188.33	0.0195587
1188.89	0.00425948
1189.44	0.010306
1190	0.00219255
1190.56	0.0055544
1191.11	0.00100766
1191.67	0.0181447
1192.22	0.0109815
1192.78	0.00225081
1193.33	0.00805345
1193.89	0.00239104
1194.44	0.00589064
1195	0.00501365
1195.56	0.020535
1196.11	0.0141009
1196.67	0.00637913
1197.22	0.00159048
1197.78	0.00161435
1198.33	0.00477005
1198.89	0.00659349
1199.44	0.0157478
1200	0.0120777
1200.56	0.004434
1201.11	9.85054e-06
1201.67	0.00679314
1202.22	0.0132401
1202.78	0.0156719
1203.33	0.0185274
1203.89	0.0029568
1204.44	0.00339978
1205	0.00299202
1205.56	0.00216571
1206.11	0.00678258
1206.67	0.0135883
1207.22	0.0201066
1207.78	0.00018802
1208.33	0.00119122
1208.89	0.00911016
1209.44	0.0150369
1210	0.000806878
1210.56	0.0152356
1211.11	0.00961381
1211.67	0.0085985
1212.22	0.000353091
1212.78	0.00608555
1213.33	0.0154058
1213.89	0.00197765
1214.44	0.0183534
1215	0.00258885
1215.56	0.0070704
1216.11	0.0135262
1216.67	0.00697636
1217.22	0.00895684
1217.78	0.00700278
1218.33	0.00984473
1218.89	0.00878331
1219.44	0.00400812
1220	0.0118509
1220.56	0.0102647
1221.11	0.0116941
1221.67	0.0176144
1222.22	0.000589558
1222.78	0.00848655
1223.33	0.0146126
1223.89	0.00284132
1224.44	0.00840783
1225	0.00734712
1225.56	0.0128201
1226.11	0.00709052
1226.67	0.0038703
1227.22	0.0174846
1227.78	0.00200726
1228.33	0.0143687
1228.89	0.0101307
1229.44	0.000452026
1230	0.00470416
1230.56	0.0159101
1231.11	0.0141504
1231.67	0.00148379
1232.22	0.0151134
1232.78	0.00660415
1233.33	0.00330294
1233.89	0.0014868
1234.44	0.0214235
1235	0.0103287
1235.56	0.0111111
1236.11	0.00153841
1236.67	0.00137162
1237.22	0.00209041
1237.78	0.00826206
1238.33	0.0190034
1238.89	0.0142128
1239.44	0.0135459
1240	0.00594756
1240.56	0.00360382
1241.11	0.00951575
1241.67	0.0160657
1242.22	0.017176
1242.78	0.00278165
1243.33	0.000360968
1243.89	0.00181427
1244.44	0.00409643
1245	0.00394533
1245.56	0.0122922
1246.11	0.0220152
1246.67	0.00925309
1247.22	0.00164806
1247.78	0.00710385
1248.33	0.0158615
1248.89	0.00457895
1249.44	0.0150407
1250	0.0119569
1250.56	0.00123839
1251.11	0.00673683
1251.67	0.00333516
1252.22	0.0109007
1252.78	0.00720171
1253.33	0.0233291
1253.89	0.00184923
1254.44	0.00440128
1255	0.0127406
1255.56	0.0109834
1256.11	0.00297973
1256.67	0.00490365
1257.22	0.0172002
1257.78	0.00732564
1258.33	0.0027503
1258.89	0.0138918
1259.44	0.0195302
1260	0.00529779
1260.56	0.0172467
1261.11	0.00293386
1261.67	0.00587095
1262.22	0.0151792
1262.78	0.00252253
1263.33	0.0122122
1263.89	0.00702759
1264.44	0.0140659
1265	0.00900231
1265.56	0.00210522
1266.11	0.0249247
1266.67	0.0109425
1267.22	0.0119368
1267.78	0.00851413
1268.33	0.00406874
1268.89	0.00331552
1269.44	0.00947483
1270	0.0145973
1270.56	0.00596304
1271.11	0.0140306
1271.67	0.0113758
1272.22	0.00632587
1272.78	0.00344014
1273.33	0.0203162
1273.89	0.00513043
1274.44	0.0117852
1275	0.00336677
1275.56	0.000368688
1276.11	0.00455397
1276.67	0.00361694
1277.22	0.0252572
1277.78	0.00378538
1278.33	0.0158231
1278.89	0.00818324
1279.44	0.00375666
1280	0.00631062
1280.56	0.0158124
1281.11	0.0140953
1281.67	0.00370366
1282.22	0.00150891
1282.78	0.000973751
1283.33	0.00148997
1283.89	0.00803928
1284.44	0.0181121
1285	0.0219545
1285.56	0.0118696
1286.11	0.00956473
1286.67	0.000960969
1287.22	0.0116306
1287.78	0.00433954
1288.33	0.0204237
1288.89	0.0115022
1289.44	0.00312643
1290	0.00190782
1290.56	0.00223602
1291.11	0.0136572
1291.67	0.0111347
1292.22	0.0295969
1292.78	0.00673102
1293.33	0.00701396
1293.89	0.00475443
1294.44	0.00689512
1295	0.00766012
1295.56	0.00694754
1296.11	0.0188372
1296.67	0.00119609
1297.22	0.00619573
1297.78	0.00997421
1298.33	0.0187654
1298.89	0.00311272
1299.44	0.024918
1300	0.00320617
1300.56	0.00840848
1301.11	0.0105819
1301.67	0.00322723
1302.22	0.00166924
1302.78	0.00381954
1303.33	0.0240185
1303.89	0.00225284
1304.44	0.0040499
1305	0.0173187
1305.56	0.0162737
1306.11	0.01003
1306.67	0.0106773
1307.22	0.00821736
1307.78	0.00311078
1308.33	0.0114049
1308.89	0.00961817
1309.44	0.00630792
1310	0.0155628
1310.56	0.0198988
1311.11	0.000375797
1311.67	0.00351587
1312.22	0.0292412
1312.78	0.00344635
1313.33	0.00540218
1313.89	0.000771783
1314.44	0.0101884
1315	0.000538483
1315.56	0.00570138
1316.11	0.026325
1316.67	0.00598107
1317.22	0.0203339
1317.78	0.0125058
1318.33	0.00192122
1318.89	0.00451822
1319.44	0.0262764
1320	0.0112341
1320.56	5.91331e-06
1321.11	0.00971547
1321.67	0.00451228
1322.22	0.00398283
1322.78	0.00865155
1323.33	0.0314776
1323.89	0.013459
1324.44	0.0132432
1325	0.00328164
1325.56	0.000471932
1326.11	0.00689366
1326.67	0.0129479
1327.22	0.0154785
1327.78	0.00361976
1328.33	0.0077511
1328.89	0.00323321
1329.44	0.00624001
1330	0.0193871
1330.56	0.021222
1331.11	0.0220224
1331.67	0.00179954
1332.22	0.00562972
1332.78	0.00561863
1333.33	0.00832812
1333.89	0.00354751
1334.44	0.014019
1335	0.0225713
1335.56	0.00279714
1336.11	0.00412564
1336.67	0.0143725
1337.22	0.0242522
1337.78	0.00640588
1338.33	0.023585
1338.89	0.000152017
1339.44	0.00756857
1340	0.00625656
1340.56	0.000433407
1341.11	0.0114837
1341.67	0.00475131
1342.22	0.0236709
1342.78	0.00485068
1343.33	0.00873505
1343.89	0.022898
1344.44	0.0182287
1345	0.00847245
1345.56	0.0120862
1346.11	0.0109537
1346.67	0.0105544
1347.22	0.00612831
1347.78	0.0199242
1348.33	0.0144497
1348.89	0.00689179
1349.44	0.0228031
1350	0.00358169
1350.56	0.0126285
1351.11	0.021818
1351.67	2.00222e-05
1352.22	0.015373
1352.78	0.0011832
1353.33	0.0116757
1353.89	0.000132846
1354.44	0.00091551
1355	0.0262983
1355.56	0.0105968
1356.11	0.0194734
1356.67	0.0161851
1357.22	0.011043
1357.78	0.00104716
1358.33	0.0222452
1358.89	0.0123129
1359.44	0.00555631
1360	0.0106975
1360.56	0.0113905
1361.11	0.00118392
1361.67	0.00742108
1362.22	0.0294612
1362.78	0.00963204
1363.33	0.00980516
1363.89	0.0103614
1364.44	0.00558225
1365	0.00311827
1365.56	0.0164418
1366.11	0.0189109
1366.67	0.00540009
1367.22	0.0152921
1367.78	0.0102168
1368.33	0.00107094
1368.89	0.0195033
1369.44	0.0221234
1370	0.023098
1370.56	0.00602858
1371.11	0.00798859
1371.67	0.000808576
1372.22	0.00247849
1372.78	0.000555224
1373.33	0.0220341
1373.89	0.0263411
1374.44	0.0159864
1375	0.013124
1375.56	0.0122847
1376.11	0.024279
1376.67	0.0145171
1377.22	0.0155198
1377.78	0.010096
1378.33	0.000260339
1378.89	0.00774017
1379.44	0.00239029
1380	0.0174796
1380.56	0.0106845
1381.11	0.0266508
1381.67	0.00900135
1382.22	0.0140965
1382.78	0.0197918
1383.33	0.0219187
1383.89	0.00404598
1384.44	0.00312662
1385	0.0169664
1385.56	0.000278655
1386.11	0.0130367
1386.67	0.0167953
1387.22	0.0211456
1387.78	0.0013216
1388.33	0.0185686
1388.89	0.00264768
1389.44	0.00278564
1390	0.0239237
1390.56	0.00692018
1391.11	0.00885288
1391.67	0.000597345
1392.22	0.0180022
1392.78	0.00213098
1393.33	0.00713898
1393.89	0.026733
1394.44	0.0145887
1395	0.0120271
1395.56	0.0237329
1396.11	0.0023893
1396.67	0.000533511
1397.22	0.0216003
1397.78	0.0103672
1398.33	0.0122841
1398.89	0.0161286
1399.44	0.0132495
1400	0.00178583
1400.56	0.00736023
1401.11	0.0298165
1401.67	0.00224493
1402.22	0.016085
1402.78	0.0100356
1403.33	0.00471764
1403.89	0.00419582
1404.44	0.0102758
1405	0.0300632
1405.56	0.00250147
1406.11	0.01895
1406.67	0.0190338
1407.22	0.00221405
1407.78	0.0118824
1408.33	0.0264624
1408.89	0.0124364
1409.44	0.00820282
1410	0.00458737
1410.56	0.00490495
1411.11	0.0013838
1411.67	0.0120781
1412.22	0.0326468
1412.78	0.0106213
1413.33	0.0252466
1413.89	0.014603
1414.44	0.000698984
1415	0.00932648
1415.56	0.0114879
1416.11	0.0152399
1416.67	0.00265315
1417.22	0.00456988
1417.78	0.000846109
1418.33	0.00807688
1418.89	0.0218238
1419.44	0.0175167
1420	0.0274054
1420.56	0.00989098
1421.11	0.0133806
1421.67	0.0182785
1422.22	0.0158262
1422.78	0.00148797
1423.33	0.00680299
1423.89	0.0198054
1424.44	0.00195112
1425	0.0124948
1425.56	0.0085116
1426.11	0.0187816
1426.67	0.00535052
1427.22	0.0299087
1427.78	0.00299922
1428.33	0.010993
1428.89	0.0103572
1429.44	0.00629355
1430	0.0125933
1430.56	0.0092248
1431.11	0.0264731
1431.67	0.000854759
1432.22	0.0218176
1432.78	0.0171843
1433.33	0.022014
1433.89	0.0122162
1434.44	0.0374602
1435	0.00100772
1435.56	4.36419e-06
1436.11	0.00932436
1436.67	0.00316836
1437.22	0.0219804
1437.78	0.0130346
1438.33	0.022379
1438.89	0.00164396
1439.44	0.012796
1440	0.0380655
1440.56	0.00773497
1441.11	0.00603461
1441.67	0.00601733
1442.22	4.47107e-05
1442.78	0.00225334
1443.33	0.00425463
1443.89	0.0259316
1444.44	0.00291676
1445	0.0171938
1445.56	0.0140509
1446.11	0.00336818
1446.67	0.0184619
1447.22	0.0233439
1447.78	0.00113121
1448.33	0.0119929
1448.89	0.00204173
1449.44	0.00660766
1450	0.00220522
1450.56	0.00212803
1451.11	0.0494844
1451.67	0.0193948
1452.22	0.0111999
1452.78	0.0145479
1453.33	0.00160624
1453.89	0.0207392
1454.44	0.0261455
1455	0.00677448
1455.56	0.0120916
1456.11	0.00423566
1456.67	0.0125075
1457.22	0.00465351
1457.78	0.0189532
1458.33	0.0099227
1458.89	0.0285395
1459.44	0.0185377
1460	0.017746
1460.56	0.00453155
1461.11	0.0227537
1461.67	0.00463541
1462.22	0.0108894
1462.78	0.0265549
1463.33	0.00169517
1463.89	0.015803
1464.44	0.0212634
1465	0.0380267
1465.56	0.0167553
1466.11	0.0309666
1466.67	0.00381134
1467.22	0.0116942
1467.78	0.00858785
1468.33	0.00037102
1468.89	0.0196813
1469.44	0.0126105
1470	0.0119714
1470.56	0.0164386
1471.11	0.0181084
1471.67	0.0178039
1472.22	0.0308835
1472.78	0.00838696
1473.33	0.0262388
1473.89	0.00175331
1474.44	0.0108074
1475	0.00939138
1475.56	0.0199147
1476.11	0.00566088
1476.67	0.0211963
1477.22	0.0262628
1477.78	0.0127298
1478.33	0.0164452
1478.89	0.0317596
1479.44	0.0129442
1480	0.00908644
1480.56	0.00686599
1481.11	0.00929271
1481.67	0.00473628
1482.22	0.0023989
1482.78	0.0198462
1483.33	0.00236429
1483.89	0.0246429
1484.44	0.0335748
1485	0.0125167
1485.56	0.00346866
1486.11	0.0275665
1486.67	0.00583551
1487.22	0.0118813
1487.78	0.00210476
1488.33	0.0140084
1488.89	0.00303674
1489.44	0.00495414
1490	0.0259723
1490.56	0.00274457
1491.11	0.022278
1491.67	0.0254121
1492.22	0.0157717
1492.78	0.00129937
1493.33	0.0277455
1493.89	0.0112451
1494.44	0.0047414
1495	0.0160057
1495.56	0.00193328
1496.11	0.000411281
1496.67	0.0237095
1497.22	0.0360355
1497.78	0.0124949
1498.33	0.00957531
1498.89	0.00747217
1499.44	0.000990563
1500	0.00346287
1500.56	0.00414308
1501.11	0.0211047
1501.67	0.0259211
1502.22	0.0251067
1502.78	0.0176861
1503.33	0.0105534
1503.89	0.0242356
1504.44	0.0213264
1505	0.0150349
1505.56	0.0102075
1506.11	0.00991266
1506.67	0.0208188
1507.22	0.0193899
1507.78	0.0276649
1508.33	0.00663995
1508.89	0.0255816
1509.44	0.0324039
1510	0.0262337
1510.56	0.0171171
1511.11	0.0279911
1511.67	0.00948159
1512.22	0.0270464
1512.78	0.0131518
1513.33	0.0101244
1513.89	0.00636784
1514.44	0.00308927
1515	0.0305886
1515.56	0.0247153
1516.11	0.0182857
1516.67	0.0220045
1517.22	0.00843291
1517.78	0.0287837
1518.33	0.0222459
1518.89	0.0204735
1519.44	0.00146523
1520	0.0213128
1520.56	0.0110292
1521.11	0.0147599
1521.67	0.0278753
1522.22	0.020005
1522.78	0.00215892
1523.33	0.0176893
1523.89	0.00345432
1524.44	0.00199493
1525	0.0333458
1525.56	0.0139041
1526.11	0.0292182
1526.67	0.00557116
1527.22	0.0023259
1527.78	0.00957281
1528.33	0.000730373
1528.89	0.0374362
1529.44	0.0162191
1530	0.0100997
1530.56	0.0262938
1531.11	0.0182258
1531.67	0.00480268
1532.22	0.0367467
1532.78	0.0150939
1533.33	0.0138969
1533.89	0.00350209
1534.44	0.046576
1535	0.00514762
1535.56	0.00498418
1536.11	0.0384542
1536.67	0.0050982
1537.22	0.00705271
1537.78	0.00320259
1538.33	0.00201756
1538.89	0.0101729
1539.44	0.00749031
1540	0.0428512
1540.56	0.00740758
1541.11	0.0268315
1541.67	0.0193148
1542.22	0.0117931
1542.78	0.0141343
1543.33	0.0467305
1543.89	0.032444
1544.44	0.00119584
1545	0.0014902
1545.56	0.00505563
1546.11	0.0203649
1546.67	0.0142876
1547.22	0.0433535
1547.78	0.014313
1548.33	0.0382186
1548.89	0.0267719
1549.44	0.00155936
1550	0.0292695
1550.56	0.00493008
1551.11	0.00764043
1551.67	0.0254337
1552.22	0.0171546
1552.78	0.0126506
1553.33	0.00762549
1553.89	0.0236481
1554.44	0.0310697
1555	0.0359025
1555.56	0.00637184
1556.11	0.039145
1556.67	0.00698521
1557.22	0.0252041
1557.78	0.0110998
1558.33	0.00847369
1558.89	0.00507207
1559.44	0.00266963
1560	0.00196854
1560.56	0.0329649
1561.11	0.0355307
1561.67	0.0219378
1562.22	0.0451168
1562.78	0.021914
1563.33	0.00529037
1563.89	0.0395165
1564.44	0.0265962
1565	0.00584438
1565.56	0.000559625
1566.11	0.0280258
1566.67	0.0230091
1567.22	0.0317917
1567.78	0.0308432
1568.33	0.0106637
1568.89	0.0164895
1569.44	0.0043789
1570	0.0429836
1570.56	0.0197143
1571.11	0.0282328
1571.67	0.0472501
1572.22	0.0338047
1572.78	0.0279201
1573.33	0.0237943
1573.89	0.0131357
1574.44	0.0113931
1575	0.0658248
1575.56	0.00330595
1576.11	0.0346478
1576.67	0.000153022
1577.22	0.00855485
1577.78	0.00774076
1578.33	0.000200412
1578.89	0.0337199
1579.44	0.0159075
1580	0.0336565
1580.56	0.0395642
1581.11	0.0124182
1581.67	0.0177108
1582.22	0.0185956
1582.78	0.00941211
1583.33	0.0265677
1583.89	0.0141879
1584.44	0.0330377
1585	0.00194696
1585.56	0.0305457
1586.11	0.0383961
1586.67	0.037646
1587.22	0.0428865
1587.78	0.0100576
1588.33	0.0237147
1588.89	0.0221257
1589.44	0.0023844
1590	0.00353042
1590.56	0.0129953
1591.11	0.00806243
1591.67	0.00990141
1592.22	0.0183076
1592.78	0.00760337
1593.33	0.0656588
1593.89	0.00013944
1594.44	0.00575218
1595	0.0140146
1595.56	0.00474751
1596.11	0.0947072
1596.67	0.0462323
1597.22	0.0156528
1597.78	0.0281902
1598.33	0.0244523
1598.89	0.0420942
1599.44	0.0165464
1600	0.077718
1600.56	0.0277123
1601.11	0.0231349
1601.67	0.0153532
1602.22	0.00279154
1602.78	0.00496634
1603.33	0.0146798
1603.89	0.0235211
1604.44	0.00438797
1605	0.00238814
1605.56	0.00888008
1606.11	0.0532568
1606.67	0.00413979
1607.22	0.022999
1607.78	0.0651369
1608.33	0.020606
1608.89	0.0213244
1609.44	0.00957588
1610	0.0216247
1610.56	0.017671
1611.11	0.00958889
1611.67	0.00197097
1612.22	0.0587063
1612.78	0.0188454
1613.33	0.00975005
1613.89	0.0525387
1614.44	0.0151331
1615	0.0498947
1615.56	0.0142471
1616.11	0.00395716
1616.67	0.0318564
1617.22	0.00516153
1617.78	0.0279128
1618.33	0.010649
1618.89	0.0341947
1619.44	0.00461299
1620	0.00213494
1620.56	0.0145477
1621.11	0.079476
1621.67	0.0706691
1622.22	0.000303155
1622.78	0.038072
1623.33	0.036899
1623.89	0.0485619
1624.44	0.00443297
1625	0.00424403
1625.56	0.0400096
1626.11	0.0312496
1626.67	0.0302659
1627.22	0.0320991
1627.78	0.0142992
1628.33	0.0382752
1628.89	0.0340703
1629.44	0.00435319
1630	0.00569758
1630.56	0.0219627
1631.11	0.047549
1631.67	0.0736604
1632.22	0.00674125
1632.78	0.0161805
1633.33	0.0149083
1633.89	0.0110375
1634.44	0.0252361
1635	0.0245289
1635.56	0.0105061
1636.11	0.0334667
1636.67	0.0107527
1637.22	0.04057
1637.78	0.0286608
1638.33	0.0497961
1638.89	0.0558986
1639.44	0.0158905
1640	0.0853157
1640.56	0.0092387
1641.11	0.00550797
1641.67	0.0255216
1642.22	0.00350278
1642.78	0.0683011
1643.33	0.0225818
1643.89	0.0136667
1644.44	0.0230872
1645	0.00879709
1645.56	0.0196746
1646.11	0.0380564
1646.67	0.00448433
1647.22	0.0171694
1647.78	0.0192489
1648.33	0.024609
1648.89	0.0362406
1649.44	0.00414343
1650	0.0320489
1650.56	0.00306851
1651.11	0.00864353
1651.67	0.0662261
1652.22	0.0458225
1652.78	0.00192367
1653.33	0.0266081
1653.89	0.0425154
1654.44	0.0039959
1655	0.0146941
1655.56	0.0188764
1656.11	0.0563792
1656.67	0.0378821
1657.22	0.0125961
1657.78	0.063579
1658.33	0.0552554
1658.89	0.0647189
1659.44	0.00108822
1660	0.0443053
1660.56	0.011954
1661.11	0.0127859
1661.67	0.0109895
1662.22	0.029723
1662.78	0.0321528
1663.33	0.0339708
1663.89	0.00900127
1664.44	0.0342295
1665	0.0602397
1665.56	0.0481931
1666.11	0.0295286
1666.67	0.00560678
1667.22	0.0604289
1667.78	0.010519
1668.33	0.0263998
1668.89	0.0390096
1669.44	0.0389202
1670	0.0147616
1670.56	0.0596957
1671.11	0.02845
1671.67	0.0363481
1672.22	0.0161224
1672.78	0.0873276
1673.33	0.0922456
1673.89	0.0381811
1674.44	0.00497203
1675	0.0712989
1675.56	0.0299441
1676.11	0.0115243
1676.67	0.103418
1677.22	0.00348122
1677.78	0.0785611
1678.33	0.0936795
1678.89	0.0120176
1679.44	0.0142989
1680	0.0337202
1680.56	0.0236452
1681.11	0.0265195
1681.67	0.0688699
1682.22	0.0319022
1682.78	0.0188166
1683.33	0.0171272
1683.89	0.125912
1684.44	0.0686001
1685	0.0135163
1685.56	0.0762816
1686.11	0.00504787
1686.67	0.0469367
1687.22	0.0249865
1687.78	0.0489885
1688.33	0.0272556
1688.89	0.000237246
1689.44	0.0629793
1690	0.0268723
1690.56	0.112953
1691.11	0.0410538
1691.67	0.0127186
1692.22	0.0714742
1692.78	0.0314756
1693.33	0.0044995
1693.89	0.0586831
1694.44	0.0172322
1695	0.0252227
1695.56	0.0105195
1696.11	0.00871476
1696.67	0.0746348
1697.22	0.112723
1697.78	0.0153718
1698.33	0.0202057
1698.89	0.065616
1699.44	0.0434746
1700	0.0766072
1700.56	0.164848
1701.11	0.0289892
1701.67	0.0174437
1702.22	0.0759063
1702.78	0.0671312
1703.33	0.0982235
1703.89	0.0410156
1704.44	0.00552893
1705	0.00476017
1705.56	0.095679
1706.11	0.0718258
1706.67	0.0770957
1707.22	0.0565041
1707.78	0.0127984
1708.33	0.079567
1708.89	0.0728765
1709.44	0.102944
1710	0.0739961
1710.56	0.0159518
1711.11	0.0868222
1711.67	0.112049
1712.22	0.0262933
1712.78	0.016825
1713.33	0.0813885
1713.89	0.0298829
1714.44	0.014652
1715	0.00349708
1715.56	0.0406581
1716.11	0.0690842
1716.67	0.00912794
1717.22	0.112379
1717.78	0.107065
1718.33	0.0276056
1718.89	0.0808552
1719.44	0.0178404
1720	0.0927789
1720.56	0.0184646
1721.11	0.0704904
1721.67	0.00531234
1722.22	0.0599434
1722.78	0.0707627
1723.33	0.0116584
1723.89	0.0132867
1724.44	0.081127
1725	0.0281621
1725.56	0.000153431
1726.11	0.0204949
1726.67	0.144253
1727.22	0.101513
1727.78	0.0366015
1728.33	0.065273
1728.89	0.00434112
1729.44	0.121028
1730	0.137115
1730.56	0.0371691
1731.11	0.0606037
1731.67	0.0868849
1732.22	0.0997462
1732.78	0.0982729
1733.33	0.0491296
1733.89	0.139903
1734.44	0.0623817
1735	0.0269496
1735.56	0.0368724
1736.11	0.036804
1736.67	0.132657
1737.22	0.0314049
1737.78	0.185454
1738.33	0.029231
1738.89	0.0493218
1739.44	0.0198096
1740	0.137765
1740.56	0.083281
1741.11	0.154923
1741.67	0.166101
1742.22	0.133955
1742.78	0.105338
1743.33	0.0334685
1743.89	0.13001
1744.44	0.0822742
1745	0.045162
1745.56	0.215326
1746.11	0.0359437
1746.67	0.0830001
1747.22	0.0657915
1747.78	0.085248
1748.33	0.0512827
1748.89	0.0729249
1749.44	0.0287373
1750	0.0163118
1750.56	0.223878
1751.11	0.18016
1751.67	0.0221534
1752.22	0.0179636
1752.78	0.0883121
1753.33	0.00625487
1753.89	0.0702308
1754.44	0.0739951
1755	0.0791999
1755.56	0.0185657
1756.11	0.15307
1756.67	0.187645
1757.22	0.0203851
1757.78	0.101085
1758.33	0.0150452
1758.89	0.0593953
1759.44	0.0886381
1760	0.0555973
1760.56	0.119176
1761.11	0.179007
1761.67	0.163979
1762.22	0.0525726
1762.78	0.0114134
1763.33	0.0697297
1763.89	0.0066639
1764.44	0.0651449
1765	0.107166
1765.56	0.100881
1766.11	0.00674476
1766.67	0.137726
1767.22	0.0872426
1767.78	0.103571
1768.33	0.10919
1768.89	0.000504236
1769.44	0.143359
1770	0.0972355
1770.56	0.048661
1771.11	0.129004
1771.67	0.138325
1772.22	0.0550425
1772.78	0.0127342
1773.33	0.0163561
1773.89	0.264273
1774.44	0.0073087
1775	0.0908094
1775.56	0.0656145
1776.11	0.131235
1776.67	0.0661436
1777.22	0.141324
1777.78	0.0446923
1778.33	0.0224862
1778.89	0.0903283
1779.44	0.0531383
1780	0.00168665
1780.56	0.151041
1781.11	0.0760942
1781.67	0.10129
1782.22	0.0139105
1782.78	0.103539
1783.33	0.0812953
1783.89	0.133682
1784.44	0.0822095
1785	0.120902
1785.56	0.11989
1786.11	0.141863
1786.67	0.208536
1787.22	0.0354458
1787.78	0.132102
1788.33	0.119521
1788.89	0.426417
1789.44	0.19847
1790	0.0928381
1790.56	0.0658633
1791.11	0.264415
1791.67	0.126216
1792.22	0.264726
1792.78	0.0692826
1793.33	0.0954932
1793.89	0.0469681
1794.44	0.181242
1795	0.174913
1795.56	0.0578609
1796.11	0.129604
1796.67	0.156963
1797.22	0.101665
1797.78	0.18812
1798.33	0.00666029
1798.89	0.163097
1799.44	0.195433
1800	0.0820034
1800.56	0.186498
1801.11	0.0696354
1801.67	0.184928
1802.22	0.00459826
1802.78	0.0925914
1803.33	0.0730703
1803.89	0.128816
1804.44	0.0210264
1805	0.0970156
1805.56	0.433723
1806.11	0.344773
1806.67	0.143063
1807.22	0.360544
1807.78	0.295409
1808.33	0.249137
1808.89	0.221673
1809.44	0.0142558
1810	0.082551
1810.56	0.151007
1811.11	0.0587799
1811.67	0.136173
1812.22	0.117931
1812.78	0.0602656
1813.33	0.0443719
1813.89	0.0105663
1814.44	0.045513
1815	0.0379924
1815.56	0.0622153
1816.11	0.171322
1816.67	0.365769
1817.22	0.0410743
1817.78	0.144757
1818.33	0.303701
1818.89	0.00416424
1819.44	0.125819
1820	0.0237474
1820.56	0.0719299
1821.11	0.00452525
1821.67	0.0901044
1822.22	8.97484e-05
1822.78	0.562554
1823.33	0.0288074
1823.89	0.0573491
1824.44	0.114379
1825	0.209775
1825.56	0.296622
1826.11	0.291178
1826.67	0.225308
1827.22	0.11035
1827.78	0.0999176
1828.33	0.0359649
1828.89	0.0758984
1829.44	0.0437849
1830	0.0738571
1830.56	0.324044
1831.11	0.00726034
1831.67	0.156999
1832.22	0.335456
1832.78	0.188293
1833.33	0.0145597
1833.89	0.139274
1834.44	0.270422
1835	0.203773
1835.56	0.208739
1836.11	0.125384
1836.67	0.0445881
1837.22	0.00924906
1837.78	0.262938
1838.33	0.187459
1838.89	0.11244
1839.44	0.585337
1840	0.0565794
1840.56	0.279065
1841.11	0.144528
1841.67	0.0135824
1842.22	0.343919
1842.78	0.236708
1843.33	0.140606
1843.89	0.217005
1844.44	0.48312
1845	0.302307
1845.56	0.174248
1846.11	0.526028
1846.67	0.200798
1847.22	0.0783067
1847.78	0.0825506
1848.33	0.127792
1848.89	0.160554
1849.44	0.217516
1850	0.192485
1850.56	0.123949
1851.11	0.0577716
1851.67	0.0358616
1852.22	0.675838
1852.78	0.218796
1853.33	0.221219
1853.89	0.189009
1854.44	0.211286
1855	0.420073
1855.56	0.122405
1856.11	0.978952
1856.67	0.103288
1857.22	0.0958443
1857.78	0.260346
1858.33	0.357557
1858.89	0.0382481
1859.44	0.3417
1860	0.448948
1860.56	0.0259413
1861.11	0.373963
1861.67	0.321555
1862.22	0.289664
1862.78	0.00269132
1863.33	0.126959
1863.89	0.589112
1864.44	0.329387
1865	0.395412
1865.56	0.194528
1866.11	0.311562
1866.67	0.0206616
1867.22	0.0884273
1867.78	0.0715946
1868.33	0.502936
1868.89	0.0933954
1869.44	0.0753784
1870	0.205893
1870.56	0.0865078
1871.11	0.239619
1871.67	0.180619
1872.22	0.0372263
1872.78	0.229341
1873.33	0.145713
1873.89	0.0124243
1874.44	0.266969
1875	0.627635
1875.56	0.0655646
1876.11	0.409275
1876.67	0.415288
1877.22	0.348656
1877.78	0.0169797
1878.33	0.220337
1878.89	0.0857753
1879.44	0.550966
1880	0.376864
1880.56	0.00116761
1881.11	0.0997048
1881.67	0.313631
1882.22	0.142464
1882.78	0.0484438
1883.33	0.136298
1883.89	0.702126
1884.44	0.0976988
1885	0.0641298
1885.56	0.0801494
1886.11	0.364844
1886.67	0.6936
1887.22	0.162798
1887.78	0.03231
1888.33	0.147864
1888.89	0.18263
1889.44	0.192419
1890	0.177636
1890.56	0.314107
1891.11	0.329539
1891.67	0.151577
1892.22	0.279551
1892.78	0.0920392
1893.33	0.658002
1893.89	0.801798
1894.44	0.647345
1895	0.415447
1895.56	0.0342981
1896.11	0.23191
1896.67	1.00079
1897.22	0.256489
1897.78	0.19073
1898.33	0.681315
1898.89	0.438971
1899.44	0.505946
1900	0.539824
1900.56	0.463456
1901.11	0.264578
1901.67	0.0266504
1902.22	0.175882
1902.78	0.627688
1903.33	0.120589
1903.89	0.491724
1904.44	0.614553
1905	0.326432
1905.56	0.0266397
1906.11	0.184017
1906.67	0.174818
1907.22	0.0307782
1907.78	0.199774
1908.33	0.233781
1908.89	0.593963
1909.44	0.22096
1910	0.00865883
1910.56	0.619717
1911.11	0.261984
1911.67	0.0925209
1912.22	0.61345
1912.78	0.412275
1913.33	0.155222
1913.89	0.0270478
1914.44	0.0667489
1915	0.514346
1915.56	0.384607
1916.11	1.05832
1916.67	0.387455
1917.22	0.343882
1917.78	0.19156
1918.33	0.174717
1918.89	0.127428
1919.44	0.07851
1920	0.740011
1920.56	0.0509154
1921.11	0.201717
1921.67	0.377556
1922.22	0.574972
1922.78	0.136749
1923.33	0.195814
1923.89	0.500313
1924.44	0.630362
1925	1.37195
1925.56	0.0970514
1926.11	0.754428
1926.67	0.423896
1927.22	1.66206
1927.78	0.300123
1928.33	0.192812
1928.89	0.0105028
1929.44	0.16942
1930	0.871667
1930.56	0.115757
1931.11	0.711335
1931.67	1.08393
1932.22	1.56879
1932.78	0.147899
1933.33	0.703039
1933.89	0.0487056
1934.44	0.82408
1935	0.0285959
1935.56	0.100602
1936.11	0.383433
1936.67	0.531036
1937.22	0.382769
1937.78	0.638655
1938.33	0.323541
1938.89	0.504962
1939.44	0.150058
1940	0.491853
1940.56	0.158483
1941.11	0.212298
1941.67	0.789728
1942.22	0.37961
1942.78	0.545593
1943.33	0.655735
1943.89	0.192191
1944.44	0.776237
1945	0.596438
1945.56	0.50408
1946.11	0.499195
1946.67	0.0941516
1947.22	0.455443
1947.78	0.68513
1948.33	0.332798
1948.89	0.600038
1949.44	0.925244
1950	0.910822
1950.56	0.0169885
1951.11	0.786016
1951.67	0.978861
1952.22	1.6056
1952.78	1.24227
1953.33	0.113447
1953.89	0.00422405
1954.44	0.659248
1955	0.645976
1955.56	0.284257
1956.11	1.22036
1956.67	1.05517
1957.22	0.126496
1957.78	1.00972
1958.33	0.410622
1958.89	0.242024
1959.44	0.187911
1960	0.15894
1960.56	0.628694
1961.11	0.248364
1961.67	0.511711
1962.22	0.551673
1962.78	0.442435
1963.33	2.213
1963.89	0.76275
1964.44	0.802453
1965	0.278308
1965.56	0.0394898
1966.11	0.308755
1966.67	0.380467
1967.22	0.192927
1967.78	0.35352
1968.33	0.987263
1968.89	0.183638
1969.44	0.079999
1970	0.438752
1970.56	0.225381
1971.11	0.675816
1971.67	0.946269
1972.22	0.33744
1972.78	0.315167
1973.33	0.665853
1973.89	1.18632
1974.44	0.209767
1975	0.105288
1975.56	0.0706634
1976.11	0.471572
1976.67	0.168396
1977.22	0.86779
1977.78	0.280234
1978.33	1.2191
1978.89	0.359104
1979.44	0.0268567
1980	0.520846
1980.56	0.107552
1981.11	0.551246
1981.67	0.00195426
1982.22	1.35332
1982.78	0.52669
1983.33	0.618176
1983.89	0.494022
1984.44	1.00317
1985	0.466112
1985.56	0.555929
1986.11	0.668714
1986.67	0.82502
1987.22	1.24271
1987.78	0.0875586
1988.33	0.769843
1988.89	0.57272
1989.44	0.73047
1990	0.638717
1990.56	0.961596
1991.11	1.48574
1991.67	0.349179
1992.22	0.874326
1992.78	0.553735
1993.33	0.781717
1993.89	0.0852719
1994.44	0.15244
1995	2.63644
1995.56	0.975642
1996.11	1.61037
1996.67	0.840842
1997.22	0.716127
1997.78	0.176121
1998.33	2.20438
1998.89	1.26977
1999.44	0.315085
2000	1.89166
