t	etaU
0	8.60171e-15
0.555556	1.17661
1.11111	2.06403
1.66667	0.390941
2.22222	0.813178
2.77778	0.622518
3.33333	0.573345
3.88889	1.67296
4.44444	1.56266
5	1.12376
5.55556	0.202579
6.11111	0.217161
6.66667	0.692575
7.22222	0.360061
7.77778	0.244755
8.33333	1.35151
8.88889	1.16919
9.44444	0.223959
10	1.83341
10.5556	0.153484
11.1111	0.13164
11.6667	0.282218
12.2222	0.555781
12.7778	2.00118
13.3333	1.00254
13.8889	0.269911
14.4444	1.71275
15	1.43454
15.5556	0.853239
16.1111	1.14207
16.6667	0.0296985
17.2222	0.245766
17.7778	0.426797
18.3333	1.09598
18.8889	2.0788
19.4444	1.039
20	0.806427
20.5556	0.608224
21.1111	0.330095
21.6667	1.74963
22.2222	0.883984
22.7778	0.745168
23.3333	0.440191
23.8889	2.3211
24.4444	0.543355
25	1.86459
25.5556	1.08318
26.1111	0.251651
26.6667	0.0598057
27.2222	0.627999
27.7778	0.627306
28.3333	2.37958
28.8889	1.53623
29.4444	1.04261
30	1.33494
30.5556	1.29343
31.1111	0.73377
31.6667	0.00276261
32.2222	0.063232
32.7778	0.501725
33.3333	2.04289
33.8889	0.924265
34.4444	0.401077
35	1.03924
35.5556	0.482647
36.1111	0.902392
36.6667	1.1319
37.2222	1.18404
37.7778	0.115584
38.3333	1.14354
38.8889	0.765025
39.4444	0.499291
40	0.0108888
40.5556	0.313949
41.1111	0.279962
41.6667	1.37148
42.2222	0.895441
42.7778	1.04447
43.3333	0.974639
43.8889	0.466997
44.4444	0.134851
45	0.937528
45.5556	0.620346
46.1111	0.677836
46.6667	0.758678
47.2222	0.78011
47.7778	0.294776
48.3333	0.167454
48.8889	1.77575
49.4444	0.521327
50	2.37204
50.5556	1.26749
51.1111	0.158668
51.6667	0.205201
52.2222	0.415513
52.7778	0.868143
53.3333	0.598343
53.8889	0.00722685
54.4444	1.32043
55	0.393376
55.5556	0.650994
56.1111	0.75834
56.6667	0.473265
57.2222	0.717206
57.7778	0.426021
58.3333	0.880202
58.8889	0.802545
59.4444	0.648825
60	0.703122
60.5556	0.825158
61.1111	0.213748
61.6667	0.671484
62.2222	1.06942
62.7778	1.53537
63.3333	0.455791
63.8889	0.78149
64.4444	0.128783
65	1.26213
65.5556	0.41935
66.1111	0.52521
66.6667	0.658279
67.2222	0.676284
67.7778	1.18228
68.3333	1.03397
68.8889	0.529618
69.4444	1.43354
70	1.6958
70.5556	0.148121
71.1111	1.83201
71.6667	0.98629
72.2222	0.22259
72.7778	0.271499
73.3333	0.0130909
73.8889	0.750552
74.4444	0.387475
75	0.800084
75.5556	0.0310434
76.1111	1.79153
76.6667	0.537014
77.2222	0.900922
77.7778	1.62967
78.3333	0.172883
78.8889	0.946413
79.4444	0.444756
80	0.218189
80.5556	0.726196
81.1111	0.242139
81.6667	0.963055
82.2222	1.12216
82.7778	0.697306
83.3333	2.11049
83.8889	1.05021
84.4444	0.479034
85	0.949621
85.5556	0.659141
86.1111	0.0414481
86.6667	0.19214
87.2222	0.131461
87.7778	0.230412
88.3333	0.582449
88.8889	0.204691
89.4444	0.199341
90	1.15739
90.5556	0.206206
91.1111	0.426142
91.6667	0.351797
92.2222	0.236519
92.7778	1.72278
93.3333	0.268907
93.8889	0.320816
94.4444	1.7904
95	1.41741
95.5556	0.454221
96.1111	0.821497
96.6667	1.52871
97.2222	0.119035
97.7778	0.920368
98.3333	1.03273
98.8889	0.925517
99.4444	0.113668
100	1.07318
100.556	0.54689
101.111	1.29999
101.667	0.435404
102.222	1.09989
102.778	0.784373
103.333	0.255779
103.889	0.0763
104.444	0.409555
105	0.887509
105.556	1.16614
106.111	0.597163
106.667	1.61083
107.222	0.345639
107.778	0.275953
108.333	0.0403216
108.889	0.968179
109.444	1.21036
110	0.359862
110.556	0.0123325
111.111	2.48097
111.667	1.30625
112.222	0.141423
112.778	0.90116
113.333	0.0964123
113.889	0.555801
114.444	1.57213
115	0.0575248
115.556	0.481471
116.111	0.0765751
116.667	0.298666
117.222	0.120612
117.778	1.33233
118.333	0.0582554
118.889	0.558729
119.444	0.521731
120	0.343725
120.556	0.283652
121.111	0.145169
121.667	0.65432
122.222	1.30121
122.778	0.609985
123.333	1.47927
123.889	0.336273
124.444	0.257782
125	1.07096
125.556	0.77602
126.111	0.646257
126.667	0.0576969
127.222	0.933761
127.778	0.913089
128.333	0.602768
128.889	0.850826
129.444	0.509795
130	1.74339
130.556	1.22494
131.111	0.448364
131.667	1.0465
132.222	1.01873
132.778	0.0829417
133.333	0.861518
133.889	0.349088
134.444	0.431482
135	0.994054
135.556	0.805425
136.111	0.0848151
136.667	0.974905
137.222	0.0835132
137.778	0.238026
138.333	0.758487
138.889	0.101513
139.444	0.68902
140	1.73122
140.556	1.37418
141.111	0.209066
141.667	0.331381
142.222	0.613182
142.778	0.550085
143.333	0.118678
143.889	0.0957811
144.444	0.559187
145	1.1305
145.556	0.871273
146.111	0.272797
146.667	0.181719
147.222	1.72368
147.778	0.0300133
148.333	0.267857
148.889	0.601271
149.444	0.164374
150	0.755292
150.556	0.0189049
151.111	0.282894
151.667	0.578935
152.222	0.168574
152.778	0.628717
153.333	0.150675
153.889	0.0816223
154.444	0.285219
155	0.0109546
155.556	0.357251
156.111	0.158093
156.667	1.21277
157.222	0.233346
157.778	0.446654
158.333	0.010886
158.889	0.675889
159.444	0.398303
160	0.772114
160.556	0.43337
161.111	0.471822
161.667	0.695457
162.222	0.102645
162.778	0.415462
163.333	0.177243
163.889	0.40416
164.444	0.0545818
165	0.453412
165.556	0.014901
166.111	0.486736
166.667	0.451189
167.222	0.542414
167.778	0.10311
168.333	0.877228
168.889	0.680358
169.444	0.459443
170	0.0606733
170.556	0.416235
171.111	0.599363
171.667	0.491573
172.222	0.575004
172.778	1.10394
173.333	1.0177
173.889	0.00990425
174.444	0.193792
175	0.414617
175.556	0.0418367
176.111	0.730583
176.667	0.576752
177.222	0.222627
177.778	0.425227
178.333	0.20106
178.889	0.79388
179.444	0.0708504
180	0.0661177
180.556	0.990587
181.111	0.163097
181.667	0.28303
182.222	0.168581
182.778	0.0441915
183.333	0.779812
183.889	0.0318166
184.444	0.295064
185	0.660059
185.556	0.25948
186.111	0.12282
186.667	0.177109
187.222	1.12876
187.778	0.116917
188.333	0.426902
188.889	0.208494
189.444	0.690583
190	0.442594
190.556	0.605013
191.111	0.0371783
191.667	0.621916
192.222	0.112122
192.778	0.354444
193.333	0.752787
193.889	0.309111
194.444	0.870982
195	0.407794
195.556	0.310922
196.111	0.11667
196.667	0.127994
197.222	0.221847
197.778	0.0692456
198.333	0.098068
198.889	0.375136
199.444	0.462226
200	0.0634183
200.556	0.305785
201.111	0.316517
201.667	0.0964837
202.222	0.16746
202.778	0.558465
203.333	0.371087
203.889	0.238351
204.444	0.072028
205	0.691178
205.556	0.475748
206.111	0.353329
206.667	0.213648
207.222	0.52642
207.778	0.237518
208.333	0.475341
208.889	0.268138
209.444	0.145681
210	0.238982
210.556	0.166228
211.111	0.946026
211.667	0.779546
212.222	0.266878
212.778	0.069125
213.333	0.801306
213.889	0.08323
214.444	0.331465
215	0.389585
215.556	0.26908
216.111	0.87524
216.667	0.0401192
217.222	0.376604
217.778	0.00362497
218.333	0.28399
218.889	0.365602
219.444	0.561925
220	0.391093
220.556	0.524217
221.111	0.475664
221.667	0.600815
222.222	0.315118
222.778	0.464816
223.333	0.914776
223.889	0.337407
224.444	0.118192
225	0.0333653
225.556	0.361318
226.111	0.351871
226.667	0.130872
227.222	0.0343778
227.778	0.478704
228.333	0.13014
228.889	0.0610621
229.444	0.33788
230	0.665855
230.556	0.428121
231.111	0.00191654
231.667	0.65893
232.222	0.392755
232.778	0.0338268
233.333	0.424445
233.889	0.0662931
234.444	0.197347
235	0.00143356
235.556	0.235871
236.111	0.0688131
236.667	0.339987
237.222	0.0930863
237.778	0.251811
238.333	0.0387207
238.889	0.119441
239.444	0.20379
240	0.505826
240.556	0.220027
241.111	0.328437
241.667	0.550581
242.222	0.00797028
242.778	0.790813
243.333	0.364884
243.889	0.642466
244.444	0.468549
245	0.566159
245.556	0.288385
246.111	0.108363
246.667	0.600908
247.222	0.399902
247.778	0.503683
248.333	0.136661
248.889	0.355695
249.444	0.36523
250	0.0326659
250.556	0.166568
251.111	0.0522241
251.667	0.294103
252.222	0.0666296
252.778	0.443483
253.333	0.131475
253.889	0.119323
254.444	0.380049
255	0.444674
255.556	0.190202
256.111	0.457202
256.667	0.292894
257.222	0.171551
257.778	0.123456
258.333	0.0370889
258.889	0.413808
259.444	0.0375935
260	0.110179
260.556	0.0211352
261.111	0.0183626
261.667	0.489211
262.222	0.129234
262.778	0.0297583
263.333	0.0193725
263.889	0.265309
264.444	0.350895
265	0.240684
265.556	0.0638996
266.111	0.537559
266.667	0.466044
267.222	0.209355
267.778	0.225511
268.333	0.173425
268.889	0.313904
269.444	0.181396
270	0.413142
270.556	0.100094
271.111	0.218876
271.667	0.046432
272.222	0.0433024
272.778	0.00542992
273.333	0.043921
273.889	0.17334
274.444	0.132366
275	0.097024
275.556	0.461051
276.111	0.386831
276.667	0.13542
277.222	0.102919
277.778	0.210477
278.333	0.401829
278.889	0.405133
279.444	0.00243806
280	0.422386
280.556	0.131483
281.111	0.21159
281.667	0.279864
282.222	0.0939218
282.778	0.0493895
283.333	0.189503
283.889	0.0464092
284.444	0.191411
285	0.0509408
285.556	0.0654533
286.111	0.257504
286.667	0.0891659
287.222	0.287936
287.778	0.185799
288.333	0.059206
288.889	0.0863371
289.444	0.234543
290	0.0354064
290.556	0.0280034
291.111	0.13775
291.667	0.0427834
292.222	0.16952
292.778	0.00918818
293.333	0.0869288
293.889	0.016633
294.444	0.066769
295	0.00153303
295.556	0.0156702
296.111	0.181633
296.667	0.152354
297.222	0.0165567
297.778	0.000615273
298.333	0.132606
298.889	0.0213406
299.444	0.333244
300	0.0421751
300.556	0.0866784
301.111	0.037952
301.667	0.237442
302.222	0.0383456
302.778	0.312409
303.333	0.0846043
303.889	0.201991
304.444	0.27722
305	0.0188012
305.556	0.0653927
306.111	0.226802
306.667	0.0972343
307.222	0.0761166
307.778	0.0994707
308.333	0.134586
308.889	0.099525
309.444	0.16734
310	0.0212456
310.556	0.224303
311.111	0.145831
311.667	0.0580757
312.222	0.235823
312.778	0.109473
313.333	0.0573198
313.889	0.14433
314.444	0.0586978
315	0.0651151
315.556	0.186416
316.111	0.324505
316.667	4.89669e-05
317.222	0.0525644
317.778	0.0195778
318.333	0.0224515
318.889	0.141224
319.444	0.0807881
320	0.274303
320.556	0.0370666
321.111	0.104705
321.667	0.19266
322.222	0.178795
322.778	0.051723
323.333	0.00839168
323.889	0.00865267
324.444	0.155366
325	0.218966
325.556	0.128822
326.111	0.0568945
326.667	0.0909278
327.222	0.122828
327.778	0.160136
328.333	0.102797
328.889	0.0998343
329.444	0.059007
330	0.119392
330.556	0.118252
331.111	0.145607
331.667	0.0202515
332.222	0.0110724
332.778	0.137541
333.333	0.0883305
333.889	0.331364
334.444	0.0167276
335	0.0624207
335.556	0.0110489
336.111	0.0185255
336.667	0.219099
337.222	0.0922559
337.778	0.028985
338.333	0.100531
338.889	0.0406758
339.444	0.045433
340	0.064947
340.556	0.105773
341.111	0.0248509
341.667	0.147552
342.222	0.00360622
342.778	0.008702
343.333	0.0710125
343.889	0.0722408
344.444	0.138066
345	0.107858
345.556	0.205809
346.111	0.235629
346.667	0.1202
347.222	0.0329309
347.778	0.0648491
348.333	0.00126698
348.889	0.151786
349.444	0.0044673
350	0.0387433
350.556	0.020458
351.111	0.00470511
351.667	0.189258
352.222	0.0363679
352.778	0.0266381
353.333	0.0261343
353.889	0.0122523
354.444	0.214303
355	0.0822581
355.556	0.0927794
356.111	0.136358
356.667	0.0561982
357.222	0.0914309
357.778	0.0362914
358.333	0.0175128
358.889	0.0503098
359.444	0.156077
360	0.016416
360.556	0.0613168
361.111	0.0838774
361.667	0.213603
362.222	0.0451726
362.778	0.0349392
363.333	0.121195
363.889	0.0624549
364.444	0.0183016
365	0.0680895
365.556	0.0366834
366.111	0.0266446
366.667	0.039752
367.222	0.0831284
367.778	0.0792013
368.333	0.117032
368.889	0.168691
369.444	0.219638
370	0.0413951
370.556	0.141029
371.111	0.102028
371.667	0.0298341
372.222	0.168683
372.778	0.0563762
373.333	0.012114
373.889	0.0163697
374.444	0.0763629
375	0.0029275
375.556	0.0391716
376.111	0.0590071
376.667	0.00599735
377.222	0.109267
377.778	0.115199
378.333	0.095722
378.889	0.0173054
379.444	0.105561
380	0.0959476
380.556	0.0198402
381.111	0.00270768
381.667	0.0518134
382.222	0.0491205
382.778	0.133682
383.333	0.0261864
383.889	0.0631003
384.444	0.0191885
385	0.00628295
385.556	0.0231358
386.111	0.105753
386.667	0.109482
387.222	0.020002
387.778	0.119388
388.333	0.0634321
388.889	0.120833
389.444	0.0483694
390	0.0750898
390.556	0.0880963
391.111	0.0103759
391.667	0.0854538
392.222	0.0241518
392.778	0.215604
393.333	0.0313281
393.889	0.00852352
394.444	0.000184434
395	0.0501339
395.556	0.00889795
396.111	0.16847
396.667	0.0602244
397.222	0.109308
397.778	0.109922
398.333	0.000397288
398.889	0.0657392
399.444	0.13553
400	0.0241303
400.556	0.0500501
401.111	0.114794
401.667	0.150472
402.222	0.0915138
402.778	0.0133812
403.333	0.0843104
403.889	0.0900983
404.444	0.0826806
405	0.0181831
405.556	0.0443796
406.111	0.0137022
406.667	0.0553301
407.222	0.0338783
407.778	0.0280899
408.333	0.0303154
408.889	0.057539
409.444	0.101935
410	0.0763762
410.556	0.0369346
411.111	0.0649852
411.667	0.0423812
412.222	0.0859738
412.778	0.0189073
413.333	0.0543359
413.889	0.0155234
414.444	0.0361051
415	0.129481
415.556	0.0366791
416.111	0.0209713
416.667	0.0379195
417.222	0.0735172
417.778	0.0149852
418.333	0.0391528
418.889	0.11533
419.444	0.0526576
420	0.0704226
420.556	0.0181758
421.111	0.0986208
421.667	0.119401
422.222	0.0956019
422.778	0.0818842
423.333	0.070506
423.889	0.0663231
424.444	0.00423843
425	0.00705336
425.556	0.109735
426.111	0.0640553
426.667	0.0273823
427.222	0.100557
427.778	0.0356177
428.333	0.0165894
428.889	0.10914
429.444	0.0462017
430	0.0154654
430.556	0.0217033
431.111	0.0160271
431.667	0.00862424
432.222	0.0278592
432.778	0.0477486
433.333	0.0217974
433.889	0.00288298
434.444	0.0223567
435	0.0333615
435.556	0.104707
436.111	0.0731331
436.667	0.0728416
437.222	0.0715368
437.778	0.020865
438.333	0.00268722
438.889	0.0198125
439.444	0.0287961
440	0.0502931
440.556	0.00512006
441.111	0.0373971
441.667	0.0251376
442.222	0.00498141
442.778	0.0130374
443.333	0.0766867
443.889	0.0632073
444.444	0.00938659
445	0.0595904
445.556	0.0969933
446.111	0.038391
446.667	0.0859839
447.222	0.00803552
447.778	0.0725157
448.333	0.00327608
448.889	0.0399102
449.444	0.00824106
450	0.00618424
450.556	0.0181675
451.111	0.100191
451.667	0.000539309
452.222	0.050601
452.778	0.0521227
453.333	0.0407372
453.889	0.0410864
454.444	0.0242715
455	0.0762327
455.556	0.00377148
456.111	0.0506346
456.667	0.0149095
457.222	0.0349132
457.778	0.00511106
458.333	0.0212416
458.889	0.0347314
459.444	0.0420436
460	0.0386769
460.556	0.0145136
461.111	0.0182303
461.667	0.0244076
462.222	0.0106554
462.778	0.00480306
463.333	0.0115572
463.889	0.00135847
464.444	0.0584608
465	0.0579595
465.556	0.0266961
466.111	0.00694455
466.667	0.0264525
467.222	0.01984
467.778	0.00878564
468.333	0.0182753
468.889	0.00117763
469.444	0.108418
470	0.00366941
470.556	0.0114274
471.111	0.040928
471.667	0.00627305
472.222	0.0370611
472.778	0.0233394
473.333	0.0188294
473.889	0.00593526
474.444	0.0848077
475	0.0396672
475.556	0.0462391
476.111	0.0166039
476.667	0.038852
477.222	0.0160998
477.778	0.0279161
478.333	0.0197793
478.889	0.0211262
479.444	0.0618659
480	0.000484749
480.556	0.00513993
481.111	0.0136539
481.667	0.0579428
482.222	0.0204861
482.778	0.0207649
483.333	0.0388386
483.889	0.0103175
484.444	0.0494188
485	0.0338427
485.556	0.0375452
486.111	0.030797
486.667	0.000808642
487.222	0.0086136
487.778	0.0403884
488.333	0.0509884
488.889	0.00346317
489.444	0.0104544
490	0.0324327
490.556	0.030445
491.111	0.0345999
491.667	0.00604572
492.222	0.0215807
492.778	0.0224897
493.333	0.0191515
493.889	0.0144931
494.444	0.0167432
495	0.0330946
495.556	0.00183691
496.111	0.00419792
496.667	0.0044554
497.222	0.00450081
497.778	0.0181489
498.333	0.0223165
498.889	0.02822
499.444	0.0437518
500	0.0203909
500.556	0.00742278
501.111	0.0122018
501.667	0.066557
502.222	0.0356239
502.778	0.041825
503.333	0.00250806
503.889	0.00810583
504.444	0.0299876
505	0.022913
505.556	0.0186011
506.111	0.0106364
506.667	0.0472179
507.222	0.0284677
507.778	0.0123766
508.333	0.00311782
508.889	0.00910313
509.444	0.0130282
510	0.00395364
510.556	0.000836423
511.111	0.0292356
511.667	0.0350592
512.222	0.0137859
512.778	0.0173204
513.333	0.0248692
513.889	0.00738769
514.444	0.00540651
515	0.0125067
515.556	0.0579585
516.111	0.000739847
516.667	0.0232927
517.222	0.0217497
517.778	0.00929705
518.333	0.0011553
518.889	0.0528076
519.444	0.0153343
520	0.0189489
520.556	0.0391039
521.111	0.00803212
521.667	0.0165732
522.222	0.0380515
522.778	0.0286963
523.333	0.0127897
523.889	0.0311419
524.444	0.0408388
525	0.039103
525.556	0.0228477
526.111	0.0019602
526.667	0.023768
527.222	0.0298022
527.778	0.00931805
528.333	0.0115687
528.889	0.0242079
529.444	0.0412454
530	0.0477685
530.556	0.0372186
531.111	0.0394059
531.667	0.0131887
532.222	0.0310698
532.778	0.0353842
533.333	0.0026149
533.889	0.0359824
534.444	0.00254903
535	0.0407734
535.556	0.00300582
536.111	0.0507454
536.667	0.00202605
537.222	0.00182703
537.778	0.0298301
538.333	6.25814e-05
538.889	0.0468146
539.444	0.0387102
540	0.0148777
540.556	0.0419107
541.111	0.0514817
541.667	0.00120033
542.222	0.0205792
542.778	0.0355918
543.333	0.0506915
543.889	0.0480486
544.444	0.00976671
545	0.0142911
545.556	0.0352914
546.111	0.0261588
546.667	0.0423781
547.222	0.0055489
547.778	0.00751453
548.333	0.0271
548.889	0.0197789
549.444	0.0345852
550	0.0083143
550.556	0.00316037
551.111	0.0209804
551.667	0.013092
552.222	0.0229365
552.778	0.0114339
553.333	0.0128406
553.889	0.038547
554.444	0.0227244
555	0.0100117
555.556	0.0197336
556.111	0.00512587
556.667	0.0209679
557.222	0.0285127
557.778	0.00739041
558.333	0.0223239
558.889	0.0226466
559.444	0.0194408
560	0.040361
560.556	0.0274658
561.111	0.0175818
561.667	0.0243061
562.222	0.0166359
562.778	0.00597769
563.333	0.0250942
563.889	0.00576189
564.444	0.00979774
565	0.00454572
565.556	0.0178187
566.111	0.0317295
566.667	0.0243159
567.222	0.00130854
567.778	0.0225911
568.333	0.0393992
568.889	0.0301591
569.444	0.0166692
570	0.0105566
570.556	0.000961539
571.111	0.014505
571.667	0.00114194
572.222	0.0061866
572.778	0.00967153
573.333	0.0448557
573.889	0.034899
574.444	0.0133989
575	0.0115741
575.556	0.0271531
576.111	0.0136572
576.667	0.032943
577.222	0.00952647
577.778	0.000238182
578.333	0.0407999
578.889	0.00810748
579.444	0.00516049
580	0.0112783
580.556	0.0240545
581.111	0.00791191
581.667	0.0262511
582.222	0.00708029
582.778	0.0128325
583.333	0.0221095
583.889	0.00783378
584.444	0.014105
585	0.00234697
585.556	0.0236829
586.111	0.00537715
586.667	0.0383616
587.222	0.00118861
587.778	0.0135728
588.333	0.0272837
588.889	0.0390007
589.444	0.00816466
590	0.0173563
590.556	0.0339904
591.111	0.0290476
591.667	0.0305409
592.222	0.0110517
592.778	0.0158013
593.333	0.0391974
593.889	0.0147962
594.444	0.00986293
595	0.029039
595.556	0.024783
596.111	0.00488169
596.667	0.00609931
597.222	0.0114794
597.778	0.00300192
598.333	0.000908824
598.889	0.0356984
599.444	0.00049582
600	0.0185343
600.556	0.0364116
601.111	0.0040371
601.667	0.0228089
602.222	0.0177739
602.778	0.0230863
603.333	0.00651309
603.889	0.020099
604.444	0.00160036
605	0.00273329
605.556	0.00805015
606.111	0.00120939
606.667	0.0190718
607.222	0.00336324
607.778	0.0166493
608.333	0.0024756
608.889	0.0193127
609.444	0.00267387
610	0.00106754
610.556	0.0218687
611.111	0.0104244
611.667	0.00991586
612.222	0.00644055
612.778	0.0147945
613.333	0.0112513
613.889	0.018183
614.444	0.0018547
615	0.0198895
615.556	0.0414231
616.111	0.026302
616.667	0.00781212
617.222	0.00541844
617.778	0.0279151
618.333	0.00233641
618.889	0.0205042
619.444	0.00834947
620	0.00453098
620.556	0.0122586
621.111	0.0238594
621.667	0.00521867
622.222	0.0190658
622.778	0.0227141
623.333	0.00469876
623.889	0.0235803
624.444	0.0266383
625	0.0171482
625.556	0.00727262
626.111	0.019249
626.667	0.00912913
627.222	0.00188358
627.778	0.01994
628.333	0.0105986
628.889	0.00911836
629.444	0.0152316
630	0.0151132
630.556	9.37756e-05
631.111	0.0287469
631.667	0.0123431
632.222	0.000219009
632.778	0.0096117
633.333	0.00436586
633.889	0.012397
634.444	0.0270682
635	0.018799
635.556	0.0143079
636.111	0.00912867
636.667	0.00578829
637.222	0.00057214
637.778	0.0138912
638.333	0.0280822
638.889	0.00339154
639.444	0.0148023
640	0.0202557
640.556	0.00187116
641.111	0.0260879
641.667	0.0134899
642.222	0.00655178
642.778	0.0131201
643.333	0.0227807
643.889	0.0198294
644.444	0.000241726
645	0.0385195
645.556	0.00791032
646.111	0.0207999
646.667	0.00182052
647.222	0.00332006
647.778	0.020892
648.333	0.0359675
648.889	0.0191754
649.444	0.0060024
650	0.0245026
650.556	0.00246203
651.111	0.0259483
651.667	0.0136597
652.222	0.0112305
652.778	0.0112001
653.333	0.0117631
653.889	0.0022923
654.444	0.00990248
655	0.0108188
655.556	0.0226285
656.111	0.0215541
656.667	0.000607913
657.222	0.0174832
657.778	0.0124447
658.333	0.0254654
658.889	0.0178809
659.444	0.0147958
660	0.0160415
660.556	0.0201057
661.111	0.00897651
661.667	0.000868229
662.222	0.00780991
662.778	0.0178371
663.333	0.0258425
663.889	0.0148194
664.444	0.0039722
665	0.0118537
665.556	0.0162083
666.111	0.00484063
666.667	0.0113694
667.222	0.0154864
667.778	0.0063669
668.333	0.0290084
668.889	0.00425284
669.444	0.00169768
670	0.013811
670.556	0.0200315
671.111	0.0154001
671.667	0.0189861
672.222	0.0145355
672.778	0.00552335
673.333	0.0277434
673.889	0.00909803
674.444	0.00572291
675	0.023887
675.556	0.0265563
676.111	0.00452225
676.667	0.00508698
677.222	0.0299961
677.778	0.00474895
678.333	0.0265549
678.889	0.0161357
679.444	0.00600431
680	0.00549286
680.556	0.0260882
681.111	0.00995821
681.667	0.00482472
682.222	0.0325412
682.778	0.021115
683.333	0.00670722
683.889	0.0182374
684.444	0.00705479
685	0.0112116
685.556	0.025027
686.111	0.0130053
686.667	0.00454461
687.222	0.0178518
687.778	0.0138232
688.333	0.0031585
688.889	0.0125238
689.444	0.00829215
690	0.000158282
690.556	0.0258977
691.111	0.012227
691.667	0.00380977
692.222	0.0214023
692.778	0.0165116
693.333	0.00719956
693.889	0.00978002
694.444	0.00288658
695	0.00410009
695.556	0.0374383
696.111	0.0153973
696.667	0.00439314
697.222	0.016426
697.778	0.0135063
698.333	0.00334646
698.889	0.0244475
699.444	0.0236034
700	0.0105817
700.556	0.0320718
701.111	0.0169236
701.667	0.00731804
702.222	0.0137667
702.778	0.0353333
703.333	0.00425096
703.889	0.0223038
704.444	0.0228016
705	0.00127942
705.556	0.023273
706.111	0.0292727
706.667	0.0132501
707.222	0.00759251
707.778	0.0314712
708.333	0.00827243
708.889	0.0125254
709.444	0.0185749
710	0.0165452
710.556	0.00757855
711.111	0.0192705
711.667	0.0063051
712.222	0.0100938
712.778	0.0314467
713.333	0.00403902
713.889	0.00961347
714.444	0.021401
715	0.0096352
715.556	0.0118617
716.111	0.0230322
716.667	0.0092795
717.222	0.00465165
717.778	0.0130006
718.333	0.000450023
718.889	0.0158613
719.444	0.0121783
720	0.0209156
720.556	0.00994829
721.111	0.0199825
721.667	0.000561254
722.222	0.00466142
722.778	0.0137624
723.333	0.012402
723.889	0.0020444
724.444	0.0230427
725	0.0186875
725.556	0.00567403
726.111	0.018963
726.667	0.018231
727.222	0.0129811
727.778	0.023628
728.333	0.0149051
728.889	0.00035794
729.444	0.00877829
730	0.0306523
730.556	0.00241752
731.111	0.0150036
731.667	0.0164162
732.222	0.0149733
732.778	0.0270621
733.333	0.0123494
733.889	0.0111203
734.444	0.0132989
735	0.0268058
735.556	0.0060972
736.111	0.0154998
736.667	0.0188495
737.222	0.0147727
737.778	0.0184451
738.333	0.0152012
738.889	0.00980126
739.444	0.00497371
740	0.0328145
740.556	0.0126593
741.111	0.00512844
741.667	0.0130274
742.222	0.00953496
742.778	0.00929088
743.333	0.0175001
743.889	0.0128106
744.444	0.000398921
745	0.024259
745.556	0.000126262
746.111	0.0054544
746.667	0.0161756
747.222	0.0236333
747.778	0.0072139
748.333	0.0178964
748.889	0.0157026
749.444	0.00175846
750	0.0251279
750.556	0.0182747
751.111	0.00236891
751.667	0.00903948
752.222	0.0224084
752.778	0.0073164
753.333	0.0261705
753.889	0.0184624
754.444	0.00357288
755	0.020065
755.556	0.0177571
756.111	0.00108988
756.667	0.0151588
757.222	0.0290822
757.778	0.0028859
758.333	0.0193629
758.889	0.0119491
759.444	0.0114076
760	0.0208304
760.556	0.0231009
761.111	0.00938021
761.667	0.0195229
762.222	0.0200206
762.778	0.00475383
763.333	0.0125069
763.889	0.0258494
764.444	0.0167901
765	0.0126438
765.556	0.015626
766.111	0.00293228
766.667	0.00212432
767.222	0.0231613
767.778	0.00630954
768.333	0.00202797
768.889	0.0145279
769.444	0.0131093
770	0.00533363
770.556	0.0208538
771.111	0.013142
771.667	0.00510058
772.222	0.0234606
772.778	0.00797447
773.333	0.00918724
773.889	0.0125728
774.444	0.0160549
775	0.00662542
775.556	0.0113217
776.111	0.0113306
776.667	0.00465254
777.222	0.0254687
777.778	0.00613193
778.333	0.00417251
778.889	0.0129732
779.444	0.0177733
780	0.00458113
780.556	0.0154812
781.111	0.0153282
781.667	0.0054016
782.222	0.0191792
782.778	0.00988669
783.333	0.00278937
783.889	0.0104203
784.444	0.0262025
785	0.000152814
785.556	0.0142419
786.111	0.0105026
786.667	0.000669442
787.222	0.0237635
787.778	0.017511
788.333	0.00620037
788.889	0.00752694
789.444	0.0247401
790	0.00565135
790.556	0.0158126
791.111	0.0171855
791.667	0.0209231
792.222	0.0095939
792.778	0.0178838
793.333	0.00914105
793.889	0.0106521
794.444	0.0243057
795	0.0131875
795.556	0.00631934
796.111	0.0142437
796.667	0.0198613
797.222	0.00812419
797.778	0.0241705
798.333	0.0141404
798.889	0.00371721
799.444	0.0163676
800	0.013451
800.556	0.00648491
801.111	0.0165196
801.667	0.0206406
802.222	0.00216992
802.778	0.0147439
803.333	0.010238
803.889	0.00404999
804.444	0.0212261
805	0.0131875
805.556	0.00191007
806.111	0.0135886
806.667	0.0127979
807.222	0.00423973
807.778	0.0220989
808.333	0.0114903
808.889	0.00462149
809.444	0.0182329
810	0.00986182
810.556	0.00600358
811.111	0.014921
811.667	0.0217496
812.222	0.00166257
812.778	0.0148816
813.333	0.0132804
813.889	0.00383498
814.444	0.0254712
815	0.0171635
815.556	0.00565271
816.111	0.0108918
816.667	0.0206313
817.222	0.00451303
817.778	0.0175921
818.333	0.0220964
818.889	0.0133797
819.444	0.00950602
820	0.0180265
820.556	0.00856634
821.111	0.00839109
821.667	0.0276748
822.222	0.0123014
822.778	0.0098539
823.333	0.0149079
823.889	0.0179203
824.444	0.00896012
825	0.0214836
825.556	0.0132296
826.111	0.00444848
826.667	0.0159323
827.222	0.00986291
827.778	0.00571212
828.333	0.00859341
828.889	0.0193891
829.444	0.0023124
830	0.015771
830.556	0.00479825
831.111	0.000583517
831.667	0.0142454
832.222	0.0153688
832.778	0.00147796
833.333	0.00931339
833.889	0.0138128
834.444	0.00871123
835	0.0159543
835.556	0.00885281
836.111	0.00273898
836.667	0.0169627
837.222	0.0150118
837.778	0.0074174
838.333	0.015398
838.889	0.0213867
839.444	0.0018452
840	0.019429
840.556	0.00980941
841.111	0.00457577
841.667	0.0234499
842.222	0.0224906
842.778	0.00649412
843.333	0.0162668
843.889	0.021162
844.444	0.00391199
845	0.0163556
845.556	0.0238492
846.111	0.0135326
846.667	0.0125859
847.222	0.02023
847.778	0.00777646
848.333	0.00780303
848.889	0.0254907
849.444	0.0180544
850	0.00690858
850.556	0.0172251
851.111	0.015029
851.667	0.0097005
852.222	0.0203685
852.778	0.0183814
853.333	0.00214633
853.889	0.0191576
854.444	0.0139571
855	0.00847416
855.556	0.0153104
856.111	0.0166054
856.667	0.000140577
857.222	0.015453
857.778	0.0122299
858.333	0.00284688
858.889	0.0195852
859.444	0.0162727
860	0.00380859
860.556	0.00835772
861.111	0.0158702
861.667	0.00885274
862.222	0.019809
862.778	0.0155013
863.333	0.00214392
863.889	0.0139608
864.444	0.0145348
865	0.0075489
865.556	0.0158759
866.111	0.025262
866.667	0.00318387
867.222	0.0201321
867.778	0.0134753
868.333	0.0031309
868.889	0.0224322
869.444	0.0213475
870	0.00354616
870.556	0.0150294
871.111	0.0202582
871.667	0.00348384
872.222	0.0176002
872.778	0.0195072
873.333	0.0158922
873.889	0.0118959
874.444	0.0219282
875	0.0030043
875.556	0.0112634
876.111	0.0219401
876.667	0.0134333
877.222	0.00902221
877.778	0.016242
878.333	0.0166213
878.889	0.0126709
879.444	0.0212177
880	0.0136591
880.556	0.00547676
881.111	0.017103
881.667	0.0151066
882.222	0.00619234
882.778	0.0179084
883.333	0.0163314
883.889	0.000903328
884.444	0.0168665
885	0.00806308
885.556	0.00162906
886.111	0.0202341
886.667	0.0188169
887.222	0.00411914
887.778	0.00985768
888.333	0.0128588
888.889	0.00439079
889.444	0.0186529
890	0.0180332
890.556	0.000277238
891.111	0.0167693
891.667	0.0144422
892.222	0.00460463
892.778	0.0121204
893.333	0.0197201
893.889	0.00643481
894.444	0.0189721
895	0.0144013
895.556	0.000952481
896.111	0.0203667
896.667	0.0194777
897.222	0.00509351
897.778	0.0112457
898.333	0.0229718
898.889	2.26292e-05
899.444	0.0183072
900	0.0201144
900.556	0.0110793
901.111	0.0116708
901.667	0.0206636
902.222	0.00728587
902.778	0.0108353
903.333	0.0266451
903.889	0.0127158
904.444	0.00977695
905	0.0169614
905.556	0.0135554
906.111	0.0082157
906.667	0.0222918
907.222	0.0143931
907.778	0.00316095
908.333	0.0160574
908.889	0.0126539
909.444	0.00700243
910	0.0165227
910.556	0.0205521
911.111	0.00181589
911.667	0.0205668
912.222	0.00737737
912.778	0.00101729
913.333	0.0180984
913.889	0.0176617
914.444	0.000187447
915	0.0136137
915.556	0.0142519
916.111	0.00316875
916.667	0.0171671
917.222	0.0135719
917.778	0.0020018
918.333	0.0132949
918.889	0.0164083
919.444	0.00368747
920	0.0179318
920.556	0.0187114
921.111	0.00178804
921.667	0.0165756
922.222	0.0138215
922.778	0.000532856
923.333	0.0209954
923.889	0.0203685
924.444	0.00035998
925	0.0106359
925.556	0.0187899
926.111	0.00354705
926.667	0.0185568
927.222	0.0247701
927.778	0.00820419
928.333	0.0131919
928.889	0.0216391
929.444	0.00482376
930	0.00882391
930.556	0.0248016
931.111	0.0130797
931.667	0.0128929
932.222	0.0163946
932.778	0.0112926
933.333	0.0101294
933.889	0.0237499
934.444	0.0146149
935	0.00229228
935.556	0.0180751
936.111	0.0132088
936.667	0.00869813
937.222	0.0178169
937.778	0.0196655
938.333	0.000170406
938.889	0.0173162
939.444	0.0118223
940	0.00383649
940.556	0.0198225
941.111	0.013911
941.667	0.00151516
942.222	0.0108851
942.778	0.0152603
943.333	0.0052769
943.889	0.0166317
944.444	0.0151989
945	0.000325951
945.556	0.0125398
946.111	0.0144205
946.667	0.00205438
947.222	0.0148713
947.778	0.0174657
948.333	0.000240546
948.889	0.0149652
949.444	0.00995
950	0.00366732
950.556	0.0165532
951.111	0.0216868
951.667	0.000638536
952.222	0.0131845
952.778	0.019458
953.333	0.00288816
953.889	0.0161483
954.444	0.022124
955	0.0106539
955.556	0.0142888
956.111	0.0238749
956.667	0.00343764
957.222	0.0121258
957.778	0.0244028
958.333	0.0135646
958.889	0.0121067
959.444	0.0189595
960	0.0131897
960.556	0.0135876
961.111	0.0240873
961.667	0.0116433
962.222	0.00192727
962.778	0.0185053
963.333	0.0149155
963.889	0.0100188
964.444	0.0198996
965	0.0172687
965.556	0.000818298
966.111	0.0157609
966.667	0.0117758
967.222	0.00262321
967.778	0.0205452
968.333	0.0182277
968.889	5.20968e-05
969.444	0.010006
970	0.0160125
970.556	0.00196786
971.111	0.0177866
971.667	0.0176017
972.222	0.00163682
972.778	0.012341
973.333	0.0143231
973.889	0.00274894
974.444	0.0137304
975	0.0192484
975.556	0.00223153
976.111	0.0184147
976.667	0.0154665
977.222	0.00100262
977.778	0.0160858
978.333	0.0206737
978.889	0.00268324
979.444	0.0105879
980	0.0216032
980.556	0.00170832
981.111	0.0189565
981.667	0.0205275
982.222	0.00788298
982.778	0.0122406
983.333	0.0211798
983.889	0.00608775
984.444	0.0162819
985	0.0239526
985.556	0.0104194
986.111	0.0113443
986.667	0.0172972
987.222	0.0132755
987.778	0.0142225
988.333	0.0263141
988.889	0.0120126
989.444	0.00503147
990	0.0189645
990.556	0.0113044
991.111	0.00672582
991.667	0.0216117
992.222	0.0179216
992.778	0.000649856
993.333	0.0165832
993.889	0.0083407
994.444	0.000231876
995	0.0182938
995.556	0.0184294
996.111	0.000305525
996.667	0.0133061
997.222	0.0145198
997.778	0.00314834
998.333	0.0182568
998.889	0.0141623
999.444	0.00514162
1000	0.0153438
1000.56	0.0153438
1001.11	0.00514162
1001.67	0.0141623
1002.22	0.0182568
1002.78	0.00314834
1003.33	0.0145198
1003.89	0.0133061
1004.44	0.000305525
1005	0.0184294
1005.56	0.0182938
1006.11	0.000231876
1006.67	0.0083407
1007.22	0.0165832
1007.78	0.000649856
1008.33	0.0179216
1008.89	0.0216117
1009.44	0.00672582
1010	0.0113044
1010.56	0.0189645
1011.11	0.00503147
1011.67	0.0120126
1012.22	0.0263141
1012.78	0.0142225
1013.33	0.0132755
1013.89	0.0172972
1014.44	0.0113443
1015	0.0104194
1015.56	0.0239526
1016.11	0.0162819
1016.67	0.00608775
1017.22	0.0211798
1017.78	0.0122406
1018.33	0.00788298
1018.89	0.0205275
1019.44	0.0189565
1020	0.00170832
1020.56	0.0216032
1021.11	0.0105879
1021.67	0.00268324
1022.22	0.0206737
1022.78	0.0160858
1023.33	0.00100262
1023.89	0.0154665
1024.44	0.0184147
1025	0.00223153
1025.56	0.0192484
1026.11	0.0137304
1026.67	0.00274894
1027.22	0.0143231
1027.78	0.012341
1028.33	0.00163682
1028.89	0.0176017
1029.44	0.0177866
1030	0.00196786
1030.56	0.0160125
1031.11	0.010006
1031.67	5.20968e-05
1032.22	0.0182277
1032.78	0.0205452
1033.33	0.00262321
1033.89	0.0117758
1034.44	0.0157609
1035	0.000818298
1035.56	0.0172687
1036.11	0.0198996
1036.67	0.0100188
1037.22	0.0149155
1037.78	0.0185053
1038.33	0.00192727
1038.89	0.0116433
1039.44	0.0240873
1040	0.0135876
1040.56	0.0131897
1041.11	0.0189595
1041.67	0.0121067
1042.22	0.0135646
1042.78	0.0244028
1043.33	0.0121258
1043.89	0.00343764
1044.44	0.0238749
1045	0.0142888
1045.56	0.0106539
1046.11	0.022124
1046.67	0.0161483
1047.22	0.00288816
1047.78	0.019458
1048.33	0.0131845
1048.89	0.000638536
1049.44	0.0216868
1050	0.0165532
1050.56	0.00366732
1051.11	0.00995
1051.67	0.0149652
1052.22	0.000240546
1052.78	0.0174657
1053.33	0.0148713
1053.89	0.00205438
1054.44	0.0144205
1055	0.0125398
1055.56	0.000325951
1056.11	0.0151989
1056.67	0.0166317
1057.22	0.0052769
1057.78	0.0152603
1058.33	0.0108851
1058.89	0.00151516
1059.44	0.013911
1060	0.0198225
1060.56	0.00383649
1061.11	0.0118223
1061.67	0.0173162
1062.22	0.000170406
1062.78	0.0196655
1063.33	0.0178169
1063.89	0.00869813
1064.44	0.0132088
1065	0.0180751
1065.56	0.00229228
1066.11	0.0146149
1066.67	0.0237499
1067.22	0.0101294
1067.78	0.0112926
1068.33	0.0163946
1068.89	0.0128929
1069.44	0.0130797
1070	0.0248016
1070.56	0.00882391
1071.11	0.00482376
1071.67	0.0216391
1072.22	0.0131919
1072.78	0.00820419
1073.33	0.0247701
1073.89	0.0185568
1074.44	0.00354705
1075	0.0187899
1075.56	0.0106359
1076.11	0.00035998
1076.67	0.0203685
1077.22	0.0209954
1077.78	0.000532856
1078.33	0.0138215
1078.89	0.0165756
1079.44	0.00178804
1080	0.0187114
1080.56	0.0179318
1081.11	0.00368747
1081.67	0.0164083
1082.22	0.0132949
1082.78	0.0020018
1083.33	0.0135719
1083.89	0.0171671
1084.44	0.00316875
1085	0.0142519
1085.56	0.0136137
1086.11	0.000187447
1086.67	0.0176617
1087.22	0.0180984
1087.78	0.00101729
1088.33	0.00737737
1088.89	0.0205668
1089.44	0.00181589
1090	0.0205521
1090.56	0.0165227
1091.11	0.00700243
1091.67	0.0126539
1092.22	0.0160574
1092.78	0.00316095
1093.33	0.0143931
1093.89	0.0222918
1094.44	0.0082157
1095	0.0135554
1095.56	0.0169614
1096.11	0.00977695
1096.67	0.0127158
1097.22	0.0266451
1097.78	0.0108353
1098.33	0.00728587
1098.89	0.0206636
1099.44	0.0116708
1100	0.0110793
1100.56	0.0201144
1101.11	0.0183072
1101.67	2.26292e-05
1102.22	0.0229718
1102.78	0.0112457
1103.33	0.00509351
1103.89	0.0194777
1104.44	0.0203667
1105	0.000952481
1105.56	0.0144013
1106.11	0.0189721
1106.67	0.00643481
1107.22	0.0197201
1107.78	0.0121204
1108.33	0.00460463
1108.89	0.0144422
1109.44	0.0167693
1110	0.000277238
1110.56	0.0180332
1111.11	0.0186529
1111.67	0.00439079
1112.22	0.0128588
1112.78	0.00985768
1113.33	0.00411914
1113.89	0.0188169
1114.44	0.0202341
1115	0.00162906
1115.56	0.00806308
1116.11	0.0168665
1116.67	0.000903328
1117.22	0.0163314
1117.78	0.0179084
1118.33	0.00619234
1118.89	0.0151066
1119.44	0.017103
1120	0.00547676
1120.56	0.0136591
1121.11	0.0212177
1121.67	0.0126709
1122.22	0.0166213
1122.78	0.016242
1123.33	0.00902221
1123.89	0.0134333
1124.44	0.0219401
1125	0.0112634
1125.56	0.0030043
1126.11	0.0219282
1126.67	0.0118959
1127.22	0.0158922
1127.78	0.0195072
1128.33	0.0176002
1128.89	0.00348384
1129.44	0.0202582
1130	0.0150294
1130.56	0.00354616
1131.11	0.0213475
1131.67	0.0224322
1132.22	0.0031309
1132.78	0.0134753
1133.33	0.0201321
1133.89	0.00318387
1134.44	0.025262
1135	0.0158759
1135.56	0.0075489
1136.11	0.0145348
1136.67	0.0139608
1137.22	0.00214392
1137.78	0.0155013
1138.33	0.019809
1138.89	0.00885274
1139.44	0.0158702
1140	0.00835772
1140.56	0.00380859
1141.11	0.0162727
1141.67	0.0195852
1142.22	0.00284688
1142.78	0.0122299
1143.33	0.015453
1143.89	0.000140577
1144.44	0.0166054
1145	0.0153104
1145.56	0.00847416
1146.11	0.0139571
1146.67	0.0191576
1147.22	0.00214633
1147.78	0.0183814
1148.33	0.0203685
1148.89	0.0097005
1149.44	0.015029
1150	0.0172251
1150.56	0.00690858
1151.11	0.0180544
1151.67	0.0254907
1152.22	0.00780303
1152.78	0.00777646
1153.33	0.02023
1153.89	0.0125859
1154.44	0.0135326
1155	0.0238492
1155.56	0.0163556
1156.11	0.00391199
1156.67	0.021162
1157.22	0.0162668
1157.78	0.00649412
1158.33	0.0224906
1158.89	0.0234499
1159.44	0.00457577
1160	0.00980941
1160.56	0.019429
1161.11	0.0018452
1161.67	0.0213867
1162.22	0.015398
1162.78	0.0074174
1163.33	0.0150118
1163.89	0.0169627
1164.44	0.00273898
1165	0.00885281
1165.56	0.0159543
1166.11	0.00871123
1166.67	0.0138128
1167.22	0.00931339
1167.78	0.00147796
1168.33	0.0153688
1168.89	0.0142454
1169.44	0.000583517
1170	0.00479825
1170.56	0.015771
1171.11	0.0023124
1171.67	0.0193891
1172.22	0.00859341
1172.78	0.00571212
1173.33	0.00986291
1173.89	0.0159323
1174.44	0.00444848
1175	0.0132296
1175.56	0.0214836
1176.11	0.00896012
1176.67	0.0179203
1177.22	0.0149079
1177.78	0.0098539
1178.33	0.0123014
1178.89	0.0276748
1179.44	0.00839109
1180	0.00856634
1180.56	0.0180265
1181.11	0.00950602
1181.67	0.0133797
1182.22	0.0220964
1182.78	0.0175921
1183.33	0.00451303
1183.89	0.0206313
1184.44	0.0108918
1185	0.00565271
1185.56	0.0171635
1186.11	0.0254712
1186.67	0.00383498
1187.22	0.0132804
1187.78	0.0148816
1188.33	0.00166257
1188.89	0.0217496
1189.44	0.014921
1190	0.00600358
1190.56	0.00986182
1191.11	0.0182329
1191.67	0.00462149
1192.22	0.0114903
1192.78	0.0220989
1193.33	0.00423973
1193.89	0.0127979
1194.44	0.0135886
1195	0.00191007
1195.56	0.0131875
1196.11	0.0212261
1196.67	0.00404999
1197.22	0.010238
1197.78	0.0147439
1198.33	0.00216992
1198.89	0.0206406
1199.44	0.0165196
1200	0.00648491
1200.56	0.013451
1201.11	0.0163676
1201.67	0.00371721
1202.22	0.0141404
1202.78	0.0241705
1203.33	0.00812419
1203.89	0.0198613
1204.44	0.0142437
1205	0.00631934
1205.56	0.0131875
1206.11	0.0243057
1206.67	0.0106521
1207.22	0.00914105
1207.78	0.0178838
1208.33	0.0095939
1208.89	0.0209231
1209.44	0.0171855
1210	0.0158126
1210.56	0.00565135
1211.11	0.0247401
1211.67	0.00752694
1212.22	0.00620037
1212.78	0.017511
1213.33	0.0237635
1213.89	0.000669442
1214.44	0.0105026
1215	0.0142419
1215.56	0.000152814
1216.11	0.0262025
1216.67	0.0104203
1217.22	0.00278937
1217.78	0.00988669
1218.33	0.0191792
1218.89	0.0054016
1219.44	0.0153282
1220	0.0154812
1220.56	0.00458113
1221.11	0.0177733
1221.67	0.0129732
1222.22	0.00417251
1222.78	0.00613193
1223.33	0.0254687
1223.89	0.00465254
1224.44	0.0113306
1225	0.0113217
1225.56	0.00662542
1226.11	0.0160549
1226.67	0.0125728
1227.22	0.00918724
1227.78	0.00797447
1228.33	0.0234606
1228.89	0.00510058
1229.44	0.013142
1230	0.0208538
1230.56	0.00533363
1231.11	0.0131093
1231.67	0.0145279
1232.22	0.00202797
1232.78	0.00630954
1233.33	0.0231613
1233.89	0.00212432
1234.44	0.00293228
1235	0.015626
1235.56	0.0126438
1236.11	0.0167901
1236.67	0.0258494
1237.22	0.0125069
1237.78	0.00475383
1238.33	0.0200206
1238.89	0.0195229
1239.44	0.00938021
1240	0.0231009
1240.56	0.0208304
1241.11	0.0114076
1241.67	0.0119491
1242.22	0.0193629
1242.78	0.0028859
1243.33	0.0290822
1243.89	0.0151588
1244.44	0.00108988
1245	0.0177571
1245.56	0.020065
1246.11	0.00357288
1246.67	0.0184624
1247.22	0.0261705
1247.78	0.0073164
1248.33	0.0224084
1248.89	0.00903948
1249.44	0.00236891
1250	0.0182747
1250.56	0.0251279
1251.11	0.00175846
1251.67	0.0157026
1252.22	0.0178964
1252.78	0.0072139
1253.33	0.0236333
1253.89	0.0161756
1254.44	0.0054544
1255	0.000126262
1255.56	0.024259
1256.11	0.000398921
1256.67	0.0128106
1257.22	0.0175001
1257.78	0.00929088
1258.33	0.00953496
1258.89	0.0130274
1259.44	0.00512844
1260	0.0126593
1260.56	0.0328145
1261.11	0.00497371
1261.67	0.00980126
1262.22	0.0152012
1262.78	0.0184451
1263.33	0.0147727
1263.89	0.0188495
1264.44	0.0154998
1265	0.0060972
1265.56	0.0268058
1266.11	0.0132989
1266.67	0.0111203
1267.22	0.0123494
1267.78	0.0270621
1268.33	0.0149733
1268.89	0.0164162
1269.44	0.0150036
1270	0.00241752
1270.56	0.0306523
1271.11	0.00877829
1271.67	0.00035794
1272.22	0.0149051
1272.78	0.023628
1273.33	0.0129811
1273.89	0.018231
1274.44	0.018963
1275	0.00567403
1275.56	0.0186875
1276.11	0.0230427
1276.67	0.0020444
1277.22	0.012402
1277.78	0.0137624
1278.33	0.00466142
1278.89	0.000561254
1279.44	0.0199825
1280	0.00994829
1280.56	0.0209156
1281.11	0.0121783
1281.67	0.0158613
1282.22	0.000450023
1282.78	0.0130006
1283.33	0.00465165
1283.89	0.0092795
1284.44	0.0230322
1285	0.0118617
1285.56	0.0096352
1286.11	0.021401
1286.67	0.00961347
1287.22	0.00403902
1287.78	0.0314467
1288.33	0.0100938
1288.89	0.0063051
1289.44	0.0192705
1290	0.00757855
1290.56	0.0165452
1291.11	0.0185749
1291.67	0.0125254
1292.22	0.00827243
1292.78	0.0314712
1293.33	0.00759251
1293.89	0.0132501
1294.44	0.0292727
1295	0.023273
1295.56	0.00127942
1296.11	0.0228016
1296.67	0.0223038
1297.22	0.00425096
1297.78	0.0353333
1298.33	0.0137667
1298.89	0.00731804
1299.44	0.0169236
1300	0.0320718
1300.56	0.0105817
1301.11	0.0236034
1301.67	0.0244475
1302.22	0.00334646
1302.78	0.0135063
1303.33	0.016426
1303.89	0.00439314
1304.44	0.0153973
1305	0.0374383
1305.56	0.00410009
1306.11	0.00288658
1306.67	0.00978002
1307.22	0.00719956
1307.78	0.0165116
1308.33	0.0214023
1308.89	0.00380977
1309.44	0.012227
1310	0.0258977
1310.56	0.000158282
1311.11	0.00829215
1311.67	0.0125238
1312.22	0.0031585
1312.78	0.0138232
1313.33	0.0178518
1313.89	0.00454461
1314.44	0.0130053
1315	0.025027
1315.56	0.0112116
1316.11	0.00705479
1316.67	0.0182374
1317.22	0.00670722
1317.78	0.021115
1318.33	0.0325412
1318.89	0.00482472
1319.44	0.00995821
1320	0.0260882
1320.56	0.00549286
1321.11	0.00600431
1321.67	0.0161357
1322.22	0.0265549
1322.78	0.00474895
1323.33	0.0299961
1323.89	0.00508698
1324.44	0.00452225
1325	0.0265563
1325.56	0.023887
1326.11	0.00572291
1326.67	0.00909803
1327.22	0.0277434
1327.78	0.00552335
1328.33	0.0145355
1328.89	0.0189861
1329.44	0.0154001
1330	0.0200315
1330.56	0.013811
1331.11	0.00169768
1331.67	0.00425284
1332.22	0.0290084
1332.78	0.0063669
1333.33	0.0154864
1333.89	0.0113694
1334.44	0.00484063
1335	0.0162083
1335.56	0.0118537
1336.11	0.0039722
1336.67	0.0148194
1337.22	0.0258425
1337.78	0.0178371
1338.33	0.00780991
1338.89	0.000868229
1339.44	0.00897651
1340	0.0201057
1340.56	0.0160415
1341.11	0.0147958
1341.67	0.0178809
1342.22	0.0254654
1342.78	0.0124447
1343.33	0.0174832
1343.89	0.000607913
1344.44	0.0215541
1345	0.0226285
1345.56	0.0108188
1346.11	0.00990248
1346.67	0.0022923
1347.22	0.0117631
1347.78	0.0112001
1348.33	0.0112305
1348.89	0.0136597
1349.44	0.0259483
1350	0.00246203
1350.56	0.0245026
1351.11	0.0060024
1351.67	0.0191754
1352.22	0.0359675
1352.78	0.020892
1353.33	0.00332006
1353.89	0.00182052
1354.44	0.0207999
1355	0.00791032
1355.56	0.0385195
1356.11	0.000241726
1356.67	0.0198294
1357.22	0.0227807
1357.78	0.0131201
1358.33	0.00655178
1358.89	0.0134899
1359.44	0.0260879
1360	0.00187116
1360.56	0.0202557
1361.11	0.0148023
1361.67	0.00339154
1362.22	0.0280822
1362.78	0.0138912
1363.33	0.00057214
1363.89	0.00578829
1364.44	0.00912867
1365	0.0143079
1365.56	0.018799
1366.11	0.0270682
1366.67	0.012397
1367.22	0.00436586
1367.78	0.0096117
1368.33	0.000219009
1368.89	0.0123431
1369.44	0.0287469
1370	9.37756e-05
1370.56	0.0151132
1371.11	0.0152316
1371.67	0.00911836
1372.22	0.0105986
1372.78	0.01994
1373.33	0.00188358
1373.89	0.00912913
1374.44	0.019249
1375	0.00727262
1375.56	0.0171482
1376.11	0.0266383
1376.67	0.0235803
1377.22	0.00469876
1377.78	0.0227141
1378.33	0.0190658
1378.89	0.00521867
1379.44	0.0238594
1380	0.0122586
1380.56	0.00453098
1381.11	0.00834947
1381.67	0.0205042
1382.22	0.00233641
1382.78	0.0279151
1383.33	0.00541844
1383.89	0.00781212
1384.44	0.026302
1385	0.0414231
1385.56	0.0198895
1386.11	0.0018547
1386.67	0.018183
1387.22	0.0112513
1387.78	0.0147945
1388.33	0.00644055
1388.89	0.00991586
1389.44	0.0104244
1390	0.0218687
1390.56	0.00106754
1391.11	0.00267387
1391.67	0.0193127
1392.22	0.0024756
1392.78	0.0166493
1393.33	0.00336324
1393.89	0.0190718
1394.44	0.00120939
1395	0.00805015
1395.56	0.00273329
1396.11	0.00160036
1396.67	0.020099
1397.22	0.00651309
1397.78	0.0230863
1398.33	0.0177739
1398.89	0.0228089
1399.44	0.0040371
1400	0.0364116
1400.56	0.0185343
1401.11	0.00049582
1401.67	0.0356984
1402.22	0.000908824
1402.78	0.00300192
1403.33	0.0114794
1403.89	0.00609931
1404.44	0.00488169
1405	0.024783
1405.56	0.029039
1406.11	0.00986293
1406.67	0.0147962
1407.22	0.0391974
1407.78	0.0158013
1408.33	0.0110517
1408.89	0.0305409
1409.44	0.0290476
1410	0.0339904
1410.56	0.0173563
1411.11	0.00816466
1411.67	0.0390007
1412.22	0.0272837
1412.78	0.0135728
1413.33	0.00118861
1413.89	0.0383616
1414.44	0.00537715
1415	0.0236829
1415.56	0.00234697
1416.11	0.014105
1416.67	0.00783378
1417.22	0.0221095
1417.78	0.0128325
1418.33	0.00708029
1418.89	0.0262511
1419.44	0.00791191
1420	0.0240545
1420.56	0.0112783
1421.11	0.00516049
1421.67	0.00810748
1422.22	0.0407999
1422.78	0.000238182
1423.33	0.00952647
1423.89	0.032943
1424.44	0.0136572
1425	0.0271531
1425.56	0.0115741
1426.11	0.0133989
1426.67	0.034899
1427.22	0.0448557
1427.78	0.00967153
1428.33	0.0061866
1428.89	0.00114194
1429.44	0.014505
1430	0.000961539
1430.56	0.0105566
1431.11	0.0166692
1431.67	0.0301591
1432.22	0.0393992
1432.78	0.0225911
1433.33	0.00130854
1433.89	0.0243159
1434.44	0.0317295
1435	0.0178187
1435.56	0.00454572
1436.11	0.00979774
1436.67	0.00576189
1437.22	0.0250942
1437.78	0.00597769
1438.33	0.0166359
1438.89	0.0243061
1439.44	0.0175818
1440	0.0274658
1440.56	0.040361
1441.11	0.0194408
1441.67	0.0226466
1442.22	0.0223239
1442.78	0.00739041
1443.33	0.0285127
1443.89	0.0209679
1444.44	0.00512587
1445	0.0197336
1445.56	0.0100117
1446.11	0.0227244
1446.67	0.038547
1447.22	0.0128406
1447.78	0.0114339
1448.33	0.0229365
1448.89	0.013092
1449.44	0.0209804
1450	0.00316037
1450.56	0.0083143
1451.11	0.0345852
1451.67	0.0197789
1452.22	0.0271
1452.78	0.00751453
1453.33	0.0055489
1453.89	0.0423781
1454.44	0.0261588
1455	0.0352914
1455.56	0.0142911
1456.11	0.00976671
1456.67	0.0480486
1457.22	0.0506915
1457.78	0.0355918
1458.33	0.0205792
1458.89	0.00120033
1459.44	0.0514817
1460	0.0419107
1460.56	0.0148777
1461.11	0.0387102
1461.67	0.0468146
1462.22	6.25814e-05
1462.78	0.0298301
1463.33	0.00182703
1463.89	0.00202605
1464.44	0.0507454
1465	0.00300582
1465.56	0.0407734
1466.11	0.00254903
1466.67	0.0359824
1467.22	0.0026149
1467.78	0.0353842
1468.33	0.0310698
1468.89	0.0131887
1469.44	0.0394059
1470	0.0372186
1470.56	0.0477685
1471.11	0.0412454
1471.67	0.0242079
1472.22	0.0115687
1472.78	0.00931805
1473.33	0.0298022
1473.89	0.023768
1474.44	0.0019602
1475	0.0228477
1475.56	0.039103
1476.11	0.0408388
1476.67	0.0311419
1477.22	0.0127897
1477.78	0.0286963
1478.33	0.0380515
1478.89	0.0165732
1479.44	0.00803212
1480	0.0391039
1480.56	0.0189489
1481.11	0.0153343
1481.67	0.0528076
1482.22	0.0011553
1482.78	0.00929705
1483.33	0.0217497
1483.89	0.0232927
1484.44	0.000739847
1485	0.0579585
1485.56	0.0125067
1486.11	0.00540651
1486.67	0.00738769
1487.22	0.0248692
1487.78	0.0173204
1488.33	0.0137859
1488.89	0.0350592
1489.44	0.0292356
1490	0.000836423
1490.56	0.00395364
1491.11	0.0130282
1491.67	0.00910313
1492.22	0.00311782
1492.78	0.0123766
1493.33	0.0284677
1493.89	0.0472179
1494.44	0.0106364
1495	0.0186011
1495.56	0.022913
1496.11	0.0299876
1496.67	0.00810583
1497.22	0.00250806
1497.78	0.041825
1498.33	0.0356239
1498.89	0.066557
1499.44	0.0122018
1500	0.00742278
1500.56	0.0203909
1501.11	0.0437518
1501.67	0.02822
1502.22	0.0223165
1502.78	0.0181489
1503.33	0.00450081
1503.89	0.0044554
1504.44	0.00419792
1505	0.00183691
1505.56	0.0330946
1506.11	0.0167432
1506.67	0.0144931
1507.22	0.0191515
1507.78	0.0224897
1508.33	0.0215807
1508.89	0.00604572
1509.44	0.0345999
1510	0.030445
1510.56	0.0324327
1511.11	0.0104544
1511.67	0.00346317
1512.22	0.0509884
1512.78	0.0403884
1513.33	0.0086136
1513.89	0.000808642
1514.44	0.030797
1515	0.0375452
1515.56	0.0338427
1516.11	0.0494188
1516.67	0.0103175
1517.22	0.0388386
1517.78	0.0207649
1518.33	0.0204861
1518.89	0.0579428
1519.44	0.0136539
1520	0.00513993
1520.56	0.000484749
1521.11	0.0618659
1521.67	0.0211262
1522.22	0.0197793
1522.78	0.0279161
1523.33	0.0160998
1523.89	0.038852
1524.44	0.0166039
1525	0.0462391
1525.56	0.0396672
1526.11	0.0848077
1526.67	0.00593526
1527.22	0.0188294
1527.78	0.0233394
1528.33	0.0370611
1528.89	0.00627305
1529.44	0.040928
1530	0.0114274
1530.56	0.00366941
1531.11	0.108418
1531.67	0.00117763
1532.22	0.0182753
1532.78	0.00878564
1533.33	0.01984
1533.89	0.0264525
1534.44	0.00694455
1535	0.0266961
1535.56	0.0579595
1536.11	0.0584608
1536.67	0.00135847
1537.22	0.0115572
1537.78	0.00480306
1538.33	0.0106554
1538.89	0.0244076
1539.44	0.0182303
1540	0.0145136
1540.56	0.0386769
1541.11	0.0420436
1541.67	0.0347314
1542.22	0.0212416
1542.78	0.00511106
1543.33	0.0349132
1543.89	0.0149095
1544.44	0.0506346
1545	0.00377148
1545.56	0.0762327
1546.11	0.0242715
1546.67	0.0410864
1547.22	0.0407372
1547.78	0.0521227
1548.33	0.050601
1548.89	0.000539309
1549.44	0.100191
1550	0.0181675
1550.56	0.00618424
1551.11	0.00824106
1551.67	0.0399102
1552.22	0.00327608
1552.78	0.0725157
1553.33	0.00803552
1553.89	0.0859839
1554.44	0.038391
1555	0.0969933
1555.56	0.0595904
1556.11	0.00938659
1556.67	0.0632073
1557.22	0.0766867
1557.78	0.0130374
1558.33	0.00498141
1558.89	0.0251376
1559.44	0.0373971
1560	0.00512006
1560.56	0.0502931
1561.11	0.0287961
1561.67	0.0198125
1562.22	0.00268722
1562.78	0.020865
1563.33	0.0715368
1563.89	0.0728416
1564.44	0.0731331
1565	0.104707
1565.56	0.0333615
1566.11	0.0223567
1566.67	0.00288298
1567.22	0.0217974
1567.78	0.0477486
1568.33	0.0278592
1568.89	0.00862424
1569.44	0.0160271
1570	0.0217033
1570.56	0.0154654
1571.11	0.0462017
1571.67	0.10914
1572.22	0.0165894
1572.78	0.0356177
1573.33	0.100557
1573.89	0.0273823
1574.44	0.0640553
1575	0.109735
1575.56	0.00705336
1576.11	0.00423843
1576.67	0.0663231
1577.22	0.070506
1577.78	0.0818842
1578.33	0.0956019
1578.89	0.119401
1579.44	0.0986208
1580	0.0181758
1580.56	0.0704226
1581.11	0.0526576
1581.67	0.11533
1582.22	0.0391528
1582.78	0.0149852
1583.33	0.0735172
1583.89	0.0379195
1584.44	0.0209713
1585	0.0366791
1585.56	0.129481
1586.11	0.0361051
1586.67	0.0155234
1587.22	0.0543359
1587.78	0.0189073
1588.33	0.0859738
1588.89	0.0423812
1589.44	0.0649852
1590	0.0369346
1590.56	0.0763762
1591.11	0.101935
1591.67	0.057539
1592.22	0.0303154
1592.78	0.0280899
1593.33	0.0338783
1593.89	0.0553301
1594.44	0.0137022
1595	0.0443796
1595.56	0.0181831
1596.11	0.0826806
1596.67	0.0900983
1597.22	0.0843104
1597.78	0.0133812
1598.33	0.0915138
1598.89	0.150472
1599.44	0.114794
1600	0.0500501
1600.56	0.0241303
1601.11	0.13553
1601.67	0.0657392
1602.22	0.000397288
1602.78	0.109922
1603.33	0.109308
1603.89	0.0602244
1604.44	0.16847
1605	0.00889795
1605.56	0.0501339
1606.11	0.000184434
1606.67	0.00852352
1607.22	0.0313281
1607.78	0.215604
1608.33	0.0241518
1608.89	0.0854538
1609.44	0.0103759
1610	0.0880963
1610.56	0.0750898
1611.11	0.0483694
1611.67	0.120833
1612.22	0.0634321
1612.78	0.119388
1613.33	0.020002
1613.89	0.109482
1614.44	0.105753
1615	0.0231358
1615.56	0.00628295
1616.11	0.0191885
1616.67	0.0631003
1617.22	0.0261864
1617.78	0.133682
1618.33	0.0491205
1618.89	0.0518134
1619.44	0.00270768
1620	0.0198402
1620.56	0.0959476
1621.11	0.105561
1621.67	0.0173054
1622.22	0.095722
1622.78	0.115199
1623.33	0.109267
1623.89	0.00599735
1624.44	0.0590071
1625	0.0391716
1625.56	0.0029275
1626.11	0.0763629
1626.67	0.0163697
1627.22	0.012114
1627.78	0.0563762
1628.33	0.168683
1628.89	0.0298341
1629.44	0.102028
1630	0.141029
1630.56	0.0413951
1631.11	0.219638
1631.67	0.168691
1632.22	0.117032
1632.78	0.0792013
1633.33	0.0831284
1633.89	0.039752
1634.44	0.0266446
1635	0.0366834
1635.56	0.0680895
1636.11	0.0183016
1636.67	0.0624549
1637.22	0.121195
1637.78	0.0349392
1638.33	0.0451726
1638.89	0.213603
1639.44	0.0838774
1640	0.0613168
1640.56	0.016416
1641.11	0.156077
1641.67	0.0503098
1642.22	0.0175128
1642.78	0.0362914
1643.33	0.0914309
1643.89	0.0561982
1644.44	0.136358
1645	0.0927794
1645.56	0.0822581
1646.11	0.214303
1646.67	0.0122523
1647.22	0.0261343
1647.78	0.0266381
1648.33	0.0363679
1648.89	0.189258
1649.44	0.00470511
1650	0.020458
1650.56	0.0387433
1651.11	0.0044673
1651.67	0.151786
1652.22	0.00126698
1652.78	0.0648491
1653.33	0.0329309
1653.89	0.1202
1654.44	0.235629
1655	0.205809
1655.56	0.107858
1656.11	0.138066
1656.67	0.0722408
1657.22	0.0710125
1657.78	0.008702
1658.33	0.00360622
1658.89	0.147552
1659.44	0.0248509
1660	0.105773
1660.56	0.064947
1661.11	0.045433
1661.67	0.0406758
1662.22	0.100531
1662.78	0.028985
1663.33	0.0922559
1663.89	0.219099
1664.44	0.0185255
1665	0.0110489
1665.56	0.0624207
1666.11	0.0167276
1666.67	0.331364
1667.22	0.0883305
1667.78	0.137541
1668.33	0.0110724
1668.89	0.0202515
1669.44	0.145607
1670	0.118252
1670.56	0.119392
1671.11	0.059007
1671.67	0.0998343
1672.22	0.102797
1672.78	0.160136
1673.33	0.122828
1673.89	0.0909278
1674.44	0.0568945
1675	0.128822
1675.56	0.218966
1676.11	0.155366
1676.67	0.00865267
1677.22	0.00839168
1677.78	0.051723
1678.33	0.178795
1678.89	0.19266
1679.44	0.104705
1680	0.0370666
1680.56	0.274303
1681.11	0.0807881
1681.67	0.141224
1682.22	0.0224515
1682.78	0.0195778
1683.33	0.0525644
1683.89	4.89669e-05
1684.44	0.324505
1685	0.186416
1685.56	0.0651151
1686.11	0.0586978
1686.67	0.14433
1687.22	0.0573198
1687.78	0.109473
1688.33	0.235823
1688.89	0.0580757
1689.44	0.145831
1690	0.224303
1690.56	0.0212456
1691.11	0.16734
1691.67	0.099525
1692.22	0.134586
1692.78	0.0994707
1693.33	0.0761166
1693.89	0.0972343
1694.44	0.226802
1695	0.0653927
1695.56	0.0188012
1696.11	0.27722
1696.67	0.201991
1697.22	0.0846043
1697.78	0.312409
1698.33	0.0383456
1698.89	0.237442
1699.44	0.037952
1700	0.0866784
1700.56	0.0421751
1701.11	0.333244
1701.67	0.0213406
1702.22	0.132606
1702.78	0.000615273
1703.33	0.0165567
1703.89	0.152354
1704.44	0.181633
1705	0.0156702
1705.56	0.00153303
1706.11	0.066769
1706.67	0.016633
1707.22	0.0869288
1707.78	0.00918818
1708.33	0.16952
1708.89	0.0427834
1709.44	0.13775
1710	0.0280034
1710.56	0.0354064
1711.11	0.234543
1711.67	0.0863371
1712.22	0.059206
1712.78	0.185799
1713.33	0.287936
1713.89	0.0891659
1714.44	0.257504
1715	0.0654533
1715.56	0.0509408
1716.11	0.191411
1716.67	0.0464092
1717.22	0.189503
1717.78	0.0493895
1718.33	0.0939218
1718.89	0.279864
1719.44	0.21159
1720	0.131483
1720.56	0.422386
1721.11	0.00243806
1721.67	0.405133
1722.22	0.401829
1722.78	0.210477
1723.33	0.102919
1723.89	0.13542
1724.44	0.386831
1725	0.461051
1725.56	0.097024
1726.11	0.132366
1726.67	0.17334
1727.22	0.043921
1727.78	0.00542992
1728.33	0.0433024
1728.89	0.046432
1729.44	0.218876
1730	0.100094
1730.56	0.413142
1731.11	0.181396
1731.67	0.313904
1732.22	0.173425
1732.78	0.225511
1733.33	0.209355
1733.89	0.466044
1734.44	0.537559
1735	0.0638996
1735.56	0.240684
1736.11	0.350895
1736.67	0.265309
1737.22	0.0193725
1737.78	0.0297583
1738.33	0.129234
1738.89	0.489211
1739.44	0.0183626
1740	0.0211352
1740.56	0.110179
1741.11	0.0375935
1741.67	0.413808
1742.22	0.0370889
1742.78	0.123456
1743.33	0.171551
1743.89	0.292894
1744.44	0.457202
1745	0.190202
1745.56	0.444674
1746.11	0.380049
1746.67	0.119323
1747.22	0.131475
1747.78	0.443483
1748.33	0.0666296
1748.89	0.294103
1749.44	0.0522241
1750	0.166568
1750.56	0.0326659
1751.11	0.36523
1751.67	0.355695
1752.22	0.136661
1752.78	0.503683
1753.33	0.399902
1753.89	0.600908
1754.44	0.108363
1755	0.288385
1755.56	0.566159
1756.11	0.468549
1756.67	0.642466
1757.22	0.364884
1757.78	0.790813
1758.33	0.00797028
1758.89	0.550581
1759.44	0.328437
1760	0.220027
1760.56	0.505826
1761.11	0.20379
1761.67	0.119441
1762.22	0.0387207
1762.78	0.251811
1763.33	0.0930863
1763.89	0.339987
1764.44	0.0688131
1765	0.235871
1765.56	0.00143356
1766.11	0.197347
1766.67	0.0662931
1767.22	0.424445
1767.78	0.0338268
1768.33	0.392755
1768.89	0.65893
1769.44	0.00191654
1770	0.428121
1770.56	0.665855
1771.11	0.33788
1771.67	0.0610621
1772.22	0.13014
1772.78	0.478704
1773.33	0.0343778
1773.89	0.130872
1774.44	0.351871
1775	0.361318
1775.56	0.0333653
1776.11	0.118192
1776.67	0.337407
1777.22	0.914776
1777.78	0.464816
1778.33	0.315118
1778.89	0.600815
1779.44	0.475664
1780	0.524217
1780.56	0.391093
1781.11	0.561925
1781.67	0.365602
1782.22	0.28399
1782.78	0.00362497
1783.33	0.376604
1783.89	0.0401192
1784.44	0.87524
1785	0.26908
1785.56	0.389585
1786.11	0.331465
1786.67	0.08323
1787.22	0.801306
1787.78	0.069125
1788.33	0.266878
1788.89	0.779546
1789.44	0.946026
1790	0.166228
1790.56	0.238982
1791.11	0.145681
1791.67	0.268138
1792.22	0.475341
1792.78	0.237518
1793.33	0.52642
1793.89	0.213648
1794.44	0.353329
1795	0.475748
1795.56	0.691178
1796.11	0.072028
1796.67	0.238351
1797.22	0.371087
1797.78	0.558465
1798.33	0.16746
1798.89	0.0964837
1799.44	0.316517
1800	0.305785
1800.56	0.0634183
1801.11	0.462226
1801.67	0.375136
1802.22	0.098068
1802.78	0.0692456
1803.33	0.221847
1803.89	0.127994
1804.44	0.11667
1805	0.310922
1805.56	0.407794
1806.11	0.870982
1806.67	0.309111
1807.22	0.752787
1807.78	0.354444
1808.33	0.112122
1808.89	0.621916
1809.44	0.0371783
1810	0.605013
1810.56	0.442594
1811.11	0.690583
1811.67	0.208494
1812.22	0.426902
1812.78	0.116917
1813.33	1.12876
1813.89	0.177109
1814.44	0.12282
1815	0.25948
1815.56	0.660059
1816.11	0.295064
1816.67	0.0318166
1817.22	0.779812
1817.78	0.0441915
1818.33	0.168581
1818.89	0.28303
1819.44	0.163097
1820	0.990587
1820.56	0.0661177
1821.11	0.0708504
1821.67	0.79388
1822.22	0.20106
1822.78	0.425227
1823.33	0.222627
1823.89	0.576752
1824.44	0.730583
1825	0.0418367
1825.56	0.414617
1826.11	0.193792
1826.67	0.00990425
1827.22	1.0177
1827.78	1.10394
1828.33	0.575004
1828.89	0.491573
1829.44	0.599363
1830	0.416235
1830.56	0.0606733
1831.11	0.459443
1831.67	0.680358
1832.22	0.877228
1832.78	0.10311
1833.33	0.542414
1833.89	0.451189
1834.44	0.486736
1835	0.014901
1835.56	0.453412
1836.11	0.0545818
1836.67	0.40416
1837.22	0.177243
1837.78	0.415462
1838.33	0.102645
1838.89	0.695457
1839.44	0.471822
1840	0.43337
1840.56	0.772114
1841.11	0.398303
1841.67	0.675889
1842.22	0.010886
1842.78	0.446654
1843.33	0.233346
1843.89	1.21277
1844.44	0.158093
1845	0.357251
1845.56	0.0109546
1846.11	0.285219
1846.67	0.0816223
1847.22	0.150675
1847.78	0.628717
1848.33	0.168574
1848.89	0.578935
1849.44	0.282894
1850	0.0189049
1850.56	0.755292
1851.11	0.164374
1851.67	0.601271
1852.22	0.267857
1852.78	0.0300133
1853.33	1.72368
1853.89	0.181719
1854.44	0.272797
1855	0.871273
1855.56	1.1305
1856.11	0.559187
1856.67	0.0957811
1857.22	0.118678
1857.78	0.550085
1858.33	0.613182
1858.89	0.331381
1859.44	0.209066
1860	1.37418
1860.56	1.73122
1861.11	0.68902
1861.67	0.101513
1862.22	0.758487
1862.78	0.238026
1863.33	0.0835132
1863.89	0.974905
1864.44	0.0848151
1865	0.805425
1865.56	0.994054
1866.11	0.431482
1866.67	0.349088
1867.22	0.861518
1867.78	0.0829417
1868.33	1.01873
1868.89	1.0465
1869.44	0.448364
1870	1.22494
1870.56	1.74339
1871.11	0.509795
1871.67	0.850826
1872.22	0.602768
1872.78	0.913089
1873.33	0.933761
1873.89	0.0576969
1874.44	0.646257
1875	0.77602
1875.56	1.07096
1876.11	0.257782
1876.67	0.336273
1877.22	1.47927
1877.78	0.609985
1878.33	1.30121
1878.89	0.65432
1879.44	0.145169
1880	0.283652
1880.56	0.343725
1881.11	0.521731
1881.67	0.558729
1882.22	0.0582554
1882.78	1.33233
1883.33	0.120612
1883.89	0.298666
1884.44	0.0765751
1885	0.481471
1885.56	0.0575248
1886.11	1.57213
1886.67	0.555801
1887.22	0.0964123
1887.78	0.90116
1888.33	0.141423
1888.89	1.30625
1889.44	2.48097
1890	0.0123325
1890.56	0.359862
1891.11	1.21036
1891.67	0.968179
1892.22	0.0403216
1892.78	0.275953
1893.33	0.345639
1893.89	1.61083
1894.44	0.597163
1895	1.16614
1895.56	0.887509
1896.11	0.409555
1896.67	0.0763
1897.22	0.255779
1897.78	0.784373
1898.33	1.09989
1898.89	0.435404
1899.44	1.29999
1900	0.54689
1900.56	1.07318
1901.11	0.113668
1901.67	0.925517
1902.22	1.03273
1902.78	0.920368
1903.33	0.119035
1903.89	1.52871
1904.44	0.821497
1905	0.454221
1905.56	1.41741
1906.11	1.7904
1906.67	0.320816
1907.22	0.268907
1907.78	1.72278
1908.33	0.236519
1908.89	0.351797
1909.44	0.426142
1910	0.206206
1910.56	1.15739
1911.11	0.199341
1911.67	0.204691
1912.22	0.582449
1912.78	0.230412
1913.33	0.131461
1913.89	0.19214
1914.44	0.0414481
1915	0.659141
1915.56	0.949621
1916.11	0.479034
1916.67	1.05021
1917.22	2.11049
1917.78	0.697306
1918.33	1.12216
1918.89	0.963055
1919.44	0.242139
1920	0.726196
1920.56	0.218189
1921.11	0.444756
1921.67	0.946413
1922.22	0.172883
1922.78	1.62967
1923.33	0.900922
1923.89	0.537014
1924.44	1.79153
1925	0.0310434
1925.56	0.800084
1926.11	0.387475
1926.67	0.750552
1927.22	0.0130909
1927.78	0.271499
1928.33	0.22259
1928.89	0.98629
1929.44	1.83201
1930	0.148121
1930.56	1.6958
1931.11	1.43354
1931.67	0.529618
1932.22	1.03397
1932.78	1.18228
1933.33	0.676284
1933.89	0.658279
1934.44	0.52521
1935	0.41935
1935.56	1.26213
1936.11	0.128783
1936.67	0.78149
1937.22	0.455791
1937.78	1.53537
1938.33	1.06942
1938.89	0.671484
1939.44	0.213748
1940	0.825158
1940.56	0.703122
1941.11	0.648825
1941.67	0.802545
1942.22	0.880202
1942.78	0.426021
1943.33	0.717206
1943.89	0.473265
1944.44	0.75834
1945	0.650994
1945.56	0.393376
1946.11	1.32043
1946.67	0.00722685
1947.22	0.598343
1947.78	0.868143
1948.33	0.415513
1948.89	0.205201
1949.44	0.158668
1950	1.26749
1950.56	2.37204
1951.11	0.521327
1951.67	1.77575
1952.22	0.167454
1952.78	0.294776
1953.33	0.78011
1953.89	0.758678
1954.44	0.677836
1955	0.620346
1955.56	0.937528
1956.11	0.134851
1956.67	0.466997
1957.22	0.974639
1957.78	1.04447
1958.33	0.895441
1958.89	1.37148
1959.44	0.279962
1960	0.313949
1960.56	0.0108888
1961.11	0.499291
1961.67	0.765025
1962.22	1.14354
1962.78	0.115584
1963.33	1.18404
1963.89	1.1319
1964.44	0.902392
1965	0.482647
1965.56	1.03924
1966.11	0.401077
1966.67	0.924265
1967.22	2.04289
1967.78	0.501725
1968.33	0.063232
1968.89	0.00276261
1969.44	0.73377
1970	1.29343
1970.56	1.33494
1971.11	1.04261
1971.67	1.53623
1972.22	2.37958
1972.78	0.627306
1973.33	0.627999
1973.89	0.0598057
1974.44	0.251651
1975	1.08318
1975.56	1.86459
1976.11	0.543355
1976.67	2.3211
1977.22	0.440191
1977.78	0.745168
1978.33	0.883984
1978.89	1.74963
1979.44	0.330095
1980	0.608224
1980.56	0.806427
1981.11	1.039
1981.67	2.0788
1982.22	1.09598
1982.78	0.426797
1983.33	0.245766
1983.89	0.0296985
1984.44	1.14207
1985	0.853239
1985.56	1.43454
1986.11	1.71275
1986.67	0.269911
1987.22	1.00254
1987.78	2.00118
1988.33	0.555781
1988.89	0.282218
1989.44	0.13164
1990	0.153484
1990.56	1.83341
1991.11	0.223959
1991.67	1.16919
1992.22	1.35151
1992.78	0.244755
1993.33	0.360061
1993.89	0.692575
1994.44	0.217161
1995	0.202579
1995.56	1.12376
1996.11	1.56266
1996.67	1.67296
1997.22	0.573345
1997.78	0.622518
1998.33	0.813178
1998.89	0.390941
1999.44	2.06403
2000	1.17661
