Re						Cd_HFDIB				
50						1.449323835249945		
100						1.3499999277745802		
150						1.3333583506438793		
200						1.3411645629952722		
250						1.3576902058516633		
300						1.3768955805379803		
350						1.396119233126825		
400						1.4141452571357618		
450						1.4304502159939023		
500						1.4448630610875657		
45.77163260892383       1.6278678061288774
67.41453394491302       1.5558850100281993
87.28608403253226       1.4724593552654388
109.9105334695518       1.4330293362195987
132.17042060600724      1.3943941383063425
154.58401393378827      1.3822832764904103
182.4713805613238       1.370328905319771
227.69538714554054      1.3088518995366718
276.3640686907342       1.2617471316063775
367.8791550491883       1.1831015287732278
471.8801896718902       1.1407786688777009
552.1087748779529       1.079166250402308
639.9118110857472       1.049914137290229
44.956426130495224      1.5388531020076797
52.113746279033556      1.4693754388249145
59.303530686230765      1.4161223503379932
67.48018847943015       1.377633473688249
77.5004836658843        1.3277550056344374
86.57009427699913       1.3037167522412432
96.7010897046511        1.2801136978295966
111.0438358538735       1.2570791475161687
132.23971571463346      1.3059639513438352
150.4388780464793       1.3066486500340215
174.3243299637312       1.3074316023986474
202.002118148707        1.3082150239134196
407.0110420916957       1.217294323713506
512.5461985725939       1.173660406562054
127.29269855329945 		1.4709495080927892
198.12680285420544 		1.3616898877360868
296.2209159697943	    1.244434569630598
425.4229949756748 		1.1669146874283856
586.8930301963948 		1.1083903535981094
83.4444352886536 		1.5686668766555663
168.6841339730451 		1.3971768998751175		
	
