Re					Cl_HFDIB
49.37834096983582	 0.05980970832957855
59.32170357642869	 0.12434479288696654
79.82988895252643	 0.2358144843951817
99.71661416571209	 0.3238168724279835
119.60333937889783 	 0.40008560872307797
140.11152475499551 	 0.48808799675587977
159.99824996818126 	 0.5526230813132678
199.77170039455262 	 0.6699595986903364
249.48851342751686 	 0.7931629419362589
299.82678662339316 	 0.8928989817067676
350.16505981926946 	 0.9809013697395694
399.88187285223364	 1.0278359766903966
50					 0.060649
100					 0.32
160					 0.5718
500					 1.2
