NO.		Time				Drag				Lift
49		0.28154				1.1814				0.0035625
74		0.46359				1.1441				0.0041583
99		0.65151				1.1864				0.005032
124		0.84091				1.2538				0.0058626
149		1.0312				1.3195				0.0068865
174		1.2266				1.3717				0.0079244
199		1.4219				1.402				0.0089764
224		1.621				1.4109				0.010337
249		1.8226				1.4037				0.011858
274		2.0246				1.386				0.013208
299		2.2295				1.3633				0.014512
324		2.4344				1.3396				0.015719
349		2.6417				1.3164				0.01679
374		2.85				1.2948				0.017763
399		3.0593				1.2751				0.018578
424		3.2712				1.2571				0.019203
449		3.483				1.2407				0.019586
474		3.6983				1.2255				0.019613
499		3.9138				1.2115				0.019285
524		4.1293				1.1986				0.018595
549		4.3448				1.1867				0.017525
574		4.5614				1.1757				0.016036
599		4.7807				1.1653				0.014131
624		5				1.1557				0.011842
649		5.2193				1.1467				0.009176
674		5.4386				1.1383				0.0062279
699		5.6607				1.1304				0.003019
724		5.8839				1.1228				-0.00033908
749		6.1071				1.1157				-0.0037045
774		6.3304				1.1089				-0.0069643
799		6.5545				1.1025				-0.010014
824		6.7818				1.0963				-0.012755
849		7.0091				1.0904				-0.014996
874		7.2364				1.0848				-0.016644
899		7.4636				1.0794				-0.017595
924		7.6909				1.0743				-0.017742
949		7.9182				1.0693				-0.017026
974		8.1481				1.0644				-0.015367
999		8.3796				1.0597				-0.012734
1024		8.6111				1.0552				-0.009158
1049		8.8426				1.0511				-0.0046923
1074		9.0741				1.0472				0.00058796
1099		9.3056				1.0435				0.006552
1124		9.537				1.04				0.013029
1149		9.7685				1.0366				0.019824
1174		10				1.0334				0.026699
1199		10.232				1.0304				0.033393
1224		10.463				1.0276				0.039631
1249		10.694				1.0249				0.045125
1274		10.926				1.0223				0.049595
1299		11.16				1.0199				0.052814
1324		11.396				1.0176				0.054447
1349		11.632				1.0153				0.054253
1374		11.868				1.0132				0.052044
1399		12.104				1.0111				0.047705
1424		12.34				1.0091				0.041183
1449		12.575				1.0072				0.032524
1474		12.811				1.0052				0.021826
1499		13.047				1.0034				0.009313
1524		13.283				1.0016				-0.0047541
1549		13.519				0.99994				-0.020024
1574		13.755				0.99841				-0.036055
1599		13.991				0.99706				-0.052341
1624		14.226				0.99591				-0.068291
1649		14.462				0.99502				-0.083303
1674		14.698				0.99439				-0.096703
1699		14.934				0.994				-0.10782
1724		15.17				0.99383				-0.11607
1749		15.406				0.99385				-0.12079
1774		15.642				0.99397				-0.12147
1799		15.877				0.99416				-0.11769
1824		16.113				0.99433				-0.10914
1849		16.349				0.99444				-0.095669
1874		16.585				0.99448				-0.077308
1899		16.821				0.99445				-0.0543
1924		17.057				0.99443				-0.027001
1949		17.293				0.99455				0.0039378
1974		17.529				0.99488				0.037717
1999		17.769				0.9957				0.073849
2024		18.01				0.99718				0.11059
2049		18.246				0.9995				0.14572
2074		18.481				1.0028				0.17846
2099		18.717				1.0071				0.20731
2124		18.953				1.0125				0.23065
2149		19.185				1.0187				0.24666
2174		19.417				1.0255				0.25447
2199		19.648				1.0326				0.2529
2224		19.88				1.0397				0.24098
2249		20.111				1.0466				0.21801
2274		20.343				1.0528				0.18365
2299		20.574				1.0587				0.13806
2324		20.806				1.0643				0.081965
2349		21.037				1.0704				0.016925
2374		21.268				1.0777				-0.054762
2399		21.5				1.0873				-0.1298
2424		21.733				1.1006				-0.20389
2449		21.963				1.118				-0.2702
2474		22.191				1.1393				-0.32337
2499		22.414				1.1631				-0.35753
2524		22.634				1.1876				-0.36891
2549		22.854				1.2104				-0.35473
2574		23.07				1.2288				-0.31446
2599		23.29				1.2419				-0.24781
2624		23.509				1.2495				-0.15835
2649		23.728				1.2541				-0.051942
2674		23.947				1.2588				0.063451
2699		24.167				1.2668				0.17787
2724		24.386				1.2797				0.28013
2749		24.604				1.2971				0.35926
2774		24.819				1.3162				0.40702
2799		25.025				1.3322				0.41979
2824		25.237				1.3433				0.39861
2849		25.442				1.3471				0.34733
2874		25.65				1.3443				0.26989
2899		25.858				1.3373				0.17244
2924		26.068				1.3289				0.061831
2949		26.28				1.3227				-0.054753
2974		26.491				1.3211				-0.16735
2999		26.707				1.3256				-0.26841
3024		26.918				1.3351				-0.34596
3049		27.127				1.3467				-0.39553
3074		27.335				1.357				-0.41299
3099		27.542				1.3629				-0.39772
3124		27.75				1.3622				-0.35084
3149		27.958				1.3554				-0.27568
3174		28.167				1.3444				-0.17711
3199		28.375				1.3325				-0.061431
3224		28.585				1.3232				0.064762
3249		28.797				1.3199				0.19318
3274		29.009				1.3245				0.31229
3299		29.22				1.3365				0.41165
3324		29.427				1.3523				0.48052
3349		29.633				1.3677				0.51461
3374		29.838				1.3783				0.51116
3399		30.041				1.3814				0.47135
3424		30.246				1.3766				0.39704
3449		30.451				1.3655				0.29284
3474		30.656				1.352				0.16507
3499		30.861				1.3401				0.020951
3524		31.068				1.3347				-0.1316
3549		31.28				1.3391				-0.28299
3574		31.491				1.3542				-0.41622
3599		31.702				1.3766				-0.51762
3624		31.909				1.3997				-0.57741
3649		32.115				1.4176				-0.59196
3674		32.32				1.4256				-0.5617
3699		32.525				1.4226				-0.49002
3724		32.73				1.4102				-0.38182
3749		32.934				1.3922				-0.24364
3774		33.139				1.3745				-0.083711
3799		33.344				1.3625				0.08815
3824		33.551				1.361				0.26103
3849		33.763				1.3726				0.42237
3874		33.968				1.394				0.54856
3899		34.173				1.4194				0.63341
3924		34.377				1.4406				0.6691
3949		34.581				1.4523				0.6552
3974		34.782				1.4519				0.5959
3999		34.984				1.4402				0.49636
4024		35.185				1.4212				0.36295
4049		35.387				1.3998				0.20342
4074		35.59				1.3821				0.025422
4099		35.795				1.374				-0.15997
4124		36				1.3791				-0.337
4149		36.211				1.3978				-0.49446
4174		36.417				1.4243				-0.60906
4199		36.623				1.4503				-0.67432
4224		36.824				1.4682				-0.68663
4249		37.024				1.4741				-0.64998
4274		37.226				1.4671				-0.5686
4299		37.427				1.4495				-0.44837
4324		37.629				1.4262				-0.29636
4349		37.831				1.4033				-0.12116
4374		38.033				1.387				0.068061
4399		38.242				1.3831				0.26295
4424		38.45				1.3941				0.44128
4449		38.658				1.4177				0.58671
4474		38.862				1.4453				0.68378
4499		39.065				1.4687				0.7279
4524		39.266				1.4816				0.7188
4549		39.461				1.4813				0.66316
4574		39.659				1.4689				0.56495
4599		39.857				1.4476				0.43018
4624		40.056				1.4228				0.26574
4649		40.258				1.4008				0.079242
4674		40.46				1.3883				-0.11655
4699		40.667				1.3899				-0.31226
4724		40.875				1.4071				-0.48653
4749		41.083				1.4346				-0.62116
4774		41.287				1.4634				-0.70338
4799		41.484				1.4844				-0.7297
4824		41.684				1.4936				-0.70436
4849		41.882				1.489				-0.63283
4874		42.079				1.4724				-0.52039
4899		42.278				1.4484				-0.37323
4924		42.476				1.4228				-0.19951
4949		42.68				1.4018				-0.003686
4974		42.885				1.3926				0.19867
4999		43.093				1.399				0.39273
5024		43.302				1.42				0.55802
5049		43.508				1.4487				0.67748
5074		43.711				1.4751				0.74152
5099		43.911				1.492				0.75007
5124		44.111				1.4954				0.70707
5149		44.309				1.4854				0.61897
5174		44.508				1.4647				0.49151
5199		44.706				1.4388				0.33224
5224		44.905				1.4142				0.14948
5249		45.107				1.3969				-0.049581
5274		45.312				1.3932				-0.25171
5299		45.517				1.4053				-0.43722
5324		45.725				1.431				-0.59073
5349		45.928				1.4605				-0.69242
5374		46.129				1.4854				-0.73928
5399		46.329				1.4989				-0.73137
5424		46.524				1.4985				-0.67537
5449		46.722				1.4853				-0.57509
5474		46.921				1.4624				-0.43733
5499		47.121				1.4357				-0.268
5524		47.323				1.4116				-0.076511
5549		47.525				1.3974				0.12568
5574		47.733				1.3981				0.32863
5599		47.942				1.4148				0.50836
5624		48.148				1.4421				0.6467
5649		48.351				1.4706				0.73167
5674		48.548				1.4913				0.7601
5699		48.746				1.4999				0.73638
5724		48.945				1.4947				0.66491
5749		49.143				1.4772				0.55147
5774		49.341				1.4522				0.40276
5799		49.54				1.4257				0.2261
5824		49.742				1.4043				0.029334
5849		49.944				1.3947				-0.17285
5874		50.15				1.4007				-0.3697
5899		50.358				1.4219				-0.53974
5924		50.566				1.4517				-0.66442
5949		50.768				1.4795				-0.73272
5974		50.968				1.4978				-0.74471
5999		51.167				1.5025				-0.70473
6024		51.365				1.4935				-0.61884
6049		51.563				1.4731				-0.49287
6074		51.762				1.4468				-0.33436
6099		51.96				1.4211				-0.1514
6124		52.164				1.4022				0.050584
6149		52.369				1.397				0.255
6174		52.576				1.408				0.44533
6199		52.784				1.4325				0.60191
6224		52.984				1.4611				0.70652
6249		53.185				1.486				0.75752
6274		53.383				1.4996				0.75358
6299		53.579				1.4996				0.70043
6324		53.778				1.4864				0.60251
6349		53.976				1.4636				0.46637
6374		54.175				1.4368				0.29965
6399		54.373				1.4126				0.11143
6424		54.574				1.3975				-0.089863
6449		54.779				1.3968				-0.292
6474		54.984				1.412				-0.47343
6499		55.191				1.4395				-0.61891
6524		55.394				1.4692				-0.71151
6549		55.597				1.4925				-0.7475
6574		55.796				1.5031				-0.72879
6599		55.992				1.4997				-0.66232
6624		56.191				1.4836				-0.55285
6649		56.389				1.4591				-0.40724
6674		56.589				1.4321				-0.23201
6699		56.79				1.4094				-0.036302
6724		56.992				1.3978				0.16655
6749		57.2				1.4017				0.3672
6774		57.408				1.4212				0.54117
6799		57.615				1.4497				0.67048
6824		57.816				1.4773				0.74439
6849		58.016				1.4962				0.76222
6874		58.214				1.5018				0.72775
6899		58.413				1.4935				0.64645
6924		58.611				1.4737				0.52428
6949		58.809				1.4476				0.36853
6974		59.008				1.4215				0.18718
6999		59.21				1.402				-0.012333
7024		59.411				1.3954				-0.2145
7049		59.618				1.4049				-0.40809
7074		59.826				1.4287				-0.57031
7099		60.033				1.459				-0.68442
7124		60.235				1.4854				-0.74118
7149		60.436				1.5011				-0.74184
7174		60.635				1.5027				-0.69129
7199		60.833				1.4908				-0.59603
7224		61.032				1.4686				-0.46212
7249		61.23				1.4418				-0.29716
7274		61.429				1.4169				-0.10999
7299		61.631				1.4005				0.09283
7324		61.836				1.3985				0.29576
7349		62.042				1.4124				0.4796
7374		62.249				1.4386				0.62738
7399		62.451				1.4676				0.72281
7424		62.653				1.4906				0.76208
7449		62.851				1.5014				0.74702
7474		63.048				1.4984				0.68353
7499		63.246				1.4826				0.57667
7524		63.444				1.4582				0.43309
7549		63.643				1.4315				0.2605
7574		63.841				1.4086				0.06881
7599		64.041				1.3964				-0.1323
7624		64.249				1.3993				-0.3351
7649		64.458				1.4183				-0.51266
7674		64.665				1.4471				-0.64663
7699		64.869				1.4762				-0.72601
7724		65.064				1.4963				-0.74826
7749		65.263				1.504				-0.71865
7774		65.46				1.4976				-0.64211
7799		65.659				1.4791				-0.52405
7824		65.857				1.4535				-0.37149
7849		66.056				1.4269				-0.19172
7874		66.258				1.406				0.006753
7899		66.46				1.3974				0.20933
7924		66.668				1.4049				0.40667
7949		66.876				1.4268				0.57208
7974		67.082				1.4562				0.69089
7999		67.283				1.4824				0.75304
8024		67.484				1.4988				0.75926
8049		67.683				1.5012				0.71396
8074		67.881				1.4902				0.62313
8099		68.079				1.4685				0.49286
8124		68.278				1.4418				0.33066
8149		68.476				1.4167				0.14514
8174		68.68				1.3993				-0.058096
8199		68.885				1.3963				-0.2625
8224		69.093				1.4096				-0.45105
8249		69.301				1.436				-0.60287
8274		69.5				1.4653				-0.70129
8299		69.702				1.49				-0.74607
8324		69.9				1.5027				-0.73578
8349		70.095				1.5016				-0.67737
8374		70.294				1.4875				-0.57467
8399		70.492				1.4639				-0.43455
8424		70.691				1.4371				-0.26472
8449		70.889				1.4133				-0.074661
8474		71.09				1.3991				0.12772
8499		71.299				1.4				0.33206
8524		71.508				1.4172				0.51335
8549		71.715				1.4446				0.65125
8574		71.918				1.4733				0.73593
8599		72.113				1.4936				0.76328
8624		72.31				1.502				0.73913
8649		72.508				1.4965				0.66728
8674		72.706				1.4787				0.55317
8699		72.905				1.4535				0.40376
8724		73.105				1.4267				0.2254
8749		73.306				1.4052				0.027805
8774		73.508				1.3956				-0.17531
8799		73.717				1.402				-0.37427
8824		73.925				1.4236				-0.54404
8849		74.131				1.4534				-0.66754
8874		74.333				1.4811				-0.7349
8899		74.532				1.4992				-0.74622
8924		74.73				1.5037				-0.70577
8949		74.929				1.4945				-0.61941
8974		75.127				1.4739				-0.49291
8999		75.325				1.4475				-0.33384
9024		75.524				1.4217				-0.14995
9049		75.728				1.4028				0.052691
9074		75.934				1.3977				0.25859
9099		76.144				1.4092				0.45109
9124		76.351				1.4339				0.60617
9149		76.549				1.4623				0.70883
9174		76.75				1.487				0.75897
9199		76.947				1.5003				0.75434
9224		77.143				1.5002				0.70066
9249		77.341				1.4869				0.6022
9274		77.54				1.4639				0.46552
9299		77.738				1.437				0.29831
9324		77.936				1.4128				0.10969
9349		78.139				1.3978				-0.093994
9374		78.344				1.3974				-0.29611
9399		78.55				1.4131				-0.47811
9424		78.758				1.4408				-0.62259
9449		78.96				1.4703				-0.71329
9474		79.161				1.4932				-0.74811
9499		79.359				1.5036				-0.72871
9524		79.556				1.5				-0.66174
9549		79.754				1.4838				-0.55169
9574		79.952				1.4591				-0.40561
9599		80.153				1.432				-0.22901
9624		80.355				1.4094				-0.032933
9649		80.558				1.3979				0.17191
9674		80.767				1.4023				0.37246
9699		80.975				1.4221				0.54556
9724		81.181				1.4508				0.67326
9749		81.382				1.4781				0.74562
9774		81.58				1.4967				0.76237
9799		81.778				1.502				0.72718
9824		81.976				1.4935				0.64533
9849		82.175				1.4736				0.52262
9874		82.373				1.4474				0.3664
9899		82.573				1.4213				0.1837
9924		82.774				1.4019				-0.016066
9949		82.976				1.3956				-0.21822
9974		83.183				1.4054				-0.4119
9999		83.392				1.4295				-0.57355
10024		83.59				1.4586				-0.68308
10049		83.791				1.4851				-0.7408
10074		83.992				1.5011				-0.74258
10099		84.191				1.503				-0.69335
10124		84.389				1.4914				-0.59914
10149		84.587				1.4694				-0.46609
10174		84.786				1.4426				-0.30179
10199		84.984				1.4176				-0.11498
10224		85.189				1.4008				0.089578
10249		85.393				1.3985				0.29272
10274		85.601				1.4124				0.47858
10299		85.808				1.4387				0.62683
10324		86.008				1.4672				0.72161
10349		86.21				1.4904				0.76195
10374		86.406				1.5014				0.7481
10399		86.603				1.4987				0.68575
10424		86.802				1.4832				0.57986
10449		87				1.459				0.43706
10474		87.198				1.4322				0.26507
10499		87.397				1.4092				0.073673
10524		87.598				1.3966				-0.12927
10549		87.803				1.399				-0.32905
10574		88.008				1.4171				-0.50484
10599		88.215				1.4456				-0.64115
10624		88.419				1.4749				-0.72336
10649		88.621				1.4961				-0.7484
10674		88.819				1.504				-0.71991
10699		89.016				1.498				-0.64461
10724		89.214				1.4797				-0.52737
10749		89.413				1.4542				-0.37553
10774		89.613				1.4275				-0.19543
10799		89.814				1.4064				0.0028876
10824		90.017				1.3975				0.20607
10849		90.225				1.4047				0.40334
10874		90.433				1.4265				0.57014
10899		90.639				1.4558				0.68962
10924		90.84				1.4821				0.75245
10949		91.04				1.4986				0.75973
10974		91.238				1.5014				0.71558
10999		91.436				1.4906				0.62575
11024		91.635				1.4692				0.4963
11049		91.833				1.4425				0.33476
11074		92.032				1.4172				0.14916
11099		92.234				1.3997				-0.052089
11124		92.436				1.3961				-0.25314
11149		92.644				1.4087				-0.44328
11174		92.851				1.4346				-0.59672
11199		93.057				1.4649				-0.70029
11224		93.259				1.4897				-0.74582
11249		93.46				1.5027				-0.7359
11274		93.659				1.5015				-0.67598
11299		93.857				1.4872				-0.57259
11324		94.056				1.4635				-0.43188
11349		94.254				1.4367				-0.26162
11374		94.452				1.413				-0.071307
11399		94.656				1.399				0.13324
11424		94.861				1.4001				0.3337
11449		95.067				1.417				0.51197
11474		95.273				1.4444				0.65016
11499		95.476				1.4729				0.73513
11524		95.677				1.494				0.7633
11549		95.874				1.502				0.73821
11574		96.071				1.4964				0.66565
11599		96.27				1.4784				0.55084
11624		96.468				1.453				0.4009
11649		96.668				1.4263				0.22201
11674		96.871				1.4049				0.023649
11699		97.075				1.3957				-0.18141
11724		97.283				1.4026				-0.38
11749		97.492				1.4245				-0.54876
11774		97.698				1.4544				-0.67045
11799		97.898				1.4818				-0.73597
11824		98.097				1.4995				-0.74586
11849		98.294				1.5037				-0.70448
11874		98.492				1.4943				-0.61753
11899		98.691				1.4735				-0.49038
11924		98.889				1.4471				-0.33078
11949		99.089				1.4212				-0.14557
11974		99.29				1.4027				0.05509
11999		99.492				1.3977				0.25655
12024		99.702				1.409				0.44951
12049		99.909				1.4337				0.60489
12074		100.11				1.4631				0.71099
12099		100.31				1.4876				0.7595
12124		100.52				1.5007				0.75287
12149		100.71				1.4998				0.69609
12174		100.91				1.4858				0.59527
12199		101.11				1.4624				0.45659
12224		101.31				1.4355				0.28787
12249		101.51				1.4116				0.098205
12274		101.71				1.3973				-0.10772
12299		101.92				1.398				-0.30913
12324		102.13				1.415				-0.4908
12349		102.33				1.4432				-0.63158
12374		102.53				1.472				-0.71714
12399		102.73				1.4943				-0.74842
12424		102.93				1.5038				-0.72613
12449		103.13				1.4994				-0.65648
12474		103.33				1.4825				-0.54412
12499		103.52				1.4576				-0.3962
12524		103.72				1.4308				-0.22052
12549		103.92				1.4089				-0.027038
12574		104.12				1.3979				0.17741
12599		104.33				1.4027				0.37809
12624		104.54				1.423				0.55049
12649		104.75				1.4517				0.67632
12674		104.95				1.4788				0.74674
12699		105.14				1.4969				0.76214
12724		105.34				1.502				0.72599
12749		105.54				1.4933				0.64346
12774		105.74				1.4732				0.52006
12799		105.94				1.447				0.36331
12824		106.14				1.4208				0.17925
12849		106.34				1.4016				-0.020721
12874		106.54				1.3957				-0.2241
12899		106.75				1.4059				-0.41778
12924		106.96				1.4305				-0.57808
12949		107.16				1.4607				-0.68896
12974		107.36				1.4866				-0.7426
12999		107.56				1.5016				-0.74104
13024		107.76				1.5026				-0.68903
13049		107.96				1.4904				-0.59239
13074		108.16				1.4679				-0.45732
13099		108.36				1.4411				-0.29141
13124		108.56				1.4163				-0.10277
13149		108.76				1.4002				0.10295
13174		108.97				1.3989				0.30591
13199		109.18				1.4141				0.49154
13224		109.38				1.4409				0.63624
13249		109.58				1.469				0.72594
13274		109.78				1.4915				0.76262
13299		109.98				1.5016				0.74588
13324		110.17				1.4982				0.6807
13349		110.37				1.482				0.57247
13374		110.57				1.4574				0.42778
13399		110.77				1.4307				0.25432
13424		110.97				1.4081				0.062128
13449		111.17				1.3962				-0.14322
13474		111.38				1.3998				-0.34194
13499		111.58				1.419				-0.51649
13524		111.79				1.4478				-0.64887
13549		111.99				1.4766				-0.72678
13574		112.19				1.497				-0.7481
13599		112.39				1.504				-0.71671
13624		112.59				1.4973				-0.63885
13649		112.79				1.4784				-0.51937
13674		112.98				1.4526				-0.36572
13699		113.19				1.4259				-0.18324
13724		113.39				1.4054				0.015681
13749		113.59				1.3975				0.22108
13774		113.8				1.4058				0.41671
13799		114.01				1.4286				0.58062
13824		114.21				1.4579				0.69587
13849		114.41				1.4835				0.75458
13874		114.61				1.4992				0.75848
13899		114.81				1.5011				0.71149
13924		115.01				1.4896				0.61921
13949		115.21				1.4677				0.48768
13974		115.41				1.4409				0.32449
13999		115.61				1.4158				0.13668
14024		115.81				1.3991				-0.064974
14049		116.01				1.3964				-0.26573
14074		116.22				1.41				-0.45473
14099		116.42				1.4367				-0.60563
14124		116.63				1.467				-0.70526
14149		116.83				1.491				-0.74681
14174		117.03				1.5031				-0.73361
14199		117.23				1.5011				-0.67107
14224		117.43				1.486				-0.56531
14249		117.63				1.462				-0.42264
14274		117.83				1.4351				-0.25093
14299		118.03				1.4117				-0.059009
14324		118.23				1.3985				0.14726
14349		118.43				1.4008				0.34671
14374		118.64				1.4188				0.52425
14399		118.85				1.4465				0.65826
14424		119.05				1.4746				0.73862
14449		119.25				1.4949				0.76321
14474		119.44				1.5021				0.73528
14499		119.64				1.4956				0.66003
14524		119.84				1.477				0.54293
14549		120.04				1.4514				0.39116
14574		120.24				1.425				0.21272
14599		120.44				1.4044				0.017521
14624		120.64				1.3956				-0.18641
14649		120.84				1.4027				-0.38123
14674		121.05				1.4243				-0.54773
14699		121.25				1.4541				-0.66959
14724		121.46				1.4819				-0.73614
14749		121.65				1.4993				-0.7462
14774		121.85				1.5038				-0.7059
14799		122.05				1.4946				-0.61986
14824		122.25				1.4741				-0.49346
14849		122.44				1.4476				-0.33449
14874		122.64				1.4216				-0.14882
14899		122.85				1.4029				0.051713
14924		123.05				1.3976				0.25486
14949		123.26				1.4087				0.44641
14974		123.47				1.4334				0.60352
14999		123.67				1.4628				0.71005
15024		123.87				1.4872				0.75917
15049		124.07				1.5005				0.75356
15074		124.27				1.5				0.69779
15099		124.47				1.4862				0.59784
15124		124.67				1.463				0.45988
15149		124.86				1.4361				0.29173
15174		125.06				1.412				0.10152
15199		125.27				1.3975				-0.10112
15224		125.47				1.3976				-0.29966
15249		125.68				1.414				-0.48375
15274		125.88				1.4418				-0.62639
15299		126.08				1.4706				-0.71393
15324		126.28				1.4934				-0.74817
15349		126.48				1.5036				-0.72875
15374		126.67				1.5001				-0.66208
15399		126.87				1.4839				-0.55215
15424		127.07				1.4592				-0.40615
15449		127.27				1.4324				-0.23189
15474		127.47				1.4099				-0.039245
15499		127.67				1.3981				0.16603
15524		127.88				1.4017				0.36397
15549		128.08				1.4208				0.53715
15574		128.29				1.449				0.6673
15599		128.49				1.477				0.74348
15624		128.69				1.4962				0.76268
15649		128.89				1.5021				0.72955
15674		129.09				1.4942				0.64975
15699		129.29				1.4747				0.52866
15724		129.48				1.4486				0.37371
15749		129.69				1.4222				0.19021
15774		129.89				1.4024				-0.0092638
15799		130.09				1.3956				-0.21449
15824		130.3				1.4052				-0.4093
15849		130.51				1.4291				-0.57154
15874		130.71				1.4592				-0.68479
15899		130.91				1.4854				-0.74115
15924		131.11				1.5011				-0.74252
15949		131.31				1.503				-0.69339
15974		131.51				1.4915				-0.59949
15999		131.71				1.4695				-0.46655
16024		131.91				1.4427				-0.30233
16049		132.1				1.4175				-0.11394
16074		132.31				1.4009				0.087839
16099		132.51				1.3983				0.28817
16124		132.72				1.4123				0.47719
16149		132.93				1.4383				0.62547
16174		133.13				1.4676				0.7225
16199		133.33				1.4906				0.76206
16224		133.53				1.5015				0.74691
16249		133.73				1.4984				0.68256
16274		133.93				1.4825				0.57518
16299		134.13				1.458				0.43118
16324		134.32				1.4313				0.25825
16349		134.53				1.4084				0.065562
16374		134.73				1.3963				-0.14082
16399		134.93				1.3996				-0.33972
16424		135.14				1.4189				-0.51601
16449		135.35				1.4477				-0.64845
16474		135.55				1.4762				-0.72596
16499		135.75				1.4968				-0.74819
16524		135.95				1.5041				-0.71795
16549		136.14				1.4975				-0.64097
16574		136.34				1.4789				-0.5223
16599		136.54				1.4531				-0.36876
16624		136.74				1.4263				-0.18643
16649		136.94				1.4056				0.012337
16674		137.15				1.3975				0.21901
16699		137.36				1.4057				0.41521
16724		137.57				1.4284				0.57962
16749		137.77				1.4576				0.69509
16774		137.97				1.4832				0.75403
16799		138.17				1.499				0.75887
16824		138.37				1.5012				0.71289
16849		138.56				1.49				0.62161
16874		138.76				1.4682				0.49083
16899		138.96				1.4415				0.32824
16924		139.16				1.4162				0.13994
16949		139.36				1.3992				-0.06161
16974		139.57				1.3964				-0.26433
16999		139.78				1.4098				-0.45274
17024		139.98				1.4364				-0.60458
17049		140.19				1.4666				-0.70442
17074		140.39				1.4907				-0.7466
17099		140.59				1.503				-0.73443
17124		140.79				1.5012				-0.67288
17149		140.98				1.4865				-0.56798
17174		141.18				1.4625				-0.42601
17199		141.38				1.4357				-0.25483
17224		141.58				1.412				-0.061878
17249		141.79				1.3986				0.14461
17274		141.99				1.4007				0.34447
17299		142.2				1.4187				0.52371
17324		142.41				1.4464				0.65763
17349		142.6				1.4742				0.73777
17374		142.81				1.4947				0.76325
17399		143				1.5021				0.73659
17424		143.2				1.4959				0.66209
17449		143.4				1.4775				0.54582
17474		143.59				1.452				0.39471
17499		143.79				1.4256				0.21672
17524		143.99				1.4048				0.021775
17549		144.2				1.3956				-0.18403
17574		144.4				1.4025				-0.37908
17599		144.61				1.4241				-0.5467
17624		144.81				1.4539				-0.66873
17649		145.02				1.4816				-0.73559
17674		145.22				1.4996				-0.74576
17699		145.41				1.5037				-0.70457
17724		145.61				1.4943				-0.61783
17749		145.81				1.4736				-0.49075
17774		146.01				1.4471				-0.33113
17799		146.21				1.421				-0.14422
17824		146.41				1.4026				0.056493
17849		146.62				1.3977				0.26157
17874		146.82				1.4093				0.45225
17899		147.03				1.4343				0.60768
17924		147.24				1.4636				0.71227
17949		147.44				1.4877				0.75965
17974		147.63				1.5007				0.75295
17999		147.83				1.4998				0.6963
18024		148.03				1.4858				0.59559
18049		148.23				1.4625				0.457
18074		148.43				1.4356				0.28835
18099		148.63				1.4115				0.096826
18124		148.83				1.3973				-0.1059
18149		149.03				1.3978				-0.30516
18174		149.24				1.4148				-0.48875
18199		149.45				1.4427				-0.63002
18224		149.66				1.4724				-0.71804
18249		149.86				1.4945				-0.74845
18274		150.06				1.5038				-0.72475
18299		150.25				1.499				-0.653
18324		150.45				1.4817				-0.53916
18349		150.65				1.4566				-0.39007
18374		150.85				1.4299				-0.21357
18399		151.05				1.4081				-0.017993
18424		151.25				1.3977				0.18813
18449		151.46				1.4031				0.38412
18474		151.67				1.4237				0.55471
18499		151.87				1.4523				0.67849
18524		152.07				1.4795				0.74808
18549		152.27				1.4974				0.76161
18574		152.47				1.5019				0.72374
18599		152.67				1.4927				0.63956
18624		152.87				1.4723				0.51472
18649		153.06				1.446				0.35691
18674		153.26				1.4202				0.17422
18699		153.46				1.4014				-0.022767
18724		153.66				1.3957				-0.22748
18749		153.87				1.4063				-0.42181
18774		154.08				1.4312				-0.58167
18799		154.29				1.4613				-0.69071
18824		154.49				1.4867				-0.74273
18849		154.68				1.5016				-0.74089
18874		154.88				1.5026				-0.68901
18899		155.08				1.4904				-0.59271
18924		155.28				1.468				-0.45771
18949		155.48				1.4412				-0.29188
18974		155.68				1.4161				-0.10138
18999		155.88				1.4003				0.10076
19024		156.08				1.3988				0.30272
19049		156.29				1.4137				0.48792
19074		156.5				1.4404				0.63416
19099		156.7				1.4694				0.72693
19124		156.9				1.4917				0.7627
19149		157.1				1.5017				0.74443
19174		157.3				1.4978				0.67739
19199		157.5				1.4812				0.56765
19224		157.7				1.4564				0.42174
19249		157.9				1.4297				0.24743
19274		158.1				1.4073				0.053121
19299		158.3				1.396				-0.1534
19324		158.51				1.4005				-0.35281
19349		158.72				1.4208				-0.52788
19374		158.92				1.45				-0.65628
19399		159.12				1.4779				-0.72917
19424		159.32				1.4977				-0.74772
19449		159.52				1.504				-0.715
19474		159.71				1.4968				-0.6351
19499		159.91				1.4776				-0.51418
19524		160.11				1.4516				-0.35942
19549		160.31				1.4253				-0.17895
19574		160.51				1.4052				0.017231
19599		160.71				1.3975				0.22294
19624		160.92				1.4057				0.41537
19649		161.12				1.4282				0.57863
19674		161.33				1.4573				0.6942
19699		161.53				1.4835				0.75456
19724		161.73				1.4992				0.75838
19749		161.93				1.5011				0.71156
19774		162.13				1.4897				0.61951
19799		162.32				1.4678				0.48806
19824		162.52				1.441				0.3246
19849		162.73				1.4157				0.1353
19874		162.93				1.399				-0.066394
19899		163.13				1.3966				-0.27096
19924		163.34				1.4106				-0.45844
19949		163.55				1.4374				-0.60864
19974		163.75				1.4675				-0.70652
19999		163.95				1.4911				-0.74691
20024		164.15				1.5031				-0.73357
20049		164.35				1.5011				-0.67116
20074		164.55				1.4861				-0.56564
20099		164.75				1.462				-0.42306
20124		164.94				1.4352				-0.2514
20149		165.15				1.4117				-0.057999
20174		165.35				1.3986				0.14496
20199		165.55				1.4007				0.34379
20224		165.76				1.4186				0.52309
20249		165.97				1.4465				0.65825
20274		166.17				1.4749				0.73923
20299		166.37				1.4951				0.76316
20324		166.56				1.5021				0.73564
20349		166.76				1.4956				0.66031
20374		166.96				1.4771				0.54329
20399		167.16				1.4515				0.39159
20424		167.36				1.4251				0.2132
20449		167.56				1.4043				0.016209
20474		167.76				1.3956				-0.18977
20499		167.97				1.4029				-0.38428
20524		168.18				1.4251				-0.552
20549		168.38				1.4549				-0.67176
20574		168.58				1.4821				-0.73648
20599		168.78				1.4999				-0.74534
20624		168.98				1.5037				-0.70352
20649		169.18				1.494				-0.61581
20674		169.37				1.4731				-0.48805
20699		169.57				1.4465				-0.32699
20724		169.77				1.4205				-0.13962
20749		169.98				1.4023				0.061274
20774		170.18				1.3979				0.26798
20799		170.39				1.4099				0.45797
20824		170.6				1.4352				0.61201
20849		170.8				1.4645				0.71468
20874		171				1.4881				0.76003
20899		171.2				1.5008				0.75223
20924		171.4				1.4997				0.69471
20949		171.59				1.4855				0.59333
20974		171.79				1.462				0.45412
20999		171.99				1.4351				0.28496
21024		172.19				1.411				0.092137
21049		172.4				1.3972				-0.11068
21074		172.6				1.3981				-0.31166
21099		172.81				1.4153				-0.49293
21124		173.02				1.4436				-0.63356
21149		173.22				1.4731				-0.71965
21174		173.42				1.4949				-0.74847
21199		173.62				1.5039				-0.72382
21224		173.82				1.4988				-0.65124
21249		174.02				1.4813				-0.53666
21274		174.21				1.4561				-0.38698
21299		174.41				1.4294				-0.21008
21324		174.62				1.4076				-0.012174
21349		174.82				1.3976				0.19389
21374		175.03				1.4036				0.39009
21399		175.23				1.4247				0.56008
21424		175.44				1.4532				0.68135
21449		175.64				1.4801				0.74904
21474		175.84				1.4977				0.7613
21499		176.03				1.5018				0.72269
21524		176.23				1.4924				0.63758
21549		176.43				1.4719				0.51204
21574		176.63				1.4454				0.35369
21599		176.82				1.4198				0.17063
21624		177.03				1.4011				-0.02729
21649		177.23				1.3958				-0.23244
21674		177.43				1.4065				-0.42214
21699		177.64				1.431				-0.58072
21724		177.85				1.461				-0.68991
21749		178.05				1.4871				-0.74316
21774		178.25				1.5018				-0.74024
21799		178.44				1.5025				-0.68763
21824		178.64				1.4901				-0.59052
21849		178.84				1.4675				-0.45487
21874		179.04				1.4406				-0.28795
21899		179.24				1.4156				-0.096715
21924		179.44				1.4				0.10555
21949		179.65				1.3991				0.30927
21974		179.86				1.4143				0.49328
21999		180.07				1.4412				0.63754
22024		180.27				1.4701				0.7286
22049		180.47				1.4921				0.76288
22074		180.67				1.5018				0.7436
22099		180.87				1.4976				0.67571
22124		181.06				1.4808				0.56523
22149		181.26				1.456				0.41871
22174		181.46				1.4293				0.24396
22199		181.66				1.4069				0.048354
22224		181.86				1.396				-0.15468
22249		182.07				1.4005				-0.35177
22274		182.28				1.4207				-0.52678
22299		182.48				1.45				-0.65636
22324		182.69				1.4786				-0.7304
22349		182.89				1.498				-0.7475
22374		183.09				1.504				-0.71154
22399		183.29				1.4959				-0.62908
22424		183.48				1.4762				-0.50592
22449		183.68				1.45				-0.34947
22474		183.88				1.4239				-0.16776
22499		184.08				1.4042				0.03132
22524		184.29				1.3975				0.23669
22549		184.49				1.4068				0.42756
22574		184.7				1.4303				0.58907
22599		184.9				1.4593				0.70021
22624		185.1				1.4849				0.75643
22649		185.3				1.4997				0.75692
22674		185.5				1.5008				0.7075
22699		185.7				1.4886				0.61282
22724		185.9				1.4663				0.4793
22749		186.09				1.4395				0.31456
22774		186.29				1.4148				0.12741
22799		186.49				1.3988				-0.071306
22824		186.7				1.3968				-0.27663
22849		186.91				1.4113				-0.46386
22874		187.12				1.4384				-0.61269
22899		187.32				1.4683				-0.7086
22924		187.52				1.4914				-0.74714
22949		187.72				1.5032				-0.73272
22974		187.91				1.5009				-0.66952
22999		188.11				1.4857				-0.56329
23024		188.31				1.4615				-0.42011
23049		188.51				1.4347				-0.24785
23074		188.71				1.4112				-0.053275
23099		188.91				1.3985				0.14971
23124		189.12				1.4009				0.34958
23149		189.33				1.4193				0.52738
23174		189.53				1.4474				0.66145
23199		189.74				1.4755				0.74059
23224		189.94				1.4954				0.76307
23249		190.13				1.5021				0.73246
23274		190.33				1.4948				0.6545
23299		190.53				1.4758				0.53523
23324		190.73				1.4499				0.38173
23349		190.93				1.4237				0.20206
23374		191.13				1.4033				0.0035032
23399		191.34				1.3956				-0.20304
23424		191.54				1.4041				-0.39787
23449		191.75				1.4273				-0.56296
23474		191.95				1.4569				-0.67792
23499		192.15				1.4837				-0.73877
23524		192.35				1.5005				-0.74401
23549		192.55				1.5034				-0.69973
23574		192.75				1.493				-0.60935
23599		192.94				1.4717				-0.47948
23624		193.14				1.445				-0.31775
23649		193.34				1.4197				-0.13251
23674		193.54				1.402				0.066723
23699		193.75				1.3979				0.27095
23724		193.95				1.4099				0.45752
23749		194.16				1.435				0.61105
23774		194.36				1.4642				0.71389
23799		194.56				1.4877				0.75966
23824		194.75				1.5007				0.7529
23849		194.95				1.4999				0.69645
23874		195.15				1.4859				0.59591
23899		195.35				1.4625				0.4574
23924		195.55				1.4355				0.28811
23949		195.75				1.4114				0.095432
23974		195.95				1.3973				-0.10732
23999		196.16				1.398				-0.3103
24024		196.37				1.4151				-0.4918
24049		196.57				1.4433				-0.63236
24074		196.78				1.4728				-0.71901
24099		196.98				1.4946				-0.74846
24124		197.18				1.5038				-0.72476
24149		197.37				1.4991				-0.65316
24174		197.57				1.4818				-0.5395
24199		197.77				1.4567				-0.39049
24224		197.97				1.43				-0.21405
24249		198.17				1.4081				-0.01737
24274		198.37				1.3978				0.18545
24299		198.58				1.403				0.38204
24324		198.78				1.4235				0.55347
24349		198.99				1.4517				0.67622
24374		199.19				1.4788				0.74671
24399		199.38				1.4971				0.76202
24424		199.58				1.502				0.72647
24449		199.78				1.4934				0.644
