NO.		Time				Drag				Lift
49		0.29381				1.5391				0.00060313
74		0.48473				1.1804				-3.8207e-05
99		0.68452				1.2461				6.7326e-06
124		0.88675				1.3085				6.9143e-07
149		1.0902				1.3613				2.2444e-06
174		1.2951				1.3972				3.6714e-06
199		1.5				1.4143				2.7938e-06
224		1.7119				1.4147				2.6113e-06
249		1.9237				1.4032				2.5779e-06
274		2.1379				1.3852				2.5005e-06
299		2.3535				1.3644				3.2682e-06
324		2.5702				1.3434				2.8844e-06
349		2.7895				1.3232				2.8175e-06
374		3.0089				1.3045				2.4282e-06
399		3.2321				1.2873				1.7722e-06
424		3.4554				1.2715				1.613e-06
449		3.6818				1.2569				-5.9755e-06
474		3.9091				1.2434				9.7383e-07
499		4.1389				1.231				-5.7535e-05
524		4.3704				1.2179				4.2485e-05
549		4.6018				1.2101				-6.8062e-06
574		4.8333				1.1969				-1.9197e-06
599		5.0648				1.1909				-1.7183e-06
624		5.2963				1.1792				-6.0038e-06
649		5.5283				1.1743				-1.9712e-06
674		5.7641				1.1636				-8.24e-06
699		6				1.1596				-4.184e-06
724		6.2359				1.1499				-7.1922e-06
749		6.4717				1.1465				-8.2075e-06
774		6.7115				1.1377				-7.3746e-06
799		6.9519				1.1347				-9.3519e-06
824		7.1923				1.1267				-5.6782e-06
849		7.4327				1.1241				-1.0465e-05
874		7.6731				1.1167				-4.3194e-06
899		7.9135				1.1143				-7.0599e-06
924		8.1539				1.1075				-4.2427e-06
949		8.3942				1.1054				-3.5843e-06
974		8.6372				1.0993				-2.437e-06
999		8.8824				1.0976				1.7282e-06
1024		9.1274				1.0918				2.4777e-07
1049		9.3726				1.0908				4.3317e-06
1074		9.6176				1.0853				2.3895e-06
1099		9.8628				1.0846				8.9325e-06
1124		10.108				1.0794				4.5812e-06
1149		10.353				1.079				1.0998e-05
1174		10.598				1.0741				5.2992e-05
1199		10.843				1.0733				-7.9859e-05
1224		11.088				1.0698				5.0425e-05
1249		11.333				1.0683				-2.0252e-05
1274		11.58				1.0656				2.382e-05
1299		11.83				1.0638				-3.7256e-06
1324		12.08				1.0615				6.3481e-06
1349		12.33				1.0598				-3.4156e-06
1374		12.58				1.0577				-1.9098e-06
1399		12.83				1.0561				-8.4476e-06
1424		13.08				1.0542				-7.908e-06
1449		13.33				1.0528				-1.4578e-05
1474		13.58				1.0511				-1.418e-05
1499		13.83				1.0497				-1.9943e-05
1524		14.08				1.0481				-1.8854e-05
1549		14.33				1.0469				-2.3169e-05
1574		14.58				1.0455				-2.1029e-05
1599		14.83				1.0443				-2.3894e-05
1624		15.08				1.043				-1.9001e-05
1649		15.33				1.0419				-2.0872e-05
1674		15.58				1.0407				-1.4367e-05
1699		15.83				1.0397				-1.3543e-05
1724		16.08				1.0386				-5.9715e-06
1749		16.33				1.0377				-3.5622e-06
1774		16.58				1.0367				4.998e-06
1799		16.83				1.0358				8.2806e-06
1824		17.08				1.0349				1.6909e-05
1849		17.33				1.0341				2.0229e-05
1874		17.58				1.0333				2.7973e-05
1899		17.83				1.0325				3.0189e-05
1924		18.08				1.0318				3.5977e-05
1949		18.33				1.0311				3.6123e-05
1974		18.582				1.0304				3.8671e-05
1999		18.837				1.0297				3.7207e-05
2024		19.092				1.0291				3.4807e-05
2049		19.347				1.0285				3.05e-05
2074		19.602				1.0279				2.4448e-05
2099		19.857				1.0273				1.68e-05
2124		20.112				1.0268				7.7904e-06
2149		20.367				1.0262				-2.3244e-06
2174		20.622				1.0257				-1.3192e-05
2199		20.878				1.0252				-2.4576e-05
2224		21.133				1.0248				-3.4707e-05
2249		21.388				1.0244				-4.9052e-05
2274		21.643				1.0239				-5.0082e-05
2299		21.898				1.0235				-6.5516e-05
2324		22.153				1.0231				-6.9595e-05
2349		22.408				1.0227				-7.1737e-05
2374		22.663				1.0223				-7.2234e-05
2399		22.918				1.022				-6.9572e-05
2424		23.174				1.0217				-6.3709e-05
2449		23.429				1.0213				-5.4707e-05
2474		23.684				1.021				-4.2678e-05
2499		23.939				1.0207				-2.7951e-05
2524		24.194				1.0204				-1.0946e-05
2549		24.449				1.0202				7.7691e-06
2574		24.704				1.0199				2.753e-05
2599		24.959				1.0196				4.7552e-05
2624		25.214				1.0194				6.6985e-05
2649		25.469				1.0192				8.4918e-05
2674		25.724				1.0189				0.00010048
2699		25.98				1.0187				0.0001128
2724		26.235				1.0185				0.00012104
2749		26.49				1.0183				0.00012463
2774		26.745				1.0181				0.00012302
2799		27				1.0179				0.00011584
2824		27.255				1.0177				0.000103
2849		27.51				1.0176				8.455e-05
2874		27.765				1.0174				6.093e-05
2899		28.02				1.0173				3.281e-05
2924		28.276				1.0171				9.0579e-07
2949		28.531				1.017				-3.3596e-05
2974		28.786				1.0168				-6.9417e-05
2999		29.041				1.0167				-0.0001051
3024		29.296				1.0166				-0.00013904
3049		29.551				1.0164				-0.00016973
3074		29.806				1.0163				-0.00019553
3099		30.061				1.0162				-0.00021496
3124		30.316				1.0161				-0.00022656
3149		30.571				1.016				-0.00022931
3174		30.826				1.0159				-0.00022241
3199		31.082				1.0158				-0.00020535
3224		31.337				1.0157				-0.00017811
3249		31.592				1.0156				-0.00014113
3274		31.847				1.0156				-9.5154e-05
3299		32.102				1.0155				-4.1408e-05
3324		32.357				1.0154				1.8277e-05
3349		32.612				1.0153				8.1742e-05
3374		32.867				1.0153				0.00014652
3399		33.122				1.0152				0.00020992
3424		33.378				1.0151				0.00026902
3449		33.633				1.0151				0.00032091
3474		33.888				1.015				0.00036282
3499		34.143				1.015				0.0003921
3524		34.398				1.0149				0.00040648
3549		34.653				1.0149				0.00040416
3574		34.908				1.0148				0.00038399
3599		35.163				1.0148				0.00034543
3624		35.418				1.0147				0.00028875
3649		35.673				1.0147				0.00021493
3674		35.929				1.0147				0.00012579
3699		36.184				1.0146				2.4004e-05
3724		36.439				1.0146				-8.6952e-05
3749		36.694				1.0146				-0.00020294
3774		36.949				1.0145				-0.00031926
3799		37.204				1.0145				-0.0004309
3824		37.459				1.0145				-0.00053268
3849		37.714				1.0145				-0.0006192
3874		37.969				1.0144				-0.00068543
3899		38.224				1.0144				-0.00072677
3924		38.48				1.0144				-0.00073948
3949		38.735				1.0144				-0.00072068
3974		38.99				1.0144				-0.00066862
3999		39.245				1.0144				-0.00058283
4024		39.5				1.0143				-0.00046435
4049		39.755				1.0143				-0.00031563
4074		40.01				1.0143				-0.00014076
4099		40.265				1.0143				5.4751e-05
4124		40.52				1.0143				0.00026396
4149		40.776				1.0143				0.00047873
4174		41.031				1.0143				0.00068999
4199		41.286				1.0143				0.00088801
4224		41.541				1.0143				0.0010629
4249		41.796				1.0143				0.0012049
4274		42.051				1.0144				0.0013049
4299		42.306				1.0144				0.0013546
4324		42.561				1.0144				0.0013476
4349		42.816				1.0144				0.0012794
4374		43.071				1.0144				0.0011478
4399		43.327				1.0145				0.00095298
4424		43.582				1.0145				0.00069806
4449		43.837				1.0145				0.00038899
4474		44.092				1.0146				3.5086e-05
4499		44.347				1.0146				-0.00035188
4524		44.602				1.0147				-0.00075622
4549		44.857				1.0147				-0.0011636
4574		45.112				1.0148				-0.0015548
4599		45.367				1.0149				-0.0019099
4624		45.622				1.015				-0.0022114
4649		45.878				1.0151				-0.0024382
4674		46.133				1.0152				-0.0025749
4699		46.388				1.0153				-0.0026069
4724		46.643				1.0155				-0.0025233
4749		46.898				1.0157				-0.0023166
4774		47.153				1.0158				-0.001985
4799		47.408				1.016				-0.001532
4824		47.663				1.0163				-0.00096628
4849		47.918				1.0165				-0.00030299
4874		48.173				1.0168				0.0004366
4899		48.429				1.0172				0.0012281
4924		48.684				1.0175				0.002039
4949		48.939				1.018				0.0028335
4974		49.194				1.0184				0.0035753
4999		49.449				1.0189				0.0042259
5024		49.704				1.0195				0.0047473
5049		49.959				1.0202				0.0051029
5074		50.214				1.0209				0.0052599
5099		50.469				1.0217				0.0051917
5124		50.724				1.0226				0.0048782
5149		50.98				1.0236				0.0043083
5174		51.235				1.0246				0.0034805
5199		51.49				1.0258				0.0024037
5224		51.745				1.0272				0.0011011
5249		52				1.0286				-0.00039709
5274		52.255				1.0302				-0.0020452
5299		52.51				1.0319				-0.0037889
5324		52.765				1.0337				-0.0055493
5349		53.02				1.0357				-0.0072523
5374		53.276				1.0379				-0.0088059
5399		53.531				1.0402				-0.01011
5424		53.786				1.0427				-0.011059
5449		54.04				1.0454				-0.011543
5474		54.29				1.0481				-0.011465
5499		54.54				1.051				-0.010747
5524		54.79				1.054				-0.0093162
5549		55.04				1.0571				-0.0071343
5574		55.29				1.0603				-0.0042033
5599		55.54				1.0635				-0.0005815
5624		55.79				1.0669				0.0036073
5649		56.04				1.0703				0.0081665
5674		56.29				1.0738				0.012807
5699		56.54				1.0774				0.017194
5724		56.79				1.081				0.020937
5749		57.04				1.0845				0.023625
5774		57.29				1.0881				0.024869
5799		57.54				1.0916				0.024335
5824		57.785				1.095				0.021887
5849		58.029				1.0983				0.017454
5874		58.275				1.1015				0.011128
5899		58.52				1.1047				0.0031849
5924		58.765				1.1078				-0.005908
5949		59.01				1.1109				-0.015536
5974		59.255				1.114				-0.024922
5999		59.5				1.117				-0.033235
6024		59.745				1.12				-0.039597
6049		59.99				1.1229				-0.043266
6074		60.235				1.1258				-0.043638
6099		60.48				1.1285				-0.040327
6124		60.725				1.1311				-0.03326
6149		60.971				1.1337				-0.022712
6174		61.216				1.1361				-0.0092895
6199		61.461				1.1385				0.0060986
6224		61.706				1.141				0.022277
6249		61.951				1.1435				0.037815
6274		62.192				1.1459				0.051082
6299		62.433				1.1484				0.060979
6324		62.673				1.1509				0.06639
6349		62.913				1.1534				0.066488
6374		63.154				1.1558				0.060806
6399		63.394				1.1582				0.049428
6424		63.635				1.1604				0.032872
6449		63.875				1.1625				0.012184
6474		64.115				1.1647				-0.011104
6499		64.356				1.1669				-0.035168
6524		64.596				1.1693				-0.057854
6549		64.837				1.1718				-0.077021
6574		65.077				1.1746				-0.090687
6599		65.315				1.1775				-0.097192
6624		65.547				1.1804				-0.095688
6649		65.783				1.1832				-0.085854
6674		66.019				1.1857				-0.067797
6699		66.255				1.1882				-0.0428
6724		66.491				1.19				-0.012027
6749		66.726				1.1922				0.02145
6774		66.962				1.1941				0.055705
6799		67.199				1.1971				0.086909
6824		67.434				1.1998				0.11258
6849		67.67				1.2038				0.1295
6874		67.906				1.2073				0.13607
6899		68.141				1.2114				0.13084
6924		68.377				1.2145				0.11312
6949		68.613				1.2171				0.084398
6974		68.849				1.2188				0.046036
6999		69.085				1.22				0.0013204
7024		69.321				1.2213				-0.046295
7049		69.557				1.2234				-0.092493
7074		69.793				1.2265				-0.13288
7099		70.028				1.2307				-0.16324
7124		70.259				1.2356				-0.18014
7149		70.491				1.2406				-0.1818
7174		70.722				1.2454				-0.16788
7199		70.954				1.2464				-0.13646
7224		71.185				1.2492				-0.093795
7249		71.417				1.2474				-0.037905
7274		71.648				1.2487				0.021711
7299		71.88				1.2476				0.085085
7324		72.112				1.2516				0.1417
7349		72.343				1.2545				0.19066
7374		72.574				1.2622				0.22239
7399		72.803				1.2667				0.23756
7424		73.027				1.2751				0.23165
7449		73.254				1.2753				0.20511
7474		73.482				1.2786				0.16082
7499		73.709				1.2755				0.09898
7524		73.936				1.2743				0.027612
7549		74.167				1.271				-0.052225
7574		74.398				1.273				-0.12972
7599		74.63				1.2752				-0.20126
7624		74.858				1.2837				-0.25458
7649		75.082				1.2903				-0.2897
7674		75.309				1.301				-0.2997
7699		75.536				1.3033				-0.28392
7724		75.759				1.308				-0.24505
7749		75.982				1.3048				-0.18363
7774		76.209				1.3004				-0.10339
7799		76.436				1.2954				-0.011075
7824		76.664				1.2926				0.085837
7849		76.891				1.2939				0.17961
7874		77.118				1.2995				0.26174
7899		77.346				1.3106				0.32238
7924		77.571				1.3201				0.35901
7949		77.795				1.3303				0.36221
7974		78.018				1.3352				0.33965
7999		78.241				1.335				0.28468
8024		78.464				1.3296				0.20641
8049		78.688				1.322				0.10836
8074		78.911				1.3149				-0.0016748
8099		79.136				1.3116				-0.11653
8124		79.364				1.3141				-0.22638
8149		79.591				1.3228				-0.31989
8174		79.814				1.3347				-0.38771
8199		80.036				1.3492				-0.42217
8224		80.256				1.3581				-0.42485
8249		80.474				1.3635				-0.39138
8274		80.693				1.3602				-0.32803
8299		80.912				1.3522				-0.2368
8324		81.134				1.3417				-0.12377
8349		81.357				1.3325				0.0031179
8374		81.582				1.3284				0.13429
8399		81.809				1.3316				0.25926
8424		82.036				1.3422				0.36442
8449		82.259				1.3574				0.43884
8474		82.475				1.371				0.47753
8499		82.693				1.3837				0.47672
8524		82.912				1.3859				0.44026
8549		83.132				1.3821				0.36768
8574		83.351				1.3714				0.26583
8599		83.57				1.3585				0.14148
8624		83.79				1.3474				0.0034015
8649		84.009				1.3421				-0.13832
8674		84.236				1.3454				-0.27661
8699		84.457				1.3568				-0.39038
8724		84.678				1.373				-0.4737
8749		84.895				1.3904				-0.51695
8774		85.114				1.4008				-0.52085
8799		85.328				1.4057				-0.48273
8824		85.543				1.4001				-0.40984
8849		85.759				1.3883				-0.30503
8874		85.974				1.3735				-0.17623
8899		86.193				1.3601				-0.029694
8924		86.412				1.3529				0.12212
8949		86.636				1.3549				0.27031
8974		86.859				1.3662				0.39717
8999		87.079				1.3834				0.49065
9024		87.298				1.4016				0.54381
9049		87.509				1.4136				0.55364
9074		87.724				1.4193				0.52112
9099		87.94				1.4145				0.45
9124		88.155				1.4022				0.34509
9149		88.371				1.3859				0.21358
9174		88.588				1.3707				0.063439
9199		88.807				1.3611				-0.095597
9224		89.027				1.3612				-0.25043
9249		89.252				1.3715				-0.38923
9274		89.473				1.389				-0.49446
9299		89.693				1.4074				-0.55858
9324		89.907				1.4231				-0.57504
9349		90.121				1.4282				-0.55051
9374		90.336				1.4252				-0.48275
9399		90.552				1.4128				-0.38013
9424		90.767				1.3959				-0.24859
9449		90.983				1.3791				-0.097169
9474		91.202				1.3675				0.066061
9499		91.421				1.3656				0.22679
9524		91.644				1.3741				0.37329
9549		91.865				1.3913				0.48865
9574		92.079				1.4102				0.56142
9599		92.294				1.427				0.58958
9624		92.509				1.4348				0.57308
9649		92.724				1.433				0.51293
9674		92.94				1.4216				0.41534
9699		93.155				1.4046				0.28677
9724		93.371				1.3866				0.13575
9749		93.588				1.3729				-0.028276
9774		93.807				1.3685				-0.19391
9799		94.027				1.3746				-0.34643
9824		94.249				1.3907				-0.47266
9849		94.465				1.4102				-0.55718
9874		94.681				1.4285				-0.59608
9899		94.897				1.4378				-0.59012
9924		95.112				1.4388				-0.53735
9949		95.328				1.4286				-0.44657
9974		95.543				1.4118				-0.32232
9999		95.759				1.393				-0.17353
10024		95.974				1.3777				-0.010166
10049		96.193				1.3707				0.15834
10074		96.412				1.3746				0.31665
10099		96.634				1.3889				0.45141
10124		96.852				1.4085				0.54716
10149		97.069				1.4269				0.59828
10174		97.284				1.4409				0.60027
10199		97.5				1.4418				0.55809
10224		97.716				1.4341				0.47417
10249		97.931				1.418				0.35551
10274		98.147				1.3988				0.21015
10299		98.362				1.382				0.04777
10324		98.579				1.3727				-0.12102
10349		98.803				1.3744				-0.28752
10374		99.027				1.3871				-0.43084
10399		99.246				1.4064				-0.53579
10424		99.465				1.4267				-0.59569
10449		99.681				1.4395				-0.60789
10474		99.897				1.445				-0.57191
10499		100.11				1.4377				-0.49574
10524		100.32				1.4231				-0.38473
10549		100.53				1.4042				-0.24552
10574		100.75				1.3863				-0.085106
10599		100.97				1.3748				0.08325
10624		101.19				1.3739				0.25206
10649		101.41				1.3843				0.40238
10674		101.63				1.4028				0.51752
10699		101.85				1.4233				0.5883
10724		102.06				1.4381				0.61206
10749		102.28				1.4462				0.58724
10774		102.48				1.4416				0.52403
10799		102.69				1.429				0.4221
10824		102.91				1.4108				0.29042
10849		103.12				1.3919				0.13516
10874		103.34				1.3779				-0.032673
10899		103.55				1.3736				-0.20131
10924		103.78				1.3804				-0.35974
10949		104				1.3974				-0.48803
10974		104.22				1.4178				-0.57347
10999		104.43				1.4356				-0.6112
11024		104.65				1.4454				-0.60063
11049		104.86				1.4446				-0.54789
11074		105.07				1.4341				-0.45651
11099		105.28				1.417				-0.33268
11124		105.49				1.3977				-0.18414
11149		105.71				1.3817				-0.018286
11174		105.92				1.374				0.15079
11199		106.14				1.3775				0.31359
11224		106.37				1.3918				0.45294
11249		106.58				1.4111				0.54996
11274		106.8				1.4303				0.6045
11299		107.01				1.4439				0.61009
11324		107.22				1.4464				0.57112
11349		107.43				1.4389				0.49156
11374		107.65				1.4233				0.37631
11399		107.86				1.4037				0.23181
11424		108.08				1.3859				0.067994
11449		108.3				1.3753				-0.10466
11474		108.52				1.3757				-0.2712
11499		108.74				1.3873				-0.41916
11524		108.96				1.4061				-0.52859
11549		109.17				1.4263				-0.59522
11574		109.39				1.4406				-0.61388
11599		109.6				1.4473				-0.58576
11624		109.81				1.4419				-0.51573
11649		110.03				1.4282				-0.40994
11674		110.24				1.4091				-0.27168
11699		110.46				1.3904				-0.11246
11724		110.67				1.3772				0.059044
11749		110.89				1.3746				0.22852
11774		111.12				1.3832				0.38255
11799		111.34				1.401				0.50413
11824		111.55				1.4212				0.58281
11849		111.77				1.439				0.61337
11874		111.98				1.4461				0.59833
11899		112.19				1.4446				0.53755
11924		112.41				1.4325				0.44046
11949		112.62				1.4144				0.31009
11974		112.84				1.395				0.15523
11999		113.05				1.3799				-0.013398
12024		113.27				1.3743				-0.18491
12049		113.49				1.3799				-0.3435
12074		113.71				1.3959				-0.47611
12099		113.93				1.4161				-0.56663
12124		114.15				1.4351				-0.61058
12149		114.36				1.4454				-0.60667
12174		114.58				1.4463				-0.55723
12199		114.79				1.4364				-0.46831
12224		115				1.4195				-0.34685
12249		115.22				1.3998				-0.19716
12274		115.43				1.3832				-0.031446
12299		115.65				1.3747				0.14025
12324		115.87				1.3774				0.30374
12349		116.09				1.391				0.44429
12374		116.31				1.4107				0.54694
12399		116.53				1.43				0.60455
12424		116.74				1.4447				0.61167
12449		116.96				1.4467				0.57421
12474		117.17				1.4398				0.49431
12499		117.38				1.4243				0.38052
12524		117.59				1.4049				0.23789
12549		117.81				1.3869				0.075235
12574		118.03				1.3759				-0.09495
12599		118.25				1.3758				-0.26494
12624		118.47				1.387				-0.41472
12649		118.69				1.4061				-0.5275
12674		118.91				1.4263				-0.59543
12699		119.12				1.4409				-0.61429
12724		119.34				1.4475				-0.58845
12749		119.54				1.4429				-0.52144
12774		119.75				1.4295				-0.4174
12799		119.97				1.4108				-0.28295
12824		120.18				1.3919				-0.12516
12849		120.4				1.3782				0.043837
12874		120.62				1.3746				0.21442
12899		120.84				1.3824				0.37187
12924		121.06				1.3999				0.4974
12949		121.28				1.4205				0.57991
12974		121.49				1.4371				0.61363
12999		121.71				1.447				0.60109
13024		121.92				1.4452				0.54492
13049		122.13				1.4343				0.45149
13074		122.34				1.4166				0.32497
13099		122.55				1.3972				0.17414
13124		122.77				1.3815				0.007015
13149		122.98				1.3745				-0.16232
13174		123.2				1.3788				-0.32586
13199		123.43				1.3939				-0.46309
13224		123.64				1.4133				-0.55678
13249		123.86				1.433				-0.60713
13274		124.07				1.4443				-0.61146
13299		124.28				1.4475				-0.56766
13324		124.49				1.4388				-0.48694
13349		124.7				1.4229				-0.37011
13374		124.92				1.4036				-0.22698
13399		125.13				1.386				-0.064559
13424		125.34				1.3756				0.10543
13449		125.56				1.376				0.27082
13474		125.79				1.3876				0.41917
13499		126				1.4062				0.52806
13524		126.22				1.4267				0.59566
13549		126.43				1.4407				0.61491
13574		126.65				1.4479				0.58709
13599		126.86				1.4425				0.51778
13624		127.07				1.4288				0.41196
13649		127.28				1.4097				0.27382
13674		127.5				1.3908				0.11458
13699		127.72				1.3775				-0.057674
13724		127.94				1.3749				-0.22742
13749		128.16				1.3834				-0.38231
13774		128.38				1.4011				-0.50386
13799		128.6				1.4213				-0.5829
13824		128.81				1.4393				-0.61392
13849		129.03				1.4463				-0.59919
13874		129.24				1.4451				-0.5392
13899		129.45				1.4329				-0.4423
13924		129.66				1.4149				-0.31205
13949		129.88				1.3954				-0.15721
13974		130.1				1.3802				0.012048
13999		130.32				1.3745				0.18373
14024		130.54				1.38				0.34301
14049		130.76				1.396				0.47587
14074		130.97				1.4161				0.56629
14099		131.19				1.4346				0.61119
14124		131.41				1.446				0.60678
14149		131.62				1.4465				0.55864
14174		131.83				1.4367				0.47009
14199		132.04				1.4199				0.34856
14224		132.26				1.4001				0.19903
14249		132.47				1.3835				0.033353
14274		132.69				1.3748				-0.13903
14299		132.91				1.3775				-0.30271
14324		133.13				1.391				-0.44399
14349		133.35				1.4107				-0.54662
14374		133.57				1.43				-0.60432
14399		133.78				1.4448				-0.61209
14424		134				1.4469				-0.57498
14449		134.21				1.4401				-0.49598
14474		134.42				1.4246				-0.38241
14499		134.64				1.4052				-0.23967
14524		134.85				1.3871				-0.077074
14549		135.07				1.376				0.09374
14574		135.29				1.3757				0.26118
14599		135.51				1.3864				0.40902
14624		135.73				1.4052				0.52348
14649		135.95				1.4258				0.59356
14674		136.16				1.4408				0.61573
14699		136.38				1.4482				0.58823
14724		136.59				1.4426				0.5198
14749		136.81				1.4291				0.41403
14774		137.02				1.4104				0.2791
14799		137.23				1.3914				0.1203
14824		137.45				1.378				-0.048838
14849		137.67				1.3748				-0.22042
14874		137.89				1.3829				-0.37714
14899		138.12				1.4006				-0.50115
14924		138.33				1.4211				-0.58211
14949		138.54				1.4386				-0.61442
14974		138.76				1.4467				-0.59982
14999		138.97				1.4453				-0.54364
15024		139.18				1.4338				-0.44831
15049		139.39				1.4162				-0.32151
15074		139.6				1.3967				-0.16936
15099		139.82				1.3812				-0.0019804
15124		140.04				1.3745				0.16818
15149		140.26				1.3792				0.3315
15174		140.48				1.3946				0.46749
15199		140.7				1.4149				0.56228
15224		140.91				1.4341				0.60906
15249		141.13				1.4445				0.60953
15274		141.34				1.4473				0.56382
15299		141.55				1.4379				0.47993
15324		141.76				1.4218				0.36162
15349		141.97				1.4023				0.2168
15374		142.19				1.385				0.052832
15399		142.41				1.3753				-0.11719
15424		142.62				1.3766				-0.28321
15449		142.85				1.389				-0.42924
15474		143.06				1.4078				-0.53466
15499		143.28				1.4277				-0.59899
15524		143.49				1.4428				-0.61384
15549		143.71				1.4474				-0.58397
15574		143.92				1.4419				-0.51183
15599		144.13				1.4277				-0.40453
15624		144.34				1.4088				-0.26742
15649		144.55				1.3903				-0.10966
15674		144.77				1.3774				0.059737
15699		144.98				1.3748				0.22655
15724		145.21				1.3834				0.38188
15749		145.42				1.401				0.50309
15774		145.64				1.4212				0.5825
15799		145.85				1.4392				0.61395
15824		146.07				1.4463				0.59954
15849		146.28				1.4452				0.54026
15874		146.49				1.4332				0.44387
15899		146.71				1.4151				0.31355
15924		146.92				1.3955				0.15888
15949		147.14				1.3803				-0.010897
15974		147.36				1.3745				-0.18262
15999		147.58				1.38				-0.34285
16024		147.8				1.3961				-0.47591
16049		148.02				1.4159				-0.56571
16074		148.23				1.4342				-0.61098
16099		148.45				1.4463				-0.60729
16124		148.66				1.4464				-0.55914
16149		148.87				1.437				-0.47179
16174		149.09				1.4201				-0.34984
16199		149.3				1.4003				-0.20069
16224		149.52				1.3836				-0.034862
16249		149.74				1.3749				0.1379
16274		149.96				1.3774				0.3017
16299		150.18				1.391				0.44363
16324		150.4				1.4105				0.5461
16349		150.61				1.4301				0.6038
16374		150.83				1.4441				0.6127
16399		151.04				1.4473				0.57551
16424		151.25				1.4402				0.49738
16449		151.47				1.4249				0.38419
16474		151.68				1.4054				0.24124
16499		151.9				1.3873				0.078789
16524		152.11				1.3761				-0.09261
16549		152.33				1.3757				-0.26013
16574		152.55				1.3864				-0.40864
16599		152.77				1.4052				-0.52305
16624		152.99				1.4257				-0.59323
16649		153.21				1.4407				-0.61578
16674		153.42				1.4482				-0.58871
16699		153.64				1.4428				-0.52103
16724		153.85				1.4293				-0.41571
16749		154.06				1.4106				-0.28063
16774		154.28				1.3916				-0.12198
16799		154.49				1.3781				0.047114
16824		154.71				1.3747				0.21728
16849		154.93				1.3824				0.37184
16874		155.15				1.3997				0.49661
16899		155.37				1.4202				0.57945
16924		155.59				1.4379				0.61381
16949		155.8				1.4468				0.60064
16974		156.01				1.4452				0.54461
16999		156.22				1.4341				0.4502
17024		156.43				1.4164				0.32332
17049		156.65				1.3969				0.17103
17074		156.86				1.3813				0.0037123
17099		157.08				1.3746				-0.16769
17124		157.3				1.3792				-0.33107
17149		157.53				1.3945				-0.46698
17174		157.75				1.4148				-0.56184
17199		157.96				1.4337				-0.60848
17224		158.17				1.445				-0.61044
17249		158.38				1.4473				-0.5642
17274		158.59				1.4382				-0.48174
17299		158.81				1.422				-0.36325
17324		159.02				1.4025				-0.21877
17349		159.23				1.3851				-0.054545
17374		159.45				1.3753				0.11548
17399		159.67				1.3765				0.28274
17424		159.89				1.3889				0.42886
17449		160.11				1.4085				0.53761
17474		160.33				1.4288				0.59971
17499		160.54				1.4418				0.61456
17524		160.76				1.4482				0.58181
17549		160.97				1.4415				0.50968
17574		161.18				1.4273				0.40122
17599		161.39				1.4083				0.2635
17624		161.6				1.3898				0.10467
17649		161.82				1.3772				-0.064819
17674		162.04				1.3749				-0.23227
17699		162.26				1.384				-0.38713
17724		162.47				1.4016				-0.50593
17749		162.69				1.4219				-0.58428
17774		162.91				1.4384				-0.61409
17799		163.12				1.4471				-0.5983
17824		163.33				1.4447				-0.53788
17849		163.54				1.4329				-0.44119
17874		163.75				1.4149				-0.3121
17899		163.97				1.3957				-0.16012
17924		164.18				1.3804				0.0096143
17949		164.4				1.3745				0.18148
17974		164.62				1.3799				0.34213
17999		164.85				1.3959				0.47499
18024		165.06				1.4158				0.56523
18049		165.28				1.4338				0.61107
18074		165.49				1.4466				0.6071
18099		165.7				1.4462				0.56031
18124		165.92				1.4372				0.47289
18149		166.13				1.4203				0.35134
18174		166.34				1.4005				0.20226
18199		166.56				1.3837				0.035997
18224		166.78				1.3749				-0.1368
18249		167				1.3774				-0.3007
18274		167.22				1.3909				-0.44327
18299		167.44				1.4104				-0.54553
18324		167.66				1.43				-0.60343
18349		167.87				1.4441				-0.61326
18374		168.09				1.4474				-0.57602
18399		168.3				1.4404				-0.49883
18424		168.51				1.4251				-0.38576
18449		168.72				1.4056				-0.24284
18474		168.94				1.3875				-0.080487
18499		169.16				1.3761				0.091491
18524		169.38				1.3757				0.25908
18549		169.6				1.3863				0.40824
18574		169.82				1.405				0.52257
18599		170.03				1.4255				0.59279
18624		170.25				1.4405				0.61571
18649		170.47				1.4482				0.58926
18674		170.68				1.4429				0.52216
18699		170.89				1.4295				0.4174
18724		171.1				1.4108				0.28212
18749		171.32				1.3918				0.12365
18774		171.53				1.3781				-0.045876
18799		171.75				1.3747				-0.21622
18824		171.97				1.3823				-0.37092
18849		172.19				1.3997				-0.49623
18874		172.41				1.4201				-0.57907
18899		172.63				1.4377				-0.61372
18924		172.84				1.4468				-0.60101
18949		173.06				1.4451				-0.54264
18974		173.27				1.4337				-0.44725
18999		173.48				1.4159				-0.31966
19024		173.7				1.3964				-0.16617
19049		173.91				1.3809				0.0014206
19074		174.13				1.3745				0.173
19099		174.36				1.3795				0.33634
19124		174.58				1.3953				0.4713
19149		174.8				1.4155				0.56436
19174		175.01				1.4336				0.60973
19199		175.22				1.4457				0.60845
19224		175.44				1.4468				0.56319
19249		175.64				1.4378				0.47861
19274		175.86				1.4215				0.35995
19299		176.07				1.402				0.21401
19324		176.28				1.3847				0.049461
19349		176.5				1.3752				-0.1205
19374		176.72				1.3768				-0.28867
19399		176.95				1.3896				-0.43365
19424		177.17				1.4092				-0.54048
19449		177.38				1.4284				-0.60148
19474		177.59				1.4444				-0.61378
19499		177.81				1.4469				-0.58064
19524		178.02				1.4415				-0.50765
19549		178.23				1.4267				-0.3977
19574		178.44				1.4078				-0.25963
19599		178.66				1.3893				-0.099673
19624		178.87				1.3769				0.06988
19649		179.09				1.3751				0.23841
19674		179.31				1.3845				0.39231
19699		179.53				1.4019				0.50842
19724		179.74				1.4229				0.58565
19749		179.96				1.4378				0.61486
19774		180.17				1.4481				0.59642
19799		180.38				1.4442				0.53595
19824		180.59				1.4325				0.43814
19849		180.81				1.4143				0.30837
19874		181.02				1.3952				0.15567
19899		181.23				1.3802				-0.012356
19924		181.45				1.3745				-0.18114
19949		181.67				1.3799				-0.3417
19974		181.89				1.3958				-0.47446
19999		182.1				1.4157				-0.56481
20024		182.32				1.4341				-0.6105
20049		182.53				1.446				-0.60796
20074		182.75				1.4466				-0.56066
20099		182.96				1.4374				-0.47466
20124		183.17				1.4205				-0.35261
20149		183.39				1.4007				-0.2039
20174		183.6				1.3837				-0.037126
20199		183.82				1.3749				0.13569
20224		184.04				1.3774				0.30025
20249		184.27				1.3909				0.44291
20274		184.48				1.4102				0.54474
20299		184.7				1.4304				0.60283
20324		184.91				1.443				0.61383
20349		185.13				1.4479				0.57626
20374		185.34				1.4404				0.50007
20399		185.55				1.4253				0.38707
20424		185.77				1.4058				0.24438
20449		185.98				1.3876				0.082182
20474		186.2				1.3761				-0.090372
20499		186.42				1.3756				-0.25805
20524		186.64				1.3863				-0.40787
20549		186.86				1.4049				-0.52205
20574		187.08				1.4253				-0.5924
20599		187.29				1.4403				-0.61566
20624		187.51				1.4482				-0.58984
20649		187.72				1.443				-0.52329
20674		187.93				1.4298				-0.41912
20699		188.15				1.411				-0.28361
20724		188.36				1.392				-0.12533
20749		188.58				1.3782				0.044756
20774		188.8				1.3747				0.21516
20799		189.02				1.3822				0.37021
20824		189.24				1.3996				0.49582
20849		189.46				1.4199				0.57871
20874		189.67				1.4383				0.61321
20899		189.89				1.4461				0.60179
20924		190.1				1.4455				0.54353
20949		190.31				1.4339				0.4488
20974		190.53				1.4161				0.32127
20999		190.74				1.3965				0.1678
21024		190.96				1.3811				0.00030221
21049		191.18				1.3745				-0.17118
21074		191.4				1.3792				-0.33148
21099		191.62				1.3945				-0.46639
21124		191.83				1.4146				-0.56113
21149		192.05				1.4338				-0.60945
21174		192.27				1.4453				-0.60887
21199		192.48				1.4468				-0.56241
21224		192.69				1.4375				-0.47587
21249		192.91				1.421				-0.35643
21274		193.12				1.4014				-0.2093
21299		193.34				1.3843				-0.044393
21324		193.55				1.375				0.1265
21349		193.78				1.3771				0.29437
21374		194				1.3902				0.43838
21399		194.22				1.4099				0.54346
21424		194.43				1.4298				0.60212
21449		194.65				1.4421				0.61365
21474		194.86				1.4481				0.57871
21499		195.07				1.4409				0.50497
21524		195.28				1.4264				0.39463
21549		195.49				1.4072				0.25563
21574		195.71				1.3889				0.094674
21599		195.92				1.3767				-0.074979
21624		196.14				1.3753				-0.24453
21649		196.37				1.3851				-0.39747
21674		196.59				1.4036				-0.51585
21699		196.81				1.4241				-0.58966
21724		197.02				1.4393				-0.61478
21749		197.23				1.4476				-0.59384
21774		197.44				1.4439				-0.53048
21799		197.65				1.4314				-0.43046
21824		197.86				1.413				-0.29886
21849		198.08				1.394				-0.14422
21874		198.29				1.3794				0.02426
21899		198.51				1.3744				0.19285
21924		198.73				1.3808				0.35323
21949		198.95				1.3972				0.48221
21974		199.17				1.4172				0.56985
21999		199.38				1.4346				0.61193
22024		199.59				1.4471				0.60584
22049		199.81				1.4459				0.55608
