NO.		Time				Drag				Lift
49		0.30883				1.5579				4.5635e-05
74		0.51754				1.2222				-1.3165e-06
99		0.73684				1.2884				5.8608e-06
124		0.95614				1.3567				4.2114e-06
149		1.1818				1.4135				5.1381e-06
174		1.4091				1.4471				4.4214e-06
199		1.6415				1.4547				5.5304e-06
224		1.8774				1.4443				6.9379e-06
249		2.1154				1.4241				7.742e-06
274		2.3558				1.4				8.1871e-06
299		2.598				1.3759				8.2061e-06
324		2.8431				1.3533				7.9602e-06
349		3.09				1.3329				8.3716e-06
374		3.34				1.3144				7.4346e-06
399		3.5918				1.2979				5.7282e-06
424		3.8469				1.2825				5.8557e-06
449		4.102				1.2684				2.6396e-06
474		4.3571				1.2555				1.4381e-06
499		4.6146				1.2435				-8.1841e-07
524		4.875				1.2323				-2.8494e-06
549		5.1354				1.2219				-5.3826e-06
574		5.3958				1.2123				-7.7742e-06
599		5.6596				1.2033				-1.0079e-05
624		5.9255				1.1948				-1.2049e-05
649		6.1915				1.1868				-1.3291e-05
674		6.4574				1.1794				-1.4156e-05
699		6.7234				1.1724				-1.432e-05
724		6.9894				1.1659				-1.3667e-05
749		7.2609				1.1596				-1.2283e-05
774		7.5326				1.1536				-1.018e-05
799		7.8044				1.1479				-7.2652e-06
824		8.0761				1.1424				5.3015e-06
849		8.3478				1.1363				-2.6343e-05
874		8.6196				1.1338				8.2665e-06
899		8.8913				1.1261				5.0542e-06
924		9.1667				1.1261				2.1299e-05
949		9.4444				1.1175				1.0501e-05
974		9.7222				1.1188				3.3288e-05
999		10				1.11				1.2572e-05
1024		10.278				1.1122				3.9913e-05
1049		10.556				1.1034				1.7697e-05
1074		10.833				1.1057				1.7894e-05
1099		11.111				1.0993				2.6358e-05
1124		11.389				1.0983				1.5999e-05
1149		11.667				1.0946				2.0485e-05
1174		11.944				1.0928				2.3097e-06
1199		12.222				1.0902				-1.3239e-07
1224		12.5				1.088				-6.7234e-06
1249		12.784				1.0859				-1.6325e-05
1274		13.068				1.0838				-2.536e-05
1299		13.352				1.0818				-3.3619e-05
1324		13.636				1.0799				-4.1386e-05
1349		13.921				1.0781				-4.756e-05
1374		14.204				1.0764				-5.177e-05
1399		14.489				1.0748				-5.3588e-05
1424		14.773				1.0732				-5.2689e-05
1449		15.057				1.0717				-4.8872e-05
1474		15.341				1.0703				-4.2048e-05
1499		15.625				1.0689				-3.23e-05
1524		15.909				1.0676				-1.9892e-05
1549		16.193				1.0663				-5.1392e-06
1574		16.477				1.0651				1.1323e-05
1599		16.761				1.064				2.8776e-05
1624		17.046				1.0629				4.64e-05
1649		17.329				1.0619				6.342e-05
1674		17.614				1.0609				7.8845e-05
1699		17.898				1.0599				9.1716e-05
1724		18.182				1.059				0.00010103
1749		18.466				1.0581				0.00010622
1774		18.75				1.0573				0.00010621
1799		19.034				1.0565				0.00010182
1824		19.318				1.0558				9.0455e-05
1849		19.602				1.055				7.4492e-05
1874		19.886				1.0543				5.2775e-05
1899		20.171				1.0537				2.6762e-05
1924		20.454				1.053				-4.7301e-06
1949		20.739				1.0524				-3.6029e-05
1974		21.023				1.0518				-6.9393e-05
1999		21.307				1.0513				-0.00010216
2024		21.591				1.0507				-0.00013268
2049		21.875				1.0502				-0.00015929
2074		22.163				1.0498				-0.00018037
2099		22.453				1.0493				-0.00019412
2124		22.744				1.0488				-0.00019904
2149		23.035				1.0484				-0.00019134
2174		23.326				1.048				-0.00017397
2199		23.616				1.0476				-0.00015078
2224		23.907				1.0472				-0.0001144
2249		24.198				1.0468				-6.8114e-05
2274		24.488				1.0465				-1.4047e-05
2299		24.779				1.0462				4.5583e-05
2324		25.07				1.0458				0.00010814
2349		25.36				1.0455				0.00017028
2374		25.651				1.0452				0.00022901
2399		25.942				1.045				0.00028083
2424		26.233				1.0447				0.00032243
2449		26.523				1.0445				0.00035073
2474		26.814				1.0442				0.00036309
2499		27.105				1.044				0.00035745
2524		27.395				1.0438				0.00033224
2549		27.686				1.0436				0.0002873
2574		27.977				1.0434				0.00022336
2599		28.267				1.0432				0.00014208
2624		28.558				1.043				4.5899e-05
2649		28.849				1.0428				-6.1103e-05
2674		29.14				1.0427				-0.00017419
2699		29.43				1.0425				-0.00028789
2724		29.721				1.0424				-0.00039653
2749		30.012				1.0423				-0.00049388
2774		30.302				1.0421				-0.00057376
2799		30.593				1.042				-0.00063061
2824		30.884				1.0419				-0.00065927
2849		31.174				1.0418				-0.00065571
2874		31.465				1.0417				-0.00061732
2899		31.756				1.0416				-0.00054282
2924		32.047				1.0415				-0.00043299
2949		32.337				1.0414				-0.00029053
2974		32.628				1.0413				-0.0001201
2999		32.919				1.0412				7.178e-05
3024		33.209				1.0412				0.00027681
3049		33.5				1.0411				0.00048538
3074		33.791				1.0411				0.00068676
3099		34.081				1.041				0.00086981
3124		34.372				1.0409				0.0010233
3149		34.663				1.0409				0.0011364
3174		34.953				1.0409				0.0011998
3199		35.244				1.0408				0.0012055
3224		35.535				1.0408				0.0011481
3249		35.826				1.0408				0.0010251
3274		36.116				1.0407				0.00083718
3299		36.407				1.0407				0.00058858
3324		36.698				1.0407				0.00028689
3349		36.988				1.0407				-5.66e-05
3374		37.279				1.0406				-0.0004275
3399		37.57				1.0406				-0.00080862
3424		37.861				1.0406				-0.0011806
3449		38.151				1.0406				-0.001523
3474		38.442				1.0406				-0.001815
3499		38.733				1.0406				-0.0020365
3524		39.023				1.0407				-0.0021694
3549		39.314				1.0407				-0.0021987
3574		39.605				1.0407				-0.0021135
3599		39.895				1.0407				-0.0019078
3624		40.186				1.0408				-0.0015817
3649		40.477				1.0408				-0.0011415
3674		40.767				1.0408				-0.0005999
3699		41.058				1.0409				2.3201e-05
3724		41.349				1.041				0.00070183
3749		41.639				1.041				0.0014046
3774		41.93				1.0411				0.0020958
3799		42.221				1.0412				0.0027371
3824		42.512				1.0413				0.0032891
3849		42.802				1.0414				0.0037136
3874		43.093				1.0416				0.0039767
3899		43.384				1.0417				0.004048
3924		43.674				1.0419				0.0039049
3949		43.965				1.0421				0.0035345
3974		44.256				1.0424				0.0029345
3999		44.547				1.0426				0.0021153
4024		44.837				1.0429				0.0011008
4049		45.128				1.0433				-7.3939e-05
4074		45.419				1.0436				-0.0013605
4099		45.709				1.0441				-0.0027011
4124		46				1.0446				-0.0040253
4149		46.291				1.0451				-0.0052586
4174		46.581				1.0458				-0.0063252
4199		46.872				1.0465				-0.0071503
4224		47.163				1.0473				-0.0076643
4249		47.453				1.0483				-0.0078013
4274		47.744				1.0493				-0.0075084
4299		48.035				1.0505				-0.006769
4324		48.326				1.0517				-0.0055351
4349		48.616				1.0532				-0.0038588
4374		48.907				1.0548				-0.0017502
4399		49.198				1.0566				0.00071316
4424		49.488				1.0586				0.0034452
4449		49.776				1.0607				0.0062894
4474		50.057				1.0631				0.0090666
4499		50.341				1.0657				0.011709
4524		50.625				1.0686				0.014003
4549		50.909				1.0717				0.01574
4574		51.193				1.0751				0.016724
4599		51.477				1.0787				0.016745
4624		51.761				1.0825				0.015618
4649		52.045				1.0865				0.013199
4674		52.33				1.0907				0.009417
4699		52.614				1.0951				0.0043128
4724		52.898				1.0997				-0.0019663
4749		53.182				1.1039				-0.0087637
4774		53.466				1.1095				-0.016567
4799		53.748				1.114				-0.023279
4824		54.022				1.1187				-0.029026
4849		54.3				1.1238				-0.032937
4874		54.578				1.1279				-0.034657
4899		54.856				1.1334				-0.032658
4924		55.133				1.1377				-0.027707
4949		55.411				1.142				-0.019364
4974		55.689				1.1463				-0.008032
4999		55.967				1.1504				0.0053943
5024		56.244				1.1545				0.01976
5049		56.522				1.1585				0.03358
5074		56.795				1.1622				0.045066
5099		57.065				1.1659				0.053025
5124		57.337				1.1695				0.056322
5149		57.609				1.1729				0.054108
5174		57.88				1.1761				0.04608
5199		58.152				1.1791				0.032526
5224		58.424				1.1819				0.014417
5249		58.696				1.1846				-0.0067549
5274		58.967				1.1873				-0.028961
5299		59.239				1.19				-0.049843
5324		59.511				1.1928				-0.067022
5349		59.783				1.1956				-0.078336
5374		60.053				1.1985				-0.081987
5399		60.319				1.2012				-0.077252
5424		60.585				1.2038				-0.064108
5449		60.851				1.2061				-0.043269
5474		61.117				1.2083				-0.016294
5499		61.383				1.2103				0.014367
5524		61.652				1.2127				0.046147
5549		61.916				1.215				0.074682
5574		62.181				1.2179				0.097541
5599		62.447				1.2212				0.11173
5624		62.713				1.2246				0.11487
5649		62.979				1.2279				0.10591
5674		63.245				1.2309				0.084865
5699		63.511				1.2333				0.05311
5724		63.777				1.2351				0.013335
5749		64.043				1.2369				-0.030699
5774		64.308				1.2392				-0.074393
5799		64.575				1.2422				-0.11292
5824		64.839				1.246				-0.14153
5849		65.094				1.2506				-0.15628
5874		65.354				1.2552				-0.15579
5899		65.615				1.2592				-0.13875
5924		65.875				1.2619				-0.10578
5949		66.135				1.2634				-0.059455
5974		66.396				1.2642				-0.0038716
5999		66.656				1.2651				0.055585
6024		66.917				1.2674				0.11274
6049		67.177				1.2713				0.16111
6074		67.438				1.2768				0.19497
6099		67.698				1.2831				0.20944
6124		67.95				1.2884				0.20259
6149		68.204				1.2921				0.17441
6174		68.459				1.2933				0.12652
6199		68.714				1.2926				0.06289
6224		68.969				1.2913				-0.010827
6249		69.229				1.2914				-0.088741
6274		69.49				1.294				-0.16144
6299		69.748				1.2996				-0.22006
6324		70				1.3073				-0.25732
6349		70.255				1.3152				-0.26977
6374		70.51				1.3211				-0.25447
6399		70.765				1.3232				-0.21192
6424		71.02				1.3217				-0.14537
6449		71.275				1.318				-0.060482
6474		71.531				1.3146				0.034698
6499		71.786				1.3143				0.13097
6524		72.041				1.3185				0.21797
6549		72.296				1.3268				0.28644
6574		72.55				1.3374				0.32741
6599		72.8				1.3469				0.33575
6624		73.05				1.3522				0.3108
6649		73.3				1.352				0.25419
6674		73.55				1.3474				0.16986
6699		73.8				1.3405				0.065685
6724		74.051				1.3353				-0.049899
6749		74.306				1.335				-0.16719
6774		74.561				1.3409				-0.27184
6799		74.812				1.3523				-0.35116
6824		75.06				1.3657				-0.39687
6849		75.308				1.3767				-0.40443
6874		75.549				1.3817				-0.37421
6899		75.794				1.3797				-0.30763
6924		76.04				1.3722				-0.20976
6949		76.29				1.3621				-0.086937
6974		76.54				1.3546				0.048946
6999		76.79				1.3535				0.18457
7024		77.041				1.3604				0.3067
7049		77.29				1.3744				0.40129
7074		77.539				1.3906				0.45757
7099		77.784				1.4036				0.46931
7124		78.029				1.409				0.43671
7149		78.275				1.4056				0.36279
7174		78.52				1.3953				0.25357
7199		78.765				1.3822				0.118
7224		79.01				1.3722				-0.032349
7249		79.26				1.3694				-0.18695
7274		79.51				1.3765				-0.32705
7299		79.76				1.3922				-0.43764
7324		80				1.4102				-0.50402
7349		80.245				1.4256				-0.52409
7374		80.481				1.4321				-0.49658
7399		80.721				1.4288				-0.42452
7424		80.962				1.4173				-0.31392
7449		81.206				1.4017				-0.17111
7474		81.451				1.3881				-0.0088591
7499		81.7				1.382				0.16057
7524		81.95				1.3875				0.31902
7549		82.199				1.4032				0.44773
7574		82.442				1.4232				0.53162
7599		82.683				1.441				0.56495
7624		82.923				1.45				0.54668
7649		83.163				1.4477				0.47962
7674		83.404				1.4359				0.36997
7699		83.644				1.4185				0.22655
7724		83.885				1.4021				0.060748
7749		84.128				1.3926				-0.11625
7774		84.379				1.3951				-0.29071
7799		84.629				1.4091				-0.43788
7824		84.873				1.4299				-0.54043
7849		85.115				1.4502				-0.59033
7874		85.356				1.4623				-0.58563
7899		85.596				1.4624				-0.52853
7924		85.837				1.4515				-0.42502
7949		86.077				1.4333				-0.28367
7974		86.317				1.4143				-0.11572
7999		86.559				1.4015				0.066357
8024		86.804				1.3999				0.24788
8049		87.05				1.411				0.40882
8074		87.295				1.4315				0.53069
8099		87.538				1.4536				0.60047
8124		87.779				1.4692				0.61306
8149		88.019				1.4729				0.57055
8174		88.255				1.4645				0.48025
8199		88.491				1.4472				0.34951
8224		88.731				1.4267				0.18523
8249		88.971				1.41				0.0019518
8274		89.216				1.4033				-0.18724
8299		89.461				1.4104				-0.36193
8324		89.707				1.429				-0.50317
8349		89.946				1.4513				-0.59366
8374		90.183				1.4706				-0.62829
8399		90.417				1.4791				-0.60771
8424		90.651				1.4753				-0.53659
8449		90.887				1.4609				-0.42025
8474		91.125				1.4399				-0.26636
8499		91.365				1.4199				-0.08666
8524		91.608				1.4079				0.10531
8549		91.853				1.4092				0.29203
8574		92.099				1.4233				0.45269
8599		92.343				1.4457				0.56965
8624		92.577				1.4673				0.62849
8649		92.814				1.481				0.63188
8674		93.047				1.4826				0.58176
8699		93.283				1.4717				0.48258
8724		93.519				1.4526				0.34324
8749		93.76				1.4306				0.17047
8774		94				1.4141				-0.019445
8799		94.245				1.4088				-0.21377
8824		94.49				1.4175				-0.38999
8849		94.736				1.4378				-0.5292
8874		94.972				1.4607				-0.61434
8899		95.211				1.4792				-0.64301
8924		95.444				1.4862				-0.61542
8949		95.679				1.4802				-0.53624
8974		95.915				1.4639				-0.41251
8999		96.154				1.4416				-0.2515
9024		96.394				1.4216				-0.06617
9049		96.637				1.4105				0.12973
9074		96.882				1.4137				0.3176
9099		97.128				1.4295				0.4764
9124		97.37				1.4523				0.58768
9149		97.606				1.4741				0.6412
9174		97.841				1.4864				0.6376
9199		98.076				1.486				0.58016
9224		98.311				1.4736				0.47432
9249		98.548				1.4526				0.32791
9274		98.788				1.4307				0.15046
9299		99.029				1.415				-0.043093
9324		99.275				1.4113				-0.23846
9349		99.52				1.4219				-0.41309
9374		99.765				1.4433				-0.54792
9399		100				1.4661				-0.6265
9424		100.24				1.4835				-0.64831
9449		100.47				1.4889				-0.61388
9474		100.71				1.4811				-0.5279
9499		100.94				1.4635				-0.39836
9524		101.18				1.4407				-0.23214
9549		101.42				1.4212				-0.043306
9574		101.67				1.4113				0.15413
9599		101.91				1.4164				0.34077
9624		102.16				1.4337				0.49572
9649		102.4				1.4568				0.60047
9674		102.64				1.4781				0.64754
9699		102.87				1.4889				0.63695
9724		103.1				1.4867				0.5728
9749		103.34				1.4728				0.46093
9774		103.58				1.451				0.30926
9799		103.82				1.4293				0.1283
9824		104.06				1.4147				-0.067594
9849		104.3				1.4129				-0.26209
9874		104.55				1.425				-0.4335
9899		104.79				1.4473				-0.56311
9924		105.03				1.47				-0.63466
9949		105.27				1.486				-0.6493
9974		105.5				1.4898				-0.60813
9999		105.74				1.4804				-0.51591
10024		105.97				1.4617				-0.38126
10049		106.21				1.4387				-0.21081
10074		106.45				1.4199				-0.019581
10099		106.7				1.4117				0.17835
10124		106.94				1.4183				0.36272
10149		107.19				1.4371				0.51279
10174		107.42				1.4604				0.61061
10199		107.66				1.4808				0.65072
10224		107.9				1.4901				0.63327
10249		108.13				1.4863				0.56269
10274		108.37				1.4709				0.44512
10299		108.61				1.4491				0.2893
10324		108.85				1.4274				0.10519
10349		109.09				1.4139				-0.091942
10374		109.33				1.4141				-0.28514
10399		109.58				1.4278				-0.45254
10424		109.82				1.4503				-0.57572
10449		110.06				1.473				-0.64059
10474		110.29				1.4877				-0.64805
10499		110.53				1.4898				-0.6002
10524		110.76				1.4791				-0.50226
10549		111				1.4589				-0.36233
10574		111.24				1.4364				-0.18843
10599		111.48				1.4185				0.0044401
10624		111.72				1.412				0.20251
10649		111.97				1.4201				0.38379
10674		112.22				1.4402				0.52848
10699		112.45				1.4635				0.61912
10724		112.69				1.4828				0.65209
10749		112.92				1.4906				0.6279
10774		113.16				1.4851				0.551
10799		113.4				1.4688				0.42846
10824		113.64				1.4462				0.26786
10849		113.88				1.4253				0.081606
10874		114.12				1.4131				-0.11639
10899		114.36				1.4153				-0.30765
10924		114.61				1.4305				-0.47066
10949		114.85				1.4534				-0.58699
10974		115.09				1.4757				-0.64506
10999		115.32				1.4888				-0.64539
11024		115.56				1.4893				-0.591
11049		115.79				1.477				-0.48714
11074		116.03				1.4566				-0.3429
11099		116.27				1.4338				-0.16536
11124		116.51				1.4172				0.028618
11149		116.75				1.4124				0.22626
11174		117				1.4221				0.40402
11199		117.25				1.4432				0.54309
11224		117.48				1.4664				0.62642
11249		117.72				1.4845				0.6523
11274		117.95				1.4908				0.62139
11299		118.19				1.4838				0.53841
11324		118.42				1.4661				0.41056
11349		118.66				1.4436				0.24625
11374		118.9				1.4233				0.057565
11399		119.15				1.4125				-0.14067
11424		119.39				1.4165				-0.3296
11449		119.64				1.4332				-0.48796
11474		119.88				1.4563				-0.59716
11499		120.11				1.4781				-0.6484
11524		120.35				1.4897				-0.64168
11549		120.58				1.4884				-0.58083
11574		120.82				1.4751				-0.47168
11599		121.06				1.4534				-0.32209
11624		121.3				1.4314				-0.14208
11649		121.54				1.416				0.053583
11674		121.78				1.413				0.2496
11699		122.03				1.4243				0.42363
11724		122.28				1.4463				0.55692
11749		122.51				1.4692				0.63282
11774		122.75				1.4861				0.65152
11799		122.98				1.4907				0.61394
11824		123.22				1.482				0.52485
11849		123.45				1.4638				0.39255
11874		123.69				1.4407				0.22389
11899		123.93				1.4213				0.033286
11924		124.18				1.4121				-0.165
11949		124.42				1.4178				-0.35124
11974		124.67				1.4359				-0.5045
11999		124.91				1.4592				-0.60658
12024		125.14				1.4803				-0.65074
12049		125.38				1.4903				-0.63705
12074		125.61				1.4874				-0.56987
12099		125.85				1.4726				-0.45509
12124		126.09				1.451				-0.30156
12149		126.33				1.4289				-0.11855
12174		126.57				1.4148				0.078201
12199		126.81				1.4138				0.2726
12224		127.06				1.4266				0.44252
12249		127.3				1.4491				0.56948
12274		127.54				1.4719				0.63844
12299		127.78				1.4873				0.64988
12324		128.01				1.4903				0.60564
12349		128.25				1.4804				0.51072
12374		128.48				1.4607				0.37333
12399		128.72				1.438				0.20135
12424		128.96				1.4196				0.0090558
12449		129.21				1.412				-0.18911
12474		129.45				1.4193				-0.37248
12499		129.7				1.4388				-0.52028
12524		129.93				1.4621				-0.61508
12549		130.17				1.4821				-0.65207
12574		130.41				1.4907				-0.63158
12599		130.64				1.4861				-0.55811
12624		130.88				1.4704				-0.43831
12649		131.12				1.4479				-0.27995
12674		131.36				1.4267				-0.094889
12699		131.6				1.4137				0.10286
12724		131.84				1.4147				0.2953
12749		132.09				1.4291				0.46084
12774		132.33				1.4518				0.58108
12799		132.57				1.4744				0.64307
12824		132.8				1.4884				0.64734
12849		133.04				1.4898				0.59653
12874		133.27				1.4783				0.49583
12899		133.51				1.4583				0.35412
12924		133.75				1.4353				0.17828
12949		133.99				1.418				-0.015175
12974		134.24				1.4123				-0.21321
12999		134.48				1.421				-0.39301
13024		134.72				1.4416				-0.53525
13049		134.96				1.465				-0.62273
13074		135.2				1.4838				-0.65253
13099		135.43				1.4909				-0.62531
13124		135.67				1.4847				-0.54565
13149		135.91				1.4676				-0.42049
13174		136.14				1.4453				-0.25846
13199		136.38				1.4244				-0.070924
13224		136.63				1.4129				0.12718
13249		136.87				1.4159				0.31758
13274		137.12				1.4317				0.4785
13299		137.36				1.4547				0.59174
13324		137.6				1.4769				0.64683
13349		137.83				1.4893				0.64398
13374		138.07				1.489				0.58663
13399		138.3				1.4764				0.48045
13424		138.54				1.455				0.3335
13449		138.78				1.4328				0.15499
13474		139.02				1.4167				-0.039807
13499		139.26				1.4127				-0.2367
13524		139.51				1.4231				-0.41293
13549		139.75				1.4446				-0.54944
13574		139.99				1.4677				-0.62948
13599		140.23				1.4853				-0.65216
13624		140.46				1.4908				-0.61822
13649		140.7				1.483				-0.53243
13674		140.93				1.4653				-0.40271
13699		141.17				1.4422				-0.23618
13724		141.41				1.4224				-0.046684
13749		141.66				1.4123				0.15161
13774		141.9				1.4171				0.33933
13799		142.15				1.4344				0.49551
13824		142.39				1.4576				0.60158
13849		142.62				1.4791				0.64961
13874		142.86				1.49				0.63975
13899		143.09				1.488				0.57602
13924		143.33				1.4739				0.46427
13949		143.57				1.4526				0.31308
13974		143.81				1.4303				0.13153
13999		144.05				1.4154				-0.064635
14024		144.29				1.4134				-0.25999
14049		144.54				1.4254				-0.43218
14074		144.78				1.4476				-0.56288
14099		145.02				1.4705				-0.63551
14124		145.26				1.4867				-0.65093
14149		145.49				1.4905				-0.61032
14174		145.73				1.4813				-0.51859
14199		145.96				1.4622				-0.3838
14224		146.2				1.4396				-0.21389
14249		146.44				1.4205				-0.022379
14274		146.69				1.412				0.17578
14299		146.93				1.4185				0.36084
14324		147.18				1.4372				0.51168
14349		147.41				1.4605				0.61052
14374		147.65				1.4811				0.65148
14399		147.89				1.4905				0.6347
14424		148.12				1.4868				0.56465
14449		148.36				1.4716				0.44754
14474		148.6				1.4498				0.29198
14499		148.84				1.4279				0.1079
14524		149.08				1.4143				-0.089303
14549		149.32				1.4142				-0.28284
14574		149.57				1.4277				-0.45082
14599		149.81				1.4503				-0.57471
14624		150.05				1.4731				-0.64064
14649		150.28				1.4879				-0.64886
14674		150.52				1.4901				-0.60163
14699		150.75				1.4795				-0.50407
14724		150.99				1.4595				-0.36466
14749		151.23				1.4368				-0.19099
14774		151.47				1.4188				0.0018656
14799		151.72				1.4122				0.20002
14824		151.96				1.4201				0.38175
14849		152.21				1.44				0.5271
14874		152.44				1.4634				0.61864
14899		152.68				1.4829				0.65238
14924		152.92				1.4908				0.62884
14949		153.15				1.4855				0.55254
14974		153.39				1.4693				0.43041
14999		153.62				1.4466				0.27023
15024		153.87				1.4256				0.08413
15049		154.11				1.4133				-0.11377
15074		154.35				1.4152				-0.30538
15099		154.6				1.4303				-0.46885
15124		154.84				1.4531				-0.58594
15149		155.08				1.4756				-0.64489
15174		155.31				1.4889				-0.64594
15199		155.55				1.4895				-0.59214
15224		155.78				1.4773				-0.48884
15249		156.02				1.457				-0.34507
15274		156.26				1.4342				-0.16778
15299		156.5				1.4174				0.026041
15324		156.75				1.4125				0.22381
15349		156.99				1.422				0.40203
15374		157.24				1.443				0.54172
15399		157.47				1.4662				0.6259
15424		157.71				1.4845				0.65247
15449		157.94				1.4909				0.62218
15474		158.18				1.484				0.53976
15499		158.41				1.4664				0.41237
15524		158.65				1.444				0.24851
15549		158.89				1.4235				0.060013
15574		159.14				1.4126				-0.13818
15599		159.38				1.4164				-0.32736
15624		159.63				1.433				-0.48625
15649		159.87				1.456				-0.59623
15674		160.11				1.4779				-0.6482
15699		160.34				1.4897				-0.64217
15724		160.57				1.4885				-0.58191
15749		160.81				1.4754				-0.47326
15774		161.05				1.4538				-0.32418
15799		161.29				1.4317				-0.14443
15824		161.53				1.4161				0.050976
15849		161.78				1.413				0.24721
15874		162.02				1.4241				0.42166
15899		162.26				1.446				0.55557
15924		162.5				1.4689				0.63227
15949		162.74				1.486				0.65169
15974		162.97				1.4907				0.61472
15999		163.21				1.4822				0.52617
16024		163.44				1.464				0.39433
16049		163.68				1.441				0.22613
16074		163.92				1.4215				0.035697
16099		164.17				1.4122				-0.16248
16124		164.41				1.4177				-0.34905
16149		164.66				1.4356				-0.50286
16174		164.9				1.4589				-0.60572
16199		165.13				1.4801				-0.65058
16224		165.37				1.4903				-0.63756
16249		165.6				1.4875				-0.57096
16274		165.84				1.4728				-0.45668
16299		166.08				1.4513				-0.30367
16324		166.32				1.4292				-0.12088
16349		166.56				1.4149				0.075694
16374		166.8				1.4138				0.27026
16399		167.05				1.4264				0.44063
16424		167.29				1.4488				0.56823
16449		167.53				1.4717				0.63793
16474		167.77				1.4872				0.6501
16499		168				1.4904				0.60647
16524		168.24				1.4806				0.51217
16549		168.47				1.461				0.37513
16574		168.71				1.4383				0.2036
16599		168.95				1.4197				0.011431
16624		169.2				1.412				-0.18662
16649		169.44				1.4192				-0.37034
16674		169.69				1.4385				-0.51871
16699		169.93				1.4619				-0.61431
16724		170.16				1.4819				-0.65198
16749		170.4				1.4907				-0.63214
16774		170.63				1.4862				-0.55923
16799		170.87				1.4706				-0.43992
16824		171.11				1.4481				-0.28205
16849		171.35				1.4269				-0.097219
16874		171.59				1.4138				0.10035
16899		171.83				1.4147				0.29301
16924		172.08				1.4289				0.45901
16949		172.32				1.4516				0.57994
16974		172.56				1.4742				0.64268
16999		172.79				1.4884				0.64763
17024		173.03				1.4899				0.59741
17049		173.26				1.4784				0.49717
17074		173.5				1.4585				0.35607
17099		173.74				1.4356				0.18054
17124		173.98				1.4181				-0.012858
17149		174.22				1.4123				-0.2108
17174		174.47				1.4209				-0.39094
17199		174.72				1.4413				-0.53377
17224		174.95				1.4647				-0.62206
17249		175.19				1.4836				-0.65254
17274		175.43				1.4909				-0.62592
17299		175.66				1.4848				-0.54685
17324		175.9				1.4679				-0.42215
17349		176.13				1.4456				-0.26059
17374		176.38				1.4247				-0.073261
17399		176.62				1.4129				0.12471
17424		176.86				1.4158				0.31536
17449		177.11				1.4315				0.47674
17474		177.35				1.4544				0.59071
17499		177.59				1.4766				0.6465
17524		177.82				1.4893				0.64433
17549		178.06				1.4891				0.58758
17574		178.29				1.4766				0.48192
17599		178.53				1.4553				0.33548
17624		178.77				1.4331				0.15726
17649		179.01				1.4168				-0.037269
17674		179.25				1.4126				-0.23429
17699		179.5				1.4229				-0.41094
17724		179.75				1.4443				-0.54804
17749		179.98				1.4675				-0.6289
17774		180.22				1.4852				-0.65222
17799		180.45				1.4908				-0.6189
17824		180.69				1.4832				-0.53367
17849		180.93				1.4655				-0.4044
17874		181.16				1.4425				-0.23834
17899		181.4				1.4226				-0.049048
17924		181.65				1.4124				0.14915
17949		181.89				1.417				0.33712
17974		182.14				1.4342				0.49382
17999		182.38				1.4573				0.60065
18024		182.62				1.4789				0.64939
18049		182.85				1.49				0.64017
18074		183.09				1.4881				0.57703
18099		183.32				1.4741				0.4657
18124		183.56				1.4529				0.31521
18149		183.8				1.4305				0.1338
18174		184.04				1.4156				-0.062109
18199		184.28				1.4133				-0.25768
18224		184.53				1.4251				-0.43026
18249		184.78				1.4473				-0.56156
18274		185.01				1.4702				-0.63493
18299		185.25				1.4866				-0.65108
18324		185.48				1.4906				-0.61107
18349		185.72				1.4815				-0.51991
18374		185.95				1.4625				-0.38553
18399		186.19				1.4398				-0.21608
18424		186.43				1.4207				-0.024716
18449		186.68				1.4121				0.17333
18474		186.92				1.4184				0.3587
18499		187.17				1.4369				0.51007
18524		187.41				1.4603				0.60972
18549		187.64				1.481				0.65136
18574		187.88				1.4905				0.63519
18599		188.11				1.4869				0.56572
18624		188.35				1.4719				0.44923
18649		188.59				1.4497				0.29373
18674		188.83				1.4281				0.1102
18699		189.07				1.4144				-0.086848
18724		189.31				1.4141				-0.28052
18749		189.56				1.4275				-0.44897
18774		189.8				1.45				-0.57369
18799		190.04				1.4728				-0.6402
18824		190.28				1.4878				-0.6491
18849		190.51				1.4902				-0.60245
18874		190.75				1.4795				-0.50535
18899		190.98				1.46				-0.36671
18924		191.22				1.437				-0.19317
18949		191.46				1.419				-0.00048452
18974		191.71				1.4121				0.1976
18999		191.95				1.4199				0.37965
19024		192.2				1.4398				0.52558
19049		192.43				1.4632				0.61794
19074		192.67				1.4827				0.65233
19099		192.91				1.4908				0.62942
19124		193.14				1.4856				0.5537
19149		193.38				1.4692				0.43178
19174		193.62				1.4472				0.27256
19199		193.86				1.4259				0.086448
19224		194.1				1.4134				-0.11127
19249		194.34				1.4151				-0.30314
19274		194.59				1.43				-0.46706
19299		194.83				1.4529				-0.58493
19324		195.07				1.4753				-0.64451
19349		195.3				1.4888				-0.64625
19374		195.54				1.4895				-0.59305
19399		195.77				1.4777				-0.49041
19424		196.01				1.4569				-0.34663
19449		196.25				1.4345				-0.17005
19474		196.49				1.4175				0.023736
19499		196.74				1.4124				0.22141
19524		196.98				1.4217				0.40003
19549		197.22				1.4427				0.54028
19574		197.46				1.466				0.62527
19599		197.7				1.4843				0.6525
19624		197.93				1.4909				0.62283
19649		198.17				1.4841				0.54095
19674		198.41				1.4669				0.41428
19699		198.64				1.444				0.25047
19724		198.88				1.4237				0.062349
19749		199.13				1.4126				-0.13574
19774		199.37				1.4163				-0.32515
19799		199.62				1.4327				-0.48453
19824		199.86				1.4558				-0.59534
