eta1	eta2	eta3	eta4
-0.007330908	0.016931596	-0.027242613	-0.000441806
-0.003448509	0.017968899	-0.026849895	-0.004483381
0.000407264	0.017907064	-0.027327953	-0.008333824
0.004034482	0.017627605	-0.026549125	-0.014668095
0.007632016	0.016819063	-0.026652542	-0.021035322
0.01095958	0.015249292	-0.02454874	-0.022634229
0.013686615	0.012847632	-0.023773025	-0.024292239
0.016315662	0.010197417	-0.022885447	-0.023401963
0.018231494	0.007052528	-0.021645769	-0.02306004
0.019399473	0.003164882	-0.020750004	-0.020668499
0.019633548	-0.001357163	-0.021041974	-0.022821732
0.019265767	-0.00619612	-0.021661231	-0.019674856
0.017214949	-0.010583135	-0.020736235	-0.020501432
0.01425476	-0.014729418	-0.020972214	-0.022451158
0.010950561	-0.017805712	-0.020931556	-0.019610802
0.006295475	-0.019664355	-0.021781127	-0.023327305
0.001490837	-0.020434631	-0.021639729	-0.025299147
-0.00276317	-0.020001082	-0.021786342	-0.024892526
-0.007536492	-0.019380853	-0.018977706	-0.024754401
-0.011840932	-0.017624127	-0.017250658	-0.025375419
-0.015679303	-0.014465551	-0.015369206	-0.025162013
-0.018686229	-0.009954202	-0.013933715	-0.026215111
-0.020364357	-0.00527131	-0.01239576	-0.025554213
-0.020881167	-0.000288421	-0.011864111	-0.024214831
-0.020653748	0.004826207	-0.011653309	-0.027206636
-0.018920939	0.009768577	-0.01141033	-0.02450025
-0.016481568	0.014242641	-0.012351973	-0.024173734
-0.012991541	0.017918619	-0.012681716	-0.021559548
-0.008898284	0.020836137	-0.013723151	-0.020916486
-0.004166967	0.022048682	-0.014811124	-0.019627587
0.000322999	0.02245918	-0.01550225	-0.017810458
0.005271331	0.021987529	-0.01573284	-0.013747323
0.010504019	0.019663998	-0.016776617	-0.014544297
0.01520786	0.016644198	-0.015579124	-0.012264937
0.018606395	0.012962631	-0.014968234	-0.012134809
0.021241199	0.008477018	-0.015306101	-0.011037611
0.02240692	0.003100196	-0.014952113	-0.015981098
0.022648299	-0.002491712	-0.014336882	-0.01576756
0.021722612	-0.008024194	-0.013411739	-0.016648628
0.019304338	-0.013252006	-0.01285357	-0.018223296
0.016043379	-0.017816173	-0.011566097	-0.018603407
0.012074669	-0.021630455	-0.010093248	-0.010897476
0.006643535	-0.024007475	-0.009290772	-0.012801697
0.000779464	-0.024801484	-0.007731222	-0.010947743
-0.005171677	-0.024624648	-0.00487161	-0.008230553
-0.010468669	-0.022533357	-0.004722016	-0.008479278
-0.014987266	-0.019633852	-0.004902393	-0.007275729
-0.01904438	-0.016013076	-0.004228381	-0.009884421
-0.022061387	-0.011433922	-0.00501263	-0.010674198
-0.023298683	-0.006465439	-0.006092726	-0.010141927
-0.023795431	-0.001049895	-0.005368669	-0.013087295
-0.022640594	0.004289487	-0.004939562	-0.01355712
-0.020277965	0.009674594	-0.004788343	-0.012818208
-0.017550857	0.014354487	-0.00453318	-0.013766895
-0.014505773	0.018030054	-0.003619997	-0.013650134
-0.010446495	0.020936119	-0.003324646	-0.012769906
-0.006467926	0.022848394	-0.002516849	-0.013884209
-0.001740179	0.023794873	-0.002330707	-0.013246301
0.003076948	0.023847612	-0.002784737	-0.012582167
0.007803992	0.022965088	-0.001889466	-0.01307767
0.012398805	0.021101988	-0.001760869	-0.012667087
0.016665772	0.018078847	-0.000697757	-0.011070087
0.020098618	0.013958863	-0.00129404	-0.010832773
0.022454795	0.008969845	-0.001759676	-0.007801761
0.024158544	0.004278433	-0.004234293	-0.006119269
0.024016216	-0.000596043	-0.005926487	-0.009104352
0.023301159	-0.005370961	-0.006241166	-0.006998807
0.021557913	-0.009357694	-0.00618732	-0.006572214
0.018704795	-0.013194781	-0.005930955	-0.006485051
0.01518759	-0.016693597	-0.0066304	-0.004704846
0.01091534	-0.019585217	-0.006993596	-0.004330775
0.006217579	-0.021142087	-0.006983447	-0.002514016
0.001329862	-0.021758322	-0.008022089	-0.002208819
-0.003938302	-0.020707325	-0.009419872	-0.002484854
-0.00818268	-0.018539336	-0.009719878	0.000747107
-0.012152853	-0.015785435	-0.010613194	0.00129389
-0.015570325	-0.012403936	-0.010669635	0.001262026
-0.017945983	-0.008937879	-0.01200674	0.001066952
-0.019710959	-0.004612056	-0.011574204	0.001061548
-0.020027209	-0.000322047	-0.012472807	0.002425832
-0.019369584	0.003658382	-0.013660465	0.002757918
-0.017640676	0.007895766	-0.014969577	0.005284992
-0.015487614	0.011890993	-0.016932228	0.004426985
-0.012872953	0.014965685	-0.017887495	0.005165816
-0.009137079	0.017640766	-0.018268885	0.006808645
-0.00479865	0.019632282	-0.018125502	0.007764535
-0.000175921	0.020327797	-0.017866844	0.009927022
0.004283521	0.01968547	-0.018144895	0.008940731
0.008948573	0.017779261	-0.019087479	0.007971807
0.012898018	0.015591823	-0.018982732	0.0070147
0.015793986	0.011502562	-0.018195274	0.001954123
0.017569313	0.007458826	-0.018424371	6.90E-05
0.019002278	0.003089206	-0.019653469	-0.001655776
0.019120756	-0.001017435	-0.020991894	-0.003606942
0.017942717	-0.005622952	-0.021663362	-0.005769456
0.015937458	-0.009822164	-0.022160195	-0.005033126
0.013557472	-0.014145787	-0.022266755	-0.001494213
0.010537301	-0.016944765	-0.022665929	-0.000963054
0.006529997	-0.019133234	-0.021988995	-0.001563263
0.001856754	-0.019816671	-0.021857943	0.001312175
-0.003040476	-0.019610847	-0.021726962	-0.001216537
-0.007414319	-0.018533782	-0.021534365	-0.002800332
-0.011313485	-0.016778011	-0.020649532	-0.004330695
-0.015120992	-0.013929792	-0.019556	-0.007275379
-0.017764415	-0.010533334	-0.016533936	-0.003640094
-0.019955953	-0.006370135	-0.016631171	-0.007172219
-0.020861111	-0.002242054	-0.013872023	-0.001312116
-0.020608549	0.002480346	-0.013724106	-0.006477783
-0.019566215	0.00705049	-0.011869957	-0.00532565
-0.017502539	0.011125649	-0.010837249	-0.005268405
-0.014715868	0.015208282	-0.009878488	-0.006743331
-0.010404294	0.018412979	-0.007254419	-0.00324461
-0.005934473	0.020824645	-0.007254936	-0.005138284
-0.001044028	0.022366372	-0.00617953	-0.006531156
0.004042992	0.022305297	-0.004926206	-0.005067063
0.00913223	0.020955835	-0.003767359	-0.005730483
0.013816529	0.018749421	-0.00293732	0.001273871
0.017861891	0.015436115	-0.002989077	0.001219882
0.020909277	0.011495776	-0.003465484	0.002783609
0.022867584	0.006700585	-0.00476173	0.00252266
0.024239443	0.001621077	-0.004658327	0.001460089
0.024013288	-0.00405108	-0.003718209	0.006880094
0.022407771	-0.009287626	-0.003368444	0.004225779
0.02020973	-0.013715422	-0.002309527	0.00827697
0.017128699	-0.017704421	-0.002591096	0.009979776
0.013212605	-0.021207178	-0.002703023	0.012496045
0.008671041	-0.023978211	-0.002187992	0.014724902
0.002913438	-0.025544461	-0.002965715	0.010988078
-0.002451635	-0.025555305	-0.001260585	0.012260237
-0.007812955	-0.024512715	0.000496948	0.01467528
-0.012845465	-0.022291005	0.001195984	0.013865816
-0.017493534	-0.019154701	0.0029728	0.014654191
-0.021100069	-0.015066621	0.002922726	0.016768453
-0.023577121	-0.010394629	0.00316933	0.017054157
-0.025127026	-0.005144828	0.003600095	0.021192683
-0.025295653	0.000332036	0.005144509	0.023377238
-0.024557558	0.006005672	0.005560449	0.02440324
-0.022418862	0.011945039	0.005982895	0.027399301
-0.018937922	0.017057506	0.006538484	0.033382442
-0.014689524	0.020952316	0.005876355	0.0349452
-0.009693094	0.023779506	0.005479577	0.037844486
-0.003985335	0.025222632	0.004926203	0.036396556
0.001434229	0.025570958	0.004378034	0.03731218
0.007217317	0.024883754	0.00444783	0.03996616
0.012803734	0.022514606	0.00435573	0.039505132
0.017526247	0.019094049	0.002448623	0.038752904
0.021682347	0.014535397	0.000311415	0.038386535
0.024574724	0.009718263	-0.001413687	0.036960742
0.02623707	0.004102248	-0.002714682	0.036434801
0.026313148	-0.001646979	-0.003857697	0.039062206
0.024742597	-0.007058584	-0.005831847	0.033632041
0.022376421	-0.012308155	-0.007778503	0.033027273
0.018633897	-0.016872482	-0.008956953	0.029718572
0.013852536	-0.020563624	-0.010637427	0.028966242
0.008501417	-0.023045318	-0.010600136	0.023688407
0.00277334	-0.023888119	-0.010458329	0.025541002
-0.003468909	-0.023528942	-0.010079382	0.020020766
-0.009194288	-0.021683491	-0.010041461	0.017501355
-0.013759712	-0.018231855	-0.008398694	0.021266379
-0.017362867	-0.013153083	-0.007679265	0.018229443
-0.019425093	-0.007893892	-0.006328148	0.017617617
-0.020008344	-0.002481484	-0.005280186	0.017298092
-0.019407289	0.003313467	-0.005338418	0.012692421
-0.017362583	0.007766379	-0.006460194	0.013493877
-0.013910807	0.011746484	-0.0075434	0.016433509
-0.010822495	0.014892257	-0.007923505	0.014683796
-0.007204644	0.016735864	-0.00732415	0.016909097
-0.003983987	0.017695492	-0.009154188	0.020213317
0.000162731	0.017574228	-0.010341168	0.021469567
0.004364235	0.01699499	-0.010036147	0.023630414
0.008302618	0.015297124	-0.01012248	0.022228747
0.01163802	0.012307156	-0.009638515	0.022387368
0.013960065	0.009787986	-0.009776863	0.019987563
0.015754458	0.006068866	-0.010979339	0.015088263
0.016867545	0.002505872	-0.012459901	0.016641589
0.017109945	-0.000550892	-0.01429998	0.019279302
0.016820302	-0.004467956	-0.017409147	0.02187938
0.016295023	-0.007376878	-0.018177099	0.021747959
0.015287402	-0.009770291	-0.019214448	0.023851996
0.013395386	-0.012650979	-0.018632724	0.026006976
0.010797408	-0.014723087	-0.017858201	0.027884138
0.00779259	-0.016281805	-0.01763706	0.02490961
0.004358686	-0.017087441	-0.015957355	0.028247773
0.000592265	-0.017452568	-0.016357959	0.028888977
-0.00300964	-0.017371639	-0.017109078	0.030012409
-0.007051394	-0.016019758	-0.01816167	0.027543281
-0.010623322	-0.01404357	-0.019612874	0.027568393
-0.01395346	-0.011454103	-0.021493591	0.02822456
-0.016394786	-0.008335101	-0.021264852	0.030179422
-0.018504161	-0.004755731	-0.022943887	0.027074999
-0.019277447	-0.000309111	-0.025209435	0.022751818
-0.019301868	0.003844688	-0.026796564	0.019433462
-0.018168907	0.007896605	-0.0271462	0.018503057
-0.015707229	0.011936167	-0.026723809	0.015970516
-0.012729796	0.015232542	-0.027880937	0.011133685
-0.009350672	0.018011553	-0.027489896	0.007378923
-0.005107595	0.020119123	-0.025632052	0.005411179
-0.000795219	0.021514779	-0.023681851	0.007300097
0.003893733	0.022032476	-0.021725145	0.007302801
0.009009069	0.021490224	-0.019486535	0.009405831
0.01371127	0.019542622	-0.018110902	0.007074002
0.018139388	0.016262833	-0.016023816	0.009512226
0.021603888	0.012356386	-0.0147468	0.01179932
0.024253804	0.00764243	-0.013303575	0.009268295
0.025556779	0.002104921	-0.012739449	0.009448899
0.025478466	-0.003185276	-0.012341052	0.005691731
0.0244384	-0.008640914	-0.012583674	0.007156697
0.021825766	-0.013826725	-0.013649706	0.004957788
0.018487808	-0.018774637	-0.014031072	0.009057401
0.013758396	-0.022851288	-0.013546982	0.010852409
0.007963668	-0.025552235	-0.012696898	0.011272698
0.002137949	-0.026280184	-0.011865493	0.01127963
-0.003925649	-0.02612893	-0.010253664	0.014758015
-0.009790239	-0.024366894	-0.008166358	0.014134845
-0.014774597	-0.020607511	-0.006785806	0.015850741
-0.019441476	-0.016194609	-0.004970577	0.016398763
-0.022628151	-0.010753162	-0.003554862	0.01700017
-0.024390161	-0.005011016	-0.002820797	0.017700569
-0.024542408	0.000872459	-0.003637208	0.021201485
-0.023479116	0.006570875	-0.003879241	0.02231172
-0.021045002	0.011744181	-0.0042654	0.024832542
-0.017397591	0.015820233	-0.004501049	0.025909734
-0.012962686	0.018881592	-0.004241237	0.030077061
-0.007811716	0.021439165	-0.002923002	0.030002203
-0.002252034	0.02213743	-0.002923812	0.030305044
0.002811121	0.022052484	-0.004084042	0.028305305
0.008181371	0.02002591	-0.004555115	0.02748781
0.012434039	0.01686736	-0.004689914	0.026542294
0.0165652	0.012791314	-0.005730613	0.023159846
0.018580515	0.008170985	-0.006938029	0.018433983
0.020113307	0.003032212	-0.01013012	0.014723905
0.0202823	-0.002591236	-0.012601391	0.011786658
0.018577407	-0.008049149	-0.013654123	0.010382763
0.016135663	-0.012506258	-0.015925643	0.007417607
0.013085021	-0.015141461	-0.018351278	0.008308525
0.009587458	-0.017897638	-0.018892474	0.00706921
0.005196428	-0.019377797	-0.020131927	0.004448187
0.000277773	-0.019862307	-0.021192961	-0.002481214
-0.00423158	-0.019457223	-0.021346109	-0.002178492
-0.008985453	-0.01794105	-0.022035097	-0.007265518
-0.013521511	-0.015798664	-0.021500202	-0.006737248
-0.017133574	-0.012035432	-0.021162745	-0.007599594
-0.019872901	-0.007741326	-0.019518819	-0.003908689
-0.021144807	-0.0027818	-0.019105554	-0.005031229
-0.021361321	0.002087348	-0.018405795	-0.000577115
-0.020599844	0.006634948	-0.016918044	-0.000440639
-0.018284506	0.011124768	-0.015276185	0.003431965
-0.016083143	0.01509005	-0.012793252	0.00021465
-0.012800113	0.018696568	-0.009663285	0.001651906
-0.009391745	0.021347182	-0.007065515	0.005052325
-0.004744624	0.023460083	-0.004343565	0.011152923
0.000254562	0.024550976	-0.002130716	0.013292458
0.005716415	0.02454512	0.00113651	0.013841117
0.010383277	0.02276972	0.002706312	0.012452901
0.015064841	0.020162495	0.003501321	0.01060459
0.01930733	0.01659331	0.005469884	0.009396741
0.022025833	0.012501165	0.005753533	0.006885603
0.024559695	0.008231689	0.008269077	0.01148437
0.025685862	0.00364052	0.012353412	0.008452759
0.025881012	-0.000543819	0.014605048	0.006191729
0.025096665	-0.005132158	0.017646192	0.00576582
0.023546951	-0.009705495	0.02060443	0.002222044
0.021253958	-0.014512557	0.023599742	0.002491102
0.017704977	-0.018465742	0.025162741	-0.001424605
0.013763776	-0.022191767	0.028389456	0.000985513
0.008885288	-0.024471671	0.030395147	-0.001070406
0.004184235	-0.026046596	0.033494113	-0.004018844
-0.000917723	-0.026183833	0.035476637	-0.005902219
-0.005981777	-0.025651755	0.037581012	-0.003773786
-0.011001388	-0.023893952	0.039211857	-0.008746195
-0.015261771	-0.021529875	0.039035388	-0.009886595
-0.019032997	-0.018613274	0.038538437	-0.014618912
-0.02206999	-0.014876691	0.038896707	-0.017803145
-0.024690689	-0.009906015	0.039247093	-0.020043525
-0.025876058	-0.004331094	0.040424914	-0.021552774
-0.026001904	0.001651082	0.040843453	-0.023383127
-0.024765324	0.007077281	0.040748194	-0.022744581
-0.02248248	0.012490734	0.04097536	-0.02589871
-0.019353473	0.017128408	0.041899162	-0.024667315
-0.015193132	0.020962388	0.04181377	-0.02098348
-0.010823692	0.024214075	0.041564838	-0.016868724
-0.005606837	0.026080238	0.041924829	-0.010584373
-0.000265954	0.026781153	0.041822459	-0.01049232
0.005106565	0.026345664	0.041664754	-0.010686552
0.010354436	0.024548931	0.040283249	-0.01212671
0.015294005	0.021742719	0.039575756	-0.012911527
0.0194638	0.017933178	0.038586877	-0.012536625
0.022633163	0.01296606	0.035513086	-0.014529949
0.024456362	0.007757238	0.032220561	-0.016429627
0.025494266	0.001848736	0.028494893	-0.011573239
0.025127296	-0.003906158	0.024918855	-0.011394699
0.02353889	-0.009442208	0.021819284	-0.009655272
0.021265766	-0.014876388	0.021451991	-0.006766536
0.017969382	-0.019110662	0.020707038	-0.002807071
0.013519573	-0.022125558	0.018401023	0.000734321
0.008842446	-0.024181115	0.017711126	0.00823943
0.003349403	-0.025235165	0.014571274	0.008326454
-0.002180718	-0.024982896	0.013165468	0.011380448

			
			
			
			
			
			
			
			
			
			
			
			
			
			
			
			
			
			
			
			
			
			
			
			
			
			
			
			
			
			
			
			
			
			
			
			
			
			
			
			
			
			
			
			
			
			
			
			
			
			
			
			
			
			
			
			
			
			
			
			
			
			
			
			
			
			
			
			
			
			
			
			
			
			
			
			
			
			
			
			
			
			
			
			
			
			
			
			
			
			
			
			
			
			
			
			
			
			
			
			
			
			
			
			
			
			
			
			
			
			
			
			
			
			
			
			
			
			
			
			
			
			
			
			
			
			
			
			
			
			
			
			
			
			
			
			
			
			
			
			
			
			
			
			
			
			
			
			
			
			
			
			
			
			
			
			
			
			
			
			
			
			
			
			
			
			
			
			
			
			
			
			
			
			
			
			
			
			
			
			
			
			
			
			
			
			
			
			
			
			
			
			
			
			
			
			
			
			
			
			
			
			
			
			
			
			
			
			
			
			
			
			
			
			
			
			
			
			
			
			
			
			
			
			
			
			
			
			
			
			
			
			
			
			
			
			
			
			
			
			
			
			
			
			
			
			
			
			
			
			
			
			
			
			
			
			
			
			
			
			
			
			
			
			
			
			
			
			
			
			
			
			
			
			
			
			
			
			
			
			
			
			
			
			
			
			
			
			
			
			
			
			
			
			
			
			
			
			
			
			
			
			
			
			
			
			
			
			
			
			
			
			
			
			
			
			
			
			
			
			
			
			
			
			
			
			
			
			
			
			
			
			
			
			
			
			
			
			
			
			
			
			
			
			
			
			
			
			
			
			
			
			
			
			
			
			
			
			
			
			
			
			
			
			
			
			
			
			
			
			
			
			
			
			
			
			
			
			
			
			
			
			
			
			
			
			
			
			
			
			
			
			
			
			
			
			
			
			
			
			
			
			
			
			
			
			
			
			
			
			
			
			
			
			
			
			
			
			
			
			
			
			
			
			
			
			
			
			
			
			
			
			
			
			
			
			
			
			
			
			
			
			
			
			
			
			
			
			
			
			
			
			
			
			
			
			
			
			
			
			
			
			
			
			
			
			
			
			
			
			
			
			
			
			
			
			
			
			
			
			
			
			
			
			
			
			
			
			
			
			
			
			
			
			
			
			
			
			
			
			
			
			
			
			
			
			
			
			
			
			
			
			
			
			
			
			
			
			
			
			
			
			
			
			
			
			
			
			
			
			
			
			
			
			
			
			
			
			
			
			
			
			
			
			
			
			
			
			
			
			
			
			
			
			
			
			
			
			
			
			
			
			
			
			
			
			
			
			
			
			
			
			
			
			
			
			
			
			
			
			
			
			
			
			
			
			
			
			
			
			
			
			
			
			
			
			
			
			
			
			
			
			
			
			
			
			
			
			
			
			
			
			
			
			
			
			
			
			
			
			
			
			
			
			
			
			
			
			
			
			
			
			
			
			
			
			
			
			
			
			
			
			
			
			
			
			
			
			
			
			
			
			
