l	Ux	Uy	Uz
0.0	0	0	0
0.50505051	-0.015100479	7.1565668e-05	1.3215183e-21
1.010101	-0.02771772	0.0002014035	1.283684e-21
1.5151515	-0.040569743	0.00042484379	-9.2683562e-22
2.020202	-0.052936121	0.00071598877	-3.8195815e-22
2.5252525	-0.06476476	0.0010672661	3.6670128e-22
3.030303	-0.076059743	0.0014721082	-2.9001283e-22
3.5353535	-0.086820523	0.0019294436	-1.6612421e-21
4.040404	-0.096960416	0.0024361907	-1.5362608e-23
4.5454545	-0.10654236	0.0029794674	2.3521822e-22
5.0505051	-0.11560964	0.0035544265	8.640759e-23
5.5555556	-0.12416527	0.0041579356	-1.6629389e-22
6.0606061	-0.13221231	0.0047872187	-4.0965317e-22
6.5656566	-0.13975046	0.0054513434	-2.6026502e-22
7.0707071	-0.14667312	0.0061301822	-2.2201359e-22
7.5757576	-0.15308794	0.0068248186	-5.0086884e-22
8.0808081	-0.15900732	0.0075340344	-5.528708e-22
8.5858586	-0.16443265	0.0082564486	9.2362391e-23
9.0909091	-0.16936414	0.008995376	6.3289898e-22
9.5959596	-0.17380204	0.0097516786	-2.2829425e-22
10.10101	-0.17762799	0.010510246	-7.493021e-22
10.606061	-0.1809621	0.011278375	-2.0758809e-22
11.111111	-0.18380476	0.012056753	2.8752057e-22
11.616162	-0.18615544	0.012845843	5.1982016e-22
12.121212	-0.18801158	0.013650881	-4.4432276e-22
12.626263	-0.18937162	0.014467968	-1.4040899e-22
13.131313	-0.1901163	0.015283724	-1.1129524e-21
13.636364	-0.19036143	0.016106095	1.0539338e-21
14.141414	-0.19013141	0.016933408	9.9960271e-22
14.646465	-0.18942666	0.017750133	-1.1284754e-21
15.151515	-0.18821814	0.01858191	-2.0046324e-21
15.656566	-0.18639322	0.01940984	3.3208514e-21
16.161616	-0.18406889	0.020250152	2.1230014e-21
16.666667	-0.18124876	0.021079546	4.6508801e-22
17.171717	-0.17794341	0.021890102	-2.774505e-22
17.676768	-0.17414444	0.022681885	-8.9763706e-22
18.181818	-0.16972427	0.023458678	1.9656647e-22
18.686869	-0.16483859	0.024200717	1.5437297e-21
19.191919	-0.15949779	0.024877381	6.3001253e-22
19.69697	-0.15371634	0.025480733	-6.2455956e-22
20.20202	-0.14750862	0.026004605	-2.4909208e-22
20.707071	-0.14077518	0.026432939	2.6668366e-23
21.212121	-0.13368065	0.026734766	-5.8047402e-22
21.717172	-0.12630892	0.026862553	-2.2384653e-21
22.222222	-0.11866465	0.026831972	-7.3336883e-22
22.727273	-0.11076564	0.026650257	1.0121272e-21
23.232323	-0.10256398	0.026278121	4.8173624e-22
23.737374	-0.094182596	0.025709223	-6.6466572e-22
24.242424	-0.085793525	0.024917303	-1.209621e-23
24.747475	-0.077373252	0.023916233	-1.7953897e-22
25.252525	-0.069008635	0.022701681	-1.0430039e-21
25.757576	-0.060802725	0.021237818	-1.0254992e-21
26.262626	-0.052905416	0.019549501	-6.9406096e-22
26.767677	-0.0454487	0.017722591	1.0229768e-21
27.272727	-0.038440229	0.015787935	1.6734439e-21
27.777778	-0.031929858	0.01378234	9.9495043e-22
28.282828	-0.025972898	0.011748924	-5.9055382e-23
28.787879	-0.020762168	0.0097504758	-2.9695178e-25
29.292929	-0.0161665	0.0078545566	-9.7450768e-22
29.79798	-0.012181551	0.0060632243	-1.2026366e-21
30.30303	-0.0087895953	0.0044363489	-6.6102788e-22
30.808081	-0.0060269625	0.0030251322	5.2792069e-22
31.313131	-0.0037306872	0.0018298685	7.3152932e-21
31.818182	-0.0023303676	0.0010318844	4.2484985e-21
32.323232	-0.0010096028	0.00024525352	3.951444e-21
32.828283	-0.00019398229	-0.00024953784	-9.2583911e-21
33.333333	9.2954998e-05	-0.0003626708	-1.4740779e-20
33.838384	6.3761363e-05	-0.00016928906	-4.1622546e-21
66.161616	-0.0001481442	5.6841466e-05	2.0102347e-21
66.666667	-0.00065176924	0.00048099832	5.8459223e-21
67.171717	-0.0018356349	0.0013730704	-4.0584807e-21
67.676768	-0.004164198	0.0030196891	-4.7482467e-21
68.181818	-0.0071168019	0.004741904	2.330617e-21
68.686869	-0.011057176	0.0069008584	7.9943024e-21
69.191919	-0.014506262	0.008902491	1.01049e-20
69.69697	-0.020607612	0.012032064	7.8595363e-21
70.20202	-0.027509838	0.015326361	-5.3665537e-22
70.707071	-0.033978833	0.018358304	-2.6291855e-21
71.212121	-0.041227997	0.021358269	-6.6635453e-21
71.717172	-0.050235257	0.024413754	-4.4345017e-21
72.222222	-0.058616625	0.027203428	-1.1948369e-21
72.727273	-0.067207474	0.029944809	-1.3107678e-21
73.232323	-0.076558173	0.032249937	-8.6765845e-22
73.737374	-0.086493556	0.034271531	6.3747731e-22
74.242424	-0.094993191	0.036158925	2.0056748e-21
74.747475	-0.10412174	0.037628479	5.0001693e-22
75.252525	-0.11267704	0.038677726	-4.2951723e-22
75.757576	-0.1204346	0.039437724	-7.2626329e-22
76.262626	-0.12725874	0.040021888	5.3150639e-24
76.767677	-0.13369774	0.040263556	5.0262949e-22
77.272727	-0.13922754	0.040315638	1.4957048e-22
77.777778	-0.14348956	0.040199603	9.5804022e-23
78.282828	-0.1467228	0.039944396	4.5115905e-23
78.787879	-0.14898033	0.039524956	1.0934645e-23
79.292929	-0.15017993	0.038959404	-6.6134407e-23
79.79798	-0.15028099	0.038294302	-2.4970614e-22
80.30303	-0.14885563	0.037574482	-5.1289505e-23
80.808081	-0.14625328	0.036788798	2.3081938e-22
81.313131	-0.14245387	0.035931053	1.5654344e-22
81.818182	-0.13743388	0.034999731	-3.6859701e-24
82.323232	-0.13118312	0.034030383	-9.7976937e-23
82.828283	-0.12332802	0.03304517	-3.3250377e-23
83.333333	-0.11414287	0.03202802	-2.427394e-23
83.838384	-0.10369031	0.030973296	-4.4311536e-23
84.343434	-0.09199669	0.029873981	1.3474434e-23
84.848485	-0.078971205	0.028752584	2.1009529e-23
85.353535	-0.064323194	0.027613295	-6.8655954e-23
85.858586	-0.048357052	0.026453265	-5.6981447e-24
86.363636	-0.03102324	0.025253339	6.1440275e-23
86.868687	-0.012243515	0.024019293	2.0533845e-24
87.373737	0.0079365171	0.022767512	-1.456327e-23
87.878788	0.029592219	0.021495517	5.613776e-23
88.383838	0.052887241	0.020215119	5.7165327e-23
88.888889	0.0775711	0.018927638	6.3817956e-23
89.393939	0.10371045	0.017632279	5.357486e-23
89.89899	0.13130915	0.016341831	-1.0436523e-23
90.40404	0.16033928	0.01505194	-8.0093332e-23
90.909091	0.1908671	0.013768869	-2.0832818e-23
91.414141	0.22312716	0.012511039	3.9652289e-23
91.919192	0.25689061	0.011303003	1.5732056e-24
92.424242	0.29214434	0.010145066	3.8921985e-24
92.929293	0.3288658	0.0090250817	2.0558725e-23
93.434343	0.3670275	0.0079363406	2.5423662e-23
93.939394	0.40666604	0.0068871554	4.7061531e-23
94.444444	0.44817207	0.005907778	3.9758483e-23
94.949495	0.49117509	0.0050057247	4.0621522e-23
95.454545	0.53563058	0.0041660063	4.2229086e-24
95.959596	0.58152887	0.0033837934	-3.663074e-23
96.464646	0.62886247	0.0026612463	-5.2161469e-23
96.969697	0.67768627	0.00201281	4.4936177e-25
97.474747	0.72820728	0.0014657017	6.5401863e-24
97.979798	0.78006621	0.00099983978	1.245311e-23
98.484848	0.8332249	0.00061458432	2.948394e-23
98.989899	0.88763851	0.00031445885	4.56121e-23
99.494949	0.94325194	0.00010667825	3.7950698e-23
99.999999	0.99999991	5.5314671e-11	3.1816158e-28
