l	Ux	Uy	Uz
0.0	0	0	0
0.50505051	-0.022155255	0.00013817307	1.0941137e-22
1.010101	-0.040488147	0.00038157103	1.1914342e-22
1.5151515	-0.058924715	0.00076606163	-9.3325525e-23
2.020202	-0.076459647	0.0012296458	-3.0734786e-23
2.5252525	-0.093021725	0.0017447325	4.7331988e-23
3.030303	-0.10862248	0.0022874104	-1.9329283e-23
3.5353535	-0.12328121	0.0028532704	-1.5444822e-22
4.040404	-0.13683777	0.0034000537	-8.349102e-24
4.5454545	-0.14941844	0.0039035412	2.3222218e-23
5.0505051	-0.16112499	0.0043635856	7.1597673e-24
5.5555556	-0.17198301	0.0047733026	-2.1059302e-23
6.0606061	-0.18202026	0.0051282805	-3.1212208e-23
6.5656566	-0.19128338	0.0054626833	-2.803725e-23
7.0707071	-0.19960077	0.0056961368	-4.1346979e-24
7.5757576	-0.20719032	0.005872718	6.392263e-24
8.0808081	-0.2140978	0.0060022678	3.9959338e-24
8.5858586	-0.22034902	0.0060918097	-1.1509593e-23
9.0909091	-0.22596929	0.006163228	-5.2117485e-23
9.5959596	-0.23097459	0.0062318496	4.5494933e-23
10.10101	-0.23523398	0.0062560167	8.8631742e-23
10.606061	-0.23891402	0.0062846143	1.4521905e-23
11.111111	-0.24201925	0.006330218	-6.553653e-23
11.616162	-0.24454899	0.0064040904	-1.442107e-22
12.121212	-0.2464849	0.0065382529	1.4080455e-22
12.626263	-0.24781177	0.0067354032	1.1194114e-23
13.131313	-0.24838323	0.0069644557	4.8384889e-22
13.636364	-0.24832272	0.0072699254	-6.0390529e-22
14.141414	-0.24762985	0.0076363457	-4.8604751e-22
14.646465	-0.24625257	0.0080743762	7.9722298e-22
15.151515	-0.24416477	0.0086257144	1.0448656e-21
15.656566	-0.24118436	0.0092466373	-2.2032754e-21
16.161616	-0.23743045	0.0099876844	-1.3975472e-21
16.666667	-0.23285726	0.01082033	-4.2031065e-22
17.171717	-0.22747284	0.011721107	1.9702427e-22
17.676768	-0.22125868	0.012685332	9.6844289e-22
18.181818	-0.21400142	0.013728792	-3.2484571e-22
18.686869	-0.20593381	0.01479714	-1.6437195e-21
19.191919	-0.19706343	0.015837866	-7.3935876e-22
19.69697	-0.18744142	0.016820338	7.3976708e-22
20.20202	-0.1771203	0.017725484	2.3968612e-22
20.707071	-0.16598669	0.01853031	-9.2701846e-23
21.212121	-0.15432918	0.019171224	9.8621594e-22
21.717172	-0.14232323	0.01955392	3.5525543e-21
22.222222	-0.13007223	0.019683374	1.1710803e-21
22.727273	-0.11767576	0.019554225	-1.6086835e-21
23.232323	-0.10523528	0.019107766	-8.0156718e-22
23.737374	-0.092974437	0.018348059	1.2859024e-21
24.242424	-0.081155481	0.017256181	1.4698445e-22
24.747475	-0.069740195	0.015897027	4.5345063e-22
25.252525	-0.058861924	0.014298769	2.2238536e-21
25.757576	-0.048744828	0.012474075	2.2992804e-21
26.262626	-0.039553141	0.010476587	1.7684755e-21
26.767677	-0.031329204	0.0083953514	-2.3302873e-21
27.272727	-0.024054132	0.0063066166	-3.9962813e-21
27.777778	-0.01774121	0.0042740042	-2.402565e-21
28.282828	-0.012392061	0.0023660044	3.5859314e-22
28.787879	-0.0081941181	0.00070101037	-4.1227949e-23
29.292929	-0.0048153716	-0.00072192983	2.5624439e-21
29.79798	-0.002227402	-0.0018619434	3.3148584e-21
30.30303	-0.00034263064	-0.0026996912	1.9249409e-21
30.808081	0.00090880139	-0.0032205694	-1.8773149e-21
31.313131	0.0017083497	-0.0034736151	-2.2383505e-20
31.818182	0.001942414	-0.0033884093	-1.3889232e-20
32.323232	0.0019240836	-0.0030478006	-1.2589496e-20
32.828283	0.001562334	-0.0024159835	2.0941215e-20
33.333333	0.0010290094	-0.0016198906	3.5878322e-20
33.838384	0.00035791379	-0.00057321407	1.0690785e-20
66.161616	5.6457455e-05	-0.00011548437	-6.6048047e-21
66.666667	0.00011914912	-0.00027098523	-1.9372073e-20
67.171717	5.1262994e-05	-0.00031750586	1.2695147e-20
67.676768	-0.00021117092	-0.00024303002	1.6459117e-20
68.181818	-0.00063503132	-0.00010676853	-6.3859551e-21
68.686869	-0.0012557402	9.3962949e-05	-2.4975941e-20
69.191919	-0.0018673781	0.00036186941	-3.1924301e-20
69.69697	-0.0029610298	0.000735861	-2.4648819e-20
70.20202	-0.004263811	0.0011688853	1.9135308e-21
70.707071	-0.0055387145	0.0016196973	9.5769999e-21
71.212121	-0.0069918331	0.0020778897	2.4978407e-20
71.717172	-0.0087934554	0.002525957	1.6263119e-20
72.222222	-0.010493367	0.0029887411	4.2142833e-21
72.727273	-0.012227874	0.0034696868	6.0853319e-21
73.232323	-0.01412547	0.0038981634	3.655234e-21
73.737374	-0.016138534	0.0043022341	-3.1735494e-21
74.242424	-0.017826912	0.0047732445	-1.0227437e-20
74.747475	-0.019629845	0.0052069099	-3.5198613e-21
75.252525	-0.021319369	0.0056470187	2.8574442e-21
75.757576	-0.022831207	0.0061072067	4.6027226e-21
76.262626	-0.024116215	0.0066067214	3.5108018e-22
76.767677	-0.025276615	0.0071282175	-4.1419395e-21
77.272727	-0.026204045	0.0076968686	-1.808229e-21
77.777778	-0.026817616	0.0083277857	-1.0554789e-21
78.282828	-0.027149119	0.0090111255	-6.7268627e-22
78.787879	-0.027201909	0.0097433558	-6.3417561e-22
79.292929	-0.026919245	0.010525624	-4.7674512e-22
79.79798	-0.026307217	0.01136323	3.815868e-21
80.30303	-0.025229924	0.012273842	5.2253071e-22
80.808081	-0.023757866	0.013228349	-4.0527348e-21
81.313131	-0.021860452	0.014223531	-1.5676711e-21
81.818182	-0.01951549	0.015250143	1.0166626e-21
82.323232	-0.016721328	0.016297642	4.9602371e-22
82.828283	-0.013304408	0.017365825	1.3221026e-21
83.333333	-0.0093350097	0.018433873	3.9460284e-21
83.838384	-0.0048136129	0.019487287	2.2215191e-21
84.343434	0.00026665265	0.020511461	-1.1457206e-21
84.848485	0.0059791436	0.021509178	-3.3647787e-21
85.353535	0.01251663	0.022448874	1.7049265e-21
85.858586	0.019775538	0.023313002	-1.4926032e-21
86.363636	0.027805634	0.024103211	-3.2952947e-21
86.868687	0.036676467	0.024802218	-2.7459933e-21
87.373737	0.046439689	0.025388781	9.8035406e-22
87.878788	0.057208218	0.025832569	2.891224e-21
88.383838	0.069216221	0.026108985	3.5004125e-21
88.888889	0.082352366	0.026224487	6.0316086e-22
89.393939	0.096723172	0.026165283	-2.0371591e-22
89.89899	0.11247912	0.025928712	1.2772384e-21
90.40404	0.12972694	0.025503753	2.0443782e-21
90.909091	0.14874915	0.024871807	1.6232913e-21
91.414141	0.17000063	0.024033319	-9.7539349e-22
91.919192	0.19332039	0.02301866	-2.3688409e-21
92.424242	0.21893813	0.021832832	-9.1234897e-22
92.929293	0.24704469	0.020472738	1.1079278e-21
93.434343	0.27782596	0.018944354	1.1723804e-21
93.939394	0.31171234	0.017257638	-1.6609677e-22
94.444444	0.34948519	0.015443618	1.4145822e-21
94.949495	0.39072662	0.013555359	2.6105318e-21
95.454545	0.43558938	0.011621051	2.2245216e-21
95.959596	0.48420113	0.0096774596	1.4489877e-21
96.464646	0.53664444	0.0077700542	8.3206167e-22
96.969697	0.59312267	0.0059604672	-5.6830225e-24
97.474747	0.65404905	0.0043344898	-2.0334058e-22
97.979798	0.71835764	0.0029110581	-9.9613505e-22
98.484848	0.78565558	0.0017329337	-6.7611286e-22
98.989899	0.85544486	0.00083829611	8.4275563e-23
99.494949	0.92712492	0.0002559223	6.4621577e-23
99.999999	0.99999989	8.1517945e-11	-6.8115739e-27
