l	Ux	Uy	Uz
0.0	0	0	0
0.50505051	4.1071353e-05	0.022690908	9.0270138e-24
1.010101	0.00011940702	0.044149784	1.1971484e-22
1.5151515	0.00022243713	0.06439087	1.7478546e-22
2.020202	0.00033527453	0.083427919	1.1438104e-22
2.5252525	0.00044218218	0.10127557	-2.6490178e-23
3.030303	0.00052801137	0.11795047	-1.5312805e-22
3.5353535	0.00057160709	0.13332801	-3.4579048e-22
4.040404	0.00056293077	0.14747527	-9.1582731e-23
4.5454545	0.0004957239	0.1605282	1.7214961e-22
5.0505051	0.00036335454	0.17251461	2.9035686e-22
5.5555556	0.00016066532	0.18346514	2.5296527e-22
6.0606061	-0.00011607331	0.19341293	1.8464032e-22
6.5656566	-0.00047653477	0.2023606	7.8261117e-23
7.0707071	-0.00092489102	0.21021544	1.660275e-22
7.5757576	-0.0014493897	0.21720043	1.0746396e-22
8.0808081	-0.0020481619	0.22335361	4.9322562e-23
8.5858586	-0.00271878	0.22871225	1.1000387e-22
9.0909091	-0.0034584051	0.2333125	3.0780192e-22
9.5959596	-0.0042662476	0.23718657	2.3423049e-22
10.10101	-0.0051478305	0.24026584	1.5545351e-22
10.606061	-0.0060874537	0.2426582	4.6017281e-22
11.111111	-0.0070826088	0.2444311	2.2903135e-22
11.616162	-0.008132381	0.24560753	-2.1274753e-22
12.121212	-0.0092368301	0.24620661	3.1084576e-23
12.626263	-0.010393725	0.2462488	1.1781486e-21
13.131313	-0.011605466	0.24569341	1.2984584e-21
13.636364	-0.012881726	0.24455197	-3.6448054e-22
14.141414	-0.014220203	0.24290661	-5.884099e-22
14.646465	-0.015623716	0.24076588	-2.9206598e-22
15.151515	-0.017097057	0.23813831	-3.2585024e-22
15.656566	-0.018652486	0.23500892	-2.6358399e-21
16.161616	-0.020311996	0.23130079	-5.0333999e-22
16.666667	-0.02207731	0.22708761	1.8537963e-21
17.171717	-0.023951684	0.22238388	1.5501348e-21
17.676768	-0.025939638	0.2171816	-1.1267519e-22
18.181818	-0.02804667	0.21146245	-7.6159132e-22
18.686869	-0.030291925	0.20516298	1.2579345e-21
19.191919	-0.03270836	0.19813699	-5.510841e-21
19.69697	-0.03524926	0.19042074	-4.4147344e-21
20.20202	-0.037860426	0.1819556	4.2855455e-21
20.707071	-0.04044634	0.17256047	1.2570186e-20
21.212121	-0.04277618	0.16209181	1.0439383e-20
21.717172	-0.044366337	0.15106319	2.509316e-20
22.222222	-0.046137466	0.13838634	2.1701428e-20
22.727273	-0.047586056	0.12559223	1.1118717e-20
23.232323	-0.049623374	0.11132571	9.5416915e-21
23.737374	-0.04872962	0.093521006	1.4593607e-20
24.242424	-0.04649828	0.074044137	2.405947e-20
24.747475	-0.039229915	0.051482091	1.0427112e-20
25.252525	-0.031453562	0.034235098	3.2724977e-21
25.757576	-0.023967102	0.022387271	2.0427729e-21
26.262626	-0.017062762	0.015700888	-4.7814209e-21
26.767677	-0.011643519	0.011549379	-6.9598543e-21
27.272727	-0.0071660292	0.0084975007	-5.0205636e-21
27.777778	-0.0036446701	0.0062359345	9.9164968e-22
28.282828	-0.0013505358	0.0048055711	1.6466936e-21
28.787879	0.00039736469	0.0036124132	-3.5672136e-21
29.292929	0.001681635	0.0026034869	-1.8157997e-21
29.79798	0.0025629956	0.001761628	3.1839543e-21
30.30303	0.003160933	0.00099935139	1.5831274e-21
30.808081	0.0035222055	0.00032295624	-5.181512e-21
31.313131	0.003681328	-0.0002452448	-1.8732846e-21
31.818182	0.0036431288	-0.00072218564	-2.1699005e-21
32.323232	0.0035366405	-0.001119672	-5.4423152e-21
32.828283	0.003332819	-0.0014644607	-1.448609e-20
33.333333	0.0030836969	-0.0017450207	-1.6140992e-20
33.838384	0.0027967644	-0.0019237289	-3.8187951e-22
34.343434	0.0024611615	-0.0020289057	-1.4178845e-21
34.848485	0.0021132272	-0.002044409	-2.7569034e-21
35.353535	0.0017690257	-0.0019943916	-3.498205e-21
35.858586	0.0014381073	-0.0018990238	-1.1961334e-21
36.363636	0.0011300339	-0.0017722285	2.4972758e-21
36.868687	0.00086208912	-0.0015912761	8.6468309e-22
37.373737	0.00062071784	-0.0013594133	1.5380593e-21
37.878788	0.00042068488	-0.0011322511	5.7442665e-21
38.383838	0.00026765967	-0.00090390344	1.7100293e-21
38.888889	0.00015607724	-0.00068354433	-4.6499252e-22
39.393939	7.9609575e-05	-0.00048260157	-3.3541387e-22
39.89899	3.3149315e-05	-0.00031121985	3.9852541e-22
40.40404	9.1990276e-06	-0.00017011235	1.4253191e-20
40.909091	7.0834535e-07	-3.9923063e-05	4.9777133e-21
59.0909091	-4.7290517e-08	-1.3884304e-05	7.8045721e-22
59.5959596	-8.1876703e-06	4.5897208e-06	2.9412448e-21
60.10101	-3.7942241e-05	0.00012011965	4.9641962e-22
60.606061	-0.00010874524	0.00035192301	-2.5164627e-21
61.111111	-0.00024539814	0.00072154259	2.3956344e-22
61.616162	-0.00047592947	0.001231261	1.3093299e-21
62.121212	-0.00083520207	0.0018722628	1.5993613e-21
62.626263	-0.0013654274	0.0026425927	-2.4093603e-21
63.131313	-0.0021069582	0.003579691	-1.6254526e-21
63.636364	-0.0030355175	0.0045177665	2.1546394e-21
64.141414	-0.0041998544	0.005441362	1.0175117e-21
64.646465	-0.0056239489	0.0064099646	4.6689647e-22
65.151515	-0.0073135339	0.0073847578	8.6714321e-22
65.656566	-0.0092340421	0.0082683468	1.0477087e-21
66.161616	-0.011490752	0.0090625963	1.1227881e-21
66.666667	-0.014022146	0.0097038597	5.1816595e-21
67.171717	-0.016797827	0.01020055	2.5978649e-21
67.676768	-0.019732459	0.010361362	-3.1457034e-21
68.181818	-0.022942486	0.010517547	-4.0672248e-21
68.686869	-0.026269734	0.010229076	4.1915232e-21
69.191919	-0.029798786	0.0098367649	3.3320907e-21
69.69697	-0.033438372	0.0091092288	-4.4326992e-22
70.20202	-0.037171236	0.0081194637	-1.315944e-21
70.707071	-0.040914941	0.0069031463	-1.6151255e-21
71.212121	-0.044609482	0.0054859913	-2.1313001e-21
71.717172	-0.048206216	0.0038441919	-1.6127808e-21
72.222222	-0.051512308	0.0018939838	1.6376453e-21
72.727273	-0.054588496	-0.00062843566	-3.3195892e-22
73.232323	-0.057018419	-0.0038266189	1.3074965e-22
73.737374	-0.058836697	-0.0076665751	-1.0494665e-20
74.242424	-0.059742772	-0.012072688	-1.6702636e-20
74.747475	-0.057534818	-0.020016274	-4.1976006e-20
75.252525	-0.054398096	-0.026094305	-4.0508677e-20
75.757576	-0.051515022	-0.042381429	-4.7679414e-20
76.262626	-0.051129762	-0.063689751	-3.7353017e-20
76.767677	-0.054084144	-0.084371362	-4.6631297e-21
77.272727	-0.059270564	-0.10613216	3.7998187e-22
77.777778	-0.064881429	-0.12713654	2.6884308e-21
78.282828	-0.070815173	-0.14704648	6.4208291e-21
78.787879	-0.07683525	-0.16562048	1.2401686e-20
79.292929	-0.082498433	-0.18249307	1.6163973e-22
79.79798	-0.087588722	-0.19849712	-7.1513528e-22
80.30303	-0.092231185	-0.21353789	2.2441142e-21
80.808081	-0.096371554	-0.22756984	2.2011259e-21
81.313131	-0.09997415	-0.24040951	-3.3567174e-21
81.818182	-0.10296353	-0.25217045	2.7237815e-21
82.323232	-0.10518098	-0.26280818	-1.9198733e-21
82.828283	-0.10675937	-0.27234173	-2.7799121e-21
83.333333	-0.10771975	-0.28072608	-7.8780124e-22
83.838384	-0.10805204	-0.28782559	1.8746671e-21
84.343434	-0.10774938	-0.29352437	2.2296883e-22
84.848485	-0.10681674	-0.29791641	2.3695443e-23
85.353535	-0.10518322	-0.30083013	-7.42182e-23
85.858586	-0.10300872	-0.30236385	-3.5982637e-22
86.363636	-0.10030189	-0.30246724	-2.2307449e-22
86.868687	-0.097043399	-0.3009553	7.334752e-22
87.373737	-0.093358614	-0.29807103	1.4893381e-21
87.878788	-0.089193625	-0.2936972	-1.8817424e-22
88.383838	-0.084595463	-0.28776206	-3.7133077e-22
88.888889	-0.079689801	-0.28048443	-9.857022e-23
89.393939	-0.074535973	-0.27190972	1.1919311e-21
89.89899	-0.06920902	-0.26210956	8.542992e-22
90.40404	-0.063750067	-0.25122519	4.6013313e-22
90.909091	-0.058207062	-0.2392913	4.8887638e-22
91.414141	-0.052640237	-0.22633364	-4.2825551e-22
91.919192	-0.047138935	-0.21263854	-1.0897922e-22
92.424242	-0.041799088	-0.19837935	-1.8770632e-23
92.929293	-0.036632622	-0.18367067	-3.5348152e-23
93.434343	-0.031679871	-0.1686327	4.7863124e-22
93.939394	-0.026988597	-0.15337151	6.0282267e-22
94.444444	-0.022629718	-0.13799885	5.5262604e-22
94.949495	-0.018635995	-0.12279009	2.5389955e-22
95.454545	-0.015014038	-0.10784593	2.2943866e-22
95.959596	-0.011762529	-0.093232059	6.3905551e-23
96.464646	-0.0088925845	-0.079044987	2.2825108e-23
96.969697	-0.0064265156	-0.06538779	1.3370473e-22
97.474747	-0.0044229094	-0.052448553	-5.9436892e-23
97.979798	-0.0028197283	-0.040303564	-2.0708254e-22
98.484848	-0.001593158	-0.028931643	1.0207512e-22
98.989899	-0.00073113425	-0.018440208	4.9239581e-22
99.494949	-0.0002081541	-0.0088729755	3.6075518e-22
99.999999	-5.0524315e-11	-1.1323297e-08	-3.4857868e-27
