l	Ux	Uy	Uz
0.0	0	0	0
0.50505051	-4.9778173e-05	0.015418443	7.5203472e-24
1.010101	-0.00016220003	0.030166133	1.0009319e-22
1.5151515	-0.00033651537	0.044256464	1.4627379e-22
2.020202	-0.00057157529	0.057701108	9.5806112e-23
2.5252525	-0.0008651649	0.070511037	-2.2520962e-23
3.030303	-0.0012140195	0.082697128	-1.3017205e-22
3.5353535	-0.0016246556	0.094191206	-2.9502747e-22
4.040404	-0.0020907609	0.10502783	-7.662074e-23
4.5454545	-0.002607007	0.11527417	1.4912897e-22
5.0505051	-0.0031722401	0.12493854	2.4950823e-22
5.5555556	-0.0037854001	0.1340289	2.1652982e-22
6.0606061	-0.0044455096	0.14255293	1.582153e-22
6.5656566	-0.0051575319	0.15049866	6.6722271e-23
7.0707071	-0.0059196853	0.15778975	1.4178851e-22
7.5757576	-0.0067258755	0.16453942	9.2581621e-23
8.0808081	-0.0075753224	0.17075386	4.4177631e-23
8.5858586	-0.0084672414	0.17643895	9.5215002e-23
9.0909091	-0.0094008422	0.18160023	2.6114564e-22
9.5959596	-0.010378542	0.1862413	1.993692e-22
10.10101	-0.011406425	0.190287	1.2839986e-22
10.606061	-0.012470315	0.19379266	3.7754888e-22
11.111111	-0.013572146	0.19679299	1.8744373e-22
11.616162	-0.014712018	0.19929125	-1.7471376e-22
12.121212	-0.015890353	0.20128873	1.9662004e-23
12.626263	-0.017104447	0.20278573	9.4589036e-22
13.131313	-0.018366159	0.20371923	1.0244293e-21
13.636364	-0.019656702	0.20408996	-2.9702334e-22
14.141414	-0.020982359	0.20395853	-4.7830727e-22
14.646465	-0.022340611	0.20331729	-2.4866354e-22
15.151515	-0.023730272	0.20216014	-2.5637078e-22
15.656566	-0.025171373	0.2004683	-2.0042219e-21
16.161616	-0.026644036	0.19811895	-3.8322619e-22
16.666667	-0.028144816	0.19517615	1.3730156e-21
17.171717	-0.029678197	0.19164373	1.1484013e-21
17.676768	-0.031241263	0.18749951	-8.1002735e-23
18.181818	-0.032832595	0.18271495	-5.6179825e-22
18.686869	-0.034492196	0.17723606	9.0343599e-22
19.191919	-0.036184491	0.17084864	-3.847387e-21
19.69697	-0.037942047	0.16365547	-3.0536192e-21
20.20202	-0.039678189	0.15561541	2.9559885e-21
20.707071	-0.041289443	0.14659336	8.6094335e-21
21.212121	-0.042591359	0.13651402	6.959852e-21
21.717172	-0.043002011	0.12595811	1.6635403e-20
22.222222	-0.043515375	0.11393803	1.4443915e-20
22.727273	-0.04344784	0.10225231	8.6324868e-21
23.232323	-0.043680649	0.089449362	1.0552477e-20
23.737374	-0.041722899	0.074453494	1.485386e-20
24.242424	-0.038759329	0.058394658	2.1312839e-20
24.747475	-0.032321169	0.04036145	7.2049522e-21
25.252525	-0.025894502	0.026652608	1.3770398e-21
25.757576	-0.019920491	0.017235568	1.5820441e-21
26.262626	-0.014380237	0.011884618	-3.2869238e-22
26.767677	-0.01011912	0.0086034567	-1.2404867e-21
27.272727	-0.0066367132	0.006240536	-1.2579329e-21
27.777778	-0.0039022167	0.0045616461	2.9322875e-22
28.282828	-0.0021193324	0.003531402	5.4950909e-22
28.787879	-0.00071618291	0.0026874555	-1.1741373e-21
29.292929	0.00034760592	0.0019832596	-5.4506947e-22
29.79798	0.001105803	0.0014048428	1.1295502e-21
30.30303	0.001665285	0.0008740242	5.0180518e-22
30.808081	0.0020502882	0.00039569956	-1.9018853e-21
31.313131	0.0022838615	-1.6245393e-05	-7.1362262e-22
31.818182	0.0023450915	-0.0003686004	-8.5139102e-22
32.323232	0.0023642107	-0.00068151306	-2.1459843e-21
32.828283	0.0022951137	-0.00096200636	-5.7271591e-21
33.333333	0.0021867199	-0.0012065867	-6.3911369e-21
33.838384	0.0020421419	-0.0013834169	-1.4963785e-22
34.343434	0.0018393458	-0.0015039035	-5.8881659e-22
34.848485	0.001611879	-0.0015540243	-1.154715e-21
35.353535	0.0013772044	-0.0015519533	-1.4636095e-21
35.858586	0.0011411705	-0.0015104381	-4.7780076e-22
36.363636	0.00091257102	-0.0014391411	1.0991173e-21
36.868687	0.00070881831	-0.0013186309	4.1941952e-22
37.373737	0.00051962331	-0.0011503817	5.7601962e-22
37.878788	0.00035770683	-0.00097738182	2.2920989e-21
38.383838	0.00023102888	-0.00079578106	6.778419e-22
38.888889	0.00013671373	-0.00061415905	-1.822004e-22
39.393939	7.0708227e-05	-0.00044287777	-1.3311273e-22
39.89899	2.9828116e-05	-0.00029177946	1.5342366e-22
40.40404	8.3767955e-06	-0.00016296978	4.6180977e-21
40.909091	6.5529871e-07	-3.9222408e-05	1.8227799e-21
59.0909091	-9.9462259e-07	3.1217343e-05	2.1106402e-21
59.5959596	-7.3563741e-06	0.00013088434	1.0515908e-20
60.10101	-2.2462688e-05	0.00023104125	9.2002924e-22
60.606061	-5.1393994e-05	0.00034318551	-9.7755699e-21
61.111111	-9.7585182e-05	0.00046447312	9.611134e-22
61.616162	-0.00016201289	0.00058712531	5.1845155e-21
62.121212	-0.00024608788	0.00070349319	6.3371431e-21
62.626263	-0.00034996737	0.00080711034	-1.0176089e-20
63.131313	-0.00046383941	0.00089981775	-6.2651244e-21
63.636364	-0.00057942435	0.00095526166	9.3579192e-21
64.141414	-0.00070231634	0.00097328408	4.3459744e-21
64.646465	-0.00081755895	0.00096736511	1.9915783e-21
65.151515	-0.00091831625	0.00093140568	3.7224593e-21
65.656566	-0.0010031977	0.00085873533	4.5377386e-21
66.161616	-0.0010486843	0.0007353415	4.9286776e-21
66.666667	-0.0010424528	0.00056513239	2.2635369e-20
67.171717	-0.0009818982	0.00036101861	1.1279214e-20
67.676768	-0.00089882999	0.00013418735	-1.3692721e-20
68.181818	-0.00072094414	-0.00012565163	-1.7696099e-20
68.686869	-0.00049981803	-0.00040536487	1.7544384e-20
69.191919	-0.00013010527	-0.0007361398	1.3891713e-20
69.69697	0.00038913661	-0.0011315271	-1.7955438e-21
70.20202	0.0010677078	-0.0015810024	-5.4548206e-21
70.707071	0.0019615792	-0.0021281227	-6.6553027e-21
71.212121	0.0031246641	-0.0028146826	-8.7113773e-21
71.717172	0.0046092303	-0.0036859627	-6.5704821e-21
72.222222	0.0064696922	-0.0048251038	6.4211421e-21
72.727273	0.0090941851	-0.00669836	-1.0774669e-21
73.232323	0.012440534	-0.0094120076	-9.5361084e-22
73.737374	0.016615683	-0.013302014	-3.5832502e-20
74.242424	0.021630935	-0.018378371	-5.2736359e-20
74.747475	0.028213477	-0.029197125	-1.1789006e-19
75.252525	0.034355737	-0.038734668	-1.1482833e-19
75.757576	0.040263511	-0.056473826	-1.2646909e-19
76.262626	0.044643984	-0.076726012	-9.9088638e-20
76.767677	0.046430615	-0.093538168	-1.5072716e-20
77.272727	0.045922303	-0.11000785	2.9477596e-22
77.777778	0.044537788	-0.12503135	8.0264356e-21
78.282828	0.042545728	-0.13841428	1.94754e-20
78.787879	0.0403037	-0.15013282	3.6937213e-20
79.292929	0.038031564	-0.16005138	-1.6291058e-23
79.79798	0.035749614	-0.16876478	-1.6399937e-21
80.30303	0.033519304	-0.17643945	8.4174883e-21
80.808081	0.031352198	-0.18312814	7.4553407e-21
81.313131	0.029279003	-0.18885825	-1.1853478e-20
81.818182	0.027283095	-0.19373283	1.1198789e-20
82.323232	0.025350131	-0.1977086	-8.3324831e-21
82.828283	0.023505053	-0.20095606	-1.1648891e-20
83.333333	0.021755455	-0.20353204	-2.9565382e-21
83.838384	0.020118285	-0.20544851	8.0717841e-21
84.343434	0.018603363	-0.2067207	1.0572116e-21
84.848485	0.017176611	-0.20739023	1.4345792e-22
85.353535	0.015834534	-0.20740023	-3.668758e-22
85.858586	0.014596409	-0.20686846	-1.8522471e-21
86.363636	0.013453191	-0.20581083	-1.172576e-21
86.868687	0.01240432	-0.20422341	3.7460258e-21
87.373737	0.011430211	-0.20213258	7.7038068e-21
87.878788	0.010514256	-0.19950809	-7.7834851e-22
88.383838	0.0096658696	-0.1963442	-1.7208336e-21
88.888889	0.0088791838	-0.19271073	-4.7092958e-22
89.393939	0.0081528204	-0.18860928	6.4747046e-21
89.89899	0.0074881639	-0.18403974	4.8913546e-21
90.40404	0.006866567	-0.17902171	2.8001461e-21
90.909091	0.0062827706	-0.17353712	2.8075566e-21
91.414141	0.005730209	-0.1675454	-2.5237025e-21
91.919192	0.005206306	-0.16112264	-5.3169248e-22
92.424242	0.0047161995	-0.15426808	4.6207453e-23
92.929293	0.0042468356	-0.1469945	-1.088977e-22
93.434343	0.0037956934	-0.13930577	2.8296305e-21
93.939394	0.0033606469	-0.13118453	3.7198052e-21
94.444444	0.0029395985	-0.12257649	3.7025539e-21
94.949495	0.0025379082	-0.11355794	1.7742662e-21
95.454545	0.0021536594	-0.10413109	1.478189e-21
95.959596	0.0017858315	-0.094297683	4.2291086e-22
96.464646	0.0014369664	-0.084057502	1.680574e-22
96.969697	0.0011110431	-0.073390165	7.7301158e-22
97.474747	0.00081718009	-0.06223295	-2.8088966e-22
97.979798	0.00056041591	-0.050654261	-1.3199094e-21
98.484848	0.00034460029	-0.038650074	7.7858045e-22
98.989899	0.00017587767	-0.026293914	3.5573843e-21
99.494949	5.8301839e-05	-0.013594567	2.7550647e-21
99.999999	2.2571089e-11	-1.9384031e-08	-2.2466425e-26
