time	vel
0.000	      -0.019721
0.001	      -0.025498
0.002	      -0.047771
0.003	      -0.035841
0.004	      -0.041857
0.005	       -0.07018
0.006	      -0.072728
0.007	      -0.060444
0.008	       -0.08908
0.009	      -0.071005
0.010	      -0.097272
0.011	       -0.10561
0.012	       -0.10795
0.013	       -0.11564
0.014	       -0.11912
0.015	       -0.12992
0.016	       -0.13535
0.017	       -0.14305
0.018	       -0.16393
0.019	       -0.15267
0.020	        -0.1791
0.021	       -0.16566
0.022	       -0.19141
0.023	       -0.19703
0.024	       -0.18444
0.025	       -0.21071
0.026	       -0.21715
0.027	       -0.22346
0.028	       -0.23032
0.029	        -0.2354
0.030	       -0.26271
0.031	        -0.2489
0.032	       -0.25358
0.033	        -0.2607
0.034	       -0.28657
0.035	       -0.27322
0.036	       -0.29907
0.037	       -0.30398
0.038	       -0.29209
0.039	       -0.31917
0.040	       -0.32389
0.041	       -0.33252
0.042	       -0.33729
0.043	       -0.34468
0.044	       -0.34955
0.045	       -0.35759
0.046	       -0.38407
0.047	       -0.36963
0.048	       -0.37577
0.049	       -0.40191
0.050	       -0.40818
0.051	       -0.39275
0.052	       -0.41957
0.053	       -0.42564
0.054	       -0.41099
0.055	       -0.43805
0.056	       -0.44271
0.057	       -0.44837
0.058	       -0.45568
0.059	       -0.46371
0.060	       -0.48829
0.061	       -0.47359
0.062	       -0.47985
0.063	        -0.4859
0.064	       -0.51226
0.065	        -0.5181
0.066	       -0.50492
0.067	       -0.53215
0.068	       -0.53492
0.069	       -0.52276
0.070	       -0.54882
0.071	       -0.55644
0.072	       -0.56234
0.073	       -0.56591
0.074	        -0.5718
0.075	       -0.57537
0.076	       -0.60147
0.077	       -0.56838
0.078	       -0.61643
0.079	       -0.61952
0.080	       -0.60719
0.081	       -0.61139
0.082	       -0.64032
0.083	       -0.64423
0.084	       -0.64986
0.085	       -0.65456
0.086	       -0.64432
0.087	       -0.66637
0.088	       -0.65074
0.089	       -0.67143
0.090	       -0.68117
0.091	       -0.70703
0.092	       -0.70864
0.093	       -0.69594
0.094	       -0.70363
0.095	       -0.70821
0.096	       -0.71357
0.097	       -0.71748
0.098	       -0.75541
0.099	       -0.72176
0.100	       -0.72844
0.101	       -0.77636
0.102	       -0.74095
0.103	       -0.74591
0.104	       -0.79363
0.105	       -0.75621
0.106	       -0.80177
0.107	       -0.76707
0.108	       -0.81213
0.109	       -0.77521
0.110	       -0.82174
0.111	       -0.78511
0.112	       -0.83063
0.113	       -0.83311
0.114	       -0.80477
0.115	       -0.84559
0.116	       -0.84717
0.117	       -0.82624
0.118	       -0.83577
0.119	        -0.8646
0.120	        -0.8667
0.121	       -0.87287
0.122	       -0.87622
0.123	       -0.86092
0.124	        -0.8669
0.125	        -0.8948
0.126	       -0.89991
0.127	       -0.90615
0.128	       -0.90803
0.129	       -0.93292
0.130	       -0.93682
0.131	       -0.91623
0.132	       -0.92167
0.133	       -0.92448
0.134	         -0.931
0.135	       -0.93983
0.136	       -0.92229
0.137	       -0.97955
0.138	        -0.9574
0.139	       -0.95828
0.140	        -1.0003
0.141	       -0.96301
0.142	       -0.96497
0.143	        -1.0031
0.144	       -0.96733
0.145	       -0.97397
0.146	        -1.0255
0.147	       -0.98866
0.148	        -1.0342
0.149	       -0.99973
0.150	        -1.0464
0.151	         -1.032
0.152	         -1.032
0.153	        -1.0359
0.154	         -1.033
0.155	        -1.0617
0.156	        -1.0477
0.157	        -1.0273
0.158	         -1.049
0.159	        -1.0502
0.160	        -1.0534
0.161	        -1.0749
0.162	        -1.0557
0.163	        -1.0795
0.164	          -1.06
0.165	        -1.0873
0.166	        -1.0895
0.167	        -1.0744
0.168	        -1.0956
0.169	        -1.0922
0.170	        -1.1022
0.171	        -1.1165
0.172	        -1.1313
0.173	        -1.1301
0.174	        -1.1352
0.175	        -1.1338
0.176	        -1.1366
0.177	         -1.146
0.178	        -1.1464
0.179	        -1.1644
0.180	        -1.1361
0.181	        -1.1464
0.182	        -1.1545
0.183	         -1.154
0.184	        -1.1798
0.185	        -1.1516
0.186	         -1.176
0.187	        -1.1608
0.188	         -1.165
0.189	        -1.1979
0.190	        -1.1985
0.191	         -1.181
0.192	        -1.2072
0.193	        -1.2058
0.194	        -1.1853
0.195	        -1.2054
0.196	        -1.2177
0.197	        -1.2039
0.198	        -1.2114
0.199	         -1.219
0.200	         -1.222
0.201	        -1.2266
0.202	        -1.2004
0.203	        -1.2373
0.204	        -1.2071
0.205	        -1.2341
0.206	        -1.2304
0.207	        -1.2258
0.208	        -1.2143
0.209	        -1.2084
0.210	        -1.2741
0.211	        -1.2814
0.212	        0.18858
0.213	        0.78014
0.214	        0.72565
0.215	        0.69675
0.216	        0.65949
0.217	        0.63213
0.218	        0.64177
0.219	        0.65366
0.220	        0.62328
0.221	        0.62841
0.222	        0.60153
0.223	        0.59642
0.224	        0.60457
0.225	        0.56842
0.226	         0.5535
0.227	        0.52158
0.228	        0.52707
0.229	        0.51521
0.230	        0.48515
0.231	        0.47518
0.232	        0.47063
0.233	        0.45985
0.234	        0.45312
0.235	        0.44494
0.236	        0.43651
0.237	        0.42651
0.238	        0.41855
0.239	        0.41162
0.240	        0.38522
0.241	        0.37726
0.242	        0.38852
0.243	        0.36121
0.244	        0.35801
0.245	        0.37074
0.246	        0.32558
0.247	        0.35711
0.248	        0.30962
0.249	        0.32129
0.250	         0.3144
0.251	        0.30404
0.252	         0.2774
0.253	        0.29026
0.254	        0.26028
0.255	        0.25329
0.256	        0.26869
0.257	        0.24228
0.258	         0.2358
0.259	        0.22806
0.260	        0.22414
0.261	        0.21651
0.262	        0.20855
0.263	        0.18042
0.264	        0.19569
0.265	        0.18831
0.266	         0.1817
0.267	         0.1316
0.268	         0.1664
0.269	        0.15875
0.270	        0.11069
0.271	        0.14664
0.272	        0.11715
0.273	        0.11356
0.274	       0.084567
0.275	         0.1196
0.276	       0.071221
0.277	       0.086348
0.278	       0.079463
0.279	       0.053279
0.280	        0.06624
0.281	       0.039649
0.282	        0.05288
0.283	        0.02653
0.284	       0.019907
0.285	       0.012684
0.286	      0.0053139
0.287	    -0.00062531
0.288	     -0.0070075
0.289	      -0.015018
0.290	      -0.021028
0.291	      -0.026497
0.292	      -0.054709
0.293	      -0.059696
0.294	      -0.045918
0.295	      -0.053724
0.296	       -0.08003
0.297	      -0.085074
0.298	      -0.072664
0.299	       -0.11834
0.300	      -0.086295
0.301	       -0.13018
0.302	      -0.098719
0.303	       -0.14323
0.304	       -0.11129
0.305	       -0.15791
0.306	       -0.16396
0.307	       -0.13133
0.308	       -0.17784
0.309	       -0.18348
0.310	        -0.1915
0.311	       -0.17828
0.312	       -0.20294
0.313	       -0.20921
0.314	       -0.19607
0.315	       -0.22247
0.316	       -0.24839
0.317	       -0.23314
0.318	       -0.23956
0.319	       -0.24532
0.320	       -0.25062
0.321	       -0.27793
0.322	         -0.265
0.323	       -0.29092
0.324	       -0.27991
0.325	       -0.30704
0.326	       -0.31373
0.327	       -0.32127
0.328	       -0.30885
0.329	       -0.33314
0.330	       -0.33921
0.331	       -0.34225
0.332	       -0.36699
0.333	       -0.35421
0.334	       -0.36066
0.335	       -0.36712
0.336	       -0.39381
0.337	       -0.37723
0.338	       -0.40417
0.339	       -0.39288
0.340	       -0.41892
0.341	       -0.42527
0.342	       -0.41161
0.343	       -0.43707
0.344	       -0.44011
0.345	       -0.44642
0.346	       -0.45569
0.347	       -0.45991
0.348	       -0.48299
0.349	       -0.47113
0.350	       -0.47954
0.351	       -0.48449
0.352	       -0.51536
0.353	       -0.50065
0.354	       -0.52268
0.355	       -0.52595
0.356	        -0.5105
0.357	       -0.53765
0.358	        -0.5474
0.359	       -0.54535
0.360	       -0.54378
0.361	       -0.53092
0.362	       -0.56398
0.363	       -0.61187
0.364	       -0.61489
0.365	       -0.63661
0.366	       -0.61487
0.367	      -0.098068
0.368	        0.34816
0.369	        0.35645
0.370	        0.34727
0.371	         0.3216
0.372	        0.32592
0.373	        0.31223
0.374	        0.28345
0.375	        0.28679
0.376	        0.25964
0.377	        0.24484
0.378	        0.23313
0.379	        0.22565
0.380	        0.22472
0.381	        0.21584
0.382	        0.20365
0.383	        0.19842
0.384	        0.19569
0.385	        0.17107
0.386	        0.16458
0.387	        0.17622
0.388	        0.16837
0.389	        0.14197
0.390	         0.1376
0.391	        0.12764
0.392	        0.12117
0.393	        0.11457
0.394	        0.10755
0.395	        0.10076
0.396	       0.093445
0.397	       0.067915
0.398	       0.079452
0.399	          0.073
0.400	        0.04709
0.401	       0.059655
0.402	       0.034266
0.403	       0.045383
0.404	        0.01928
0.405	       0.013159
0.406	      0.0061817
0.407	     1.4884e-05
0.408	     -0.0069541
0.409	      -0.013944
0.410	      -0.019344
0.411	      -0.045408
0.412	      -0.033506
0.413	      -0.058511
0.414	       -0.04689
0.415	      -0.070711
0.416	      -0.059295
0.417	       -0.08622
0.418	      -0.090208
0.419	      -0.099283
0.420	       -0.10481
0.421	       -0.11167
0.422	       -0.11872
0.423	       -0.12519
0.424	       -0.13317
0.425	       -0.13823
0.426	       -0.16598
0.427	       -0.15282
0.428	       -0.17777
0.429	       -0.16536
0.430	       -0.18886
0.431	        -0.1911
0.432	       -0.17932
0.433	       -0.20302
0.434	       -0.21566
0.435	       -0.21815
0.436	        -0.2221
0.437	       -0.22899
0.438	       -0.24104
0.439	       -0.25053
0.440	       -0.27804
0.441	       -0.27527
0.442	       -0.28288
0.443	       -0.31193
0.444	        -0.3209
0.445	       -0.31555
0.446	        -0.3496
0.447	       -0.30655
0.448	       -0.32393
0.449	     -0.0075244
0.450	        0.18183
0.451	        0.16902
0.452	        0.16633
0.453	        0.14164
0.454	        0.16195
0.455	        0.15595
0.456	        0.11885
0.457	        0.13985
0.458	        0.10357
0.459	        0.12514
0.460	       0.083038
0.461	        0.11101
0.462	       0.068794
0.463	        0.06151
0.464	       0.070384
0.465	       0.060683
0.466	       0.036311
0.467	       0.030327
0.468	       0.021753
0.469	       0.014956
0.470	      0.0078955
0.471	     0.00027358
0.472	     -0.0065807
0.473	      -0.013498
0.474	       -0.02094
0.475	      -0.028346
0.476	      -0.035747
0.477	      -0.060296
0.478	      -0.066273
0.479	      -0.058628
0.480	      -0.065097
0.481	       -0.10665
0.482	      -0.081291
0.483	      -0.088653
0.484	       -0.13052
0.485	       -0.10489
0.486	       -0.14464
0.487	       -0.14909
0.488	       -0.13037
0.489	       -0.16223
0.490	       -0.16197
0.491	       -0.15308
0.492	        -0.1524
0.493	       -0.16728
0.494	       -0.11508
0.495	       0.082922
0.496	       0.053621
0.497	       0.059305
0.498	       0.054634
0.499	       0.034881
0.500	       0.026146
0.501	       0.020883
0.502	       0.014202
0.503	      0.0090154
0.504	    -0.00079476
0.505	     -0.0063595
0.506	      -0.014248
0.507	      -0.022056
0.508	      -0.026088
0.509	      -0.034365
0.510	      -0.064795
0.511	      -0.046781
0.512	      -0.050893
0.513	      -0.055259
0.514	       -0.08703
0.515	       0.020974
0.516	       0.013951
0.517	       0.033512
0.518	     0.00070925
0.519	      -0.033068
0.520	      -0.012566
0.521	      -0.017355
0.522	      -0.013235
0.523	      0.0054844
0.524	      -0.001343
0.525	      -0.011281
0.526	    -0.00093802
0.527	     -0.0037796
0.528	     -0.0028009
0.529	      -0.003345
0.530	     -0.0027956
0.531	     0.00069517
0.532	     -0.0025093
0.533	    -0.00069022
0.534	     -0.0015083
0.535	     -0.0034154
0.536	    -0.00025748
0.537	        -0.0029
0.538	     -0.0017748
0.539	     -0.0018423
0.540	     -0.0017468
0.541	    -0.00029322
0.542	     0.00065811
0.543	     -0.0024416
0.544	     -0.0018588
0.545	     -0.0023329
0.546	     -0.0012324
0.547	     -0.0024235
0.548	     -0.0010615
0.549	     -0.0025509
0.550	     -0.0017723
0.551	     -0.0010791
0.552	     -0.0024957
0.553	     -0.0027217
0.554	     0.00022318
0.555	     -0.0033873
0.556	     -0.0018647
0.557	     -0.0009786
0.558	     -0.0019766
0.559	    -0.00095115
0.560	     -0.0026024
0.561	    -5.4241e-05
0.562	    -0.00066352
0.563	     -0.0030051
0.564	     -0.0013634
0.565	     -0.0014906
0.566	    -0.00088258
0.567	     -0.0012709
0.568	     -0.0025862
0.569	     -0.0017259
0.570	       -0.00144
0.571	     -0.0018772
0.572	      -0.001107
0.573	    -0.00088974
0.574	       -0.00424
0.575	    -0.00041078
0.576	    -0.00061668
0.577	     -0.0029392
0.578	     -0.0016731
0.579	     9.1173e-05
0.580	     0.00026081
0.581	    -0.00056917
0.582	      -0.021219
0.583	     0.00056476
0.584	      -0.002533
0.585	    -0.00048305
0.586	     -0.0042266
0.587	     -0.0016482
0.588	     -0.0018346
0.589	      0.0005787
0.590	     -0.0043668
0.591	     -0.0030533
0.592	     -0.0014218
0.593	     -0.0028848
0.594	     0.00041095
0.595	     -0.0018867
0.596	     -0.0016447
0.597	        -0.0014
0.598	     -0.0012054
0.599	     -0.0020225
