t	velX	velY
0.002381	-0.008395	0.001111
0.003905	-0.018034	0.001270
0.005429	-0.029636	0.001524
0.006952	-0.041261	0.001524
0.008476	-0.052833	0.001524
0.010000	-0.064451	0.001524
0.011667	-0.076029	0.001524
0.013333	-0.088663	0.001667
0.015000	-0.101311	0.001667
0.016667	-0.113911	0.001667
0.018333	-0.126568	0.001667
0.019167	-0.139069	0.001667
0.020000	-0.145404	0.000833
0.020909	-0.151768	0.000833
0.021919	-0.158623	0.000909
0.022929	-0.166269	0.001010
0.023939	-0.173991	0.001010
0.024949	-0.181574	0.001010
0.025960	-0.189207	0.001010
0.026970	-0.196908	0.001010
0.027980	-0.204511	0.001010
0.028990	-0.212196	0.001010
0.030000	-0.219772	0.001010
0.031000	-0.227470	0.001010
0.032000	-0.235097	0.001000
0.033000	-0.242634	0.001000
0.033875	-0.250277	0.001000
0.034750	-0.256815	0.000875
0.035625	-0.263546	0.000875
0.036500	-0.270158	0.000875
0.037375	-0.276931	0.000875
0.038031	-0.283455	0.000875
0.038687	-0.288471	0.000656
0.039344	-0.293321	0.000656
0.040000	-0.298381	0.000656
0.040714	-0.303364	0.000656
0.041488	-0.308655	0.000714
0.042262	-0.314626	0.000774
0.042965	-0.320365	0.000774
0.043747	-0.325731	0.000703
0.044529	-0.331571	0.000782
0.045310	-0.337577	0.000782
0.046092	-0.343354	0.000782
0.046873	-0.349360	0.000782
0.047655	-0.355139	0.000782
0.048437	-0.361085	0.000782
0.049218	-0.366762	0.000782
0.050000	-0.372386	0.000782
0.050833	-0.378185	0.000782
0.051750	-0.384335	0.000833
0.052667	-0.391248	0.000917
0.053583	-0.397878	0.000917
0.054500	-0.404601	0.000917
0.055286	-0.411294	0.000917
0.056071	-0.417116	0.000786
0.056857	-0.422740	0.000786
0.057643	-0.428586	0.000786
0.058429	-0.434675	0.000786
0.059214	-0.440539	0.000786
0.060000	-0.446286	0.000786
0.060769	-0.452442	0.000786
0.061538	-0.458097	0.000769
0.062308	-0.463751	0.000769
0.063077	-0.469519	0.000769
0.063846	-0.475394	0.000769
0.064615	-0.481003	0.000769
0.065288	-0.486521	0.000769
0.065962	-0.491548	0.000673
0.066635	-0.496551	0.000673
0.067308	-0.501466	0.000673
0.067981	-0.506533	0.000673
0.068654	-0.511484	0.000673
0.069327	-0.516383	0.000673
0.070000	-0.521358	0.000673
0.070667	-0.526431	0.000673
0.071333	-0.531087	0.000667
0.072000	-0.535795	0.000667
0.072667	-0.540939	0.000667
0.073333	-0.545582	0.000667
0.074000	-0.550425	0.000667
0.074667	-0.554998	0.000667
0.075333	-0.559732	0.000667
0.076000	-0.564117	0.000667
0.076571	-0.568584	0.000667
0.077143	-0.572066	0.000571
0.077714	-0.576042	0.000571
0.078286	-0.579844	0.000571
0.078857	-0.583695	0.000571
0.079429	-0.587682	0.000571
0.080000	-0.591573	0.000571
0.080625	-0.595460	0.000571
0.081250	-0.599916	0.000625
0.081875	-0.603939	0.000625
0.082500	-0.608187	0.000625
0.083077	-0.612706	0.000625
0.083654	-0.616658	0.000577
0.084231	-0.620522	0.000577
0.084808	-0.624424	0.000577
0.085385	-0.628862	0.000577
0.085962	-0.632930	0.000577
0.086538	-0.637008	0.000577
0.087115	-0.640909	0.000577
0.087692	-0.645240	0.000577
0.088269	-0.649014	0.000577
0.088702	-0.652970	0.000577
0.089135	-0.655643	0.000433
0.089567	-0.658938	0.000433
0.090000	-0.661669	0.000433
0.090476	-0.664815	0.000433
0.091005	-0.667942	0.000476
0.091534	-0.671788	0.000529
0.092099	-0.675448	0.000529
0.092626	-0.679041	0.000564
0.093152	-0.682390	0.000527
0.093679	-0.686261	0.000527
0.094206	-0.689805	0.000527
0.094733	-0.693110	0.000527
0.095259	-0.696599	0.000527
0.095786	-0.700237	0.000527
0.096313	-0.703653	0.000527
0.096840	-0.707454	0.000527
0.097366	-0.711295	0.000527
0.097805	-0.715195	0.000527
0.098244	-0.717900	0.000439
0.098683	-0.720798	0.000439
0.099122	-0.724058	0.000439
0.099561	-0.726851	0.000439
0.100000	-0.729745	0.000439
0.100476	-0.732961	0.000439
0.100977	-0.736179	0.000476
0.101479	-0.739549	0.000501
0.101952	-0.743195	0.000501
0.102426	-0.746237	0.000473
0.102899	-0.749061	0.000473
0.103406	-0.752396	0.000473
0.103913	-0.756164	0.000507
0.104382	-0.759184	0.000507
0.104850	-0.761915	0.000468
0.105318	-0.765323	0.000468
0.105786	-0.768585	0.000468
0.106254	-0.771605	0.000468
0.106723	-0.774533	0.000468
0.107191	-0.777801	0.000468
0.107659	-0.780557	0.000468
0.108127	-0.783201	0.000468
0.108595	-0.786069	0.000468
0.109064	-0.788981	0.000468
0.109532	-0.791318	0.000468
0.110000	-0.793678	0.000468
0.110455	-0.796232	0.000468
0.110909	-0.799092	0.000455
0.111364	-0.801637	0.000455
0.111818	-0.804052	0.000455
0.112273	-0.807005	0.000455
0.112727	-0.809811	0.000455
0.113182	-0.812593	0.000455
0.113636	-0.815154	0.000455
0.114091	-0.818293	0.000455
0.114545	-0.820995	0.000455
0.115000	-0.823891	0.000455
0.115455	-0.826655	0.000455
0.115868	-0.829739	0.000455
0.116281	-0.832142	0.000413
0.116694	-0.834429	0.000413
0.117107	-0.837120	0.000413
0.117521	-0.840165	0.000413
0.117934	-0.842599	0.000413
0.118347	-0.845136	0.000413
0.118760	-0.848054	0.000413
0.119174	-0.850642	0.000413
0.119587	-0.852914	0.000413
0.120000	-0.855693	0.000413
0.120417	-0.858150	0.000413
0.120852	-0.860342	0.000417
0.121288	-0.862837	0.000436
0.121703	-0.865697	0.000436
0.122139	-0.867519	0.000415
0.122576	-0.869923	0.000437
0.122989	-0.872226	0.000437
0.123401	-0.874761	0.000412
0.123813	-0.877032	0.000412
0.124226	-0.879368	0.000412
0.124638	-0.881870	0.000412
0.125051	-0.884944	0.000412
0.125463	-0.887589	0.000412
0.125876	-0.890178	0.000412
0.126288	-0.893075	0.000412
0.126701	-0.895542	0.000412
0.127113	-0.898051	0.000412
0.127525	-0.900575	0.000412
0.127879	-0.903108	0.000412
0.128232	-0.904872	0.000354
0.128586	-0.906796	0.000354
0.128939	-0.909211	0.000354
0.129293	-0.911326	0.000354
0.129646	-0.913378	0.000354
0.130000	-0.915649	0.000354
0.130385	-0.917705	0.000354
0.130785	-0.920117	0.000385
0.131186	-0.922583	0.000401
0.131587	-0.924806	0.000401
0.131987	-0.927139	0.000401
0.132369	-0.929430	0.000401
0.132750	-0.932021	0.000382
0.133153	-0.934153	0.000382
0.133556	-0.936312	0.000403
0.133935	-0.938499	0.000403
0.134314	-0.940667	0.000379
0.134720	-0.942026	0.000379
0.135097	-0.943985	0.000406
0.135474	-0.945886	0.000377
0.135852	-0.947303	0.000377
0.136229	-0.948934	0.000377
0.136606	-0.950966	0.000377
0.136983	-0.953273	0.000377
0.137360	-0.954761	0.000377
0.137737	-0.956506	0.000377
0.138114	-0.958641	0.000377
0.138491	-0.960715	0.000377
0.138869	-0.962667	0.000377
0.139246	-0.964570	0.000377
0.139623	-0.967211	0.000377
0.140000	-0.968953	0.000377
0.140385	-0.971019	0.000377
0.140769	-0.973144	0.000385
0.141138	-0.975941	0.000385
0.141508	-0.977740	0.000369
0.141877	-0.979933	0.000369
0.142264	-0.981943	0.000369
0.142632	-0.984854	0.000387
0.143001	-0.986443	0.000368
0.143369	-0.988241	0.000368
0.143737	-0.990339	0.000368
0.144106	-0.992578	0.000368
0.144474	-0.994345	0.000368
0.144842	-0.996383	0.000368
0.145211	-0.998739	0.000368
0.145579	-1.000315	0.000368
0.145948	-1.002426	0.000368
0.146316	-1.004288	0.000368
0.146684	-1.006452	0.000368
0.147053	-1.008277	0.000368
0.147421	-1.009827	0.000368
0.147790	-1.011967	0.000368
0.148105	-1.013967	0.000368
0.148421	-1.015705	0.000316
0.148737	-1.018082	0.000316
0.149053	-1.020242	0.000316
0.149368	-1.021639	0.000316
0.149684	-1.023525	0.000316
0.150000	-1.025650	0.000316
0.150345	-1.027142	0.000316
0.150716	-1.029315	0.000345
0.151088	-1.031882	0.000371
0.151444	-1.033858	0.000371
0.151801	-1.035502	0.000356
0.152157	-1.037491	0.000356
0.152514	-1.039905	0.000356
0.152854	-1.041669	0.000356
0.153211	-1.043330	0.000340
0.153551	-1.045344	0.000357
0.153909	-1.047706	0.000339
0.154267	-1.049291	0.000358
0.154625	-1.051190	0.000358
0.154961	-1.053144	0.000358
0.155297	-1.055044	0.000336
0.155659	-1.056548	0.000336
0.155993	-1.058377	0.000362
0.156327	-1.060128	0.000334
0.156661	-1.061435	0.000334
0.156995	-1.062439	0.000334
0.157329	-1.063885	0.000334
0.157663	-1.065707	0.000334
0.157996	-1.066156	0.000334
0.158330	-1.067100	0.000334
0.158664	-1.068931	0.000334
0.158998	-1.070073	0.000334
0.159332	-1.071346	0.000334
0.159666	-1.072731	0.000334
0.160000	-1.074996	0.000334
0.160345	-1.075511	0.000334
0.160690	-1.077416	0.000345
0.161034	-1.079358	0.000345
0.161379	-1.081414	0.000345
0.161711	-1.082604	0.000345
0.162056	-1.084281	0.000332
0.162387	-1.086430	0.000345
0.162733	-1.088217	0.000331
0.163079	-1.089956	0.000346
0.163409	-1.091880	0.000346
0.163738	-1.093882	0.000330
0.164086	-1.095713	0.000330
0.164415	-1.097228	0.000348
0.164743	-1.098935	0.000329
0.165072	-1.101224	0.000329
0.165400	-1.102046	0.000329
0.165729	-1.103363	0.000329
0.166058	-1.105175	0.000329
0.166386	-1.106988	0.000329
0.166715	-1.107884	0.000329
0.167043	-1.108860	0.000329
0.167372	-1.110915	0.000329
0.167700	-1.112311	0.000329
0.168029	-1.113338	0.000329
0.168357	-1.115021	0.000329
0.168686	-1.117033	0.000329
0.169014	-1.118261	0.000329
0.169343	-1.119890	0.000329
0.169671	-1.121654	0.000329
0.170000	-1.124002	0.000329
0.170333	-1.125287	0.000329
0.170656	-1.126763	0.000333
0.170989	-1.128639	0.000322
0.171323	-1.130463	0.000334
0.171657	-1.131574	0.000334
0.171990	-1.133142	0.000334
0.172311	-1.134866	0.000334
0.172645	-1.136686	0.000320
0.172965	-1.137800	0.000334
0.173300	-1.139089	0.000320
0.173619	-1.141215	0.000335
0.173938	-1.142666	0.000319
0.174257	-1.143550	0.000319
0.174576	-1.145258	0.000319
0.174895	-1.147121	0.000319
0.175214	-1.148519	0.000319
0.175533	-1.149798	0.000319
0.175852	-1.151411	0.000319
0.176171	-1.153213	0.000319
0.176490	-1.154265	0.000319
0.176810	-1.154930	0.000319
0.177129	-1.155980	0.000319
0.177448	-1.157400	0.000319
0.177731	-1.157774	0.000319
0.178015	-1.157511	0.000284
0.178298	-1.158881	0.000284
0.178582	-1.159012	0.000284
0.178866	-1.159623	0.000284
0.179149	-1.160959	0.000284
0.179433	-1.161538	0.000284
0.179716	-1.162300	0.000284
0.180000	-1.163904	0.000284
0.180312	-1.164381	0.000284
0.180635	-1.165884	0.000313
0.180958	-1.167786	0.000323
0.181281	-1.168957	0.000323
0.181604	-1.170105	0.000323
0.181915	-1.171834	0.000323
0.182226	-1.173163	0.000311
0.182537	-1.174594	0.000311
0.182848	-1.175810	0.000311
0.183146	-1.177555	0.000311
0.183458	-1.178924	0.000298
0.183769	-1.180477	0.000312
0.184081	-1.181331	0.000312
0.184392	-1.182985	0.000312
0.184704	-1.184680	0.000312
0.185015	-1.185785	0.000312
0.185327	-1.186516	0.000312
0.185638	-1.188085	0.000312
0.185950	-1.189043	0.000312
0.186261	-1.189891	0.000312
0.186573	-1.190768	0.000312
0.186885	-1.192140	0.000312
0.187196	-1.193251	0.000312
0.187476	-1.193825	0.000312
0.187757	-1.194416	0.000280
0.188037	-1.195731	0.000280
0.188318	-1.196444	0.000280
0.188598	-1.197974	0.000280
0.188878	-1.199485	0.000280
0.189159	-1.201236	0.000280
0.189439	-1.202261	0.000280
0.189720	-1.203818	0.000280
0.190000	-1.204767	0.000280
0.190303	-1.205973	0.000280
0.190606	-1.207748	0.000303
0.190919	-1.208885	0.000303
0.191222	-1.209593	0.000313
0.191535	-1.210863	0.000303
0.191838	-1.212315	0.000314
0.192140	-1.213473	0.000302
0.192442	-1.213870	0.000302
0.192745	-1.215503	0.000302
0.193047	-1.216958	0.000302
0.193349	-1.217879	0.000302
0.193638	-1.218722	0.000302
0.193941	-1.219961	0.000289
0.194230	-1.221443	0.000303
0.194518	-1.222146	0.000289
0.194807	-1.223371	0.000289
0.195095	-1.224601	0.000289
0.195384	-1.225010	0.000289
0.195672	-1.225141	0.000289
0.195961	-1.226540	0.000289
0.196249	-1.226777	0.000289
0.196538	-1.227028	0.000289
0.196826	-1.227485	0.000289
0.197115	-1.227920	0.000289
0.197403	-1.228141	0.000289
0.197692	-1.228706	0.000289
0.197980	-1.229693	0.000289
0.198269	-1.230438	0.000289
0.198557	-1.230568	0.000289
0.198846	-1.231780	0.000289
0.199134	-1.232825	0.000289
0.199423	-1.233315	0.000289
0.199711	-1.234086	0.000289
0.200000	-1.235721	0.000289
0.200294	-1.236654	0.000289
0.200597	-1.237591	0.000294
0.200901	-1.239061	0.000303
0.201194	-1.240349	0.000303
0.201488	-1.240988	0.000294
0.201792	-1.241951	0.000294
0.202096	-1.243495	0.000304
0.202389	-1.244723	0.000304
0.202681	-1.244992	0.000293
0.202974	-1.246041	0.000293
0.203267	-1.247784	0.000293
0.203547	-1.248410	0.000293
0.203828	-1.249120	0.000281
0.204108	-1.250012	0.000281
0.204403	-1.250754	0.000281
0.204698	-1.251511	0.000295
0.204992	-1.252070	0.000295
0.205287	-1.253272	0.000295
0.205581	-1.254256	0.000295
0.205876	-1.254871	0.000295
0.206170	-1.255265	0.000295
0.206465	-1.256543	0.000295
0.206760	-1.257292	0.000295
0.207054	-1.258621	0.000295
0.207322	-1.260093	0.000295
0.207590	-1.261572	0.000268
0.207858	-1.262170	0.000268
0.208125	-1.262943	0.000268
0.208393	-1.264513	0.000268
0.208661	-1.264488	0.000268
0.208929	-1.265610	0.000268
0.209197	-1.266804	0.000268
0.209464	-1.267266	0.000268
0.209732	-1.268327	0.000268
0.210000	-1.269221	0.000268
0.210294	-1.269938	0.000268
0.210580	-1.271016	0.000294
0.210865	-1.271224	0.000285
0.211151	-1.272705	0.000285
0.211446	-1.272710	0.000285
0.211740	-1.273105	0.000295
0.212025	-1.273825	0.000295
0.212310	-1.274365	0.000285
0.212575	-1.273924	0.000285
0.212794	-1.273477	0.000265
0.212961	-1.273273	0.000218
0.213129	-1.272164	0.000168
0.213275	-1.273432	0.000168
0.213395	-1.269570	0.000146
0.213500	-1.259472	0.000120
0.213602	-1.246577	0.000105
0.213700	-1.233567	0.000102
0.213789	-1.215434	0.000098
0.213877	-1.193866	0.000089
0.213970	-1.171564	0.000089
0.214063	-1.144370	0.000093
0.214154	-1.109739	0.000093
0.214246	-1.071357	0.000091
0.214342	-1.029128	0.000091
0.214439	-0.982947	0.000096
0.214538	-0.929074	0.000098
0.214643	-0.868895	0.000099
0.214746	-0.804248	0.000105
0.214856	-0.731230	0.000103
0.214973	-0.656121	0.000109
0.215098	-0.572728	0.000117
0.215231	-0.480437	0.000126
0.215375	-0.380519	0.000132
0.215530	-0.272985	0.000145
0.215695	-0.158750	0.000154
0.215875	-0.040316	0.000166
0.216062	0.080306	0.000179
0.216269	0.201870	0.000188
0.216489	0.316381	0.000207
0.216695	0.427053	0.000219
0.216902	0.524935	0.000207
0.217074	0.598993	0.000207
0.217257	0.655352	0.000172
0.217453	0.688851	0.000183
0.217635	0.717812	0.000196
0.217817	0.738769	0.000182
0.217999	0.748779	0.000182
0.218199	0.754776	0.000182
0.218399	0.755856	0.000200
0.218599	0.753897	0.000200
0.218799	0.747847	0.000200
0.218999	0.742454	0.000200
0.219199	0.738072	0.000200
0.219400	0.733459	0.000200
0.219600	0.731358	0.000200
0.219800	0.727607	0.000200
0.220000	0.726179	0.000200
0.220196	0.724633	0.000200
0.220400	0.723168	0.000196
0.220596	0.721917	0.000204
0.220788	0.720866	0.000196
0.220984	0.719284	0.000192
0.221180	0.718162	0.000196
0.221376	0.717354	0.000196
0.221568	0.715877	0.000196
0.221769	0.714792	0.000192
0.221956	0.713484	0.000201
0.222147	0.712047	0.000187
0.222343	0.710477	0.000192
0.222540	0.709033	0.000196
0.222736	0.707734	0.000196
0.222927	0.705783	0.000196
0.223124	0.704260	0.000191
0.223326	0.702540	0.000196
0.223522	0.701378	0.000202
0.223725	0.699420	0.000196
0.223927	0.697947	0.000202
0.224130	0.695964	0.000202
0.224339	0.693952	0.000202
0.224549	0.692092	0.000210
0.224759	0.689991	0.000210
0.224968	0.688239	0.000210
0.225187	0.686020	0.000210
0.225406	0.684158	0.000219
0.225625	0.681819	0.000219
0.225855	0.679329	0.000219
0.226085	0.677278	0.000230
0.226315	0.674635	0.000230
0.226546	0.672362	0.000230
0.226776	0.669763	0.000230
0.227024	0.666905	0.000230
0.227272	0.664727	0.000248
0.227520	0.661987	0.000248
0.227768	0.659271	0.000248
0.228016	0.656823	0.000248
0.228264	0.654133	0.000248
0.228512	0.651616	0.000248
0.228760	0.649170	0.000248
0.229008	0.646493	0.000248
0.229256	0.644065	0.000248
0.229504	0.641547	0.000248
0.229752	0.638937	0.000248
0.230000	0.636542	0.000248
0.230278	0.634322	0.000248
0.230582	0.631543	0.000278
0.230885	0.628793	0.000304
0.231200	0.625885	0.000304
0.231514	0.622623	0.000314
0.231840	0.619553	0.000314
0.232154	0.616258	0.000326
0.232495	0.613055	0.000314
0.232836	0.609776	0.000341
0.233178	0.606088	0.000341
0.233519	0.602496	0.000341
0.233843	0.599099	0.000341
0.234185	0.595955	0.000324
0.234527	0.592881	0.000342
0.234849	0.589327	0.000342
0.235192	0.586276	0.000322
0.235536	0.583155	0.000343
0.235879	0.579947	0.000343
0.236222	0.576911	0.000343
0.236566	0.573583	0.000343
0.236909	0.570435	0.000343
0.237253	0.567558	0.000343
0.237596	0.564581	0.000343
0.237940	0.561454	0.000343
0.238283	0.558553	0.000343
0.238626	0.555842	0.000343
0.238970	0.553055	0.000343
0.239313	0.550149	0.000343
0.239657	0.547283	0.000343
0.240000	0.544389	0.000343
0.240370	0.541944	0.000343
0.240741	0.538865	0.000370
0.241127	0.535863	0.000370
0.241512	0.532732	0.000386
0.241881	0.529679	0.000386
0.242268	0.526841	0.000369
0.242655	0.523784	0.000387
0.243041	0.520538	0.000387
0.243428	0.517420	0.000387
0.243814	0.514175	0.000387
0.244201	0.511282	0.000387
0.244588	0.508158	0.000387
0.244974	0.504887	0.000387
0.245361	0.501805	0.000387
0.245747	0.498695	0.000387
0.246134	0.495596	0.000387
0.246521	0.492619	0.000387
0.246907	0.489252	0.000387
0.247294	0.486285	0.000387
0.247680	0.483098	0.000387
0.248067	0.480053	0.000387
0.248454	0.477062	0.000387
0.248840	0.473809	0.000387
0.249227	0.470937	0.000387
0.249613	0.467896	0.000387
0.250000	0.464541	0.000387
0.250417	0.461707	0.000387
0.250833	0.458409	0.000417
0.251250	0.454826	0.000417
0.251667	0.451717	0.000417
0.252083	0.448214	0.000417
0.252500	0.445073	0.000417
0.252917	0.441705	0.000417
0.253333	0.438165	0.000417
0.253750	0.434989	0.000417
0.254167	0.431773	0.000417
0.254583	0.428291	0.000417
0.255000	0.425131	0.000417
0.255417	0.421798	0.000417
0.255833	0.418188	0.000417
0.256250	0.415125	0.000417
0.256667	0.411665	0.000417
0.257083	0.408229	0.000417
0.257500	0.405230	0.000417
0.257917	0.401581	0.000417
0.258333	0.398182	0.000417
0.258750	0.395090	0.000417
0.259167	0.391536	0.000417
0.259583	0.388236	0.000417
0.260000	0.385239	0.000417
0.260455	0.381899	0.000417
0.260932	0.378366	0.000455
0.261409	0.374966	0.000477
0.261861	0.371151	0.000477
0.262313	0.367700	0.000452
0.262766	0.364518	0.000452
0.263218	0.360901	0.000452
0.263670	0.357363	0.000452
0.264122	0.354070	0.000452
0.264574	0.350392	0.000452
0.265026	0.347028	0.000452
0.265478	0.343649	0.000452
0.265931	0.340254	0.000452
0.266383	0.336623	0.000452
0.266835	0.333228	0.000452
0.267287	0.329799	0.000452
0.267739	0.326214	0.000452
0.268191	0.322657	0.000452
0.268644	0.319244	0.000452
0.269096	0.315786	0.000452
0.269548	0.312268	0.000452
0.270000	0.308782	0.000452
0.270500	0.305438	0.000452
0.271000	0.301565	0.000500
0.271500	0.297721	0.000500
0.272000	0.293879	0.000500
0.272500	0.290084	0.000500
0.273000	0.286223	0.000500
0.273500	0.282403	0.000500
0.274042	0.278593	0.000500
0.274583	0.274518	0.000542
0.275125	0.270360	0.000542
0.275667	0.266243	0.000542
0.276208	0.262096	0.000542
0.276750	0.257914	0.000542
0.277292	0.253770	0.000542
0.277833	0.249669	0.000542
0.278375	0.245555	0.000542
0.278917	0.241322	0.000542
0.279458	0.237235	0.000542
0.280000	0.233154	0.000542
0.280588	0.228981	0.000542
0.281176	0.224465	0.000588
0.281765	0.219953	0.000588
0.282353	0.215486	0.000588
0.282941	0.211017	0.000588
0.283529	0.206479	0.000588
0.284118	0.201966	0.000588
0.284706	0.197534	0.000588
0.285294	0.193079	0.000588
0.285882	0.188505	0.000588
0.286471	0.184021	0.000588
0.287059	0.179536	0.000588
0.287647	0.175134	0.000588
0.288235	0.170700	0.000588
0.288824	0.166111	0.000588
0.289412	0.161550	0.000588
0.290000	0.157053	0.000588
0.290625	0.152464	0.000588
0.291250	0.147722	0.000625
0.291875	0.142915	0.000625
0.292500	0.138057	0.000625
0.293125	0.133223	0.000625
0.293750	0.128310	0.000625
0.294375	0.123530	0.000625
0.295000	0.118649	0.000625
0.295625	0.113800	0.000625
0.296250	0.108957	0.000625
0.296875	0.104104	0.000625
0.297500	0.099234	0.000625
0.298125	0.094392	0.000625
0.298750	0.089534	0.000625
0.299375	0.084651	0.000625
0.300000	0.079862	0.000625
0.300667	0.075037	0.000625
0.301333	0.069887	0.000667
0.302000	0.064725	0.000667
0.302667	0.059549	0.000667
0.303333	0.054429	0.000667
0.304000	0.049265	0.000667
0.304667	0.044071	0.000667
0.305333	0.038883	0.000667
0.306000	0.033696	0.000667
0.306667	0.028554	0.000667
0.307333	0.023366	0.000667
0.308000	0.018184	0.000667
0.308667	0.013005	0.000667
0.309333	0.007844	0.000667
0.310000	0.002688	0.000667
0.310714	-0.002445	0.000667
0.311429	-0.007957	0.000714
0.312143	-0.013474	0.000714
0.312857	-0.018975	0.000714
0.313571	-0.024475	0.000714
0.314286	-0.029983	0.000714
0.315000	-0.035464	0.000714
0.315714	-0.040996	0.000714
0.316429	-0.046552	0.000714
0.317143	-0.052107	0.000714
0.317857	-0.057676	0.000714
0.318571	-0.063226	0.000714
0.319286	-0.068783	0.000714
0.320000	-0.074310	0.000714
0.320714	-0.079854	0.000714
0.321429	-0.085360	0.000714
0.322143	-0.090952	0.000714
0.322857	-0.096491	0.000714
0.323571	-0.102097	0.000714
0.324286	-0.107673	0.000714
0.325000	-0.113183	0.000714
0.325714	-0.118794	0.000714
0.326429	-0.124392	0.000714
0.327143	-0.130022	0.000714
0.327857	-0.135606	0.000714
0.328571	-0.141117	0.000714
0.329286	-0.146678	0.000714
0.330000	-0.152272	0.000714
0.330769	-0.157889	0.000714
0.331608	-0.163828	0.000769
0.332448	-0.170294	0.000839
0.333287	-0.176759	0.000839
0.334126	-0.183142	0.000839
0.334965	-0.189556	0.000839
0.335804	-0.195952	0.000839
0.336643	-0.202322	0.000839
0.337483	-0.208727	0.000839
0.338322	-0.215086	0.000839
0.339161	-0.221370	0.000839
0.340000	-0.227748	0.000839
0.340909	-0.233982	0.000839
0.341818	-0.240744	0.000909
0.342727	-0.247759	0.000909
0.343636	-0.254405	0.000909
0.344545	-0.261421	0.000909
0.345455	-0.268140	0.000909
0.346364	-0.275046	0.000909
0.347273	-0.281781	0.000909
0.348182	-0.288693	0.000909
0.349091	-0.295463	0.000909
0.350000	-0.302326	0.000909
0.350909	-0.309009	0.000909
0.351818	-0.315844	0.000909
0.352727	-0.322617	0.000909
0.353636	-0.329351	0.000909
0.354545	-0.336307	0.000909
0.355325	-0.343013	0.000909
0.356104	-0.348866	0.000779
0.356883	-0.354661	0.000779
0.357662	-0.360534	0.000779
0.358442	-0.366391	0.000779
0.359221	-0.372133	0.000779
0.360000	-0.377863	0.000779
0.360833	-0.383514	0.000779
0.361667	-0.389578	0.000833
0.362500	-0.395701	0.000833
0.363333	-0.401681	0.000833
0.364167	-0.407639	0.000833
0.365000	-0.413750	0.000833
0.365833	-0.419629	0.000833
0.366528	-0.425614	0.000833
0.367222	-0.430643	0.000694
0.367917	-0.435715	0.000694
0.368611	-0.440699	0.000694
0.369306	-0.445914	0.000694
0.370000	-0.450837	0.000694
0.370769	-0.455997	0.000694
0.371538	-0.461599	0.000769
0.372308	-0.467162	0.000769
0.373077	-0.472942	0.000769
0.373846	-0.478667	0.000769
0.374615	-0.484299	0.000769
0.375385	-0.489984	0.000769
0.376044	-0.495820	0.000769
0.376703	-0.500687	0.000659
0.377363	-0.505481	0.000659
0.378022	-0.510420	0.000659
0.378681	-0.515320	0.000659
0.379341	-0.520061	0.000659
0.380000	-0.524961	0.000659
0.380667	-0.529847	0.000659
0.381333	-0.534684	0.000667
0.382000	-0.539522	0.000667
0.382667	-0.544483	0.000667
0.383333	-0.549226	0.000667
0.384000	-0.553955	0.000667
0.384667	-0.558779	0.000667
0.385259	-0.563597	0.000667
0.385852	-0.567578	0.000593
0.386444	-0.571634	0.000593
0.387037	-0.575905	0.000593
0.387630	-0.580022	0.000593
0.388222	-0.584041	0.000593
0.388815	-0.588352	0.000593
0.389407	-0.592734	0.000593
0.390000	-0.597035	0.000593
0.390625	-0.601353	0.000593
0.391250	-0.606047	0.000625
0.391833	-0.610473	0.000625
0.392417	-0.614449	0.000583
0.393000	-0.618429	0.000583
0.393583	-0.622828	0.000583
0.394167	-0.626831	0.000583
0.394750	-0.630697	0.000583
0.395333	-0.634825	0.000583
0.395917	-0.638963	0.000583
0.396500	-0.642956	0.000583
0.397083	-0.646776	0.000583
0.397667	-0.650646	0.000583
0.398133	-0.654811	0.000583
0.398600	-0.657433	0.000467
0.399067	-0.660405	0.000467
0.399533	-0.663591	0.000467
0.400000	-0.666441	0.000467
0.400435	-0.669272	0.000467
0.400803	-0.671959	0.000435
0.401109	-0.673607	0.000368
0.401396	-0.675662	0.000307
0.401657	-0.675755	0.000287
0.401876	-0.671609	0.000261
0.402070	-0.662124	0.000220
0.402268	-0.649037	0.000193
0.402448	-0.629939	0.000198
0.402632	-0.604852	0.000180
0.402816	-0.577418	0.000184
0.402987	-0.544025	0.000184
0.403167	-0.502818	0.000171
0.403362	-0.459184	0.000180
0.403576	-0.407857	0.000195
0.403814	-0.349315	0.000214
0.404072	-0.281142	0.000238
0.404354	-0.203735	0.000258
0.404668	-0.117399	0.000282
0.405001	-0.023246	0.000314
0.405358	0.074927	0.000333
0.405745	0.167123	0.000357
0.406100	0.250389	0.000387
0.406490	0.320102	0.000355
0.406782	0.368907	0.000390
0.407030	0.403084	0.000293
0.407277	0.416667	0.000248
0.407550	0.424573	0.000248
0.407822	0.430567	0.000272
0.408094	0.433024	0.000272
0.408366	0.430546	0.000272
0.408639	0.427471	0.000272
0.408911	0.425746	0.000272
0.409183	0.424639	0.000272
0.409455	0.420407	0.000272
0.409728	0.418017	0.000272
0.410000	0.415663	0.000272
0.410313	0.413493	0.000272
0.410671	0.410996	0.000313
0.411077	0.408387	0.000359
0.411523	0.405526	0.000406
0.412022	0.402275	0.000446
0.412554	0.398663	0.000499
0.413085	0.394942	0.000532
0.413662	0.391040	0.000532
0.414238	0.386830	0.000576
0.414814	0.382408	0.000576
0.415390	0.378090	0.000576
0.415967	0.373611	0.000576
0.416543	0.369147	0.000576
0.417119	0.364549	0.000576
0.417695	0.360133	0.000576
0.418271	0.355646	0.000576
0.418848	0.350954	0.000576
0.419424	0.346465	0.000576
0.420000	0.341770	0.000576
0.420625	0.337350	0.000576
0.421295	0.332458	0.000625
0.422020	0.327073	0.000670
0.422746	0.321542	0.000725
0.423471	0.315655	0.000725
0.424196	0.310205	0.000725
0.424922	0.304359	0.000725
0.425647	0.298904	0.000725
0.426373	0.293181	0.000725
0.427098	0.287589	0.000725
0.427824	0.282109	0.000725
0.428549	0.276423	0.000725
0.429275	0.270835	0.000725
0.430000	0.265230	0.000725
0.430769	0.259567	0.000725
0.431608	0.253702	0.000769
0.432541	0.247257	0.000839
0.433473	0.240141	0.000932
0.434406	0.233018	0.000932
0.435338	0.225833	0.000932
0.436270	0.218725	0.000932
0.437203	0.211448	0.000932
0.438135	0.204191	0.000932
0.439068	0.196975	0.000932
0.440000	0.189709	0.000932
0.440909	0.182436	0.000932
0.441818	0.175461	0.000909
0.442727	0.168366	0.000909
0.443636	0.161342	0.000909
0.444545	0.154330	0.000909
0.445455	0.147270	0.000909
0.446364	0.140293	0.000909
0.447273	0.133272	0.000909
0.448182	0.126255	0.000909
0.449091	0.119260	0.000909
0.450000	0.112244	0.000909
0.451000	0.105268	0.000909
0.452000	0.097608	0.001000
0.453000	0.089913	0.001000
0.454000	0.082226	0.001000
0.455000	0.074575	0.001000
0.456000	0.066908	0.001000
0.457000	0.059248	0.001000
0.458000	0.051593	0.001000
0.459000	0.043912	0.001000
0.460000	0.036255	0.001000
0.461000	0.028585	0.001000
0.462000	0.020914	0.001000
0.463000	0.013265	0.001000
0.464000	0.005608	0.001000
0.465000	-0.002057	0.001000
0.466000	-0.009715	0.001000
0.467000	-0.017357	0.001000
0.468000	-0.024982	0.001000
0.469000	-0.032659	0.001000
0.470000	-0.040292	0.001000
0.471000	-0.047938	0.001000
0.472000	-0.055592	0.001000
0.473000	-0.063218	0.001000
0.474000	-0.070863	0.001000
0.475000	-0.078497	0.001000
0.476000	-0.086156	0.001000
0.477000	-0.093847	0.001000
0.478000	-0.101498	0.001000
0.479000	-0.109117	0.001000
0.480000	-0.116769	0.001000
0.481111	-0.124400	0.001000
0.482222	-0.132911	0.001111
0.483333	-0.141353	0.001111
0.484444	-0.149830	0.001111
0.485556	-0.158288	0.001111
0.486667	-0.166707	0.001111
0.487778	-0.175145	0.001111
0.488889	-0.183522	0.001111
0.490000	-0.191948	0.001111
0.491111	-0.200414	0.001111
