t	velX	velY
0.002381	-0.008811	0.001111
0.003905	-0.018898	0.001270
0.005429	-0.030992	0.001524
0.006952	-0.043059	0.001524
0.008476	-0.055100	0.001524
0.010000	-0.067117	0.001524
0.011667	-0.079090	0.001524
0.013333	-0.092170	0.001667
0.015000	-0.105220	0.001667
0.016667	-0.118240	0.001667
0.018333	-0.131220	0.001667
0.020000	-0.144178	0.001667
0.021667	-0.157085	0.001667
0.023333	-0.169936	0.001667
0.024667	-0.182794	0.001667
0.026000	-0.192996	0.001333
0.027333	-0.203214	0.001333
0.028667	-0.213428	0.001333
0.029333	-0.223604	0.001333
0.030000	-0.228556	0.000667
0.030769	-0.233667	0.000667
0.031608	-0.239529	0.000769
0.032541	-0.245940	0.000839
0.033473	-0.253041	0.000932
0.034406	-0.260104	0.000932
0.035338	-0.267144	0.000932
0.036270	-0.274213	0.000932
0.037203	-0.281228	0.000932
0.038135	-0.288234	0.000932
0.039068	-0.295249	0.000932
0.040000	-0.302233	0.000932
0.040909	-0.309186	0.000932
0.041818	-0.316008	0.000909
0.042636	-0.322763	0.000909
0.043455	-0.328798	0.000818
0.044273	-0.334899	0.000818
0.045091	-0.340973	0.000818
0.045909	-0.347020	0.000818
0.046727	-0.353075	0.000818
0.047382	-0.359129	0.000818
0.048036	-0.363871	0.000655
0.048691	-0.368665	0.000655
0.049345	-0.373500	0.000655
0.050000	-0.378268	0.000655
0.050714	-0.383100	0.000655
0.051429	-0.388346	0.000714
0.052143	-0.393535	0.000714
0.052857	-0.398779	0.000714
0.053571	-0.403974	0.000714
0.054214	-0.409149	0.000714
0.054857	-0.413778	0.000643
0.055500	-0.418443	0.000643
0.056143	-0.423068	0.000643
0.056786	-0.427704	0.000643
0.057429	-0.432355	0.000643
0.058071	-0.436943	0.000643
0.058714	-0.441531	0.000643
0.059357	-0.446175	0.000643
0.060000	-0.450763	0.000643
0.060625	-0.455296	0.000643
0.061250	-0.459759	0.000625
0.061875	-0.464230	0.000625
0.062455	-0.468649	0.000625
0.063036	-0.472686	0.000580
0.063616	-0.476855	0.000580
0.064196	-0.480944	0.000580
0.064777	-0.484996	0.000580
0.065357	-0.489117	0.000580
0.065937	-0.493195	0.000580
0.066518	-0.497252	0.000580
0.067015	-0.501300	0.000580
0.067513	-0.504730	0.000497
0.068010	-0.508191	0.000497
0.068508	-0.511661	0.000497
0.069005	-0.515131	0.000497
0.069503	-0.518562	0.000497
0.070000	-0.522036	0.000497
0.070526	-0.525490	0.000497
0.071053	-0.529117	0.000526
0.071579	-0.532795	0.000526
0.072105	-0.536427	0.000526
0.072632	-0.540042	0.000526
0.073158	-0.543653	0.000526
0.073684	-0.547279	0.000526
0.074211	-0.550870	0.000526
0.074693	-0.554441	0.000526
0.075175	-0.557722	0.000482
0.075658	-0.560996	0.000482
0.076140	-0.564238	0.000482
0.076623	-0.567537	0.000482
0.077105	-0.570830	0.000482
0.077588	-0.574098	0.000482
0.078070	-0.577369	0.000482
0.078553	-0.580650	0.000482
0.079035	-0.583875	0.000482
0.079518	-0.587083	0.000482
0.080000	-0.590379	0.000482
0.080476	-0.593608	0.000482
0.080952	-0.596729	0.000476
0.081429	-0.599947	0.000476
0.081905	-0.603150	0.000476
0.082381	-0.606313	0.000476
0.082857	-0.609438	0.000476
0.083333	-0.612653	0.000476
0.083778	-0.615776	0.000476
0.084222	-0.618628	0.000444
0.084667	-0.621573	0.000444
0.085111	-0.624543	0.000444
0.085556	-0.627455	0.000444
0.086000	-0.630382	0.000444
0.086444	-0.633323	0.000444
0.086889	-0.636199	0.000444
0.087333	-0.639054	0.000444
0.087778	-0.642033	0.000444
0.088222	-0.644925	0.000444
0.088667	-0.647762	0.000444
0.089111	-0.650678	0.000444
0.089556	-0.653603	0.000444
0.090000	-0.656437	0.000444
0.090435	-0.659243	0.000444
0.090870	-0.662089	0.000435
0.091304	-0.664900	0.000435
0.091739	-0.667678	0.000435
0.092152	-0.670420	0.000435
0.092565	-0.673081	0.000413
0.092978	-0.675714	0.000413
0.093391	-0.678288	0.000413
0.093804	-0.680984	0.000413
0.094217	-0.683605	0.000413
0.094630	-0.686188	0.000413
0.095043	-0.688848	0.000413
0.095457	-0.691496	0.000413
0.095870	-0.694080	0.000413
0.096283	-0.696622	0.000413
0.096696	-0.699306	0.000413
0.097109	-0.701896	0.000413
0.097522	-0.704443	0.000413
0.097876	-0.707049	0.000413
0.098230	-0.709160	0.000354
0.098584	-0.711359	0.000354
0.098938	-0.713578	0.000354
0.099292	-0.715773	0.000354
0.099646	-0.717922	0.000354
0.100000	-0.720177	0.000354
0.100385	-0.722355	0.000354
0.100769	-0.724731	0.000385
0.101171	-0.727206	0.000385
0.101554	-0.729720	0.000401
0.101938	-0.732022	0.000384
0.102322	-0.734408	0.000384
0.102706	-0.736795	0.000384
0.103090	-0.739113	0.000384
0.103474	-0.741384	0.000384
0.103858	-0.743829	0.000384
0.104242	-0.746138	0.000384
0.104626	-0.748419	0.000384
0.105009	-0.750784	0.000384
0.105393	-0.753152	0.000384
0.105777	-0.755459	0.000384
0.106129	-0.757708	0.000384
0.106481	-0.759840	0.000352
0.106833	-0.761957	0.000352
0.107185	-0.764006	0.000352
0.107537	-0.766180	0.000352
0.107889	-0.768273	0.000352
0.108241	-0.770309	0.000352
0.108592	-0.772470	0.000352
0.108944	-0.774570	0.000352
0.109296	-0.776598	0.000352
0.109648	-0.778750	0.000352
0.110000	-0.780850	0.000352
0.110370	-0.782906	0.000352
0.110741	-0.785155	0.000370
0.111097	-0.787383	0.000370
0.111453	-0.789431	0.000356
0.111809	-0.791416	0.000356
0.112165	-0.793583	0.000356
0.112521	-0.795672	0.000356
0.112877	-0.797687	0.000356
0.113234	-0.799802	0.000356
0.113590	-0.801931	0.000356
0.113946	-0.803973	0.000356
0.114302	-0.805952	0.000356
0.114658	-0.808131	0.000356
0.115014	-0.810168	0.000356
0.115370	-0.812160	0.000356
0.115726	-0.814259	0.000356
0.116055	-0.816358	0.000356
0.116384	-0.818142	0.000329
0.116713	-0.819925	0.000329
0.117041	-0.821887	0.000329
0.117370	-0.823767	0.000329
0.117699	-0.825558	0.000329
0.118028	-0.827552	0.000329
0.118356	-0.829400	0.000329
0.118685	-0.831184	0.000329
0.119014	-0.833128	0.000329
0.119343	-0.834981	0.000329
0.119671	-0.836769	0.000329
0.120000	-0.838712	0.000329
0.120345	-0.840555	0.000329
0.120690	-0.842500	0.000345
0.121022	-0.844469	0.000345
0.121355	-0.846307	0.000333
0.121687	-0.848165	0.000333
0.122020	-0.849922	0.000333
0.122352	-0.851867	0.000333
0.122685	-0.853728	0.000333
0.123017	-0.855513	0.000333
0.123350	-0.857401	0.000333
0.123682	-0.859283	0.000333
0.124015	-0.861094	0.000333
0.124347	-0.862846	0.000333
0.124680	-0.864779	0.000333
0.125012	-0.866596	0.000333
0.125345	-0.868357	0.000333
0.125655	-0.870231	0.000333
0.125966	-0.871911	0.000310
0.126276	-0.873563	0.000310
0.126586	-0.875207	0.000310
0.126897	-0.876941	0.000310
0.127207	-0.878606	0.000310
0.127517	-0.880211	0.000310
0.127828	-0.881997	0.000310
0.128138	-0.883669	0.000310
0.128448	-0.885259	0.000310
0.128759	-0.887018	0.000310
0.129069	-0.888680	0.000310
0.129379	-0.890280	0.000310
0.129690	-0.892017	0.000310
0.130000	-0.893698	0.000310
0.130312	-0.895329	0.000310
0.130625	-0.897038	0.000313
0.130938	-0.898738	0.000313
0.131240	-0.900370	0.000313
0.131542	-0.901880	0.000302
0.131844	-0.903538	0.000302
0.132146	-0.905143	0.000302
0.132448	-0.906624	0.000302
0.132750	-0.908364	0.000302
0.133052	-0.909942	0.000302
0.133354	-0.911459	0.000302
0.133656	-0.913098	0.000302
0.133958	-0.914686	0.000302
0.134246	-0.916201	0.000302
0.134534	-0.917694	0.000288
0.134821	-0.919227	0.000288
0.135109	-0.920668	0.000288
0.135397	-0.922189	0.000288
0.135685	-0.923721	0.000288
0.135972	-0.925149	0.000288
0.136260	-0.926716	0.000288
0.136548	-0.928204	0.000288
0.136835	-0.929620	0.000288
0.137123	-0.931180	0.000288
0.137411	-0.932670	0.000288
0.137698	-0.934088	0.000288
0.137986	-0.935593	0.000288
0.138274	-0.937114	0.000288
0.138562	-0.938540	0.000288
0.138849	-0.940030	0.000288
0.139079	-0.941545	0.000288
0.139310	-0.942491	0.000230
0.139540	-0.943685	0.000230
0.139770	-0.944811	0.000230
0.140000	-0.945970	0.000230
0.140256	-0.947154	0.000230
0.140535	-0.948521	0.000256
0.140813	-0.950064	0.000278
0.141092	-0.951449	0.000278
0.141370	-0.952865	0.000278
0.141648	-0.954295	0.000278
0.141927	-0.955657	0.000278
0.142196	-0.957041	0.000278
0.142465	-0.958390	0.000269
0.142734	-0.959661	0.000269
0.143003	-0.961097	0.000269
0.143272	-0.962431	0.000269
0.143541	-0.963696	0.000269
0.143811	-0.965100	0.000269
0.144080	-0.966444	0.000269
0.144349	-0.967652	0.000269
0.144618	-0.969105	0.000269
0.144887	-0.970433	0.000269
0.145156	-0.971626	0.000269
0.145425	-0.973054	0.000269
0.145679	-0.974358	0.000269
0.145933	-0.975500	0.000254
0.146188	-0.976824	0.000254
0.146442	-0.978026	0.000254
0.146696	-0.979291	0.000254
0.146950	-0.980532	0.000254
0.147204	-0.981665	0.000254
0.147458	-0.983009	0.000254
0.147713	-0.984222	0.000254
0.147967	-0.985405	0.000254
0.148221	-0.986716	0.000254
0.148475	-0.987894	0.000254
0.148729	-0.989156	0.000254
0.148983	-0.990393	0.000254
0.149238	-0.991522	0.000254
0.149492	-0.992868	0.000254
0.149746	-0.994051	0.000254
0.150000	-0.995209	0.000254
0.150256	-0.996516	0.000254
0.150513	-0.997715	0.000256
0.150769	-0.998934	0.000256
0.151019	-1.000181	0.000256
0.151268	-1.001264	0.000249
0.151518	-1.002527	0.000249
0.151767	-1.003727	0.000249
0.152017	-1.004778	0.000249
0.152266	-1.006054	0.000249
0.152516	-1.007226	0.000249
0.152765	-1.008387	0.000249
0.153015	-1.009590	0.000249
0.153264	-1.010676	0.000249
0.153514	-1.011927	0.000249
0.153763	-1.013060	0.000249
0.154012	-1.014134	0.000249
0.154252	-1.015416	0.000249
0.154491	-1.016455	0.000240
0.154731	-1.017548	0.000240
0.154970	-1.018718	0.000240
0.155210	-1.019731	0.000240
0.155449	-1.020930	0.000240
0.155689	-1.022020	0.000240
0.155928	-1.023065	0.000240
0.156168	-1.024257	0.000240
0.156407	-1.025328	0.000240
0.156647	-1.026450	0.000240
0.156886	-1.027537	0.000240
0.157126	-1.028523	0.000240
0.157365	-1.029702	0.000240
0.157605	-1.030821	0.000240
0.157844	-1.031922	0.000240
0.158084	-1.033003	0.000240
0.158323	-1.033998	0.000240
0.158563	-1.035194	0.000240
0.158802	-1.036266	0.000240
0.159042	-1.037273	0.000240
0.159234	-1.038461	0.000240
0.159425	-1.039108	0.000192
0.159617	-1.040018	0.000192
0.159808	-1.040823	0.000192
0.160000	-1.041768	0.000192
0.160213	-1.042562	0.000192
0.160446	-1.043696	0.000213
0.160679	-1.044787	0.000233
0.160912	-1.045843	0.000233
0.161145	-1.046884	0.000233
0.161378	-1.047832	0.000233
0.161611	-1.049004	0.000233
0.161844	-1.049991	0.000233
0.162077	-1.050957	0.000233
0.162310	-1.052064	0.000233
0.162536	-1.053021	0.000233
0.162762	-1.054061	0.000226
0.162989	-1.055057	0.000226
0.163215	-1.056004	0.000226
0.163441	-1.057076	0.000226
0.163667	-1.057976	0.000226
0.163893	-1.059056	0.000226
0.164119	-1.060016	0.000226
0.164346	-1.060947	0.000226
0.164572	-1.062021	0.000226
0.164798	-1.062912	0.000226
0.165024	-1.063989	0.000226
0.165250	-1.064948	0.000226
0.165476	-1.065876	0.000226
0.165703	-1.066944	0.000226
0.165929	-1.067831	0.000226
0.166155	-1.068892	0.000226
0.166381	-1.069850	0.000226
0.166594	-1.070774	0.000226
0.166807	-1.071715	0.000213
0.167020	-1.072516	0.000213
0.167233	-1.073574	0.000213
0.167446	-1.074430	0.000213
0.167658	-1.075339	0.000213
0.167871	-1.076265	0.000213
0.168084	-1.077065	0.000213
0.168297	-1.078094	0.000213
0.168510	-1.078905	0.000213
0.168723	-1.079937	0.000213
0.168936	-1.080796	0.000213
0.169149	-1.081719	0.000213
0.169361	-1.082631	0.000213
0.169574	-1.083382	0.000213
0.169787	-1.084431	0.000213
0.170000	-1.085278	0.000213
0.170217	-1.086232	0.000213
0.170435	-1.087172	0.000217
0.170652	-1.088023	0.000217
0.170870	-1.088988	0.000217
0.171087	-1.089809	0.000217
0.171304	-1.090865	0.000217
0.171522	-1.091730	0.000217
0.171739	-1.092645	0.000217
0.171957	-1.093540	0.000217
0.172174	-1.094366	0.000217
0.172385	-1.095355	0.000217
0.172597	-1.096215	0.000212
0.172808	-1.097031	0.000212
0.173020	-1.097914	0.000212
0.173231	-1.098690	0.000212
0.173443	-1.099692	0.000212
0.173655	-1.100476	0.000212
0.173866	-1.101440	0.000212
0.174078	-1.102294	0.000212
0.174289	-1.103154	0.000212
0.174501	-1.104040	0.000212
0.174712	-1.104812	0.000212
0.174924	-1.105748	0.000212
0.175135	-1.106629	0.000212
0.175347	-1.107442	0.000212
0.175558	-1.108309	0.000212
0.175770	-1.109082	0.000212
0.175981	-1.110084	0.000212
0.176193	-1.110869	0.000212
0.176404	-1.111789	0.000212
0.176616	-1.112629	0.000212
0.176815	-1.113407	0.000212
0.177014	-1.114247	0.000199
0.177213	-1.114946	0.000199
0.177412	-1.115824	0.000199
0.177611	-1.116609	0.000199
0.177810	-1.117474	0.000199
0.178009	-1.118233	0.000199
0.178208	-1.119037	0.000199
0.178407	-1.119817	0.000199
0.178606	-1.120573	0.000199
0.178806	-1.121460	0.000199
0.179005	-1.122163	0.000199
0.179204	-1.123033	0.000199
0.179403	-1.123802	0.000199
0.179602	-1.124643	0.000199
0.179801	-1.125411	0.000199
0.180000	-1.126227	0.000199
0.180204	-1.127017	0.000199
0.180408	-1.127726	0.000204
0.180612	-1.128659	0.000204
0.180816	-1.129368	0.000204
0.181020	-1.130255	0.000204
0.181224	-1.131024	0.000204
0.181429	-1.131858	0.000204
0.181633	-1.132656	0.000204
0.181837	-1.133321	0.000204
0.182041	-1.134228	0.000204
0.182245	-1.135022	0.000204
0.182449	-1.135848	0.000204
0.182653	-1.136618	0.000204
0.182852	-1.137347	0.000204
0.183050	-1.138152	0.000199
0.183249	-1.138836	0.000199
0.183447	-1.139691	0.000199
0.183646	-1.140426	0.000199
0.183844	-1.141238	0.000199
0.184043	-1.142005	0.000199
0.184242	-1.142764	0.000199
0.184440	-1.143514	0.000199
0.184639	-1.144151	0.000199
0.184837	-1.145059	0.000199
0.185036	-1.145759	0.000199
0.185234	-1.146592	0.000199
0.185433	-1.147304	0.000199
0.185632	-1.148085	0.000199
0.185830	-1.148829	0.000199
0.186029	-1.149444	0.000199
0.186227	-1.150369	0.000199
0.186426	-1.151024	0.000199
0.186624	-1.151851	0.000199
0.186823	-1.152560	0.000199
0.187022	-1.153350	0.000199
0.187220	-1.154098	0.000199
0.187419	-1.154696	0.000199
0.187617	-1.155599	0.000199
0.187816	-1.156271	0.000199
0.188014	-1.157095	0.000199
0.188213	-1.157807	0.000199
0.188392	-1.158551	0.000199
0.188570	-1.159091	0.000179
0.188749	-1.159641	0.000179
0.188928	-1.160395	0.000179
0.189106	-1.160934	0.000179
0.189285	-1.161736	0.000179
0.189464	-1.162299	0.000179
0.189643	-1.163103	0.000179
0.189821	-1.163652	0.000179
0.190000	-1.164405	0.000179
0.190196	-1.164981	0.000179
0.190392	-1.165883	0.000196
0.190588	-1.166618	0.000196
0.190780	-1.167344	0.000196
0.190972	-1.168028	0.000192
0.191164	-1.168651	0.000192
0.191357	-1.169434	0.000192
0.191549	-1.170022	0.000192
0.191741	-1.170823	0.000192
0.191933	-1.171499	0.000192
0.192125	-1.172277	0.000192
0.192317	-1.172913	0.000192
0.192509	-1.173632	0.000192
0.192701	-1.174331	0.000192
0.192893	-1.174898	0.000192
0.193085	-1.175731	0.000192
0.193277	-1.176318	0.000192
0.193469	-1.177141	0.000192
0.193661	-1.177822	0.000192
0.193854	-1.178492	0.000192
0.194046	-1.179199	0.000192
0.194238	-1.179802	0.000192
0.194430	-1.180560	0.000192
0.194622	-1.181165	0.000192
0.194807	-1.181910	0.000192
0.194993	-1.182540	0.000185
0.195178	-1.183232	0.000185
0.195364	-1.183860	0.000185
0.195549	-1.184538	0.000185
0.195735	-1.185178	0.000185
0.195920	-1.185781	0.000185
0.196105	-1.186503	0.000185
0.196291	-1.187061	0.000185
0.196476	-1.187822	0.000185
0.196662	-1.188403	0.000185
0.196847	-1.189206	0.000185
0.197033	-1.189828	0.000185
0.197218	-1.190457	0.000185
0.197404	-1.191107	0.000185
0.197589	-1.191716	0.000185
0.197775	-1.192391	0.000185
0.197960	-1.192914	0.000185
0.198145	-1.193718	0.000185
0.198331	-1.194252	0.000185
0.198516	-1.195029	0.000185
0.198702	-1.195669	0.000185
0.198887	-1.196331	0.000185
0.199073	-1.196951	0.000185
0.199258	-1.197606	0.000185
0.199444	-1.198240	0.000185
0.199629	-1.198731	0.000185
0.199815	-1.199523	0.000185
0.200000	-1.200051	0.000185
0.200185	-1.200807	0.000185
0.200370	-1.201436	0.000185
0.200556	-1.202090	0.000185
0.200741	-1.202705	0.000185
0.200926	-1.203321	0.000185
0.201111	-1.203955	0.000185
0.201296	-1.204447	0.000185
0.201481	-1.205238	0.000185
0.201667	-1.205757	0.000185
0.201852	-1.206523	0.000185
0.202037	-1.207138	0.000185
0.202222	-1.207745	0.000185
0.202407	-1.208375	0.000185
0.202593	-1.208927	0.000185
0.202773	-1.209622	0.000185
0.202954	-1.210085	0.000181
0.203135	-1.210837	0.000181
0.203315	-1.211336	0.000181
0.203496	-1.212071	0.000181
0.203677	-1.212657	0.000181
0.203857	-1.213291	0.000181
0.204038	-1.213872	0.000181
0.204219	-1.214484	0.000181
0.204399	-1.215069	0.000181
0.204580	-1.215576	0.000181
0.204761	-1.216287	0.000181
0.204941	-1.216785	0.000181
0.205122	-1.217470	0.000181
0.205303	-1.218015	0.000181
0.205483	-1.218726	0.000181
0.205664	-1.219266	0.000181
0.205845	-1.219853	0.000181
0.206025	-1.220462	0.000181
0.206206	-1.220968	0.000181
0.206387	-1.221612	0.000181
0.206567	-1.222085	0.000181
0.206748	-1.222826	0.000181
0.206929	-1.223294	0.000181
0.207109	-1.224011	0.000181
0.207290	-1.224579	0.000181
0.207471	-1.225181	0.000181
0.207651	-1.225748	0.000181
0.207832	-1.226329	0.000181
0.208013	-1.226900	0.000181
0.208193	-1.227316	0.000181
0.208374	-1.228038	0.000181
0.208555	-1.228484	0.000181
0.208735	-1.229167	0.000181
0.208916	-1.229731	0.000181
0.209097	-1.230330	0.000181
0.209247	-1.230865	0.000181
0.209398	-1.231149	0.000151
0.209548	-1.231615	0.000151
0.209699	-1.232058	0.000151
0.209849	-1.232507	0.000151
0.210000	-1.233014	0.000151
0.210167	-1.233430	0.000151
0.210345	-1.234082	0.000167
0.210524	-1.234676	0.000179
0.210703	-1.235283	0.000179
0.210882	-1.235793	0.000179
0.211061	-1.236317	0.000179
0.211239	-1.236871	0.000179
0.211418	-1.237277	0.000179
0.211593	-1.237851	0.000179
0.211768	-1.238205	0.000175
0.211944	-1.238838	0.000175
0.212119	-1.239195	0.000175
0.212294	-1.239788	0.000175
0.212469	-1.240228	0.000175
0.212644	-1.240705	0.000175
0.212819	-1.241096	0.000175
0.212994	-1.241557	0.000175
0.213170	-1.242011	0.000175
0.213345	-1.242293	0.000175
0.213520	-1.242757	0.000175
0.213695	-1.242994	0.000175
0.213870	-1.243503	0.000175
0.214045	-1.243710	0.000175
0.214220	-1.244133	0.000175
0.214396	-1.244384	0.000175
0.214571	-1.244729	0.000175
0.214746	-1.244903	0.000175
0.214915	-1.245121	0.000175
0.215074	-1.245215	0.000169
0.215223	-1.245140	0.000159
0.215356	-1.245085	0.000149
0.215478	-1.244988	0.000133
0.215589	-1.244743	0.000122
0.215675	-1.244627	0.000110
0.215760	-1.244661	0.000086
0.215841	-1.245060	0.000085
0.215916	-1.245415	0.000082
0.215985	-1.246156	0.000074
0.216046	-1.243487	0.000069
0.216103	-1.234150	0.000061
0.216159	-1.208187	0.000057
0.216210	-1.180231	0.000056
0.216263	-1.147244	0.000051
0.216315	-1.103552	0.000053
0.216365	-1.052100	0.000051
0.216418	-0.993691	0.000050
0.216473	-0.921127	0.000053
0.216531	-0.835769	0.000055
0.216589	-0.742868	0.000058
0.216654	-0.644045	0.000059
0.216724	-0.540215	0.000064
0.216800	-0.410717	0.000070
0.216884	-0.274721	0.000076
0.216976	-0.124526	0.000084
0.217076	0.032992	0.000092
0.217189	0.192273	0.000101
0.217311	0.331727	0.000112
0.217419	0.471801	0.000122
0.217522	0.569652	0.000108
0.217617	0.644799	0.000103
0.217709	0.698674	0.000095
0.217800	0.719917	0.000092
0.217885	0.730383	0.000092
0.217963	0.737623	0.000085
0.218039	0.728773	0.000078
0.218117	0.728069	0.000075
0.218199	0.729305	0.000078
0.218285	0.729063	0.000082
0.218380	0.715928	0.000086
0.218481	0.714260	0.000095
0.218590	0.712213	0.000101
0.218698	0.710739	0.000108
0.218798	0.709039	0.000108
0.218899	0.707466	0.000100
0.218999	0.705851	0.000100
0.219099	0.704092	0.000100
0.219199	0.702532	0.000100
0.219299	0.701339	0.000100
0.219399	0.699918	0.000100
0.219485	0.698578	0.000100
0.219571	0.697199	0.000086
0.219657	0.695824	0.000086
0.219743	0.694536	0.000086
0.219828	0.693579	0.000086
0.219914	0.692347	0.000086
0.220000	0.691249	0.000086
0.220095	0.690107	0.000086
0.220192	0.688747	0.000095
0.220289	0.687095	0.000097
0.220387	0.685970	0.000097
0.220483	0.684723	0.000097
0.220580	0.683433	0.000096
0.220677	0.682157	0.000097
0.220775	0.680759	0.000097
0.220873	0.679107	0.000098
0.220970	0.677929	0.000098
0.221067	0.676677	0.000097
0.221163	0.675346	0.000097
0.221261	0.674058	0.000096
0.221358	0.672678	0.000097
0.221456	0.671047	0.000097
0.221553	0.669766	0.000098
0.221649	0.668531	0.000097
0.221745	0.667208	0.000096
0.221842	0.665888	0.000096
0.221939	0.664536	0.000097
0.222037	0.662907	0.000097
0.222135	0.661552	0.000098
0.222232	0.660367	0.000097
0.222328	0.658971	0.000097
0.222425	0.657602	0.000096
0.222522	0.656321	0.000097
0.222619	0.654715	0.000097
0.222716	0.653250	0.000097
0.222814	0.652127	0.000097
0.222912	0.650714	0.000098
0.223009	0.649379	0.000097
0.223106	0.648086	0.000097
0.223204	0.646576	0.000097
0.223304	0.644822	0.000098
0.223401	0.643667	0.000100
0.223500	0.642278	0.000097
0.223598	0.640941	0.000098
0.223697	0.639544	0.000098
0.223794	0.638058	0.000098
0.223892	0.636374	0.000097
0.223992	0.634988	0.000099
0.224092	0.633727	0.000100
0.224191	0.632261	0.000100
0.224289	0.630855	0.000098
0.224388	0.629477	0.000098
0.224486	0.627818	0.000098
0.224587	0.626272	0.000098
0.224687	0.625086	0.000100
0.224789	0.623618	0.000100
0.224891	0.622226	0.000102
0.224991	0.620820	0.000102
0.225091	0.619169	0.000100
0.225194	0.617279	0.000100
0.225298	0.616001	0.000102
0.225403	0.614557	0.000104
0.225507	0.613065	0.000104
0.225612	0.611538	0.000104
0.225714	0.609925	0.000104
0.225818	0.608086	0.000102
0.225926	0.606528	0.000105
0.226033	0.605164	0.000107
0.226143	0.603549	0.000107
0.226253	0.601942	0.000110
0.226357	0.600310	0.000110
0.226464	0.598403	0.000104
0.226575	0.596687	0.000107
0.226689	0.595345	0.000110
0.226803	0.593573	0.000114
0.226917	0.592001	0.000114
0.227027	0.590205	0.000114
0.227142	0.588237	0.000110
0.227256	0.586361	0.000114
0.227375	0.584896	0.000114
0.227495	0.583057	0.000119
0.227614	0.581325	0.000119
0.227733	0.579463	0.000119
0.227853	0.577341	0.000119
0.227979	0.575432	0.000119
0.228105	0.573745	0.000126
0.228232	0.571799	0.000126
0.228358	0.569933	0.000126
0.228484	0.567907	0.000126
0.228611	0.565551	0.000126
0.228737	0.563887	0.000126
0.228863	0.561977	0.000126
0.228989	0.560144	0.000126
0.229116	0.558194	0.000126
0.229242	0.556081	0.000126
0.229368	0.553923	0.000126
0.229495	0.552194	0.000126
0.229621	0.550241	0.000126
0.229747	0.548395	0.000126
0.229874	0.546435	0.000126
0.230000	0.544280	0.000126
0.230141	0.542318	0.000126
0.230288	0.540476	0.000141
0.230435	0.538348	0.000147
0.230582	0.536245	0.000147
0.230727	0.533967	0.000147
0.230872	0.531611	0.000145
0.231015	0.529657	0.000145
0.231157	0.527579	0.000143
0.231300	0.525564	0.000143
0.231440	0.523461	0.000143
0.231581	0.521159	0.000140
0.231721	0.519355	0.000140
0.231859	0.517433	0.000140
0.231997	0.515586	0.000138
0.232135	0.513634	0.000138
0.232270	0.511566	0.000138
0.232406	0.509608	0.000136
0.232542	0.507965	0.000136
0.232677	0.506140	0.000136
0.232813	0.504357	0.000136
0.232946	0.502551	0.000136
0.233079	0.500639	0.000133
0.233212	0.498937	0.000133
0.233345	0.497344	0.000133
0.233476	0.495676	0.000133
0.233606	0.494061	0.000130
0.233737	0.492407	0.000130
0.233867	0.490650	0.000130
0.233998	0.489058	0.000130
0.234128	0.487623	0.000130
0.234259	0.486053	0.000130
0.234389	0.484533	0.000130
0.234520	0.483005	0.000130
0.234650	0.481429	0.000130
0.234781	0.479816	0.000130
0.234911	0.478451	0.000130
0.235042	0.476984	0.000130
0.235172	0.475584	0.000130
0.235303	0.474117	0.000130
0.235433	0.472641	0.000130
0.235564	0.471044	0.000130
0.235694	0.469672	0.000130
0.235824	0.468288	0.000130
0.235955	0.466911	0.000130
0.236090	0.465516	0.000130
0.236225	0.464099	0.000135
0.236359	0.462611	0.000135
0.236494	0.461116	0.000135
0.236629	0.459817	0.000135
0.236764	0.458433	0.000135
0.236899	0.457080	0.000135
0.237034	0.455685	0.000135
0.237168	0.454287	0.000135
0.237303	0.452767	0.000135
0.237438	0.451465	0.000135
0.237573	0.450123	0.000135
0.237708	0.448793	0.000135
0.237851	0.447453	0.000135
0.237994	0.446047	0.000143
0.238138	0.444577	0.000143
0.238281	0.443101	0.000143
0.238424	0.441800	0.000143
0.238567	0.440392	0.000143
0.238711	0.439013	0.000143
0.238854	0.437657	0.000143
0.238997	0.436231	0.000143
0.239140	0.434741	0.000143
0.239284	0.433419	0.000143
0.239427	0.432069	0.000143
0.239570	0.430718	0.000143
0.239713	0.429378	0.000143
0.239857	0.427997	0.000143
0.240000	0.426534	0.000143
0.240159	0.425173	0.000143
0.240331	0.423787	0.000159
0.240507	0.422194	0.000173
0.240683	0.420567	0.000176
0.240862	0.418922	0.000176
0.241038	0.417178	0.000179
0.241214	0.415577	0.000176
0.241389	0.413977	0.000176
0.241565	0.412373	0.000176
0.241741	0.410783	0.000176
0.241917	0.409105	0.000176
0.242092	0.407423	0.000176
0.242268	0.405873	0.000176
0.242448	0.404258	0.000176
0.242623	0.402643	0.000180
0.242799	0.401022	0.000176
0.242975	0.399337	0.000176
0.243150	0.397773	0.000176
0.243326	0.396200	0.000176
0.243502	0.394625	0.000176
0.243682	0.393052	0.000176
0.243863	0.391431	0.000181
0.244043	0.389705	0.000181
0.244224	0.388133	0.000181
0.244404	0.386544	0.000181
0.244585	0.384934	0.000181
0.244771	0.383345	0.000181
0.244958	0.381626	0.000187
0.245145	0.379891	0.000187
0.245332	0.378285	0.000187
0.245518	0.376627	0.000187
0.245698	0.374969	0.000187
0.245877	0.373345	0.000179
0.246056	0.371699	0.000179
0.246235	0.370096	0.000179
0.246415	0.368555	0.000179
0.246594	0.366961	0.000179
0.246773	0.365399	0.000179
0.246952	0.363796	0.000179
0.247132	0.362158	0.000179
0.247311	0.360574	0.000179
0.247490	0.359038	0.000179
0.247670	0.357462	0.000179
0.247849	0.355882	0.000179
0.248028	0.354330	0.000179
0.248192	0.352717	0.000179
0.248357	0.351202	0.000164
0.248521	0.349807	0.000164
0.248685	0.348382	0.000164
0.248850	0.346942	0.000164
0.249014	0.345509	0.000164
0.249178	0.344053	0.000164
0.249343	0.342602	0.000164
0.249507	0.341116	0.000164
0.249671	0.339727	0.000164
0.249836	0.338307	0.000164
0.250000	0.336874	0.000164
0.250179	0.335454	0.000164
0.250357	0.333925	0.000179
0.250536	0.332330	0.000179
0.250714	0.330724	0.000179
0.250893	0.329215	0.000179
0.251071	0.327677	0.000179
0.251250	0.326130	0.000179
0.251429	0.324587	0.000179
0.251607	0.323025	0.000179
0.251786	0.321438	0.000179
0.251964	0.319878	0.000179
0.252143	0.318364	0.000179
0.252326	0.316833	0.000179
0.252508	0.315243	0.000183
0.252691	0.313680	0.000183
0.252874	0.312086	0.000183
0.253056	0.310467	0.000183
0.253239	0.308876	0.000183
0.253422	0.307327	0.000183
0.253605	0.305763	0.000183
0.253787	0.304176	0.000183
0.253970	0.302610	0.000183
0.254159	0.301019	0.000183
0.254347	0.299387	0.000188
0.254535	0.297726	0.000188
0.254724	0.296131	0.000188
0.254912	0.294520	0.000188
0.255101	0.292890	0.000188
0.255289	0.291286	0.000188
0.255478	0.289672	0.000188
0.255666	0.288022	0.000188
0.255854	0.286359	0.000188
0.256043	0.284753	0.000188
0.256223	0.283143	0.000188
0.256403	0.281598	0.000180
0.256582	0.280058	0.000180
0.256762	0.278521	0.000180
0.256942	0.276975	0.000180
0.257122	0.275389	0.000180
0.257302	0.273833	0.000180
0.257471	0.272313	0.000180
0.257639	0.270870	0.000169
0.257808	0.269437	0.000169
0.257976	0.267990	0.000169
0.258145	0.266551	0.000169
0.258314	0.265115	0.000169
0.258482	0.263657	0.000169
0.258651	0.262193	0.000169
0.258820	0.260754	0.000169
0.258988	0.259350	0.000169
0.259157	0.257928	0.000169
0.259325	0.256476	0.000169
0.259494	0.255031	0.000169
0.259663	0.253599	0.000169
0.259831	0.252176	0.000169
0.260000	0.250714	0.000169
0.260169	0.249247	0.000169
0.260339	0.247797	0.000169
0.260508	0.246365	0.000169
0.260678	0.244940	0.000169
0.260851	0.243510	0.000169
0.261020	0.242037	0.000173
0.261189	0.240596	0.000169
0.261359	0.239188	0.000169
0.261528	0.237748	0.000169
0.261698	0.236293	0.000169
0.261867	0.234840	0.000169
0.262037	0.233398	0.000169
0.262206	0.231990	0.000169
0.262379	0.230565	0.000169
0.262552	0.229117	0.000173
0.262726	0.227641	0.000173
0.262899	0.226184	0.000173
0.263072	0.224749	0.000173
0.263245	0.223298	0.000173
0.263418	0.221824	0.000173
0.263592	0.220343	0.000173
0.263770	0.218878	0.000173
0.263953	0.217396	0.000178
0.264136	0.215871	0.000183
0.264319	0.214347	0.000183
0.264503	0.212807	0.000183
0.264686	0.211266	0.000183
0.264869	0.209740	0.000183
0.265059	0.208225	0.000183
0.265249	0.206620	0.000190
0.265439	0.205012	0.000190
0.265629	0.203418	0.000190
0.265819	0.201837	0.000190
0.266009	0.200270	0.000190
0.266209	0.198701	0.000190
0.266408	0.197036	0.000200
0.266608	0.195375	0.000200
0.266807	0.193725	0.000200
0.267007	0.192071	0.000200
0.267207	0.190415	0.000200
0.267406	0.188729	0.000200
0.267606	0.187071	0.000200
0.267805	0.185409	0.000200
0.268005	0.183769	0.000200
0.268204	0.182123	0.000200
0.268404	0.180479	0.000200
0.268603	0.178829	0.000200
0.268803	0.177170	0.000200
0.269002	0.175530	0.000200
0.269202	0.173897	0.000200
0.269401	0.172248	0.000200
0.269601	0.170571	0.000200
0.269800	0.168920	0.000200
0.270000	0.167272	0.000200
0.270217	0.165630	0.000200
0.270440	0.163853	0.000217
0.270667	0.162038	0.000222
0.270895	0.160162	0.000228
0.271123	0.158289	0.000228
0.271356	0.156417	0.000228
0.271590	0.154510	0.000234
0.271823	0.152597	0.000234
0.272057	0.150659	0.000234
0.272291	0.148731	0.000234
0.272524	0.146802	0.000234
0.272758	0.144891	0.000234
0.272999	0.142992	0.000234
0.273241	0.141024	0.000241
0.273482	0.139047	0.000241
0.273724	0.137075	0.000241
0.273965	0.135094	0.000241
0.274216	0.133129	0.000241
0.274468	0.131083	0.000251
0.274719	0.129037	0.000251
0.274971	0.126964	0.000251
0.275222	0.124904	0.000251
0.275474	0.122844	0.000251
0.275725	0.120797	0.000251
0.275977	0.118762	0.000251
0.276228	0.116722	0.000251
0.276480	0.114686	0.000251
0.276731	0.112638	0.000251
0.276982	0.110594	0.000251
0.277234	0.108550	0.000251
0.277485	0.106518	0.000251
0.277737	0.104482	0.000251
0.277988	0.102446	0.000251
0.278240	0.100401	0.000251
0.278491	0.098353	0.000251
0.278743	0.096317	0.000251
0.278994	0.094277	0.000251
0.279246	0.092241	0.000251
0.279497	0.090211	0.000251
0.279749	0.088190	0.000251
0.280000	0.086159	0.000251
0.280278	0.084143	0.000251
0.280556	0.081907	0.000278
0.280833	0.079667	0.000278
0.281111	0.077430	0.000278
0.281389	0.075190	0.000278
0.281667	0.072954	0.000278
0.281944	0.070727	0.000278
0.282222	0.068495	0.000278
0.282500	0.066269	0.000278
0.282778	0.064045	0.000278
0.283056	0.061815	0.000278
0.283333	0.059582	0.000278
0.283611	0.057347	0.000278
0.283889	0.055121	0.000278
0.284167	0.052893	0.000278
0.284444	0.050671	0.000278
0.284722	0.048446	0.000278
0.285000	0.046225	0.000278
0.285278	0.044005	0.000278
0.285556	0.041790	0.000278
0.285833	0.039578	0.000278
0.286111	0.037367	0.000278
0.286389	0.035150	0.000278
0.286667	0.032942	0.000278
0.286944	0.030731	0.000278
0.287222	0.028523	0.000278
0.287500	0.026313	0.000278
0.287778	0.024104	0.000278
0.288056	0.021897	0.000278
0.288333	0.019692	0.000278
0.288611	0.017482	0.000278
0.288889	0.015277	0.000278
0.289167	0.013074	0.000278
0.289444	0.010871	0.000278
0.289722	0.008667	0.000278
0.290000	0.006462	0.000278
0.290286	0.004262	0.000278
0.290571	0.001997	0.000286
0.290849	-0.000266	0.000286
0.291126	-0.002462	0.000277
0.291403	-0.004658	0.000277
0.291681	-0.006853	0.000277
0.291958	-0.009048	0.000277
0.292235	-0.011242	0.000277
0.292513	-0.013434	0.000277
0.292790	-0.015623	0.000277
0.293057	-0.017812	0.000277
0.293324	-0.019923	0.000267
0.293591	-0.022027	0.000267
0.293858	-0.024130	0.000267
0.294125	-0.026233	0.000267
0.294392	-0.028334	0.000267
0.294659	-0.030436	0.000267
0.294926	-0.032526	0.000267
0.295193	-0.034624	0.000267
0.295460	-0.036718	0.000267
0.295727	-0.038804	0.000267
0.295994	-0.040894	0.000267
0.296261	-0.042988	0.000267
0.296528	-0.045076	0.000267
0.296796	-0.047154	0.000267
0.297063	-0.049228	0.000267
0.297330	-0.051310	0.000267
0.297597	-0.053399	0.000267
0.297864	-0.055491	0.000267
0.298131	-0.057566	0.000267
0.298398	-0.059648	0.000267
0.298665	-0.061735	0.000267
0.298932	-0.063805	0.000267
0.299199	-0.065872	0.000267
0.299466	-0.067940	0.000267
0.299733	-0.070015	0.000267
0.300000	-0.072084	0.000267
0.300294	-0.074159	0.000267
0.300588	-0.076450	0.000294
0.300882	-0.078722	0.000294
0.301176	-0.081011	0.000294
0.301471	-0.083295	0.000294
0.301765	-0.085575	0.000294
0.302059	-0.087854	0.000294
0.302353	-0.090115	0.000294
0.302647	-0.092377	0.000294
0.302941	-0.094633	0.000294
0.303235	-0.096908	0.000294
0.303529	-0.099173	0.000294
0.303824	-0.101443	0.000294
0.304118	-0.103692	0.000294
0.304412	-0.105948	0.000294
0.304706	-0.108211	0.000294
0.305000	-0.110471	0.000294
0.305312	-0.112726	0.000294
0.305625	-0.115128	0.000313
0.305937	-0.117536	0.000313
0.306250	-0.119932	0.000313
0.306563	-0.122308	0.000313
0.306875	-0.124695	0.000313
0.307188	-0.127083	0.000313
0.307500	-0.129471	0.000313
0.307812	-0.131832	0.000313
0.308125	-0.134218	0.000313
0.308437	-0.136579	0.000313
0.308750	-0.138969	0.000313
0.309063	-0.141348	0.000313
0.309375	-0.143730	0.000313
0.309688	-0.146086	0.000313
0.310000	-0.148467	0.000313
0.310345	-0.150826	0.000313
0.310716	-0.153434	0.000345
0.311088	-0.156255	0.000371
0.311459	-0.159045	0.000371
0.311830	-0.161862	0.000371
0.312219	-0.164680	0.000371
0.312608	-0.167606	0.000389
0.312997	-0.170542	0.000389
0.313386	-0.173456	0.000389
0.313775	-0.176372	0.000389
0.314190	-0.179306	0.000389
0.314605	-0.182453	0.000415
0.315020	-0.185570	0.000415
0.315435	-0.188675	0.000415
0.315850	-0.191790	0.000415
0.316265	-0.194885	0.000415
0.316680	-0.198022	0.000415
0.317095	-0.201127	0.000415
0.317510	-0.204234	0.000415
0.317925	-0.207353	0.000415
0.318340	-0.210430	0.000415
0.318755	-0.213556	0.000415
0.319170	-0.216664	0.000415
0.319585	-0.219767	0.000415
0.320000	-0.222854	0.000415
0.320455	-0.225976	0.000415
0.320909	-0.229396	0.000455
0.321364	-0.232799	0.000455
0.321818	-0.236195	0.000455
0.322299	-0.239603	0.000455
0.322781	-0.243223	0.000481
0.323262	-0.246807	0.000481
0.323743	-0.250419	0.000481
0.324225	-0.254019	0.000481
0.324706	-0.257625	0.000481
0.325187	-0.261208	0.000481
0.325668	-0.264833	0.000481
0.326150	-0.268434	0.000481
0.326631	-0.272026	0.000481
0.327112	-0.275632	0.000481
0.327594	-0.279229	0.000481
0.328075	-0.282827	0.000481
0.328556	-0.286430	0.000481
0.329037	-0.290024	0.000481
0.329519	-0.293610	0.000481
0.330000	-0.297219	0.000481
0.330526	-0.300793	0.000481
0.331084	-0.304725	0.000526
0.331641	-0.308904	0.000557
0.332198	-0.313054	0.000557
0.332798	-0.317213	0.000557
0.333398	-0.321684	0.000600
0.333999	-0.326144	0.000600
0.334599	-0.330595	0.000600
0.335199	-0.335044	0.000600
0.335799	-0.339483	0.000600
0.336399	-0.343925	0.000600
0.336999	-0.348355	0.000600
0.337599	-0.352784	0.000600
0.338200	-0.357205	0.000600
0.338800	-0.361635	0.000600
0.339400	-0.366031	0.000600
0.340000	-0.370466	0.000600
0.340667	-0.374868	0.000600
0.341385	-0.379790	0.000667
0.342103	-0.385077	0.000718
0.342821	-0.390314	0.000718
0.343538	-0.395565	0.000718
0.344256	-0.400808	0.000718
0.344974	-0.406028	0.000718
0.345692	-0.411246	0.000718
0.346308	-0.416461	0.000718
0.346923	-0.420874	0.000615
0.347538	-0.425311	0.000615
0.348154	-0.429778	0.000615
0.348769	-0.434234	0.000615
0.349385	-0.438672	0.000615
0.350000	-0.443115	0.000615
0.350625	-0.447558	0.000615
0.351211	-0.452045	0.000625
0.351797	-0.456236	0.000586
0.352383	-0.460444	0.000586
0.352927	-0.464626	0.000586
0.353471	-0.468502	0.000544
0.354015	-0.472397	0.000544
0.354559	-0.476273	0.000544
0.355103	-0.480168	0.000544
0.355647	-0.484044	0.000544
0.356131	-0.487902	0.000544
0.356615	-0.491288	0.000484
0.357098	-0.494700	0.000484
0.357582	-0.498114	0.000484
0.358065	-0.501539	0.000484
0.358549	-0.504924	0.000484
0.359033	-0.508334	0.000484
0.359516	-0.511716	0.000484
0.360000	-0.515096	0.000484
0.360500	-0.518455	0.000484
0.361000	-0.521924	0.000500
0.361474	-0.525393	0.000500
0.361947	-0.528647	0.000474
0.362421	-0.531867	0.000474
0.362895	-0.535113	0.000474
0.363339	-0.538332	0.000474
0.363783	-0.541278	0.000444
0.364227	-0.544261	0.000444
0.364639	-0.547193	0.000444
0.365052	-0.549895	0.000412
0.365432	-0.552607	0.000412
0.365813	-0.555028	0.000381
0.366162	-0.557510	0.000381
0.366482	-0.559664	0.000349
0.366775	-0.561639	0.000320
0.367044	-0.563405	0.000293
0.367290	-0.564980	0.000269
0.367484	-0.566452	0.000246
0.367663	-0.567612	0.000194
0.367843	-0.568951	0.000180
0.368009	-0.570188	0.000180
0.368151	-0.571454	0.000166
0.368283	-0.573949	0.000142
0.368406	-0.581903	0.000132
0.368529	-0.551300	0.000123
0.368642	-0.505718	0.000123
0.368755	-0.469660	0.000113
0.368868	-0.434176	0.000113
0.368994	-0.375252	0.000113
0.369120	-0.317631	0.000126
0.369245	-0.243868	0.000126
0.369371	-0.154505	0.000126
0.369497	-0.064445	0.000126
0.369623	0.028549	0.000126
0.369748	0.108257	0.000126
0.369874	0.177567	0.000126
0.370000	0.230770	0.000126
0.370147	0.264409	0.000126
0.370314	0.292588	0.000147
0.370500	0.325672	0.000167
0.370690	0.331387	0.000186
0.370877	0.343412	0.000190
0.371067	0.375459	0.000186
0.371261	0.385843	0.000190
0.371455	0.359953	0.000194
0.371663	0.347487	0.000194
0.371883	0.345205	0.000208
0.372115	0.342931	0.000219
0.372354	0.340518	0.000232
0.372593	0.338002	0.000239
0.372832	0.335551	0.000239
0.373088	0.333136	0.000239
0.373364	0.330717	0.000256
0.373641	0.328107	0.000276
0.373930	0.325434	0.000276
0.374249	0.322676	0.000289
0.374569	0.319688	0.000319
0.374888	0.316725	0.000319
0.375229	0.313693	0.000319
0.375570	0.310494	0.000341
0.375910	0.307318	0.000341
0.376282	0.304172	0.000341
0.376654	0.300733	0.000372
0.377026	0.297272	0.000372
0.377398	0.293902	0.000372
0.377769	0.290500	0.000372
0.378141	0.287083	0.000372
0.378513	0.283704	0.000372
0.378885	0.280397	0.000372
0.379256	0.277027	0.000372
0.379628	0.273674	0.000372
0.380000	0.270341	0.000372
0.380417	0.267044	0.000372
0.380873	0.263377	0.000417
0.381329	0.259341	0.000456
0.381811	0.255313	0.000456
0.382293	0.251109	0.000482
0.382807	0.246845	0.000482
0.383320	0.242364	0.000514
0.383834	0.237913	0.000514
0.384348	0.233414	0.000514
0.384913	0.228930	0.000514
0.385478	0.224126	0.000565
0.386044	0.219227	0.000565
0.386609	0.214351	0.000565
0.387174	0.209533	0.000565
0.387739	0.204698	0.000565
0.388304	0.199876	0.000565
0.388870	0.195060	0.000565
0.389435	0.190304	0.000565
0.390000	0.185516	0.000565
0.390625	0.180732	0.000565
0.391295	0.175511	0.000625
0.391964	0.169924	0.000670
0.392634	0.164297	0.000670
0.393304	0.158703	0.000670
0.393973	0.153165	0.000670
0.394643	0.147598	0.000670
0.395313	0.142045	0.000670
0.395982	0.136500	0.000670
0.396652	0.131006	0.000670
0.397321	0.125483	0.000670
0.397991	0.119966	0.000670
0.398661	0.114468	0.000670
0.399330	0.108993	0.000670
0.400000	0.103542	0.000670
0.400667	0.098076	0.000670
0.401333	0.092642	0.000667
0.402000	0.087218	0.000667
0.402667	0.081790	0.000667
0.403333	0.076390	0.000667
0.404000	0.071003	0.000667
0.404667	0.065615	0.000667
0.405333	0.060235	0.000667
0.406000	0.054852	0.000667
0.406667	0.049476	0.000667
0.407333	0.044106	0.000667
0.408000	0.038747	0.000667
0.408667	0.033386	0.000667
0.409333	0.028029	0.000667
0.410000	0.022683	0.000667
0.410714	0.017341	0.000667
0.411429	0.011623	0.000714
0.412143	0.005909	0.000714
0.412857	0.000202	0.000714
0.413571	-0.005501	0.000714
0.414286	-0.011201	0.000714
0.415000	-0.016897	0.000714
0.415714	-0.022585	0.000714
0.416429	-0.028267	0.000714
0.417143	-0.033944	0.000714
0.417857	-0.039612	0.000714
0.418571	-0.045273	0.000714
0.419286	-0.050928	0.000714
0.420000	-0.056575	0.000714
0.420769	-0.062213	0.000714
0.421608	-0.068288	0.000769
0.422448	-0.074902	0.000839
0.423287	-0.081497	0.000839
0.424126	-0.088092	0.000839
0.424965	-0.094670	0.000839
0.425804	-0.101251	0.000839
0.426643	-0.107828	0.000839
0.427483	-0.114389	0.000839
0.428322	-0.120942	0.000839
0.429161	-0.127470	0.000839
0.430000	-0.134009	0.000839
0.430909	-0.140535	0.000839
0.431919	-0.147592	0.000909
0.432929	-0.155423	0.001010
0.433939	-0.163245	0.001010
0.434949	-0.171021	0.001010
0.435960	-0.178803	0.001010
0.436970	-0.186556	0.001010
0.437980	-0.194302	0.001010
0.438990	-0.202035	0.001010
0.440000	-0.209732	0.001010
0.441000	-0.217428	0.001010
0.441900	-0.225014	0.001000
0.442800	-0.231799	0.000900
0.443700	-0.238604	0.000900
0.444600	-0.245388	0.000900
0.445500	-0.252167	0.000900
0.446250	-0.258889	0.000900
0.447000	-0.264471	0.000750
0.447750	-0.270059	0.000750
0.448500	-0.275658	0.000750
0.449250	-0.281213	0.000750
0.449625	-0.286776	0.000750
0.450000	-0.289365	0.000375
0.450435	-0.292136	0.000375
0.450913	-0.295359	0.000435
0.451448	-0.298858	0.000478
0.451982	-0.302808	0.000535
0.452483	-0.306709	0.000535
0.452925	-0.310296	0.000501
0.453342	-0.313462	0.000442
0.453674	-0.316443	0.000416
0.453991	-0.318895	0.000333
0.454291	-0.321290	0.000316
0.454577	-0.323554	0.000300
0.454835	-0.325710	0.000285
0.455070	-0.355402	0.000258
0.455284	-0.309466	0.000235
0.455498	-0.238125	0.000214
0.455735	-0.171667	0.000214
0.455986	-0.109906	0.000237
0.456273	-0.059205	0.000251
0.456612	-0.029767	0.000287
0.456988	0.011068	0.000339
0.457418	0.048362	0.000376
0.457849	0.107349	0.000430
0.458279	0.199802	0.000430
0.458623	0.268564	0.000430
0.458899	0.249716	0.000344
0.459119	0.225720	0.000275
0.459339	0.223699	0.000220
0.459559	0.221702	0.000220
0.459780	0.219714	0.000220
0.460000	0.217723	0.000220
0.460250	0.215709	0.000220
0.460529	0.213418	0.000250
0.460844	0.210897	0.000279
0.461196	0.208124	0.000316
0.461579	0.205081	0.000352
0.462000	0.201780	0.000383
0.462471	0.198171	0.000421
0.462973	0.194121	0.000471
0.463513	0.189857	0.000502
0.464103	0.185298	0.000541
0.464758	0.180350	0.000590
0.465413	0.174830	0.000655
0.466069	0.169338	0.000655
0.466724	0.163878	0.000655
0.467379	0.158419	0.000655
0.468034	0.152944	0.000655
0.468690	0.147536	0.000655
0.469345	0.142127	0.000655
0.470000	0.136733	0.000655
0.470714	0.131321	0.000655
0.471488	0.125486	0.000714
0.472339	0.119177	0.000774
0.473297	0.112247	0.000851
0.474254	0.104461	0.000958
0.475212	0.096706	0.000958
0.476170	0.088972	0.000958
0.477127	0.081249	0.000958
0.478085	0.073533	0.000958
0.479042	0.065829	0.000958
0.480000	0.058156	0.000958
0.481000	0.050494	0.000958
0.482125	0.042504	0.001000
0.483250	0.033528	0.001125
0.484375	0.024562	0.001125
0.485500	0.015615	0.001125
0.486625	0.006663	0.001125
0.487750	-0.002278	0.001125
0.488875	-0.011211	0.001125
0.490000	-0.020133	0.001125
0.491250	-0.029033	0.001125
0.492500	-0.038901	0.001250
0.493750	-0.048747	0.001250
0.495000	-0.058564	0.001250
0.496250	-0.068366	0.001250
0.497500	-0.078155	0.001250
0.498750	-0.087921	0.001250
0.500000	-0.097674	0.001250
0.501250	-0.107394	0.001250
0.502500	-0.117099	0.001250
0.503750	-0.126787	0.001250
0.505000	-0.136436	0.001250
0.506250	-0.146064	0.001250
0.507500	-0.155667	0.001250
0.508333	-0.165237	0.001250
0.509167	-0.171536	0.000833
0.510000	-0.177891	0.000833
0.510909	-0.184225	0.000833
0.511736	-0.191119	0.000909
0.512424	-0.197333	0.000826
0.513056	-0.202475	0.000689
0.513590	-0.207200	0.000631
0.514048	-0.211210	0.000534
0.514505	-0.214700	0.000458
0.514928	-0.218177	0.000458
0.515318	-0.221426	0.000423
0.515678	-0.232932	0.000390
0.516039	-0.204119	0.000360
0.516369	-0.150637	0.000360
0.516732	-0.089369	0.000330
0.517140	-0.017696	0.000363
0.517617	0.065342	0.000409
0.518094	0.113955	0.000477
0.518570	0.159066	0.000477
0.518928	0.190619	0.000477
0.519285	0.164635	0.000357
0.519523	0.161626	0.000357
0.519762	0.159563	0.000238
0.520000	0.157497	0.000238
0.520270	0.155460	0.000238
0.520574	0.153163	0.000270
0.520923	0.150555	0.000304
0.521318	0.147580	0.000349
0.521752	0.144215	0.000395
0.522237	0.140559	0.000434
0.522755	0.136512	0.000485
0.523312	0.132190	0.000518
0.523920	0.127596	0.000557
0.524596	0.122600	0.000608
0.525271	0.117062	0.000676
0.525947	0.111550	0.000676
0.526622	0.106043	0.000676
0.527298	0.100549	0.000676
0.527973	0.095074	0.000676
0.528649	0.089605	0.000676
0.529324	0.084141	0.000676
0.530000	0.078699	0.000676
0.530769	0.073256	0.000676
0.531608	0.067071	0.000769
0.532541	0.060341	0.000839
0.533473	0.052872	0.000932
0.534406	0.045410	0.000932
0.535338	0.037958	0.000932
0.536270	0.030517	0.000932
0.537203	0.023090	0.000932
0.538135	0.015672	0.000932
0.539068	0.008262	0.000932
0.540000	0.000863	0.000932
0.541000	-0.006531	0.000932
0.542125	-0.014452	0.001000
0.543250	-0.023354	0.001125
0.544375	-0.032238	0.001125
0.545500	-0.041103	0.001125
0.546625	-0.049949	0.001125
0.547750	-0.058776	0.001125
0.548875	-0.067587	0.001125
0.550000	-0.076370	0.001125
