time 	vel
0.0	0.0
0.00055055055055055059	-0.0042700654505548165
0.0011011011011011012	-0.0085399848278389767
0.0016516516516516518	-0.012809687667315408
0.0022022022022022024	-0.017079109181400671
0.0027527527527527532	-0.021348194687240866
0.0033033033033033035	-0.025616889443588857
0.0038538538538538539	-0.029885139834591186
0.0044044044044044047	-0.034152892838378406
0.0049549549549549555	-0.038420094919252169
0.0055055055055055063	-0.042686692600100752
0.0060560560560560563	-0.04695263328889894
0.0066066066066066071	-0.051217864165790335
0.0071571571571571579	-0.055482332249972913
0.0077077077077077078	-0.059745984287498166
0.0082582582582582595	-0.064008766824601285
0.0088088088088088094	-0.068270626602727702
0.0093593593593593594	-0.072531510204986507
0.009909909909909911	-0.076791363461688675
0.010460460460460461	-0.081050132545908593
0.011011011011011013	-0.085307763677151108
0.011561561561561563	-0.089564202001817222
0.012112112112112113	-0.093819392795604514
0.012662662662662664	-0.098073281798504719
0.013213213213213214	-0.10232581475050954
0.013763763763763764	-0.10657693739161075
0.014314314314314316	-0.11082659540552389
0.014864864864864866	-0.11507473272539601
0.015415415415415416	-0.11932129364278771
0.015965965965965966	-0.12356622310820749
0.016516516516516519	-0.1278094660721639
0.017067067067067069	-0.13205096748516537
0.017617617617617619	-0.13629067224028893
0.018168168168168169	-0.14052852395924403
0.018718718718718719	-0.14476446661823922
0.019269269269269272	-0.14899844461076323
0.019819819819819822	-0.15323040233030469
0.020370370370370372	-0.15746028417035238
0.020920920920920922	-0.16168803447922978
0.021471471471471472	-0.16591359685835511
0.022022022022022025	-0.17013691516688392
0.022572572572572575	-0.17435793347791903
0.023123123123123125	-0.17857659586456323
0.023673673673673675	-0.18279284639991933
0.024224224224224225	-0.18700662913905003
0.024774774774774775	-0.19121788791327549
0.025325325325325328	-0.19542656666143118
0.025875875875875878	-0.19963260938156807
0.026426426426426428	-0.20383596007173724
0.026976976976976978	-0.20803656272998972
0.027527527527527528	-0.21223436135437651
0.028078078078078082	-0.21642929994294871
0.028628628628628632	-0.22062132260435086
0.029179179179179181	-0.22481037398822501
0.029729729729729731	-0.22899639835783683
0.030280280280280281	-0.23317933990007392
0.030830830830830831	-0.23735914280182377
0.031381381381381385	-0.24153575124997395
0.031931931931931931	-0.24570910943141192
0.032482482482482485	-0.24987916153302533
0.033033033033033038	-0.2540458523174039
0.033583583583583584	-0.25820912776352106
0.034134134134134138	-0.26236893266192512
0.034684684684684684	-0.26652521172724974
0.035235235235235238	-0.27067790967412847
0.035785785785785791	-0.27482697121719502
0.036336336336336338	-0.27897234107108287
0.036886886886886891	-0.28311396395042582
0.037437437437437437	-0.28725178603617679
0.037987987987987991	-0.29138575457446803
0.038538538538538544	-0.29551581512334801
0.039089089089089091	-0.29964191322924538
0.039639639639639644	-0.30376399443858909
0.040190190190190191	-0.30788200429780777
0.040740740740740744	-0.31199588835333031
0.041291291291291297	-0.3161055921717818
0.041841841841841844	-0.32021106371427094
0.042392392392392397	-0.32431225099410776
0.042942942942942944	-0.32840910070687979
0.043493493493493497	-0.33250155954817467
0.044044044044044051	-0.3365895742135801
0.044594594594594597	-0.34067309139868351
0.04514514514514515	-0.34475205889124977
0.045695695695695697	-0.3488264263200187
0.04624624624624625	-0.35289614149537901
0.046796796796796797	-0.35696115215253837
0.04734734734734735	-0.36102140602670457
0.047897897897897904	-0.36507685085308522
0.04844844844844845	-0.36912743480636789
0.048998998998999004	-0.37317310914226642
0.04954954954954955	-0.37721382337123438
0.050100100100100103	-0.38124952646907667
0.050650650650650657	-0.3852801674115981
0.051201201201201203	-0.38930569517460351
0.051751751751751757	-0.39332607208092446
0.052302302302302303	-0.3973412168205287
0.052852852852852857	-0.40135110421347464
0.05340340340340341	-0.40535568359470153
0.053953953953953956	-0.40935490451799367
0.05450450450450451	-0.41334871675598084
0.055055055055055056	-0.41733707030013772
0.05560560560560561	-0.42131991657516943
0.056156156156156163	-0.42529720905284224
0.05670670670670671	-0.42926889979736538
0.057257257257257263	-0.43323494118045058
0.057807807807807809	-0.4371952859335147
0.058358358358358363	-0.44114988714767994
0.058908908908908916	-0.44509869827377369
0.059459459459459463	-0.44904167312232829
0.060010010010010016	-0.45297876571722079
0.060560560560560563	-0.45690992935750069
0.061111111111111116	-0.46083511821554873
0.061661661661661663	-0.46475428695077337
0.062212212212212216	-0.46866739052512196
0.062762762762762769	-0.47257438420308057
0.063313313313313316	-0.47647522355167382
0.063863863863863862	-0.4803698644404652
0.064414414414414423	-0.48425826303962044
0.064964964964964969	-0.48814037552698142
0.065515515515515516	-0.49201615834364743
0.066066066066066076	-0.49588556837859049
0.066616616616616622	-0.49974856280416241
0.067167167167167169	-0.50360509907609552
0.067717717717717729	-0.50745513493350214
0.068268268268268276	-0.51129862839887463
0.068818818818818822	-0.51513553777808552
0.069369369369369369	-0.51896582178902351
0.069919919919919929	-0.52278943972726
0.070470470470470475	-0.52660635094746633
0.071021021021021022	-0.53041651509096288
0.071571571571571582	-0.53421989210151288
0.072122122122122129	-0.53801644222532263
0.072672672672672675	-0.54180612601104172
0.073223223223223222	-0.54558890430976303
0.073773773773773782	-0.54936473778049655
0.074324324324324328	-0.55313358950173719
0.074874874874874875	-0.55689542056439723
0.075425425425425435	-0.56065019323312193
0.075975975975975982	-0.56439787007951325
0.076526526526526528	-0.56813841398403886
0.077077077077077089	-0.5718717881379396
0.077627627627627635	-0.57559795604513819
0.078178178178178181	-0.57931688152414795
0.078728728728728728	-0.58302852888837275
0.079279279279279288	-0.58673286283832382
0.079829829829829835	-0.59042984826259115
0.080380380380380381	-0.59411945038586866
0.080930930930930942	-0.59780163477153492
0.081481481481481488	-0.60147636732423282
0.082032032032032035	-0.60514361429245178
0.082582582582582595	-0.60880334227110744
0.083133133133133141	-0.61245551820412203
0.083683683683683688	-0.61610010938700643
0.084234234234234234	-0.61973708346943945
0.084784784784784795	-0.62336640845784941
0.085335335335335341	-0.62698805268639379
0.085885885885885888	-0.63060198471678452
0.086436436436436448	-0.6342081735643722
0.086986986986986994	-0.63780658861961892
0.087537537537537541	-0.64139719963464581
0.088088088088088101	-0.64497997672543683
0.088638638638638648	-0.64855489037404268
0.089189189189189194	-0.65212191143078457
0.089739739739739741	-0.65568101111645827
0.090290290290290301	-0.65923216102453819
0.090840840840840847	-0.66277533312338066
0.091391391391391394	-0.66631049975842849
0.091941941941941954	-0.66983763364685422
0.092492492492492501	-0.67335670741691012
0.093043043043043047	-0.67686769411360037
0.093593593593593594	-0.68037056736646662
0.094144144144144154	-0.68386530116369126
0.0946946946946947	-0.68735186985288388
0.095245245245245247	-0.69083024814186833
0.095795795795795807	-0.69430041109946883
0.096346346346346354	-0.69776233415629618
0.0968968968968969	-0.70121599310553528
0.097447447447447461	-0.70466136410373093
0.097997997997998007	-0.70809842367157416
0.098548548548548554	-0.71152714869468947
0.0990990990990991	-0.7149475163533644
0.09964964964964966	-0.71835950403368942
0.10020020020020021	-0.72176308962344427
0.10075075075075075	-0.72515825137731305
0.10130130130130131	-0.72854496790750167
0.10185185185185186	-0.73192321818399297
0.10240240240240241	-0.73529298153480271
0.10295295295295297	-0.73865423764623483
0.10350350350350351	-0.7420069665631368
0.10405405405405406	-0.74535114868915542
0.10460460460460461	-0.74868676478699203
0.10515515515515517	-0.75201379597865803
0.10570570570570571	-0.7553322237365353
0.10625625625625626	-0.75864202973377493
0.10680680680680682	-0.76194319605646033
0.10735735735735737	-0.76523570519035577
0.10790790790790791	-0.7685195399728062
0.10845845845845846	-0.77179468359256187
0.10900900900900902	-0.775061119589604
0.10955955955955957	-0.77831883185496964
0.11011011011011011	-0.78156780463057718
0.11066066066066067	-0.78480802250905179
0.11121121121121122	-0.78803947043354983
0.11176176176176177	-0.79126213369758491
0.11231231231231233	-0.79447599794485291
0.11286286286286287	-0.79768104899009462
0.11341341341341342	-0.80087727326738267
0.11396396396396397	-0.80406465724078191
0.11451451451451453	-0.80724318788537297
0.11506506506506507	-0.81041285251580319
0.11561561561561562	-0.81357363878600841
0.11616616616616618	-0.81672553468890141
0.11671671671671673	-0.81986852855603032
0.11726726726726727	-0.82300260905720612
0.11781781781781783	-0.82612776520009856
0.11836836836836838	-0.82924398632980068
0.11891891891891893	-0.83235126212836319
0.11946946946946947	-0.83544958259272761
0.12002002002002003	-0.83853893789320133
0.12057057057057058	-0.84161931863212813
0.12112112112112113	-0.8446907157725807
0.12167167167167169	-0.84775312060510666
0.12222222222222223	-0.8508065247466805
0.12277277277277278	-0.85385092013961661
0.12332332332332333	-0.85688629905043878
0.12387387387387389	-0.85991265406871009
0.12442442442442443	-0.86292997810582095
0.12497497497497498	-0.86593826439373589
0.12552552552552554	-0.86893750648369961
0.12607607607607607	-0.87192769824490124
0.12662662662662663	-0.87490883386309815
0.12717717717717719	-0.87788090783919726
0.12772772772772772	-0.88084391498779691
0.12827827827827828	-0.88379785043568637
0.12882882882882885	-0.8867427096203041
0.12937937937937938	-0.88967848827727347
0.12992992992992994	-0.89260518233356856
0.1304804804804805	-0.89552278808127128
0.13103103103103103	-0.89843130214077693
0.13158158158158159	-0.90133072143007431
0.13213213213213215	-0.90422104316267604
0.13268268268268268	-0.90710226484550271
0.13323323323323324	-0.90997438427671828
0.13378378378378381	-0.91283739954351584
0.13433433433433434	-0.91569130901985629
0.1348848848848849	-0.91853611136415858
0.13543543543543546	-0.92137180551694076
0.13598598598598599	-0.92419839069841325
0.13653653653653655	-0.92701586640602407
0.13708708708708708	-0.92982423241195467
0.13763763763763764	-0.93262348876056866
0.1381881881881882	-0.93541363576581082
0.13873873873873874	-0.93819467400855905
0.1392892892892893	-0.94096660435747825
0.13983983983983986	-0.94372942831664253
0.14039039039039039	-0.94648314749214346
0.14094094094094095	-0.94922776364582195
0.14149149149149151	-0.95196327880786968
0.14204204204204204	-0.95468969527480174
0.1425925925925926	-0.95740701560740527
0.14314314314314316	-0.96011524262866099
0.1436936936936937	-0.96281437942164139
0.14424424424424426	-0.9655044293273839
0.14479479479479482	-0.968185395942738
0.14534534534534535	-0.97085728311818809
0.14589589589589591	-0.97352009495565262
0.14644644644644644	-0.97617383580625494
0.146996996996997	-0.97881851026807354
0.14754754754754756	-0.98145412318386316
0.1480980980980981	-0.98408067963875379
0.14864864864864866	-0.98669818495792416
0.14919919919919922	-0.98930664471141017
0.14974974974974975	-0.9919060648887752
0.15030030030030031	-0.99449645165484701
0.15085085085085087	-0.99707781134231932
0.1514014014014014	-0.9996501505197255
0.15195195195195196	-1.0022134759894263
0.15250250250250252	-1.004767794785582
0.15305305305305306	-1.0073131141721128
0.15360360360360362	-1.0098494416406472
0.15415415415415418	-1.0123767849084551
0.15470470470470471	-1.0148951519163696
0.15525525525525527	-1.0174045508266956
0.15580580580580583	-1.0199049900211037
0.15635635635635636	-1.0223964780985138
0.15690690690690692	-1.024879023872963
0.15745745745745746	-1.0273526363714622
0.15800800800800802	-1.029817324831839
0.15855855855855858	-1.032273098700567
0.15910910910910911	-1.0347199676323042
0.15965965965965967	-1.0371579415697412
0.16021021021021023	-1.0395870306421027
0.16076076076076076	-1.0420072451423392
0.16131131131131132	-1.0444185955647285
0.16186186186186188	-1.0468210926028487
0.16241241241241242	-1.049214747147545
0.16296296296296298	-1.0515995702848879
0.16351351351351354	-1.0539755732941245
0.16406406406406407	-1.056342767645623
0.16461461461461463	-1.0587011649988087
0.16516516516516519	-1.061050777200095
0.16571571571571572	-1.0633916162808033
0.16626626626626628	-1.0657236944550794
0.16681681681681682	-1.0680470241178006
0.16736736736736738	-1.0703616178424753
0.16791791791791794	-1.0726674883791358
0.16846846846846847	-1.0749646486522244
0.16901901901901903	-1.0772531117589785
0.16956956956956959	-1.0795328910326298
0.17012012012012012	-1.0818039999728313
0.17067067067067068	-1.0840664522089047
0.17122122122122124	-1.0863202615370504
0.17177177177177178	-1.0885654419183757
0.17232232232232234	-1.0908020074769234
0.1728728728728729	-1.0930299724976951
0.17342342342342343	-1.0952493514246731
0.17397397397397399	-1.0974601588588411
0.17452452452452455	-1.0996624095562
0.17507507507507508	-1.1018561184257827
0.17562562562562564	-1.1040413005276664
0.1761761761761762	-1.1062179710709821
0.17672672672672673	-1.1083861454119213
0.1772772772772773	-1.1105458390517413
0.17782782782782783	-1.1126970676347667
0.17837837837837839	-1.1148398469463898
0.17892892892892895	-1.1169741928444885
0.17947947947947948	-1.1191001215903713
0.18003003003003004	-1.1212176493459967
0.1805805805805806	-1.1233267924646217
0.18113113113113113	-1.1254275674328564
0.18168168168168169	-1.12751999086882
0.18223223223223226	-1.1296040795202971
0.18278278278278279	-1.1316798502628937
0.18333333333333335	-1.1337473200981936
0.18388388388388391	-1.1358065061519136
0.18443443443443444	-1.1378574256720611
0.184984984984985	-1.1399000960270889
0.18553553553553556	-1.1419345347040513
0.18608608608608609	-1.1439607593067613
0.18663663663663665	-1.145978787553946
0.18718718718718719	-1.1479886372774022
0.18773773773773775	-1.1499903264201536
0.18828828828828831	-1.1519838730346057
0.18883883883883884	-1.1539692952807028
0.1893893893893894	-1.1559466114853909
0.18993993993993996	-1.1579158401025866
0.19049049049049049	-1.1598769996256995
0.19104104104104105	-1.1618301086496707
0.19159159159159161	-1.1637751858692584
0.19214214214214215	-1.165712250077233
0.19269269269269271	-1.1676413201625742
0.19324324324324327	-1.1695624151086645
0.1937937937937938	-1.1714755539914861
0.19434434434434436	-1.1733807559778158
0.19489489489489492	-1.1752780403234202
0.19544544544544545	-1.1771674263712517
0.19599599599599601	-1.1790489335496441
0.19654654654654655	-1.1809225813705073
0.19709709709709711	-1.1827883894275235
0.19764764764764767	-1.1846463773943419
0.1981981981981982	-1.1864965650227748
0.19874874874874876	-1.1883389721409936
0.19929929929929932	-1.1901736186517224
0.19984984984984985	-1.1920005245304355
0.20040040040040041	-1.1938197098235519
0.20095095095095097	-1.1956311946466303
0.20150150150150151	-1.1974349991825659
0.20205205205205207	-1.1992311437482084
0.20260260260260263	-1.201019649002492
0.20315315315315316	-1.2028005354279283
0.20370370370370372	-1.2045738235335466
0.20425425425425428	-1.2063395338915779
0.20480480480480481	-1.20809768713578
0.20535535535535537	-1.2098483039597636
0.20590590590590593	-1.211591405115316
0.20645645645645647	-1.2133270114107277
0.20700700700700703	-1.215055143709117
0.20755755755755756	-1.2167758229267558
0.20810810810810812	-1.218489070031394
0.20865865865865868	-1.2201949060405859
0.20920920920920921	-1.2218933520200148
0.20975975975975977	-1.2235844290818179
0.21031031031031033	-1.2252681583829128
0.21086086086086087	-1.2269445611233214
0.21141141141141143	-1.2286136585444962
0.21196196196196199	-1.2302754719276452
0.21251251251251252	-1.2319300225920569
0.21306306306306308	-1.2335773318934258
0.21361361361361364	-1.2352174212221783
0.21416416416416417	-1.2368503120017962
0.21471471471471473	-1.2384760256895473
0.21526526526526529	-1.2400945839963788
0.21581581581581583	-1.2417060089897534
0.21636636636636639	-1.2433103221560862
0.21691691691691692	-0.19861723372787093
0.21746746746746748	0.67794234993508162
0.21801801801801804	0.67291238919384855
0.21856856856856857	0.66789397947376383
0.21911911911911913	0.66288700245783738
0.21966966966966969	0.65789134077581712
0.22022022022022023	0.65290687799112812
0.22077077077077079	0.64793349859145577
0.22132132132132135	0.64297108797706415
0.22187187187187188	0.63801953244670551
0.22242242242242244	0.63307871918842618
0.222972972972973	0.62814853626612488
0.22352352352352353	0.6232288726098123
0.22407407407407409	0.61831961800331525
0.22462462462462465	0.61342066307424914
0.22517517517517519	0.60853189928277174
0.22572572572572575	0.60365321892379087
0.22627627627627631	0.59878451510348585
0.22682682682682684	0.59392568172056526
0.2273773773773774	0.58907661346319529
0.22792792792792793	0.58423720579839922
0.22847847847847849	0.57940735496161577
0.22902902902902905	0.57458695794642423
0.22957957957957958	0.56977591249442905
0.23013013013013014	0.56497411708530876
0.23068068068068071	0.56018147092702808
0.23123123123123124	0.55539787394621198
0.2317817817817818	0.55062322677868203
0.23233233233233236	0.54585743076175186
0.23288288288288289	0.54110038799875682
0.23343343343343345	0.53635200126841898
0.23398398398398401	0.53161217399571725
0.23453453453453454	0.52688081027654843
0.2350850850850851	0.52215781486977497
0.23563563563563567	0.51744309318945791
0.2361861861861862	0.51273655129726847
0.23673673673673676	0.50803809589508186
0.23728728728728729	0.50334763431775387
0.23783783783783785	0.49866507452607695
0.23838838838838841	0.49399032509992025
0.23893893893893894	0.48932329523154944
0.2394894894894895	0.4846638947142638
0.24004004004004006	0.48001203382175928
0.2405905905905906	0.47536762344734729
0.24114114114114116	0.47073057510371058
0.24169169169169172	0.46610080087535322
0.24224224224224225	0.46147821341220768
0.24279279279279281	0.456862725923396
0.24334334334334337	0.45225425217114584
0.2438938938938939	0.44765270646485855
0.24444444444444446	0.44305800365533043
0.24499499499499502	0.43847005912913006
0.24554554554554556	0.4338887888031262
0.24609609609609612	0.4293141091191704
0.24664664664664665	0.42474593702677904
0.24719719719719721	0.4201841898082867
0.24774774774774777	0.41562878531580427
0.2482982982982983	0.41107964194279051
0.24884884884884886	0.40653667856873782
0.24939939939939942	0.40199981455359352
0.24994994994994996	0.39746896973229168
0.25050050050050054	0.39294406440939694
0.25105105105105108	0.38842501935386381
0.25160160160160161	0.38391175579390296
0.25215215215215214	0.37940419541196435
0.25270270270270273	0.37490226033982993
0.25325325325325326	0.37040587315382145
0.2538038038038038	0.36591495686234621
0.25435435435435438	0.36142943483153633
0.25490490490490492	0.35694923089102343
0.25545545545545545	0.35247426930793102
0.25600600600600604	0.34800447476544405
0.25655655655655657	0.34353977235819155
0.2571071071071071	0.33908008758772018
0.25765765765765769	0.33462534635806679
0.25820820820820822	0.33017547497142585
0.25875875875875876	0.32573040012390797
0.25930930930930934	0.32129004890139701
0.25985985985985988	0.31685434877550239
0.26041041041041041	0.31242322759960228
0.260960960960961	0.30799661359833863
0.26151151151151153	0.30357443532396849
0.26206206206206206	0.29915662172263241
0.26261261261261265	0.29474310211176902
0.26316316316316318	0.29033380616848764
0.26371371371371372	0.28592866392587979
0.2642642642642643	0.28152760576941949
0.26481481481481484	0.2771305624334478
0.26536536536536537	0.27273746499773799
0.26591591591591596	0.26834824488414899
0.26646646646646649	0.2639628338533635
0.26701701701701702	0.25958116400170655
0.26756756756756761	0.25520316775805252
0.26811811811811814	0.25082877787719382
0.26866866866866868	0.24645792742222675
0.26921921921921926	0.24209054979062239
0.2697697697697698	0.23772657870184521
0.27032032032032033	0.23336594819217865
0.27087087087087092	0.229008592612017
0.27142142142142145	0.22465444662323775
0.27197197197197198	0.22030344519664996
0.27252252252252251	0.21595552360952774
0.2730730730730731	0.21161061744322088
0.27362362362362364	0.20726866258084856
0.27417417417417417	0.20292959520506906
0.27472472472472476	0.19859335179593349
0.27527527527527529	0.19425986913675619
0.27582582582582582	0.18992908433145153
0.27637637637637641	0.18560093475281858
0.27692692692692694	0.18127535806130488
0.27747747747747747	0.17695229220628322
0.27802802802802806	0.17263167542444519
0.2785785785785786	0.16831344623827574
0.27912912912912913	0.16399754345460624
0.27967967967967972	0.15968390616325248
0.28023023023023025	0.15537247373573448
0.28078078078078078	0.15106318582407424
0.28133133133133137	0.14675598235967852
0.2818818818818819	0.14245080355230388
0.28243243243243243	0.13814758988909889
0.28298298298298302	0.1338462821337322
0.28353353353353355	0.12954682132560214
0.28408408408408409	0.12524914877912394
0.28463463463463468	0.1209532060831028
0.28518518518518521	0.11665893510018815
0.28573573573573574	0.112366277966406
0.28628628628628633	0.10807517714569775
0.28683683683683686	0.1037855753923663
0.28738738738738739	0.099497415686428753
0.28793793793793798	0.095210641282882369
0.28848848848848851	0.090925195711798884
0.28903903903903905	0.086641022778496724
0.28958958958958964	0.082358066563802138
0.29014014014014017	0.07807627142439566
0.2906906906906907	0.073795581993239656
0.29124124124124129	0.069515943180095047
0.29179179179179182	0.065237300172123008
0.29234234234234235	0.060959598434568031
0.29289289289289289	0.056682783711530529
0.29344344344344347	0.052406802026821769
0.29399399399399401	0.04813159968490674
0.29454454454454454	0.043857123271927756
0.29509509509509513	0.039583319656817106
0.29564564564564566	0.035310135992494822
0.29619619619619619	0.031037519717147757
0.29674674674674678	0.026765418408364734
0.29729729729729731	0.022493777600230278
0.29784784784784785	0.018222541950092715
0.29839839839839843	0.013951656200964313
0.29894894894894897	0.009681064931480755
0.2994994994994995	0.0054107079908258171
0.30005005005005009	0.0011405149309311705
0.30060060060060062	-0.0031295786144631514
0.30115115115115115	-0.0073995457318661731
0.30170170170170174	-0.011669311145312136
0.30225225225225227	-0.015938812758534652
0.30280280280280281	-0.020207993332115287
0.30335335335335339	-0.024476797743129695
0.30390390390390393	-0.028745172491389036
0.30445445445445446	-0.033013063938483349
0.30500500500500505	-0.037280418165130169
0.30555555555555558	-0.041547182186682546
0.30610610610610611	-0.045813303572614983
0.3066566566566567	-0.050078729321650646
0.30720720720720723	-0.054343406359708565
0.30775775775775777	-0.058607281457007575
0.30830830830830835	-0.062870301479877697
0.30885885885885889	-0.067132413184526382
0.30940940940940942	-0.071393562675279854
0.30995995995996001	-0.07565369631429418
0.31051051051051054	-0.079912760464414784
0.31106106106106107	-0.084170700332941717
0.31161161161161166	-0.088427461524465401
0.31216216216216219	-0.092682989980719735
0.31271271271271273	-0.096937231643439953
0.31326326326326326	-0.1011901324543608
0.31381381381381385	-0.10544163828338246
0.31436436436436438	-0.10969169308455332
0.31491491491491491	-0.11394024127705335
0.3154654654654655	-0.11818722796299942
0.31601601601601603	-0.12243259824450707
0.31656656656656657	-0.12667629722369314
0.31711711711711715	-0.13091826997480654
0.31766766766766769	-0.13515846023671982
0.31821821821821822	-0.13939681191126904
0.31876876876876881	-0.14363326948398689
0.31931931931931934	-0.14786777744040472
0.31986986986986987	-0.15210028026605521
0.32042042042042046	-0.15633072243988222
0.32097097097097099	-0.16055904769286736
0.32152152152152152	-0.16478519973518585
0.32207207207207211	-0.16900912268117546
0.32262262262262265	-0.1732307606451727
0.32317317317317318	-0.17745005774151526
0.32372372372372377	-0.18166695808410921
0.3242742742742743	-0.18588140552508214
0.32482482482482483	-0.19009334387639049
0.32537537537537542	-0.19430271713517533
0.32592592592592595	-0.19850946929857646
0.32647647647647648	-0.20271354436373504
0.32702702702702707	-0.20691488632779217
0.32757757757757761	-0.21111343918788766
0.32812812812812814	-0.21530914700488157
0.32867867867867873	-0.21950195422386004
0.32922922922922926	-0.22369180503989827
0.32977977977977979	-0.22787864358486248
0.33033033033033038	-0.23206241399061883
0.33088088088088091	-0.23624306038903223
0.33143143143143144	-0.24042052691196886
0.33198198198198203	-0.24459475769129485
0.33253253253253257	-0.24876569767737067
0.3330830830830831	-0.25293329233442047
0.33363363363363363	-0.25709748625497159
0.33418418418418422	-0.26125822402801702
0.33473473473473475	-0.26541545024254831
0.33528528528528528	-0.26956910948755841
0.33583583583583587	-0.27371914635204009
0.3363863863863864	-0.27786550563727469
0.33693693693693694	-0.28200813431457478
0.33748748748748753	-0.28614697822880147
0.33803803803803806	-0.29028198271534189
0.33858858858858859	-0.29441309310958408
0.33913913913913918	-0.29854025474691626
0.33968968968968971	-0.30266341296272536
0.34024024024024024	-0.30678251309239968
0.34079079079079083	-0.31089750187553444
0.34134134134134136	-0.31500832784616867
0.3418918918918919	-0.31911493740739671
0.34244244244244249	-0.32321727690636987
0.34299299299299302	-0.32731529269023801
0.34354354354354355	-0.33140893110615249
0.34409409409409414	-0.33549813850126442
0.34464464464464467	-0.3395828613759006
0.3451951951951952	-0.34366304929196956
0.34574574574574579	-0.34773865086658451
0.34629629629629632	-0.35180961375013858
0.34684684684684686	-0.35587588559302613
0.34739739739739744	-0.35993741404564128
0.34794794794794798	-0.36399414680782999
0.34849849849849851	-0.36804603402176805
0.3490490490490491	-0.37209302554098267
0.34959959959959963	-0.37613507013989972
0.35015015015015016	-0.38017211659294609
0.35070070070070075	-0.38420411367454893
0.35125125125125128	-0.38823101016715406
0.35180180180180182	-0.39225275734945581
0.3523523523523524	-0.39626930688914985
0.35290290290290294	-0.40028060887408068
0.35345345345345347	-0.40428661339209415
0.354004004004004	-0.4082872705310357
0.35455455455455459	-0.41228253037875112
0.35510510510510512	-0.41627235213641006
0.35565565565565566	-0.42025667166640379
0.35620620620620624	-0.42423545341858221
0.35675675675675678	-0.42820864805966974
0.35730730730730731	-0.43217620649191713
0.3578578578578579	-0.43613807985310021
0.35840840840840843	-0.44009422086238903
0.35895895895895896	-0.44404458417696757
0.35950950950950955	-0.44798912305043759
0.36006006006006008	-0.45192779107547376
0.36061061061061062	-0.45586054221966016
0.3611611611611612	-0.45978733082548928
0.36171171171171174	-0.46370811161036068
0.36226226226226227	-0.46762283966658347
0.36281281281281286	-0.47153147037382775
0.36336336336336339	-0.47543395839045627
0.36391391391391392	-0.47933025914186567
0.36446446446446451	-0.48322032863609626
0.36501501501501504	-0.48710412319969426
0.36556556556556558	-0.49098159947771397
0.36611611611611616	-0.49485271443371653
0.3666666666666667	-0.49871742534976898
0.36721721721721723	-0.50257568982644651
0.36776776776776782	-0.50642746555561802
0.36831831831831835	-0.51027271025748533
0.36886886886886888	-0.51411138224906605
0.36941941941941947	-0.51794344014847438
0.36996996996997	-0.52176884286869429
0.37052052052052054	-0.52558754961758225
0.37107107107107112	-0.52939951989786571
0.37162162162162166	-0.53320471350714238
0.37217217217217219	-0.53700309056485451
0.37272272272272272	-0.54079461182646094
0.37327327327327331	-0.54457923822105259
0.37382382382382384	-0.54835693090747317
0.37437437437437437	-0.55212765135699893
0.37492492492492496	-0.55589136135333717
0.3754754754754755	-0.5596480229926255
0.37602602602602603	-0.56339759868343375
0.37657657657657662	-0.56714005114676325
0.37712712712712715	-0.57087534318400612
0.37767767767767768	-0.57460343938117719
0.37822822822822827	-0.57832430290245274
0.3787787787787788	-0.58203789790669536
0.37932932932932933	-0.58574418887001678
0.37987987987987992	-0.58944314058746705
0.38043043043043046	-0.5931347181747243
0.38098098098098099	-0.59681888706978781
0.38153153153153158	-0.60049561304131027
0.38208208208208211	-0.60416486229896915
0.38263263263263264	-0.60782660144277256
0.38318318318318323	-0.61148079745725492
0.38373373373373376	-0.61512741755315847
0.38428428428428429	-0.61876642923142489
0.38483483483483488	-0.62239780033951497
0.38538538538538542	-0.62602149911716098
0.38593593593593595	0.34336179457513399
0.38648648648648654	0.33890230848366887
0.38703703703703707	0.33444776299492363
0.3875875875875876	0.32999808442302453
0.38813813813813819	0.32555319947552946
0.38868868868868872	0.32111303524538404
0.38923923923923925	0.31667751920958781
0.38978978978978984	0.31224657920612198
0.39034034034034037	0.30782014344271624
0.39089089089089091	0.30339814052107994
0.3914414414414415	0.29898049941437599
0.39199199199199203	0.29456714946280282
0.39254254254254256	0.29015802036918631
0.39309309309309309	0.28575304219457576
0.39364364364364368	0.28135214535383729
0.39419419419419421	0.27695526061124998
0.39474474474474475	0.27256231907609763
0.39529529529529533	0.26817325219826443
0.39584584584584587	0.2637879917614443
0.3963963963963964	0.25940646987860555
0.39694694694694699	0.25502861899272744
0.39749749749749752	0.25065437186950401
0.39804804804804805	0.2462836615928812
0.39859859859859864	0.24191642156063653
0.39914914914914917	0.23755258547995814
0.39969969969969971	0.23319208736302025
0.40025025025025029	0.22883486152256249
0.40080080080080083	0.22448084256746931
0.40135135135135136	0.22012996539834515
0.40190190190190195	0.21578216533469924
0.40245245245245248	0.21143737820160752
0.40300300300300301	0.2070955399093441
0.4035535535535536	0.20275658665485502
0.40410410410410413	0.1984204549266618
0.40465465465465467	0.19408708150156714
0.40520520520520525	0.18975640344136488
0.40575575575575579	0.18542835808954955
0.40630630630630632	0.18110288306802241
0.40685685685685691	0.17677991627380119
0.40740740740740744	0.17245939587572978
0.40795795795795797	0.16814126040874081
0.40850850850850856	0.16382544892182124
0.40905905905905909	0.15951190053987821
0.40960960960960963	0.1552005546502889
0.41016016016016021	0.1508913509166924
0.41071071071071075	0.14658422927677997
0.41126126126126128	0.14227912994008149
0.41181181181181187	0.13797599338575567
0.4123623623623624	0.13367476036038059
0.41291291291291293	0.12937537187573986
0.41346346346346347	0.12507776920661359
0.41401401401401405	0.12078189396219
0.41456456456456459	0.11648768828669029
0.41511511511511512	0.11219509440130276
0.41566566566566571	0.10790405477410282
0.41621621621621624	0.10361451214604794
0.41676676676676677	0.099326409529852222
0.41731731731731736	0.095039690208864616
0.41786786786786789	0.090754297735947259
0.41841841841841843	0.086470175932350013
0.41896896896896901	0.082187268886588657
0.41951951951951955	0.077905520953323301
0.42007007007007008	0.073624876758709587
0.42062062062062067	0.069345281228707659
0.4211711711711712	0.065066679532095967
0.42172172172172173	0.060789017096716649
0.42227227227227232	0.056512239613499243
0.42282282282282285	0.052236293035472718
0.42337337337337339	0.047961123576773401
0.42392392392392397	0.043686677711657032
0.42447447447447451	0.039412902173510588
0.42502502502502504	0.035139743953860436
0.42557557557557563	0.030867150301384177
0.42612612612612616	0.026595068576900874
0.42667667667667669	0.022323444627543883
0.42722722722722728	0.018052223754551521
0.42777777777777781	0.013781350898227128
0.42832832832832834	0.0095107704604695288
0.42887887887887893	0.0052404214938770117
0.42942942942942947	0.00097023582854925032
0.42997997997998	-0.0032998524663056241
0.43053053053053059	-0.0075698127858009681
0.43108108108108112	-0.011839568859108165
0.43163163163163165	-0.016109058759445776
0.43218218218218224	-0.020378225381165089
0.43273273273273277	-0.024647013796549572
0.4332832832832833	-0.028915370546741176
0.43383383383383384	-0.033183241588397888
0.43438438438438443	-0.037450572998130538
0.43493493493493496	-0.041717312469978493
0.43548548548548549	-0.045983407176957307
0.43603603603603608	-0.050248804082027643
0.43658658658658661	-0.05451345009408818
0.43713713713713714	-0.058777292132819535
0.43768768768768773	-0.063040277104743567
0.43823823823823826	-0.067302351382154832
0.4387887887887888	-0.071563461360347025
0.43933933933933939	-0.075823553555103909
0.43988988988988992	-0.08008257345508657
0.44044044044044045	-0.084340466651780591
0.44099099099099104	-0.088597179206056281
0.44154154154154157	-0.092852657178782702
0.4420920920920921	-0.097106846630830218
0.44264264264264269	-0.10135969362306915
0.44319319319319322	-0.10561114274008013
0.44374374374374376	-0.1098611379763805
0.44429429429429435	-0.11410962452416747
0.44484484484484488	-0.1183565475756423
0.44539539539539541	-0.12260185232300763
0.445945945945946	-0.12684548395846604
0.44649649649649653	-0.13108738690438371
0.44704704704704706	-0.13532750458812592
0.44759759759759765	-0.13956578152206064
0.44814814814814818	-0.14380216224472139
0.44869869869869872	-0.14803659129464292
0.44924924924924931	-0.15226901321036004
0.44979979979979984	-0.15649937222700022
0.45035035035035037	-0.16072761174293099
0.45090090090090096	-0.16495367583363646
0.45145145145145149	-0.16917750863684969
0.45200200200200202	-0.17339905429030494
0.45255255255255261	-0.17761825693173647
0.45310310310310314	-0.18183506062661431
0.45365365365365368	-0.18604940905248429
0.45420420420420421	-0.19026124614955092
0.4547547547547548	-0.19447051591608924
0.45530530530530533	-0.19867716235037314
0.45585585585585586	-0.20288112945067763
0.45640640640640645	-0.20708236121527784
0.45695695695695698	-0.21128080164377203
0.45750750750750752	-0.21547639499546922
0.4580580580580581	-0.21966908554123332
0.45860860860860864	-0.22385881739083446
0.45915915915915917	-0.22804553465404409
0.45970970970970976	-0.23222918144063359
0.46026026026026029	-0.23640970186037316
0.46081081081081082	-0.24058704002303422
0.46136136136136141	-0.24476114038495486
0.46191191191191194	-0.24893194846996511
0.46246246246246248	-0.25309940891153376
0.46301301301301306	-0.25726346624549978
0.4635635635635636	-0.26142406500770105
0.46411411411411413	-0.26558114973397651
0.46466466466466472	-0.26973466496016524
0.46521521521521525	-0.27388455527942462
0.46576576576576578	-0.27803076718121533
0.46631631631631637	-0.28217324667996274
0.4668668668668669	-0.28631193902004759
0.46741741741741744	-0.29044678944585206
0.46796796796796802	-0.29457774320175822
0.46851851851851856	-0.29870474553214699
0.46906906906906909	-0.30282774168140042
0.46961961961961968	-0.30694667803522335
0.47017017017017021	-0.31106150294846852
0.47072072072072074	-0.31517216272659071
0.47127127127127133	-0.31927860358197979
0.47182182182182186	-0.32338077172702451
0.4723723723723724	-0.32747861337411466
0.47292292292292298	-0.33157207473564021
0.47347347347347352	-0.33566110215316586
0.47402402402402405	0.18210564482789612
0.47457457457457458	0.17778210155041163
0.47512512512512517	0.17346101913167764
0.4756756756756757	0.1691423360358662
0.47622622622622623	0.1648259910195026
0.47677677677677682	0.16051192311653376
0.47732732732732736	0.15620007164674038
0.47787787787787789	0.15189037621288332
0.47842842842842848	0.14758277669652661
0.47897897897897901	0.14327721324247505
0.47952952952952954	0.13897362629074553
0.48008008008008013	0.13467195656670361
0.48063063063063066	0.13037214507777001
0.48118118118118119	0.12607413311341764
0.48173173173173178	0.12177786224517309
0.48228228228228232	0.1174832743266179
0.48283283283283285	0.11319031149338593
0.48338338338338344	0.10889891616316472
0.48393393393393397	0.10460903103569666
0.4844844844844845	0.10032059909277659
0.48503503503503509	0.096033563597953342
0.48558558558558562	0.091747867979793951
0.48613613613613615	0.08746345593627361
0.48668668668668674	0.08318027152434182
0.48723723723723728	0.078898259079209374
0.48778778778778781	0.074617363214345866
0.4883383383383384	0.070337528821480963
0.48888888888888893	0.066058701070605616
0.48943943943943946	0.061780825409969625
0.48998998998999005	0.057503847566082789
0.49054054054054058	0.05322771354371629
0.49109109109109111	0.048952369625900063
0.4916416416416417	0.044677762373924103
0.49219219219219223	0.04040383870329585
0.49274274274274277	0.036130546059920519
0.4932932932932933	0.03185783196317838
0.49384384384384389	0.027585644192403211
0.49439439439439442	0.023313930812404279
0.49494494494494495	0.019042640173463736
0.49549549549549554	0.014771720911337972
0.49604604604604607	0.010501121947258846
0.49659659659659661	0.0062307924879311458
0.49714714714714719	0.0019606820255338459
0.49769769769769773	-0.0023092596622785698
0.49824824824824826	-0.0065790825123787176
0.49879879879879885	-0.010848833423474036
0.49934934934934938	-0.015118400288003642
0.49989989989989991	-0.019387646893947692
0.50045045045045045	-0.023656527791213265
0.50100100100100109	-0.027924988807922244
0.50155155155155162	-0.032192976513359818
0.50210210210210215	-0.036460437519975256
0.50265265265265269	-0.040727318971265379
0.50320320320320322	-0.044993567903846413
0.50375375375375375	-0.049259131406654846
0.50430430430430429	-0.053523956458416365
0.50485485485485493	-0.057787989936428294
0.50540540540540546	-0.062051177972191125
0.50595595595595599	-0.066313466846038754
0.50650650650650653	-0.070574803180215848
0.50705705705705706	-0.074835133596967141
0.50760760760760759	-0.079094404718537292
0.50815815815815824	-0.083352563167171892
0.50870870870870877	-0.087609555558960023
0.5092592592592593	-0.091865326380843396
0.50980980980980983	-0.096119819864344355
0.51036036036036037	-0.10037298165078132
0.5109109109109109	-0.1046247573814727
0.51146146146146154	-0.10887509269773774
0.51201201201201207	-0.11312393324089313
0.51256256256256261	-0.11737122465225817
0.51311311311311314	-0.12161691108085348
0.51366366366366367	-0.12586093571858559
0.5142142142142142	-0.13010324332292064
0.51476476476476485	-0.13434377865749711
0.51531531531531538	-0.1385824864859509
0.51586586586586591	-0.14281931157192046
0.51641641641641645	-0.1470541986790434
0.51696696696696698	-0.15128709186936171
0.51751751751751751	-0.15551793422782351
0.51806806806806815	-0.15974666993342398
0.51861861861861869	-0.16397324319827269
0.51916916916916922	-0.16819759823448174
0.51971971971971975	-0.17241967925416232
0.52027027027027029	-0.17663943046942571
0.52082082082082082	-0.18085679591889101
0.52137137137137146	0.099303636818409063
0.52192192192192199	0.095016924270995395
0.52247247247247253	0.090731538262154202
0.52302302302302306	0.086447422653853162
0.52357357357357359	0.082164521579091751
0.52412412412412412	0.077882779440069952
0.52467467467467466	0.073602140920628042
0.5252252252252253	0.069322550980139952
0.52577577577577583	0.065043954853424943
0.52632632632632637	0.060766298050742323
0.5268768768768769	0.056489526266975662
0.52742742742742743	0.052213585298956422
0.52797797797797796	0.047938421326906962
0.52852852852852861	0.043663980791099663
0.52907907907907914	0.039390210386752111
0.52962962962962967	0.035117057064021968
0.5301801801801802	0.030844467341311955
0.53073073073073074	0.026572386133333108
0.53128128128128127	0.022300759632896981
0.53183183183183191	0.018029534187058025
0.53238238238238245	0.013758656202184175
0.53293293293293298	0.0094880721439516633
0.53348348348348351	0.0052177258812230905
0.53403403403403404	0.00094754691784636365
0.53458458458458458	-0.0033225333492487479
0.53513513513513522	-0.007592491724292022
0.53568568568568575	-0.011862247011787438
0.53623623623623629	-0.016131736353052484
0.53678678678678682	-0.020400903898466074
0.53733733733733735	-0.024669690990312909
0.53788788788788788	-0.028938044882080644
0.53843843843843853	-0.033205912675767349
0.53898898898898906	-0.037473240932037313
0.53953953953953959	-0.041739977104372522
0.54009009009009012	-0.046006068162506436
0.54064064064064066	-0.050271461157967018
0.54119119119119119	-0.054536103124800415
0.54174174174174183	-0.058799940203861367
0.54229229229229237	-0.063062918395038497
0.5428428428428429	-0.067324984370218624
0.54339339339339343	-0.071586084801287655
0.54394394394394396	-0.075846166360131528
0.5444944944944945	-0.080105175718636193
0.54504504504504503	-0.084363059548687572
0.54559559559559567	-0.088619764522172448
0.54614614614614621	-0.092875237229853608
0.54669669669669674	-0.097129421598248181
0.54724724724724727	0.054312168429901768
0.5477977977977978	0.050036630165655516
0.54834834834834834	0.045761841788984965
0.54889889889889898	0.041487749789456789
0.54944944944944951	0.037214300805334388
0.55000000000000004	0.032941441188091794
