0.1649998
0.1652889
0.160777
0.1565429
0.1616345
0.1665502
0.1693103
0.1639723
0.1648473
0.1696744
0.1677467
0.164339
0.1595571
0.1561152
0.1510104
0.1635006
0.1623985
0.1613546
0.1602039
0.1582482
0.1645196
0.1628726
0.1603044
0.1661061
0.1604964
0.1640503
0.1694205
0.1737964
0.1733299
0.1651512
0.1615365
0.1605783
0.1628345
0.1653698
0.1677908
0.1687121
0.1664916
0.1634677
0.157938
0.1630408
0.1687721
0.1711864
0.1710922
0.1745069
0.1706082
0.166545
0.1640298
0.1641239
0.1641762
0.1670891
0.1664098
0.1669822
0.1738618
0.1705977
0.1661218
0.1608501
0.1648029
0.1650652
0.1606159
0.1631243
0.1638245
0.1626687
0.1605963
0.1657925
0.1693209
0.1696367
0.168608
0.1660655
0.1628993
0.1665294
0.167906
0.1666866
0.1668892
0.1724635
0.1779773
0.175342
0.1764764
0.1741518
0.1731572
0.1705048
0.1721589
0.167597
0.165338
0.1612531
0.1645986
0.1678431
0.165727
0.1722634
0.1717184
0.170632
0.1698269
0.1624467
0.167396
0.1614447
0.1575287
0.1590136
0.1597913
0.1478443
0.1549602
0.1573067
0.1595734
0.161143
0.1575834
0.1565351
0.1613843
0.1627467
0.1632717
0.163404
0.1587978
0.1579827
0.1598192
0.1605041
0.1619952
0.1617484
0.1643678
0.1573172
0.1601025
0.160638
0.1616455
0.156789
0.1589821
0.1660028
0.1645995
0.1613667
0.1591775
0.1626315
0.1626345
0.1655536
0.1619921
0.1570418
0.1577229
0.1609206
0.1583039
0.160224
0.1608995
0.1575723
0.154819
0.1609718
0.1628071
0.1625128
0.1674092
0.1605117
0.1610895
0.1640808
0.1667842
0.1648331
0.1695875
0.1657976
0.1632247
0.158833
0.1548652
0.1525952
0.1689645
0.1730926
0.1729353
0.1682321
0.1631942
0.1628425
0.1661347
0.1662967
0.1682956
0.1662378
0.1635266
0.1597232
0.1609454
0.1605756
0.1651121
0.1669092
0.1647096
0.1649461
0.1588694
0.1568382
0.1653319
0.1624126
0.1617633
0.1632573
0.1662402
0.1633727
0.159601
0.1604801
0.1632145
0.1656497
0.1699727
0.1691402
0.1703787
0.1742391
0.1718476
0.1670838
0.1692497
0.1665303
0.1676696
0.1637672
0.1676499
0.1644499
0.1612959
0.1666028
0.1688486
0.1686617
0.1688595
