t	tSc	energy	enstrophy	enScaled	ensScaled
0	0	0.1649998	4201.087	1.0041187911003047	0.9942928478205073
1	0.355	0.1652889	4223.625	1.0058781310662144	0.9996270320933344
2	0.71	0.160777	4249.873	0.9784206215809577	1.0058392811302128
3	1.065	0.1565429	4247.785	0.9526536850549874	1.005345103440903
4	1.42	0.1616345	4206.743	0.9836390028357743	0.9956314824041932
5	1.7750000000000001	0.1665502	4165.184	1.0135538678320457	0.9857955003208484
6	2.13	0.1693103	4156.915	1.0303506656179577	0.9838384336001097
7	2.4850000000000003	0.1639723	4159.536	0.9978658619582356	0.984458759138271
8	2.84	0.1648473	4200.624	1.0031907407896814	0.9941832672313548
9	3.195	0.1696744	4245.568	1.03256642376942	1.0048203946587193
10	3.5500000000000003	0.1677467	4258.111	1.0208352592855596	1.0077890109216563
11	3.905	0.164339	4207.897	1.000097442606797	0.9959046055140893
12	4.26	0.1595571	4105.945	0.9709968276535513	0.9717751017877926
13	4.615	0.1561152	4072.61	0.9500508842821768	0.9638855360439516
14	4.970000000000001	0.1510104	4093.237	0.9189852369007323	0.9687674341269937
15	5.324999999999999	0.1635006	4130.819	0.9949952958499009	0.9776621591842921
16	5.68	0.1623985	4184.944	0.9882883827526023	0.9904722010587605
17	6.035	0.1613546	4222.062	0.9819356501672925	0.9992571088517678
18	6.39	0.1602039	4244.34	0.974932978085756	1.0045297575885699
19	6.745	0.1582482	4233.043	0.9630314174792893	1.0018560385482764
20	7.1000000000000005	0.1645196	4177.952	1.0011964975976073	0.9888173684899608
21	7.454999999999999	0.1628726	4121.042	0.9911735542428748	0.9753481863546075
22	7.81	0.1603044	4038.865	0.9755445784543963	0.9558989334933014
23	8.165000000000001	0.1661061	4010.56	1.0108512636159943	0.9491998436964084
24	8.52	0.1604964	4022.214	0.9767130090094107	0.951958055761167
25	8.875	0.1640503	4036.115	0.9983405368712104	0.955248076862266
26	9.23	0.1694205	4034.603	1.0310212960719296	0.9548902240527659
27	9.585	0.1737964	4017.16	1.0576511672473845	0.9507618996108933
28	9.940000000000001	0.1733299	3978.525	1.054812246133248	0.9416179556326931
29	10.295	0.1651512	3937.87	1.00504014727754	0.9319959278746051
30	10.649999999999999	0.1615365	3906.638	0.9830426164066525	0.9246040899471519
31	11.004999999999999	0.1605783	3877.508	0.977211417668034	0.9177097431609484
32	11.36	0.1628345	3844.667	0.990941693804614	0.9099370949355551
33	11.715	0.1653698	3811.327	1.0063704541490304	0.9020463458160211
34	12.07	0.1677908	3787.631	1.0211036331786645	0.8964380917327434
35	12.424999999999999	0.1687121	3806.901	1.0267102741699912	0.9009988216527619
36	12.78	0.1664916	3858.206	1.013197253089734	0.913141439636496
37	13.135	0.1634677	3903.924	0.9947950804058385	0.9239617536211047
38	13.49	0.157938	3932.805	0.9611436718638442	0.9307971682978072
39	13.845	0.1630408	3984.158	0.9921971480936739	0.942951146688192
40	14.200000000000001	0.1687721	4016.004	1.0270754087184333	0.9504883031507199
41	14.554999999999998	0.1711864	4047.923	1.041767814390158	0.9580427368983625
42	14.909999999999998	0.1710922	4059.228	1.0411945531491043	0.9607183493397642
43	15.264999999999999	0.1745069	4044.086	1.0619749688585183	0.9571346143917142
44	15.62	0.1706082	4046.061	1.0382491344583387	0.957602047790367
45	15.975	0.166545	4077.605	1.0135222228378473	0.9650677283610503
46	16.330000000000002	0.1640298	4142.668	0.9982157825671593	0.9804665229010694
47	16.685	0.1641239	4219.873	0.9987884352506323	0.9987390269734635
48	17.04	0.1641762	4296.834	0.9991067108653576	1.0169537823120496
49	17.395	0.1670891	4363.764	1.0168333846346354	1.0327944493357573
50	17.75	0.1664098	4410.497	1.0126994529886915	1.0438549885860027
51	18.105	0.1669822	4436.668	1.016182836580828	1.050049013637212
52	18.46	0.1738618	4433.424	1.0580491639051863	1.049281239487729
53	18.815	0.1705977	4407.263	1.0381852359123613	1.043089581187905
54	19.17	0.1661218	4369.938	1.0109468071561698	1.0342556816412163
55	19.525000000000002	0.1608501	4323.953	0.9788654771724761	1.0233721753946126
56	19.880000000000003	0.1648029	4301.335	1.0029205412238342	1.0180190571107006
57	20.235	0.1650652	4291.375	1.0045167877581065	1.0156617727306598
58	20.59	0.1606159	4284.803	0.977440235318391	1.0141063437200546
59	20.944999999999997	0.1631243	4289.801	0.992705293673589	1.015289246062569
60	21.299999999999997	0.1638245	4295.34	0.9969664138539069	1.0166001896550436
61	21.654999999999998	0.1626687	4279.194	0.9899327053357527	1.012778832867881
62	22.009999999999998	0.1605963	4252.775	0.9773209580325665	1.006526112382309
63	22.365	0.1657925	4224.627	1.0089428270428042	0.99986418058217
64	22.72	0.1693209	4194.693	1.0304151727215158	0.9927795469845655
65	23.075	0.1696367	4188.114	1.0323369975614822	0.9912224612479902
66	23.43	0.168608	4262.667	1.0260767657284444	1.008867302852928
67	23.785	0.1660655	4279.513	1.0106041892382152	1.012854332237081
68	24.14	0.1628993	4283.145	0.9913360391169315	1.013713936340325
69	24.494999999999997	0.1665294	4277.748	1.0134272878552524	1.0124366006175256
70	24.849999999999998	0.167906	4280.874	1.0218046915116732	1.013176447100659
71	25.205	0.1666866	4301.471	1.0143839403721704	1.0180512449295445
72	25.56	0.1668892	4321.341	1.0156168780307429	1.0227539799326981
73	25.915	0.1724635	4324.509	1.0495397032537457	1.0235037667716507
74	26.27	0.1779773	4321.965	1.083094351140403	1.0229016652191585
75	26.625	0.175342	4354.864	1.06705703321525	1.030688040602588
76	26.98	0.1764764	4415.517	1.0739605104111267	1.0450430977815652
77	27.335	0.1741518	4456.57	1.0598139808893225	1.0547593222447995
78	27.69	0.1731572	4486.305	1.053761267191316	1.0617968574898309
79	28.045	0.1705048	4461.988	1.037619885919857	1.0560416281455085
80	28.400000000000002	0.1721589	4371.954	1.047686036862822	1.0347328187205496
81	28.755000000000003	0.167597	4345.085	1.0199242485871969	1.0283735944226264
82	29.109999999999996	0.165338	4339.301	1.006176932838356	1.0270046654212053
83	29.464999999999996	0.1612531	4320.159	0.9813179642228449	1.022474229918922
84	29.819999999999997	0.1645986	4311.368	1.0016772580863893	1.0203936187758562
85	30.174999999999997	0.1678431	4351.555	1.0214219087933898	1.0299048825690988
86	30.529999999999998	0.165727	4415.006	1.0085442218274216	1.044922156785762
87	30.884999999999998	0.1722634	4438.671	1.0483219795346919	1.0505230739397444
88	31.24	0.1717184	4410.613	1.045005340719677	1.0438824429020754
89	31.595	0.170632	4326.917	1.038393971162554	1.0240736805052992
90	31.95	0.1698269	4269.254	1.0334944740800434	1.0104262819906114
91	32.305	0.1624467	4204.453	0.9885817075065174	0.9950894963368946
92	32.660000000000004	0.167396	4210.611	1.018701047849916	0.9965469418401366
93	33.015	0.1614447	4199.038	0.9824839605475362	0.9938079004616012
94	33.37	0.1575287	4175.927	0.9586528456858892	0.9883381013343802
95	33.724999999999994	0.1590136	4137.881	0.9676893172022476	0.979333559012791
96	34.08	0.1597913	4109.53	0.9724220695076365	0.9726235821595242
97	34.434999999999995	0.1478443	4095.494	0.8997176953370295	0.9693016099147198
98	34.79	0.1549602	4083.111	0.9430220442246684	0.9663708616739523
99	35.144999999999996	0.1573067	4061.979	0.9573018478566537	0.961369442645938
100	35.5	0.1595734	4035.406	0.9710960225392113	0.9550802741890282
101	35.855	0.161143	4021.091	0.9806479423264538	0.951692269580566
102	36.21	0.1575834	4010.05	0.9589857266825522	0.9490791393757437
103	36.565	0.1565351	4001.613	0.9526062175636899	0.9470823112317273
104	36.92	0.1613843	4021.237	0.9821163917687713	0.9517268241507956
105	37.275	0.1627467	4071.556	0.9904073802487273	0.963636080447911
106	37.63	0.1632717	4114.811	0.9936023075475947	0.9738734635662506
107	37.985	0.163404	4149.775	0.9944074292269093	0.9821485731108033
108	38.34	0.1587978	4216.037	0.9663760499430178	0.997831141141954
109	38.695	0.1579827	4278.326	0.9614156971024336	1.0125733988476124
110	39.050000000000004	0.1598192	4310.076	0.972591857072662	1.0200878344968387
111	39.405	0.1605041	4318.705	0.9767598679431274	1.0221301042674584
112	39.760000000000005	0.1619952	4283.544	0.9858340700294915	1.0138083697206097
113	40.114999999999995	0.1617484	4285.833	0.9843321499202333	1.0143501191127695
114	40.47	0.1643678	4323.172	1.0002727071900492	1.0231873321113982
115	40.824999999999996	0.1573172	4372.773	0.9573657464026311	1.034926655659029
116	41.18	0.1601025	4409.365	0.974315900698889	1.0435870723291545
117	41.535	0.160638	4431.464	0.9775747265437337	1.0488173562161547
118	41.88999999999999	0.1616455	4408.186	0.9837059441696554	1.0433080323407942
119	42.245	0.156789	4339.253	0.9541513452611803	1.0269933050145543
120	42.599999999999994	0.1589821	4257.648	0.9674976215643155	1.0076794303325038
121	42.955	0.1660028	4175.86	1.0102226236350933	0.9883222441000967
122	43.309999999999995	0.1645995	4126.615	1.001682735104616	0.9766671769017928
123	43.665	0.1613667	4109.058	0.9820092856345617	0.9725118714941247
124	44.019999999999996	0.1591775	4111.449	0.9686867430770749	0.9730777617504175
125	44.375	0.1626315	4109.864	0.9897063219157188	0.9727026316558026
126	44.73	0.1626345	4096.764	0.9897245786431408	0.9696021873406889
127	45.085	0.1655536	4074.241	1.0074889829824243	0.9642715531949401
128	45.44	0.1619921	4056.484	0.9858152047444886	0.9600689127595602
129	45.795	0.1570418	4042.173	0.9556897788252825	0.9566818548516522
130	46.15	0.1577229	4030.181	0.9598346645076797	0.953843646590061
131	46.505	0.1609206	3996.838	0.9792945102668954	0.9459521874451114
132	46.86	0.1583039	4000.955	0.9633703840517596	0.9469265789905559
133	47.215	0.160224	4011.812	0.975055298159484	0.9494961609698834
134	47.57	0.1608995	3994.842	0.97916610461736	0.945479783868549
135	47.925000000000004	0.1575723	3959.612	0.9589181767910904	0.9371417187371398
136	48.28	0.154819	3919.168	0.9421627609206683	0.9275696294332876
137	48.635000000000005	0.1609718	3912.983	0.9796060917482327	0.9261057937013045
138	48.989999999999995	0.1628071	3930.45	0.9907749490274923	0.9302397983465024
139	49.345	0.1625128	3947.498	0.9889839640673844	0.9342746361086445
140	49.699999999999996	0.1674092	3987.248	1.0187813774505736	0.9436824728663372
141	50.05499999999999	0.1605117	4045.959	0.9768061183192633	0.957577906926234
142	50.41	0.1610895	4109.822	0.9803223640207597	0.9726926912999833
143	50.76499999999999	0.1640808	4156.22	0.998526146933335	0.9836739443788117
144	51.12	0.1667842	4182.718	1.0149778925709694	0.9899453622003297
145	51.474999999999994	0.1648331	4206.27	1.0031043256132168	0.9955195350636551
146	51.83	0.1695875	4220.917	1.0320375872317598	0.9989861158181186
147	52.184999999999995	0.1657976	4268.939	1.0089738634794216	1.0103517293219657
148	52.54	0.1632247	4355.673	0.9933162854846486	1.0308795107896818
149	52.894999999999996	0.158833	4419.775	0.9665902622114373	1.0460508605215464
150	53.25	0.1548652	4436.263	0.9424439145229686	1.0499531602060959
151	53.605	0.1525952	4430.742	0.9286296574402466	1.0486464767661157
152	53.96	0.1689645	4425.857	1.0282462735037705	1.0474903187142581
153	54.315	0.1730926	4408.452	1.05336813899416	1.043370987927651
154	54.67	0.1729353	4411.159	1.0524108779196613	1.044011667527728
155	55.025	0.1682321	4397.77	1.0237891977824554	1.0408428240975711
156	55.38	0.1631942	4348.376	0.9931306754225239	1.029152492303622
157	55.735	0.1628425	4292.95	0.9909903784110731	1.0160345360738892
158	56.09	0.1661347	4246.688	1.011025311084085	1.0050854708139048
159	56.445	0.1662967	4221.352	1.0120111743648783	0.9990890695033914
160	56.800000000000004	0.1682956	4221.282	1.024175631846223	0.9990725022436924
161	57.155	0.1662378	4202.74	1.0116527339498242	0.9946840718245441
162	57.510000000000005	0.1635266	4190.367	0.9951535208208924	0.9917556903351622
163	57.864999999999995	0.1597232	4194.534	0.9720076417951549	0.9927419156375346
164	58.21999999999999	0.1609454	4221.777	0.9794454325469181	0.9991896564372786
165	58.574999999999996	0.1605756	4242.256	0.9771949866133541	1.0040365265998143
166	58.92999999999999	0.1651121	4262.868	1.004802201263472	1.008914874555778
167	59.285	0.1669092	4265.62	1.0157385895468902	1.0095662045370906
168	59.63999999999999	0.1647096	4259.298	1.0023527570010071	1.008069944311125
169	59.995	0.1649461	4261.004	1.0037919956794492	1.0084737120975054
170	60.349999999999994	0.1588694	4263.909	0.9668117771708253	1.0091612533750172
171	60.705	0.1568382	4260.925	0.9544507555909026	1.0084550147615594
172	61.059999999999995	0.1653319	4290.116	1.0061398108259312	1.015363798731215
173	61.415	0.1624126	4319.405	0.9883741893714861	1.0222957768644492
174	61.769999999999996	0.1617633	4317.548	0.9844228249997632	1.0218562711321464
175	62.125	0.1632573	4298.274	0.9935146752559686	1.0172945945115737
176	62.48	0.1662402	4305.335	1.0116673393317621	1.0189657576649338
177	62.835	0.1633727	4313.749	0.9942169507041388	1.0209571422807633
178	63.19	0.159601	4310.024	0.9712639844314946	1.0200755273896338
179	63.545	0.1604801	4313.483	0.9766138141237505	1.020894186693907
180	63.9	0.1632145	4385.452	0.9932542126114134	1.0379274597408097
181	64.255	0.1656497	4492.667	1.0080738068175124	1.0633025847213389
182	64.61	0.1699727	4578.509	1.0343817510327575	1.083619251965461
183	64.965	0.1691402	4628.646	1.0293155091731248	1.095485433387359
184	65.32000000000001	0.1703787	4651.456	1.0368524948105482	1.100883993297874
185	65.675	0.1742391	4648.052	1.0603452516573058	1.1000783511262213
186	66.03	0.1718476	4609.785	1.0457915971139886	1.0910215035990107
187	66.385	0.1670838	4535.936	1.0168011310828564	1.0735432812916181
188	66.74	0.1692497	4469.752	1.0299818797240314	1.0578791739212752
189	67.095	0.1665303	4441.06	1.013432764873479	1.0510884908457603
190	67.44999999999999	0.1676696	4434.608	1.0203660613908117	1.049561462851782
191	67.80499999999999	0.1637672	4438.594	0.9966177103601448	1.0505048499540754
192	68.16	0.1676499	4449.61	1.0202461755474066	1.0531120632804336
193	68.515	0.1644499	4472.346	1.000772332963834	1.0584931092306953
194	68.86999999999999	0.1612959	4500.617	0.9815784268674	1.0651841520728773
195	69.225	0.1666028	4508.772	1.013873969119513	1.0671142378278202
196	69.58	0.1688486	4463.6	1.0275409552676966	1.0564231484688644
197	69.935	0.1686617	4395.445	1.0264035611492999	1.040292554400423
198	70.28999999999999	0.1688595	4352.784	1.027607288043997	1.0301957563143869
