4201.087
4223.625
4249.873
4247.785
4206.743
4165.184
4156.915
4159.536
4200.624
4245.568
4258.111
4207.897
4105.945
4072.61
4093.237
4130.819
4184.944
4222.062
4244.34
4233.043
4177.952
4121.042
4038.865
4010.56
4022.214
4036.115
4034.603
4017.16
3978.525
3937.87
3906.638
3877.508
3844.667
3811.327
3787.631
3806.901
3858.206
3903.924
3932.805
3984.158
4016.004
4047.923
4059.228
4044.086
4046.061
4077.605
4142.668
4219.873
4296.834
4363.764
4410.497
4436.668
4433.424
4407.263
4369.938
4323.953
4301.335
4291.375
4284.803
4289.801
4295.34
4279.194
4252.775
4224.627
4194.693
4188.114
4262.667
4279.513
4283.145
4277.748
4280.874
4301.471
4321.341
4324.509
4321.965
4354.864
4415.517
4456.57
4486.305
4461.988
4371.954
4345.085
4339.301
4320.159
4311.368
4351.555
4415.006
4438.671
4410.613
4326.917
4269.254
4204.453
4210.611
4199.038
4175.927
4137.881
4109.53
4095.494
4083.111
4061.979
4035.406
4021.091
4010.05
4001.613
4021.237
4071.556
4114.811
4149.775
4216.037
4278.326
4310.076
4318.705
4283.544
4285.833
4323.172
4372.773
4409.365
4431.464
4408.186
4339.253
4257.648
4175.86
4126.615
4109.058
4111.449
4109.864
4096.764
4074.241
4056.484
4042.173
4030.181
3996.838
4000.955
4011.812
3994.842
3959.612
3919.168
3912.983
3930.45
3947.498
3987.248
4045.959
4109.822
4156.22
4182.718
4206.27
4220.917
4268.939
4355.673
4419.775
4436.263
4430.742
4425.857
4408.452
4411.159
4397.77
4348.376
4292.95
4246.688
4221.352
4221.282
4202.74
4190.367
4194.534
4221.777
4242.256
4262.868
4265.62
4259.298
4261.004
4263.909
4260.925
4290.116
4319.405
4317.548
4298.274
4305.335
4313.749
4310.024
4313.483
4385.452
4492.667
4578.509
4628.646
4651.456
4648.052
4609.785
4535.936
4469.752
4441.06
4434.608
4438.594
4449.61
4472.346
4500.617
4508.772
4463.6
4395.445
4352.784
4335.979 
