x	ux	uy
0	0.88761	0.9465
0.5	1.2085	1.2906
1	1.4757	1.5798
1.5	1.3199	1.3853
2	1.1836	1.1753
2.5	1.3458	1.3495
3	1.2143	1.1712
3.5	1.111	0.90919
4	1.2921	0.91522
4.5	1.4168	0.67471
5	1.3766	0.65543
5.5	1.2915	1.0655
6	1.1863	1.373
6.5	1.0284	1.4383
7	1.4489	1.8553
7.5	1.9908	2.0762
8	1.8306	1.8053
8.5	1.5012	1.43
9	1.1289	1.1889
9.5	0.8108	0.96806
10	0.55323	1.0084
10.5	0.67207	1.5395
11	1.2635	1.6081
11.5	1.4947	1.1117
12	1.1566	0.63898
12.5	0.98457	0.51236
13	0.87017	0.44539
13.5	0.52081	0.30113
14	0.56643	0.32297
14.5	0.88289	0.63579
15	0.88258	0.90312
15.5	0.8546	0.93416
16	1.0151	1.1215
16.5	1.1874	1.2499
17	1.0237	0.99513
17.5	0.81637	0.69992
18	0.83218	0.53201
18.5	0.79534	0.58769
19	0.81423	0.78291
19.5	1.0032	0.87874
20	1.1116	1.1058
20.5	0.93723	1.0221
21	0.86726	0.67573
21.5	0.5944	0.45788
22	0.4623	0.47962
22.5	0.61549	0.47655
23	0.71578	0.47903
23.5	0.82891	0.79702
24	1.0628	1.156
24.5	1.0574	1.129
25	0.91725	0.89915
25.5	0.72522	0.77982
26	0.69825	0.7708
26.5	0.66398	0.87219
27	0.48846	0.99661
27.5	0.3966	1.0378
28	0.69354	1.2308
28.5	1.031	1.4243
29	0.90563	1.2092
29.5	0.98793	0.93781
30	1.4162	0.99481
30.5	1.4747	1.223
31	1.2205	1.1377
31.5	1.309	1.168
32	1.5276	1.6405
32.5	1.4008	1.695
33	1.2234	1.4006
33.5	0.95929	1.1215
34	0.7587	0.90673
34.5	0.9068	0.97375
35	0.95925	0.80154
35.5	0.9804	0.71879
36	1.0304	0.93547
36.5	1.0526	1.247
37	0.7931	1.3807
37.5	0.5704	1.1029
38	0.64283	0.87472
38.5	0.70965	0.88519
39	0.9339	1.1839
39.5	1.0922	1.3692
40	1.0544	1.1958
40.5	1.1098	0.93709
41	1.1991	0.88014
41.5	1.2611	0.85148
42	1.0807	0.90952
42.5	1.005	1.2717
43	1.0348	1.6163
43.5	0.84477	1.5536
44	0.52696	1.2512
44.5	0.53175	1.2609
45	0.99083	1.4596
45.5	1.4367	1.4129
46	1.2957	1.192
46.5	1.1124	0.94587
47	0.90991	0.71082
47.5	0.91772	0.76557
48	1.1679	0.97387
48.5	1.1154	1.0243
49	0.9302	0.97629
49.5	0.85936	0.87596
50	0.82432	0.7561
50.5	0.79083	0.56659
51	0.63261	0.67123
51.5	0.70605	0.92332
52	1.0756	0.8303
52.5	1.1948	0.93769
53	1.3107	1.2672
53.5	1.2523	1.1543
54	1.1887	0.82661
54.5	1.1277	0.71789
55	1.0931	0.91662
55.5	1.0192	1.1866
56	1.0127	1.4046
56.5	0.98491	1.1508
57	0.95618	0.74431
57.5	0.88466	0.57849
58	0.90306	0.42497
58.5	1.1203	0.37849
59	0.97367	0.60232
59.5	0.66841	0.81347
60	0.8084	1.1294
60.5	0.90979	1.3611
61	0.86135	0.91015
61.5	1.2212	0.99915
62	1.7002	1.5153
62.5	1.6382	1.3311
63	1.0351	1.1228
63.5	0.84839	1.2299
64	1.4499	1.412
64.5	1.9084	1.6195
65	1.2683	1.4039
65.5	0.67615	1.0538
66	0.67623	0.77951
66.5	1.1066	0.79422
67	1.4797	0.98492
67.5	1.3554	1.1323
68	1.6494	1.7309
68.5	2.1431	2.0345
69	2.3389	1.547
69.5	3.3836	1.6781
70	5.1602	2.9296
70.5	6.9534	4.8135
71	8.8684	6.7159
71.5	8.0602	6.2645
72	5.1761	4.2018
72.5	3.9287	3.5204
73	2.915	2.9211
73.5	1.2958	1.7098
74	0.80753	0.99478
74.5	1.1765	1.0533
75	1.3683	1.4135
75.5	1.3762	1.6307
76	0.98142	1.2811
76.5	0.71266	1.1332
77	1.0304	1.2694
77.5	1.0657	1.1528
78	0.5839	1.0176
78.5	0.42384	0.9052
79	0.63277	0.97079
79.5	0.8182	0.8367
80	0.96696	0.63349
80.5	0.82496	0.63823
81	0.74294	0.80393
81.5	0.68165	0.84926
82	0.67585	0.80993
82.5	0.83142	0.79554
83	0.67528	0.76154
83.5	0.4574	0.59122
84	0.6025	0.52373
84.5	0.85644	0.74767
85	0.80433	0.92357
85.5	0.76923	0.92629
86	0.79464	0.86062
86.5	0.67108	0.57039
87	0.59475	0.41152
87.5	0.62837	0.48824
88	0.69896	0.61418
88.5	0.71707	0.70693
89	0.697	0.59628
89.5	0.71669	0.56826
90	0.81355	0.6321
90.5	0.86498	0.61003
91	0.91434	0.6565
91.5	1.0019	0.80273
92	1.0077	0.68036
92.5	0.80589	0.40305
93	0.5495	0.31897
93.5	0.4493	0.37356
94	0.42844	0.36856
94.5	0.41797	0.26683
95	0.50578	0.26741
95.5	0.71862	0.46052
96	0.85197	0.525
96.5	0.84302	0.36585
97	0.73947	0.29787
97.5	0.63359	0.47689
98	0.60065	0.812
98.5	0.50723	1.0825
99	0.33481	1.1363
99.5	0.35177	0.98399
100	0.50054	0.85652
100.5	0.60626	0.85347
101	0.71552	0.88486
101.5	0.84383	0.96514
102	0.82507	0.81413
102.5	0.73353	0.65553
103	0.89128	0.73488
103.5	1.0158	0.8999
104	0.8655	0.97346
104.5	0.69778	0.81611
105	0.61235	0.51815
105.5	0.4879	0.3518
106	0.43575	0.51997
106.5	0.35937	0.85005
107	0.46503	0.89804
107.5	0.66658	0.71053
108	0.66787	0.53983
108.5	0.64946	0.34076
109	0.66855	0.44116
109.5	0.68393	0.77876
110	0.7345	0.92683
110.5	0.66297	0.86743
111	0.42616	0.68162
111.5	0.40723	0.61603
112	0.72523	0.56221
112.5	1.014	0.62349
113	0.81994	0.53677
113.5	0.70512	0.47388
114	0.66256	0.61868
114.5	0.66416	0.77551
115	0.64661	0.71815
115.5	0.72699	0.62107
116	0.67504	0.68179
116.5	0.62475	0.66032
117	0.78151	0.64522
117.5	0.92846	0.77275
118	0.88078	0.7271
118.5	0.70968	0.68404
119	0.46791	0.687
119.5	0.48317	0.52681
120	0.69151	0.44343
120.5	0.71624	0.43745
121	0.56601	0.35918
121.5	0.59712	0.43633
122	0.64066	0.61643
122.5	0.52522	0.68562
123	0.49354	0.67315
123.5	0.56145	0.71841
124	0.61772	0.83073
124.5	0.4716	0.80086
125	0.46667	0.68942
125.5	0.54597	0.70711
126	0.40317	0.59274
126.5	0.34762	0.51006
127	0.51757	0.55056
127.5	0.65772	0.73535
128	0.5171	0.82377
128.5	0.42706	0.9068
129	0.36361	0.78427
129.5	0.35413	0.5818
130	0.51731	0.72743
130.5	0.54839	0.80572
131	0.39845	0.59119
131.5	0.36369	0.55322
132	0.55722	0.65726
132.5	0.69876	0.67261
133	0.69458	0.48987
133.5	0.58442	0.45494
134	0.56795	0.49793
134.5	0.72781	0.50906
135	0.73999	0.65709
135.5	0.6951	0.62323
136	0.71694	0.53395
136.5	0.66804	0.55409
137	0.51827	0.66295
137.5	0.44104	0.53521
138	0.60812	0.35914
138.5	0.87508	0.55273
139	0.89244	0.92987
139.5	0.73616	1.0011
140	0.67915	0.79631
140.5	0.7859	0.64865
141	0.7519	0.4028
141.5	0.7249	0.31873
142	0.95655	0.45774
142.5	1.1817	0.60937
143	1.0622	0.75728
143.5	1.0329	0.87421
144	0.98644	0.83843
144.5	0.54893	0.66206
145	0.33827	0.66446
145.5	0.44427	0.74045
146	0.35573	0.76558
146.5	0.19931	0.82109
147	0.13021	0.77567
147.5	0.17221	0.55135
148	0.26521	0.39889
148.5	0.28878	0.48112
149	0.2715	0.61551
149.5	0.21863	0.60557
150	0.19702	0.67357
150.5	0.26036	0.67043
151	0.38273	0.58303
151.5	0.53307	0.72365
152	0.61058	0.72851
152.5	0.66947	0.56834
153	0.67106	0.47857
153.5	0.60931	0.3662
154	0.64959	0.2825
154.5	0.67745	0.29503
155	0.41694	0.2846
155.5	0.27013	0.35719
156	0.31795	0.43842
156.5	0.39677	0.53839
157	0.34136	0.6252
157.5	0.41436	0.72787
158	0.49686	0.71588
158.5	0.42399	0.63621
159	0.4353	0.60577
159.5	0.48657	0.52158
160	0.49389	0.50388
160.5	0.48866	0.47236
161	0.66966	0.45596
161.5	0.69223	0.3876
162	0.51244	0.40048
162.5	0.48921	0.52359
163	0.64081	0.59766
163.5	0.64735	0.60114
164	0.69718	0.56205
164.5	0.77474	0.53202
165	0.67138	0.48297
165.5	0.68637	0.4956
166	0.6136	0.42392
166.5	0.4358	0.35701
167	0.41907	0.32112
167.5	0.45223	0.4675
168	0.36954	0.74489
168.5	0.34934	0.73887
169	0.5243	0.64293
169.5	0.76261	0.509
170	0.79834	0.38721
170.5	0.72484	0.41111
171	0.68282	0.50677
171.5	0.65591	0.44146
172	0.57071	0.38495
172.5	0.6193	0.56534
173	0.66029	0.59482
173.5	0.57334	0.39975
174	0.67826	0.30745
174.5	0.76744	0.40552
175	0.63085	0.4554
175.5	0.45645	0.53407
176	0.2934	0.54637
176.5	0.21351	0.50419
177	0.32079	0.64445
177.5	0.47988	0.7026
178	0.47882	0.56408
178.5	0.48251	0.55653
179	0.5028	0.57657
179.5	0.39401	0.52068
180	0.35026	0.50402
180.5	0.45891	0.56443
181	0.44898	0.66671
181.5	0.36321	0.66421
182	0.35677	0.58947
182.5	0.49173	0.42141
183	0.60582	0.26737
183.5	0.50719	0.22067
184	0.38748	0.30126
184.5	0.41747	0.42227
185	0.53991	0.42943
185.5	0.47783	0.31067
186	0.35435	0.38352
186.5	0.45605	0.66154
187	0.48509	0.62056
187.5	0.37342	0.36563
188	0.40439	0.25375
188.5	0.44038	0.30328
189	0.46614	0.44359
189.5	0.50838	0.41665
190	0.3866	0.42987
190.5	0.31082	0.52326
191	0.45754	0.50445
191.5	0.605	0.53006
192	0.60662	0.55662
192.5	0.60877	0.43177
193	0.72779	0.42813
193.5	0.71639	0.54922
194	0.48535	0.62647
194.5	0.35021	0.64636
195	0.40478	0.55921
195.5	0.46796	0.51918
196	0.45623	0.51446
196.5	0.46925	0.52888
197	0.57229	0.56319
197.5	0.68045	0.49413
198	0.59453	0.42699
198.5	0.51716	0.35966
199	0.43041	0.37006
199.5	0.41028	0.44056
200	0.44799	0.54462
200.5	0.41186	0.4426
201	0.37641	0.28154
201.5	0.4937	0.2869
202	0.65446	0.51331
202.5	0.6962	0.72897
203	0.57133	0.72876
203.5	0.37595	0.63622
204	0.25311	0.42459
204.5	0.27256	0.24918
205	0.35104	0.19359
205.5	0.43147	0.27354
206	0.42289	0.39512
206.5	0.41142	0.53134
207	0.54605	0.57124
207.5	0.64256	0.54887
208	0.59949	0.56354
208.5	0.56328	0.55326
209	0.45148	0.50279
209.5	0.35789	0.36793
210	0.31983	0.29168
210.5	0.40895	0.28088
211	0.5303	0.33942
211.5	0.54556	0.44048
212	0.34459	0.46609
212.5	0.23665	0.47544
213	0.34746	0.47076
213.5	0.46934	0.38947
214	0.37875	0.33266
214.5	0.34007	0.28714
215	0.35803	0.41529
215.5	0.30162	0.55745
216	0.25609	0.43978
216.5	0.36579	0.3398
217	0.52662	0.29222
217.5	0.57713	0.30161
218	0.49267	0.33138
218.5	0.33653	0.36263
219	0.25603	0.36556
219.5	0.29968	0.44804
220	0.4131	0.54363
220.5	0.3936	0.44709
221	0.33745	0.38083
221.5	0.33168	0.39719
222	0.32251	0.37042
222.5	0.36625	0.32509
223	0.47343	0.35413
223.5	0.51499	0.31414
224	0.33635	0.26966
224.5	0.16833	0.29172
225	0.18769	0.30159
225.5	0.38319	0.29005
226	0.47486	0.35037
226.5	0.38227	0.38514
227	0.29551	0.34339
227.5	0.33992	0.29753
228	0.45051	0.34437
228.5	0.41427	0.29712
229	0.3421	0.24766
229.5	0.31221	0.33462
230	0.33269	0.36367
230.5	0.32073	0.31617
231	0.3637	0.37052
231.5	0.38504	0.36476
232	0.33132	0.22001
232.5	0.39358	0.12508
233	0.58542	0.16234
233.5	0.53068	0.22919
234	0.38632	0.22695
234.5	0.37338	0.21266
235	0.33047	0.19215
235.5	0.34421	0.15551
236	0.4014	0.2445
236.5	0.36772	0.37877
237	0.33717	0.36122
237.5	0.3035	0.22499
238	0.20879	0.20109
238.5	0.1662	0.28582
239	0.2446	0.4848
239.5	0.30134	0.64187
240	0.32744	0.606
240.5	0.34431	0.4438
241	0.36311	0.32749
241.5	0.32708	0.307
242	0.36751	0.25211
242.5	0.39376	0.19361
243	0.37108	0.18571
243.5	0.3924	0.19979
244	0.4684	0.22441
244.5	0.422	0.2348
245	0.34259	0.26635
245.5	0.35089	0.30748
246	0.27792	0.32276
246.5	0.24834	0.46997
247	0.27618	0.53345
247.5	0.35675	0.41647
248	0.45089	0.33362
248.5	0.5346	0.38142
249	0.49896	0.37703
249.5	0.38482	0.25522
250	0.27631	0.19117
250.5	0.27369	0.23475
251	0.35683	0.35511
251.5	0.33333	0.40743
252	0.25945	0.48622
252.5	0.28167	0.50457
253	0.37292	0.296
253.5	0.40722	0.132
254	0.37145	0.13094
254.5	0.23845	0.20473
255	0.15802	0.30513
255.5	0.16782	0.34528
256	0.2783	0.35534
256.5	0.35923	0.31866
257	0.33279	0.21313
257.5	0.28722	0.1835
258	0.34525	0.24854
258.5	0.38581	0.37156
259	0.29448	0.44379
259.5	0.21989	0.34187
260	0.19284	0.26716
260.5	0.19293	0.37467
261	0.18285	0.56113
261.5	0.19667	0.48468
262	0.27764	0.29485
262.5	0.37065	0.24889
263	0.46841	0.20535
263.5	0.59327	0.19916
264	0.50061	0.22108
264.5	0.29843	0.35511
265	0.20579	0.45955
265.5	0.17047	0.39473
266	0.25859	0.28891
266.5	0.38944	0.2629
267	0.42902	0.24275
267.5	0.35223	0.22994
268	0.24765	0.29857
268.5	0.24676	0.33658
269	0.25431	0.33805
269.5	0.29794	0.30633
270	0.35852	0.25784
270.5	0.30722	0.27447
271	0.22049	0.30202
271.5	0.21822	0.27493
272	0.26146	0.26354
272.5	0.37682	0.25797
273	0.46253	0.27533
273.5	0.37185	0.2615
274	0.32429	0.17322
274.5	0.33127	0.12137
275	0.31347	0.14112
275.5	0.2686	0.23954
276	0.22111	0.37651
276.5	0.17529	0.36674
277	0.13999	0.32416
277.5	0.16503	0.37233
278	0.24574	0.39526
278.5	0.30487	0.3768
279	0.36104	0.35089
279.5	0.42164	0.34027
280	0.49482	0.37605
280.5	0.58096	0.4211
281	0.46562	0.34981
281.5	0.24554	0.31227
282	0.13054	0.28841
282.5	0.17314	0.30918
283	0.24368	0.29711
283.5	0.21489	0.25387
284	0.18722	0.27353
284.5	0.19144	0.36498
285	0.19885	0.33642
285.5	0.22724	0.25568
286	0.25238	0.26814
286.5	0.27573	0.3031
287	0.27159	0.30709
287.5	0.24506	0.28884
288	0.25358	0.26874
288.5	0.25351	0.26506
289	0.23798	0.21735
289.5	0.18714	0.19239
290	0.16357	0.28922
290.5	0.24883	0.36027
291	0.37885	0.28159
291.5	0.35975	0.22097
292	0.27752	0.19329
292.5	0.25305	0.16381
293	0.25731	0.17244
293.5	0.23805	0.18217
294	0.25343	0.14051
294.5	0.28703	0.13046
295	0.35377	0.23419
295.5	0.35557	0.3172
296	0.29221	0.27081
296.5	0.3039	0.21762
297	0.38425	0.24617
297.5	0.46233	0.25354
298	0.45125	0.18702
298.5	0.36858	0.17655
299	0.29899	0.24448
299.5	0.25295	0.22716
300	0.22741	0.20106
300.5	0.27479	0.22082
301	0.31653	0.26
301.5	0.32035	0.28749
302	0.22592	0.26539
302.5	0.14432	0.33407
303	0.11446	0.45323
303.5	0.16048	0.43481
304	0.30815	0.44156
304.5	0.40716	0.44911
305	0.24851	0.38633
305.5	0.13202	0.25779
306	0.14654	0.14401
306.5	0.17032	0.094015
307	0.21013	0.17285
307.5	0.20209	0.27782
308	0.18936	0.28297
308.5	0.25084	0.2822
309	0.327	0.21281
309.5	0.23516	0.16458
310	0.12382	0.15722
310.5	0.13072	0.19081
311	0.16933	0.31471
311.5	0.23891	0.38531
312	0.3254	0.27775
312.5	0.24662	0.16421
313	0.13988	0.15556
313.5	0.10576	0.17622
314	0.21696	0.18689
314.5	0.36535	0.24748
315	0.32833	0.32479
315.5	0.25362	0.33756
316	0.24441	0.33136
316.5	0.21798	0.33606
317	0.17987	0.41798
317.5	0.1873	0.44098
318	0.16159	0.26602
318.5	0.14773	0.1598
319	0.1748	0.18205
319.5	0.14754	0.19012
320	0.14425	0.18569
320.5	0.24737	0.22913
321	0.35266	0.36304
321.5	0.35992	0.45495
322	0.26706	0.3434
322.5	0.1836	0.21996
323	0.18561	0.25276
323.5	0.28961	0.32097
324	0.32968	0.33302
324.5	0.32686	0.25195
325	0.30025	0.20107
325.5	0.20139	0.2447
326	0.178	0.31649
326.5	0.2069	0.3119
327	0.20158	0.27629
327.5	0.21042	0.30445
328	0.19894	0.31212
328.5	0.21449	0.2835
329	0.25065	0.26828
329.5	0.33177	0.31285
330	0.40565	0.44958
330.5	0.36998	0.36753
331	0.28837	0.21939
331.5	0.27053	0.23967
332	0.30293	0.35208
332.5	0.25765	0.36492
333	0.15534	0.36553
333.5	0.19502	0.33609
334	0.30637	0.186
334.5	0.33267	0.11487
335	0.30577	0.13705
335.5	0.25795	0.19625
336	0.20818	0.28555
336.5	0.22055	0.39095
337	0.25358	0.35354
337.5	0.22112	0.19464
338	0.14523	0.1579
338.5	0.10641	0.19752
339	0.15935	0.19627
339.5	0.26595	0.22857
340	0.26435	0.28988
340.5	0.25276	0.28202
341	0.2518	0.24566
341.5	0.1984	0.25606
342	0.14078	0.22108
342.5	0.16503	0.20964
343	0.23038	0.23294
343.5	0.22453	0.18392
344	0.19117	0.13794
344.5	0.22727	0.17381
345	0.237	0.17509
345.5	0.21676	0.16967
346	0.20355	0.22471
346.5	0.23498	0.30298
347	0.24002	0.26113
347.5	0.22939	0.1475
348	0.20452	0.10083
348.5	0.20102	0.08835
349	0.21687	0.11096
349.5	0.20318	0.14691
350	0.19964	0.18378
350.5	0.16251	0.2394
351	0.11937	0.28631
351.5	0.13606	0.28186
352	0.15963	0.2177
352.5	0.16836	0.19416
353	0.14239	0.18466
353.5	0.11075	0.20538
354	0.10389	0.22208
354.5	0.15064	0.26434
355	0.20389	0.25043
355.5	0.21865	0.21662
356	0.20653	0.28477
356.5	0.18408	0.31021
357	0.15814	0.27398
357.5	0.13583	0.28327
358	0.15379	0.36048
358.5	0.20316	0.37785
359	0.21913	0.33589
359.5	0.19544	0.29949
360	0.16112	0.27047
360.5	0.18647	0.20506
361	0.23096	0.15145
361.5	0.2427	0.17563
362	0.22379	0.16735
362.5	0.15117	0.13542
363	0.11262	0.16442
363.5	0.11384	0.18832
364	0.18375	0.16469
364.5	0.24002	0.18191
365	0.20739	0.1903
365.5	0.18632	0.15543
366	0.16584	0.15064
366.5	0.14611	0.1401
367	0.14725	0.13677
367.5	0.14761	0.17882
368	0.18626	0.2436
368.5	0.20805	0.25185
369	0.17929	0.23158
369.5	0.18531	0.26726
370	0.22921	0.26041
370.5	0.24765	0.20509
371	0.21026	0.17455
371.5	0.13485	0.17779
372	0.10385	0.1984
372.5	0.14718	0.25149
373	0.19045	0.27229
373.5	0.16263	0.21214
374	0.15659	0.18546
374.5	0.19947	0.18137
375	0.23591	0.1699
375.5	0.22057	0.18523
376	0.21176	0.17875
376.5	0.20477	0.28928
377	0.24211	0.41454
377.5	0.2716	0.36159
378	0.23463	0.26546
378.5	0.22368	0.25947
379	0.21096	0.22559
379.5	0.20589	0.17949
380	0.24646	0.16764
380.5	0.24086	0.15506
381	0.1972	0.13909
381.5	0.25921	0.15794
382	0.29324	0.16523
382.5	0.20057	0.19648
383	0.11222	0.21317
383.5	0.10137	0.17688
384	0.14858	0.14848
384.5	0.21621	0.14291
385	0.21321	0.15611
385.5	0.23357	0.20184
386	0.27416	0.28081
386.5	0.27048	0.33083
387	0.24608	0.26791
387.5	0.1373	0.20422
388	0.09721	0.16604
388.5	0.1469	0.13376
389	0.18939	0.12303
389.5	0.21756	0.15556
390	0.2324	0.18612
390.5	0.20293	0.16092
391	0.12207	0.15434
391.5	0.071979	0.15711
392	0.12258	0.16427
392.5	0.21543	0.17278
393	0.18092	0.18973
393.5	0.081259	0.26095
394	0.10282	0.23497
394.5	0.26186	0.18917
395	0.37202	0.20453
395.5	0.32942	0.24831
396	0.25873	0.24902
396.5	0.17853	0.22595
397	0.15476	0.26286
397.5	0.16242	0.27016
398	0.21623	0.21332
398.5	0.25848	0.17108
399	0.25504	0.19492
399.5	0.19135	0.24881
400	0.18768	0.3376
400.5	0.27368	0.39472
401	0.26497	0.3217
401.5	0.24601	0.2457
402	0.23042	0.2029
402.5	0.17285	0.17446
403	0.15092	0.14273
403.5	0.18519	0.19638
404	0.19223	0.32074
404.5	0.20099	0.35321
405	0.23277	0.28804
405.5	0.21057	0.18392
406	0.16849	0.15438
406.5	0.15689	0.13589
407	0.1362	0.096972
407.5	0.14799	0.13737
408	0.18796	0.25104
408.5	0.21343	0.28634
409	0.22704	0.22893
409.5	0.19944	0.15485
410	0.2058	0.1166
410.5	0.18292	0.10892
411	0.10183	0.18595
411.5	0.098388	0.29571
412	0.16617	0.24824
412.5	0.1755	0.14264
413	0.11666	0.1156
413.5	0.11153	0.12356
414	0.16649	0.14687
414.5	0.21263	0.15275
415	0.19379	0.1659
415.5	0.20177	0.24522
416	0.2447	0.27266
416.5	0.21728	0.19944
417	0.1598	0.17712
417.5	0.14451	0.18962
418	0.13337	0.19605
418.5	0.13932	0.18398
419	0.18574	0.16093
419.5	0.19926	0.15108
420	0.18497	0.11624
420.5	0.15615	0.10971
421	0.1346	0.18116
421.5	0.13436	0.25059
422	0.13286	0.21981
422.5	0.12055	0.1464
423	0.13499	0.11062
423.5	0.14669	0.12228
424	0.11887	0.14636
424.5	0.15297	0.1685
425	0.24671	0.17778
425.5	0.28472	0.1783
426	0.20463	0.15196
426.5	0.14533	0.10931
427	0.14038	0.087992
427.5	0.11255	0.12638
428	0.084379	0.21998
428.5	0.1084	0.28348
429	0.17998	0.30896
429.5	0.24597	0.33954
430	0.20843	0.30876
430.5	0.13884	0.21067
431	0.11743	0.15886
431.5	0.14655	0.15596
432	0.19464	0.14815
432.5	0.24675	0.13472
433	0.24504	0.139
433.5	0.19073	0.15819
434	0.15929	0.12522
434.5	0.14209	0.12089
435	0.14185	0.14156
435.5	0.1234	0.16426
436	0.11341	0.14569
436.5	0.12988	0.084381
437	0.13506	0.10399
437.5	0.13087	0.17532
438	0.11693	0.17076
438.5	0.11709	0.13313
439	0.090946	0.10416
439.5	0.081393	0.10929
440	0.11689	0.11831
440.5	0.14273	0.10015
441	0.15361	0.11424
441.5	0.15515	0.1294
442	0.14076	0.11438
442.5	0.093646	0.10154
443	0.063777	0.13919
443.5	0.078913	0.17935
444	0.12767	0.16364
444.5	0.21949	0.14262
445	0.26527	0.15623
445.5	0.18342	0.12966
446	0.13313	0.12638
446.5	0.12141	0.1923
447	0.10779	0.23959
447.5	0.12643	0.24137
448	0.18785	0.21928
448.5	0.20809	0.16745
449	0.19504	0.15417
449.5	0.23258	0.18728
450	0.21493	0.17048
450.5	0.12991	0.12978
451	0.085372	0.10468
451.5	0.096244	0.12907
452	0.12238	0.17585
452.5	0.10913	0.18877
453	0.13083	0.17446
453.5	0.14008	0.15576
454	0.075907	0.11933
454.5	0.053264	0.10331
455	0.081785	0.076652
455.5	0.080609	0.076989
456	0.083611	0.12471
456.5	0.11964	0.1704
457	0.12429	0.1554
457.5	0.13679	0.13937
458	0.14174	0.12052
458.5	0.096531	0.10976
459	0.079417	0.14871
459.5	0.094021	0.20871
460	0.12372	0.27167
460.5	0.15777	0.24287
461	0.16079	0.14928
461.5	0.1648	0.10266
462	0.14878	0.11366
462.5	0.12473	0.1129
463	0.10025	0.12209
463.5	0.09183	0.16342
464	0.0735	0.18518
464.5	0.087167	0.18231
465	0.12709	0.18059
465.5	0.14843	0.19674
466	0.12789	0.19416
466.5	0.10648	0.15486
467	0.081898	0.1043
467.5	0.056789	0.15289
468	0.06462	0.24503
468.5	0.075568	0.21985
469	0.059789	0.16448
469.5	0.054246	0.16968
470	0.080583	0.15042
470.5	0.12573	0.12248
471	0.17745	0.12463
471.5	0.20657	0.18358
472	0.20547	0.26661
472.5	0.18787	0.20246
473	0.12988	0.11679
473.5	0.087421	0.096122
474	0.10906	0.12345
474.5	0.1484	0.15404
475	0.16953	0.17591
475.5	0.19437	0.14683
476	0.20077	0.15422
476.5	0.15411	0.15453
477	0.11033	0.089626
477.5	0.11381	0.073978
478	0.14118	0.11126
478.5	0.15374	0.13559
479	0.1146	0.12362
479.5	0.069881	0.11217
480	0.092055	0.11477
480.5	0.13106	0.091412
481	0.098855	0.102
481.5	0.072766	0.14081
482	0.13062	0.15293
482.5	0.21031	0.17722
483	0.17523	0.20195
483.5	0.096434	0.16361
484	0.068393	0.12787
484.5	0.082932	0.11606
485	0.081351	0.15146
485.5	0.099074	0.18171
486	0.13924	0.16272
486.5	0.14488	0.13458
487	0.10883	0.13746
487.5	0.097913	0.14735
488	0.10409	0.14396
488.5	0.13	0.13128
489	0.18847	0.11944
489.5	0.18854	0.12795
490	0.13722	0.13452
490.5	0.10614	0.14059
491	0.087936	0.13979
491.5	0.07905	0.11545
492	0.10557	0.12632
492.5	0.10147	0.15259
493	0.076285	0.14688
493.5	0.087795	0.13639
494	0.090081	0.13259
494.5	0.090933	0.15715
495	0.11843	0.16117
495.5	0.14514	0.1412
496	0.17458	0.098365
496.5	0.17803	0.070982
497	0.16986	0.087516
497.5	0.13531	0.12777
498	0.11252	0.10828
498.5	0.13039	0.10176
499	0.1727	0.15809
499.5	0.21379	0.19889
500	0.20698	0.22919
500.5	0.14744	0.24168
501	0.084494	0.20514
501.5	0.043663	0.1319
502	0.048708	0.11377
502.5	0.083173	0.12729
503	0.11138	0.15931
503.5	0.1669	0.15642
504	0.2016	0.13135
504.5	0.18093	0.11201
505	0.13158	0.10586
505.5	0.092597	0.12129
506	0.076563	0.10665
506.5	0.11329	0.080907
507	0.15452	0.087448
507.5	0.11633	0.10392
508	0.090145	0.13697
508.5	0.10624	0.14909
509	0.12508	0.12233
509.5	0.11467	0.10184
510	0.080848	0.069336
510.5	0.079021	0.054723
511	0.085028	0.0945
511.5	0.093633	0.14273
512	0.077646	0.11977
512.5	0.08017	0.11004
513	0.097183	0.14929
513.5	0.078361	0.15086
514	0.082319	0.12741
514.5	0.13975	0.11021
515	0.1823	0.087118
515.5	0.17327	0.085445
516	0.15792	0.094728
516.5	0.16051	0.097041
517	0.13246	0.098967
517.5	0.092192	0.097973
518	0.076067	0.11716
518.5	0.085408	0.1176
519	0.098825	0.087145
519.5	0.095219	0.086011
520	0.11027	0.11509
520.5	0.12449	0.14684
521	0.10677	0.13226
521.5	0.12385	0.10527
522	0.12827	0.069804
522.5	0.12713	0.060481
523	0.13502	0.075586
523.5	0.14928	0.079322
524	0.13955	0.067573
524.5	0.10281	0.052696
525	0.11975	0.07129
525.5	0.15545	0.092228
526	0.16537	0.08037
526.5	0.1415	0.083398
527	0.12837	0.11219
527.5	0.14525	0.14117
528	0.14787	0.17141
528.5	0.12344	0.15093
529	0.079942	0.096391
529.5	0.066729	0.11719
530	0.087541	0.1641
530.5	0.10382	0.14312
531	0.13192	0.13833
531.5	0.1642	0.14246
532	0.16083	0.10977
532.5	0.13073	0.10427
533	0.12487	0.10314
533.5	0.13261	0.12168
534	0.13919	0.1466
534.5	0.12937	0.14777
535	0.096782	0.12813
535.5	0.071652	0.12303
536	0.045907	0.14246
536.5	0.036475	0.17401
537	0.054751	0.16298
537.5	0.098834	0.1259
538	0.11379	0.087171
538.5	0.080532	0.10929
539	0.066892	0.15991
539.5	0.077633	0.14171
540	0.083079	0.10014
540.5	0.088882	0.071045
541	0.09428	0.082747
541.5	0.08884	0.11839
542	0.10205	0.16127
542.5	0.12108	0.15243
543	0.1074	0.14672
543.5	0.087123	0.12462
544	0.070247	0.085901
544.5	0.069522	0.08294
545	0.081219	0.081024
545.5	0.10045	0.065327
546	0.11425	0.080121
546.5	0.097786	0.11445
547	0.10536	0.15322
547.5	0.11634	0.16954
548	0.077024	0.12475
548.5	0.042781	0.10049
549	0.050829	0.097558
549.5	0.076002	0.10776
550	0.11525	0.13812
550.5	0.14079	0.14814
551	0.10407	0.15263
551.5	0.068365	0.15307
552	0.081146	0.12699
552.5	0.10475	0.10203
553	0.11245	0.097304
553.5	0.12374	0.080667
554	0.12978	0.08023
554.5	0.11561	0.12337
555	0.069516	0.16509
555.5	0.047952	0.16908
556	0.065375	0.13214
556.5	0.084012	0.11562
557	0.098755	0.13384
557.5	0.08823	0.13691
558	0.064611	0.11224
558.5	0.05587	0.10724
559	0.064118	0.1137
559.5	0.058409	0.11659
560	0.072097	0.11454
560.5	0.10556	0.10723
561	0.12165	0.084544
561.5	0.10264	0.070874
562	0.099723	0.058197
562.5	0.14229	0.063487
563	0.15011	0.10305
563.5	0.11627	0.11116
564	0.10333	0.075802
564.5	0.098956	0.08209
565	0.093013	0.13378
565.5	0.11738	0.15093
566	0.1191	0.14178
566.5	0.11737	0.12876
567	0.10003	0.10176
567.5	0.094123	0.090788
568	0.10657	0.11546
568.5	0.12594	0.096276
569	0.13758	0.047121
569.5	0.13264	0.040187
570	0.16549	0.06095
570.5	0.19363	0.088034
571	0.20363	0.14451
571.5	0.18694	0.19615
572	0.11047	0.18141
572.5	0.056276	0.13005
573	0.039175	0.11026
573.5	0.052686	0.14084
574	0.074515	0.15787
574.5	0.10892	0.10039
575	0.1495	0.069996
575.5	0.12521	0.092446
576	0.10087	0.11147
576.5	0.10039	0.10226
577	0.092681	0.078674
577.5	0.10823	0.059537
578	0.12706	0.058734
578.5	0.11208	0.074121
579	0.074404	0.066623
579.5	0.055148	0.059791
580	0.045561	0.078241
580.5	0.056321	0.12196
581	0.099637	0.13287
581.5	0.1084	0.10703
582	0.082702	0.099858
582.5	0.079537	0.12772
583	0.087818	0.14759
583.5	0.092239	0.14196
584	0.09852	0.10429
584.5	0.11656	0.081343
585	0.13672	0.096481
585.5	0.12749	0.12559
586	0.12526	0.11648
586.5	0.10032	0.056578
587	0.061183	0.033073
587.5	0.056436	0.054611
588	0.080215	0.068531
588.5	0.11869	0.064424
589	0.11955	0.071767
589.5	0.069865	0.075821
590	0.061416	0.076358
590.5	0.11533	0.067085
591	0.19098	0.069049
591.5	0.20949	0.086145
592	0.13588	0.11371
592.5	0.083913	0.11681
593	0.075256	0.068595
593.5	0.079495	0.03283
594	0.09321	0.053612
594.5	0.086784	0.094495
595	0.070087	0.093418
595.5	0.088019	0.089841
596	0.13346	0.11715
596.5	0.16041	0.15696
597	0.13208	0.13246
597.5	0.082076	0.079588
598	0.056577	0.051462
598.5	0.074682	0.051599
599	0.084892	0.089364
599.5	0.079965	0.14275
600	0.080007	0.13548
600.5	0.078586	0.14149
601	0.091987	0.18163
601.5	0.14114	0.17522
602	0.14616	0.13362
602.5	0.11005	0.11093
603	0.071828	0.099357
603.5	0.037846	0.11475
604	0.033412	0.12444
604.5	0.064607	0.10011
605	0.10545	0.089489
605.5	0.12096	0.10545
606	0.10222	0.11768
606.5	0.089026	0.11681
607	0.1083	0.11718
607.5	0.11947	0.13199
608	0.12149	0.11648
608.5	0.1033	0.082672
609	0.094076	0.059537
609.5	0.063914	0.068867
610	0.0532	0.10746
610.5	0.10238	0.12252
611	0.17121	0.097689
611.5	0.13082	0.073359
612	0.079912	0.084332
612.5	0.10373	0.11156
613	0.13943	0.11253
613.5	0.1414	0.10388
614	0.13396	0.10726
614.5	0.11297	0.10258
615	0.091877	0.09879
615.5	0.063941	0.099533
616	0.063639	0.089776
616.5	0.08004	0.084633
617	0.091799	0.099763
617.5	0.11147	0.11693
618	0.10338	0.1215
618.5	0.085517	0.094878
619	0.061608	0.075398
619.5	0.0412	0.085008
620	0.065249	0.093663
620.5	0.10925	0.072748
621	0.10249	0.058692
621.5	0.068428	0.064937
622	0.064278	0.093831
622.5	0.083079	0.099478
623	0.096775	0.075771
623.5	0.08898	0.058916
624	0.090723	0.07079
624.5	0.12154	0.089497
625	0.14385	0.075953
625.5	0.11441	0.055802
626	0.079853	0.041676
626.5	0.083447	0.039997
627	0.0808	0.068909
627.5	0.070824	0.10104
628	0.069586	0.10163
628.5	0.069074	0.071868
629	0.062843	0.05295
629.5	0.053156	0.064211
630	0.054783	0.076793
630.5	0.082298	0.088202
631	0.11096	0.089382
631.5	0.10988	0.11845
632	0.080343	0.12102
632.5	0.074611	0.084574
633	0.073705	0.060813
633.5	0.065001	0.070652
634	0.052965	0.07608
634.5	0.046854	0.070511
635	0.063068	0.070547
635.5	0.099358	0.099291
636	0.097073	0.15539
636.5	0.084254	0.14377
637	0.08455	0.10517
637.5	0.061	0.10595
638	0.069895	0.099671
638.5	0.10197	0.063731
639	0.075262	0.05929
639.5	0.047273	0.084077
640	0.067685	0.11913
640.5	0.096406	0.13654
641	0.12243	0.13313
641.5	0.14431	0.10294
642	0.12413	0.06462
642.5	0.1054	0.079182
643	0.081766	0.1337
643.5	0.074557	0.13271
644	0.094643	0.11358
644.5	0.098351	0.1353
645	0.087336	0.14836
645.5	0.071505	0.10158
646	0.074835	0.084827
646.5	0.079994	0.097023
647	0.07063	0.065468
647.5	0.064098	0.035582
648	0.06904	0.051921
648.5	0.089214	0.095785
649	0.10698	0.13333
649.5	0.11114	0.13265
650	0.089075	0.1077
650.5	0.069263	0.1103
651	0.067723	0.11047
651.5	0.064348	0.075299
652	0.051663	0.073178
652.5	0.056434	0.098184
653	0.073159	0.11704
653.5	0.076376	0.12292
654	0.059842	0.095968
654.5	0.053367	0.079255
655	0.06209	0.076388
655.5	0.068647	0.06658
656	0.063928	0.0653
656.5	0.08138	0.08104
657	0.099582	0.13026
657.5	0.089271	0.14692
658	0.072309	0.10308
658.5	0.062918	0.069881
659	0.047328	0.075007
659.5	0.06672	0.071802
660	0.11272	0.053451
660.5	0.12378	0.053704
661	0.10467	0.056392
661.5	0.083663	0.050996
662	0.10069	0.060146
662.5	0.12098	0.065041
663	0.086428	0.08008
663.5	0.053947	0.10636
664	0.051767	0.10453
664.5	0.058752	0.082063
665	0.082494	0.087592
665.5	0.096054	0.087368
666	0.069981	0.086797
666.5	0.052703	0.082623
667	0.06839	0.068756
667.5	0.080467	0.08262
668	0.076092	0.099113
668.5	0.07509	0.092552
669	0.084948	0.10037
669.5	0.097874	0.11417
670	0.099445	0.084991
670.5	0.084715	0.068412
671	0.072642	0.078319
671.5	0.079324	0.11172
672	0.11029	0.17308
672.5	0.14542	0.17337
673	0.13875	0.12344
673.5	0.10856	0.084476
674	0.077896	0.069159
674.5	0.064435	0.067994
675	0.06704	0.085638
675.5	0.080554	0.089847
676	0.091228	0.088283
676.5	0.093609	0.071172
677	0.10482	0.049809
677.5	0.11408	0.046282
678	0.10044	0.048401
678.5	0.11171	0.05503
679	0.10618	0.051156
679.5	0.073903	0.041937
680	0.059248	0.050154
680.5	0.059861	0.082156
681	0.086118	0.093677
681.5	0.1024	0.089406
682	0.09844	0.071812
682.5	0.093872	0.05272
683	0.076276	0.068544
683.5	0.067098	0.11099
684	0.084105	0.12856
684.5	0.098352	0.11546
685	0.085735	0.098208
685.5	0.07769	0.095513
686	0.072057	0.092671
686.5	0.072145	0.080396
687	0.091807	0.091579
687.5	0.10686	0.10675
688	0.095119	0.070809
688.5	0.074969	0.040319
689	0.064512	0.043798
689.5	0.069121	0.065822
690	0.1044	0.079433
690.5	0.11244	0.075082
691	0.087622	0.048594
691.5	0.080129	0.0294
692	0.076447	0.035884
692.5	0.075751	0.056495
693	0.082139	0.074027
693.5	0.066955	0.088119
694	0.057398	0.10131
694.5	0.066833	0.1063
695	0.080847	0.080359
695.5	0.091576	0.07005
696	0.10337	0.069945
696.5	0.10606	0.059393
697	0.090259	0.043638
697.5	0.072508	0.036559
698	0.079451	0.045651
698.5	0.083158	0.06716
699	0.074767	0.077131
699.5	0.061279	0.075378
700	0.059304	0.069191
700.5	0.051862	0.043732
701	0.040316	0.02223
701.5	0.058326	0.028291
702	0.080255	0.060387
702.5	0.070789	0.086001
703	0.045867	0.063554
703.5	0.043125	0.042141
704	0.053797	0.06074
704.5	0.057874	0.080983
705	0.063189	0.080769
705.5	0.062925	0.090722
706	0.048322	0.098129
706.5	0.03618	0.074927
707	0.035981	0.064414
707.5	0.040883	0.063806
708	0.05725	0.074864
708.5	0.068668	0.087352
709	0.05703	0.078495
709.5	0.050023	0.070493
710	0.064312	0.087563
710.5	0.082033	0.097978
711	0.098887	0.091848
711.5	0.10395	0.090642
712	0.1117	0.080789
712.5	0.11064	0.050905
713	0.10155	0.030599
713.5	0.088272	0.038866
714	0.071703	0.055937
714.5	0.058899	0.06671
715	0.057002	0.07742
715.5	0.059351	0.097579
716	0.05381	0.097135
716.5	0.068416	0.080974
717	0.079907	0.062896
717.5	0.081461	0.056652
718	0.077647	0.050342
718.5	0.082526	0.056141
719	0.067315	0.072603
719.5	0.05133	0.075548
720	0.05734	0.073616
720.5	0.062037	0.072541
721	0.065765	0.068931
721.5	0.058216	0.062788
722	0.063467	0.05682
722.5	0.08044	0.047158
723	0.095462	0.044763
723.5	0.087051	0.045898
724	0.084715	0.053346
724.5	0.088673	0.064551
725	0.086524	0.065819
725.5	0.084067	0.062772
726	0.066353	0.056322
726.5	0.054833	0.048349
727	0.055104	0.060242
727.5	0.050883	0.088418
728	0.06968	0.091652
728.5	0.094503	0.082714
729	0.091288	0.08699
729.5	0.073458	0.076981
730	0.061641	0.062706
730.5	0.077025	0.08666
731	0.093375	0.10924
731.5	0.10701	0.08157
732	0.10535	0.060536
732.5	0.070313	0.056739
733	0.044751	0.064449
733.5	0.042299	0.078928
734	0.060652	0.091151
734.5	0.091593	0.084839
735	0.10597	0.090995
735.5	0.092237	0.092425
736	0.082275	0.068634
736.5	0.091714	0.057722
737	0.087276	0.049411
737.5	0.064267	0.049271
738	0.046556	0.06833
738.5	0.036287	0.064589
739	0.045614	0.062985
739.5	0.055897	0.079531
740	0.045643	0.087559
740.5	0.047748	0.091403
741	0.053314	0.091042
741.5	0.043438	0.080862
742	0.039621	0.056955
742.5	0.059917	0.06942
743	0.074225	0.11053
743.5	0.071407	0.13199
744	0.081024	0.12505
744.5	0.095149	0.092088
745	0.083847	0.066145
745.5	0.058951	0.054949
746	0.047822	0.048143
746.5	0.052433	0.050589
747	0.066162	0.065724
747.5	0.066124	0.08961
748	0.055129	0.10843
748.5	0.068283	0.10348
749	0.081504	0.071896
749.5	0.066513	0.039158
750	0.056273	0.028104
750.5	0.056169	0.036898
751	0.064641	0.054762
751.5	0.052856	0.067317
752	0.040227	0.071101
752.5	0.044369	0.063721
753	0.034649	0.043925
753.5	0.031129	0.036059
754	0.040207	0.052288
754.5	0.047803	0.074756
755	0.050012	0.08703
755.5	0.048911	0.097409
756	0.057064	0.093927
756.5	0.061257	0.084345
757	0.046452	0.092015
757.5	0.045164	0.065701
758	0.066347	0.044546
758.5	0.072877	0.05893
759	0.057375	0.080746
759.5	0.042009	0.072017
760	0.032778	0.052198
760.5	0.035448	0.068083
761	0.054866	0.095509
761.5	0.062778	0.094464
762	0.054765	0.074826
762.5	0.067052	0.052985
763	0.078634	0.050353
763.5	0.064827	0.059352
764	0.072949	0.047001
764.5	0.087907	0.045815
765	0.05762	0.069463
765.5	0.039409	0.082776
766	0.053685	0.057071
766.5	0.053134	0.04267
767	0.036791	0.048
767.5	0.03486	0.040652
768	0.048173	0.046756
768.5	0.067616	0.06461
769	0.082563	0.069865
769.5	0.095008	0.066824
770	0.095523	0.047927
770.5	0.089933	0.050072
771	0.066698	0.0614
771.5	0.041236	0.051166
772	0.026309	0.036352
772.5	0.028535	0.048881
773	0.043182	0.071253
773.5	0.050606	0.064661
774	0.052058	0.057838
774.5	0.046066	0.066039
775	0.048779	0.055927
775.5	0.056766	0.039971
776	0.060293	0.038977
776.5	0.071602	0.034275
777	0.078295	0.048605
777.5	0.057804	0.076986
778	0.05273	0.07123
778.5	0.063136	0.050123
779	0.055101	0.072868
779.5	0.052764	0.097171
780	0.061557	0.071103
780.5	0.057272	0.047672
781	0.032849	0.055689
781.5	0.027573	0.067573
782	0.051558	0.061421
782.5	0.077808	0.043364
783	0.086376	0.030844
783.5	0.074688	0.041382
784	0.046423	0.052037
784.5	0.031165	0.039209
785	0.032529	0.035744
785.5	0.040705	0.059882
786	0.042799	0.08137
786.5	0.04329	0.070925
787	0.04933	0.050828
787.5	0.056327	0.04422
788	0.065755	0.055249
788.5	0.071599	0.077932
789	0.060536	0.075934
789.5	0.050504	0.061058
790	0.054286	0.06621
790.5	0.053507	0.0513
791	0.061768	0.032011
791.5	0.078926	0.027512
792	0.07828	0.034913
792.5	0.059466	0.060145
793	0.04965	0.069883
793.5	0.045727	0.05229
794	0.061426	0.041157
794.5	0.085261	0.045977
795	0.083216	0.047782
795.5	0.071795	0.045152
796	0.081488	0.036211
796.5	0.098818	0.039298
797	0.097841	0.05644
797.5	0.084524	0.062509
798	0.055691	0.04379
798.5	0.036706	0.041186
799	0.034797	0.053868
799.5	0.047839	0.045605
800	0.054717	0.045543
800.5	0.057201	0.063256
801	0.070463	0.075414
801.5	0.073852	0.061461
802	0.078096	0.046855
802.5	0.076491	0.052096
803	0.060198	0.060971
803.5	0.043908	0.08065
804	0.047154	0.076875
804.5	0.058491	0.045549
805	0.058283	0.03006
805.5	0.059754	0.032485
806	0.066785	0.043076
806.5	0.039424	0.057629
807	0.020197	0.071196
807.5	0.026523	0.08354
808	0.050753	0.087635
808.5	0.066211	0.069512
809	0.051701	0.05771
809.5	0.041781	0.051187
810	0.04199	0.030842
810.5	0.037664	0.015561
811	0.044545	0.022286
811.5	0.056403	0.046965
812	0.056033	0.068546
812.5	0.058998	0.064337
813	0.055647	0.054405
813.5	0.047456	0.062377
814	0.048931	0.083327
814.5	0.039622	0.106
815	0.03686	0.089465
815.5	0.037417	0.054067
816	0.033943	0.048092
816.5	0.03228	0.071502
817	0.027078	0.077516
817.5	0.020118	0.051675
818	0.028322	0.046429
818.5	0.0533	0.072521
819	0.064514	0.086423
819.5	0.044902	0.057943
820	0.031807	0.038988
820.5	0.042693	0.04825
821	0.052124	0.067568
821.5	0.049883	0.076022
822	0.040655	0.058406
822.5	0.030079	0.047444
823	0.029869	0.048387
823.5	0.026755	0.045527
824	0.02138	0.042395
824.5	0.021051	0.050145
825	0.032981	0.059735
825.5	0.04212	0.070258
826	0.043772	0.066708
826.5	0.049043	0.048661
827	0.044743	0.03641
827.5	0.033182	0.054809
828	0.030609	0.086062
828.5	0.037851	0.085287
829	0.040875	0.060203
829.5	0.054387	0.055691
830	0.064944	0.058977
830.5	0.051079	0.051627
831	0.033182	0.057044
831.5	0.021128	0.058817
832	0.022366	0.054699
832.5	0.028231	0.062013
833	0.030864	0.070645
833.5	0.03925	0.066474
834	0.064518	0.057412
834.5	0.088096	0.060491
835	0.061702	0.051073
835.5	0.045248	0.046984
836	0.052948	0.050459
836.5	0.046557	0.044249
837	0.040073	0.050544
837.5	0.048469	0.052843
838	0.062041	0.052399
838.5	0.088269	0.049397
839	0.09628	0.041777
839.5	0.076289	0.039277
840	0.0639	0.043879
840.5	0.063454	0.047079
841	0.063557	0.049613
841.5	0.073021	0.050982
842	0.071549	0.052295
842.5	0.053036	0.037839
843	0.038471	0.031556
843.5	0.032131	0.042193
844	0.03611	0.040935
844.5	0.036966	0.040236
845	0.029665	0.050962
845.5	0.035136	0.053327
846	0.056593	0.050043
846.5	0.069216	0.04265
847	0.074694	0.040373
847.5	0.085698	0.037585
848	0.088291	0.045084
848.5	0.075676	0.063698
849	0.067853	0.077474
849.5	0.063054	0.073323
850	0.062767	0.081074
850.5	0.059338	0.070408
851	0.050959	0.034592
851.5	0.041855	0.021075
852	0.046538	0.031408
852.5	0.061512	0.043954
853	0.073456	0.052513
853.5	0.071755	0.055632
854	0.064878	0.056592
854.5	0.059084	0.06209
855	0.063961	0.065245
855.5	0.060697	0.051243
856	0.048563	0.038655
856.5	0.042154	0.036523
857	0.038317	0.043888
857.5	0.02929	0.053414
858	0.02749	0.059378
858.5	0.036582	0.053276
859	0.048477	0.051408
859.5	0.040226	0.042537
860	0.033765	0.041911
860.5	0.040695	0.03921
861	0.057501	0.0388
861.5	0.068847	0.042585
862	0.06376	0.032311
862.5	0.063835	0.03006
863	0.053761	0.048043
863.5	0.045944	0.069579
864	0.051635	0.052345
864.5	0.054026	0.025616
865	0.056621	0.031117
865.5	0.067223	0.050128
866	0.066703	0.055433
866.5	0.05231	0.055296
867	0.050457	0.048924
867.5	0.049323	0.029552
868	0.048072	0.018915
868.5	0.057025	0.026131
869	0.059317	0.042475
869.5	0.058919	0.052746
870	0.050538	0.052496
870.5	0.04268	0.052928
871	0.049215	0.040287
871.5	0.048712	0.0248
872	0.040767	0.029182
872.5	0.041033	0.037882
873	0.049888	0.031213
873.5	0.0622	0.037266
874	0.058721	0.057943
874.5	0.031583	0.057963
875	0.020358	0.049088
875.5	0.037701	0.046245
876	0.057942	0.057758
876.5	0.059972	0.072543
877	0.060008	0.064517
877.5	0.046552	0.045504
878	0.033917	0.030316
878.5	0.043409	0.027259
879	0.049231	0.039705
879.5	0.041262	0.045052
880	0.046503	0.043299
880.5	0.058712	0.04625
881	0.061195	0.043627
881.5	0.062808	0.053487
882	0.052416	0.057633
882.5	0.04868	0.044205
883	0.04985	0.040302
883.5	0.042948	0.040752
884	0.042954	0.032737
884.5	0.045335	0.028949
885	0.044007	0.040281
885.5	0.042505	0.048837
886	0.036709	0.046925
886.5	0.034963	0.049696
887	0.032691	0.055235
887.5	0.040539	0.070829
888	0.047345	0.079346
888.5	0.040296	0.074552
889	0.041212	0.065707
889.5	0.040283	0.052116
890	0.04054	0.03111
890.5	0.044635	0.024772
891	0.045663	0.034757
891.5	0.03715	0.055974
892	0.030286	0.073845
892.5	0.038265	0.059739
893	0.048468	0.040788
893.5	0.054274	0.03133
894	0.04962	0.038636
894.5	0.043353	0.046996
895	0.039311	0.05068
895.5	0.033329	0.0644
896	0.037684	0.069082
896.5	0.049582	0.055034
897	0.052227	0.046853
897.5	0.04959	0.04911
898	0.04752	0.058751
898.5	0.042505	0.065246
899	0.045326	0.066592
899.5	0.057244	0.061606
900	0.06093	0.056942
900.5	0.068204	0.049038
901	0.062332	0.046702
901.5	0.039853	0.048767
902	0.025217	0.052941
902.5	0.025998	0.064091
903	0.024987	0.077085
903.5	0.024785	0.066373
904	0.033952	0.046702
904.5	0.040493	0.051075
905	0.032813	0.056065
905.5	0.021981	0.059238
906	0.0215	0.062178
906.5	0.027268	0.044952
907	0.036334	0.026458
907.5	0.04951	0.021633
908	0.060421	0.033539
908.5	0.058775	0.051991
909	0.053804	0.048191
909.5	0.054698	0.034516
910	0.053916	0.034414
910.5	0.054405	0.049103
911	0.048947	0.064781
911.5	0.048889	0.068085
912	0.053047	0.050625
912.5	0.05503	0.041359
913	0.06067	0.037071
913.5	0.062363	0.03385
914	0.052485	0.043788
914.5	0.046199	0.050421
915	0.04952	0.04237
915.5	0.048626	0.042186
916	0.044188	0.047251
916.5	0.036962	0.038701
917	0.041331	0.039443
917.5	0.058754	0.054116
918	0.06228	0.051779
918.5	0.055263	0.049613
919	0.052554	0.06306
919.5	0.058143	0.056344
920	0.062052	0.054397
920.5	0.044627	0.059512
921	0.040896	0.05276
921.5	0.041636	0.036411
922	0.040416	0.032727
922.5	0.040047	0.039174
923	0.04189	0.044779
923.5	0.042767	0.055917
924	0.035053	0.063616
924.5	0.036508	0.066361
925	0.049793	0.057315
925.5	0.047882	0.055216
926	0.041604	0.063664
926.5	0.059666	0.054056
927	0.071893	0.039857
927.5	0.051001	0.0363
928	0.032812	0.033617
928.5	0.033942	0.033885
929	0.034346	0.030351
929.5	0.032636	0.031033
930	0.035199	0.038635
930.5	0.034081	0.039074
931	0.038863	0.042681
931.5	0.038612	0.047824
932	0.041423	0.043468
932.5	0.050364	0.027457
933	0.046391	0.029356
933.5	0.034543	0.043521
934	0.045647	0.039917
934.5	0.058509	0.031561
935	0.05976	0.035933
935.5	0.077006	0.037665
936	0.088847	0.03273
936.5	0.073322	0.031585
937	0.05459	0.03354
937.5	0.056768	0.03539
938	0.041509	0.039799
938.5	0.032109	0.031214
939	0.041231	0.022227
939.5	0.045517	0.025064
940	0.047532	0.030956
940.5	0.049044	0.036678
941	0.049043	0.041401
941.5	0.044786	0.029675
942	0.039557	0.035071
942.5	0.035389	0.053498
943	0.04703	0.05333
943.5	0.06579	0.04936
944	0.053457	0.048515
944.5	0.029574	0.039463
945	0.033305	0.031879
945.5	0.047893	0.031723
946	0.048059	0.042219
946.5	0.043723	0.068532
947	0.043398	0.070819
947.5	0.039105	0.049876
948	0.036427	0.043481
948.5	0.048638	0.049315
949	0.050927	0.044858
949.5	0.043553	0.036242
950	0.038118	0.039333
950.5	0.05329	0.05307
951	0.068616	0.059838
951.5	0.051827	0.04688
952	0.031138	0.042072
952.5	0.030762	0.045986
953	0.031337	0.050603
953.5	0.029289	0.046602
954	0.039218	0.045021
954.5	0.041666	0.042083
955	0.04849	0.045377
955.5	0.059081	0.049233
956	0.047584	0.047507
956.5	0.040363	0.06116
957	0.038356	0.06738
957.5	0.05203	0.054639
958	0.068661	0.058897
958.5	0.062963	0.071575
959	0.054945	0.077115
959.5	0.044322	0.071215
960	0.043586	0.06531
960.5	0.060915	0.047318
961	0.070509	0.037221
961.5	0.068124	0.041895
962	0.043672	0.051165
962.5	0.029049	0.043276
963	0.033996	0.02485
963.5	0.039188	0.019708
964	0.037417	0.025102
964.5	0.031426	0.031745
965	0.031251	0.041477
965.5	0.036243	0.049803
966	0.038115	0.048545
966.5	0.03449	0.046594
967	0.041586	0.054836
967.5	0.04851	0.053732
968	0.049291	0.037179
968.5	0.050582	0.031359
969	0.043472	0.043848
969.5	0.036836	0.06323
970	0.045208	0.070338
970.5	0.055154	0.061144
971	0.055512	0.052637
971.5	0.048165	0.061892
972	0.037018	0.063595
972.5	0.02973	0.053943
973	0.025837	0.049914
973.5	0.026336	0.046601
974	0.038021	0.05298
974.5	0.047937	0.059086
975	0.044228	0.061967
975.5	0.040329	0.054531
976	0.043875	0.041759
976.5	0.038234	0.0302
977	0.031134	0.028441
977.5	0.030813	0.030729
978	0.037902	0.037512
978.5	0.042031	0.050789
979	0.042467	0.064568
979.5	0.043921	0.060647
980	0.055401	0.056019
980.5	0.051173	0.047047
981	0.035515	0.03512
981.5	0.03716	0.034006
982	0.049863	0.043065
982.5	0.046391	0.033675
983	0.031578	0.020749
983.5	0.022078	0.026476
984	0.023215	0.037802
984.5	0.027302	0.040197
985	0.041164	0.034957
985.5	0.056422	0.046498
986	0.043578	0.050931
986.5	0.023044	0.049767
987	0.022583	0.06078
987.5	0.033799	0.044395
988	0.033631	0.033509
988.5	0.037208	0.049162
989	0.036559	0.053447
989.5	0.033706	0.04557
990	0.033757	0.04862
990.5	0.034321	0.053352
991	0.037905	0.05075
991.5	0.035305	0.042571
992	0.031541	0.043162
992.5	0.04337	0.044372
993	0.055555	0.039952
993.5	0.061541	0.035868
994	0.06443	0.04653
994.5	0.055948	0.058724
995	0.058554	0.046079
995.5	0.063335	0.032426
996	0.04771	0.046138
996.5	0.042857	0.05886
997	0.058525	0.052352
997.5	0.058139	0.051217
998	0.042994	0.052791
998.5	0.040085	0.0337
999	0.039774	0.017383
999.5	0.029066	0.011768
-1000	0.024345	0.011171
-999.5	0.029066	0.011768
-999	0.039774	0.017383
-998.5	0.040085	0.0337
-998	0.042994	0.052791
-997.5	0.058139	0.051217
-997	0.058525	0.052352
-996.5	0.042857	0.05886
-996	0.04771	0.046138
-995.5	0.063335	0.032426
-995	0.058554	0.046079
-994.5	0.055948	0.058724
-994	0.06443	0.04653
-993.5	0.061541	0.035868
-993	0.055555	0.039952
-992.5	0.04337	0.044372
-992	0.031541	0.043162
-991.5	0.035305	0.042571
-991	0.037905	0.05075
-990.5	0.034321	0.053352
-990	0.033757	0.04862
-989.5	0.033706	0.04557
-989	0.036559	0.053447
-988.5	0.037208	0.049162
-988	0.033631	0.033509
-987.5	0.033799	0.044395
-987	0.022583	0.06078
-986.5	0.023044	0.049767
-986	0.043578	0.050931
-985.5	0.056422	0.046498
-985	0.041164	0.034957
-984.5	0.027302	0.040197
-984	0.023215	0.037802
-983.5	0.022078	0.026476
-983	0.031578	0.020749
-982.5	0.046391	0.033675
-982	0.049863	0.043065
-981.5	0.03716	0.034006
-981	0.035515	0.03512
-980.5	0.051173	0.047047
-980	0.055401	0.056019
-979.5	0.043921	0.060647
-979	0.042467	0.064568
-978.5	0.042031	0.050789
-978	0.037902	0.037512
-977.5	0.030813	0.030729
-977	0.031134	0.028441
-976.5	0.038234	0.0302
-976	0.043875	0.041759
-975.5	0.040329	0.054531
-975	0.044228	0.061967
-974.5	0.047937	0.059086
-974	0.038021	0.05298
-973.5	0.026336	0.046601
-973	0.025837	0.049914
-972.5	0.02973	0.053943
-972	0.037018	0.063595
-971.5	0.048165	0.061892
-971	0.055512	0.052637
-970.5	0.055154	0.061144
-970	0.045208	0.070338
-969.5	0.036836	0.06323
-969	0.043472	0.043848
-968.5	0.050582	0.031359
-968	0.049291	0.037179
-967.5	0.04851	0.053732
-967	0.041586	0.054836
-966.5	0.03449	0.046594
-966	0.038115	0.048545
-965.5	0.036243	0.049803
-965	0.031251	0.041477
-964.5	0.031426	0.031745
-964	0.037417	0.025102
-963.5	0.039188	0.019708
-963	0.033996	0.02485
-962.5	0.029049	0.043276
-962	0.043672	0.051165
-961.5	0.068124	0.041895
-961	0.070509	0.037221
-960.5	0.060915	0.047318
-960	0.043586	0.06531
-959.5	0.044322	0.071215
-959	0.054945	0.077115
-958.5	0.062963	0.071575
-958	0.068661	0.058897
-957.5	0.05203	0.054639
-957	0.038356	0.06738
-956.5	0.040363	0.06116
-956	0.047584	0.047507
-955.5	0.059081	0.049233
-955	0.04849	0.045377
-954.5	0.041666	0.042083
-954	0.039218	0.045021
-953.5	0.029289	0.046602
-953	0.031337	0.050603
-952.5	0.030762	0.045986
-952	0.031138	0.042072
-951.5	0.051827	0.04688
-951	0.068616	0.059838
-950.5	0.05329	0.05307
-950	0.038118	0.039333
-949.5	0.043553	0.036242
-949	0.050927	0.044858
-948.5	0.048638	0.049315
-948	0.036427	0.043481
-947.5	0.039105	0.049876
-947	0.043398	0.070819
-946.5	0.043723	0.068532
-946	0.048059	0.042219
-945.5	0.047893	0.031723
-945	0.033305	0.031879
-944.5	0.029574	0.039463
-944	0.053457	0.048515
-943.5	0.06579	0.04936
-943	0.04703	0.05333
-942.5	0.035389	0.053498
-942	0.039557	0.035071
-941.5	0.044786	0.029675
-941	0.049043	0.041401
-940.5	0.049044	0.036678
-940	0.047532	0.030956
-939.5	0.045517	0.025064
-939	0.041231	0.022227
-938.5	0.032109	0.031214
-938	0.041509	0.039799
-937.5	0.056768	0.03539
-937	0.05459	0.03354
-936.5	0.073322	0.031585
-936	0.088847	0.03273
-935.5	0.077006	0.037665
-935	0.05976	0.035933
-934.5	0.058509	0.031561
-934	0.045647	0.039917
-933.5	0.034543	0.043521
-933	0.046391	0.029356
-932.5	0.050364	0.027457
-932	0.041423	0.043468
-931.5	0.038612	0.047824
-931	0.038863	0.042681
-930.5	0.034081	0.039074
-930	0.035199	0.038635
-929.5	0.032636	0.031033
-929	0.034346	0.030351
-928.5	0.033942	0.033885
-928	0.032812	0.033617
-927.5	0.051001	0.0363
-927	0.071893	0.039857
-926.5	0.059666	0.054056
-926	0.041604	0.063664
-925.5	0.047882	0.055216
-925	0.049793	0.057315
-924.5	0.036508	0.066361
-924	0.035053	0.063616
-923.5	0.042767	0.055917
-923	0.04189	0.044779
-922.5	0.040047	0.039174
-922	0.040416	0.032727
-921.5	0.041636	0.036411
-921	0.040896	0.05276
-920.5	0.044627	0.059512
-920	0.062052	0.054397
-919.5	0.058143	0.056344
-919	0.052554	0.06306
-918.5	0.055263	0.049613
-918	0.06228	0.051779
-917.5	0.058754	0.054116
-917	0.041331	0.039443
-916.5	0.036962	0.038701
-916	0.044188	0.047251
-915.5	0.048626	0.042186
-915	0.04952	0.04237
-914.5	0.046199	0.050421
-914	0.052485	0.043788
-913.5	0.062363	0.03385
-913	0.06067	0.037071
-912.5	0.05503	0.041359
-912	0.053047	0.050625
-911.5	0.048889	0.068085
-911	0.048947	0.064781
-910.5	0.054405	0.049103
-910	0.053916	0.034414
-909.5	0.054698	0.034516
-909	0.053804	0.048191
-908.5	0.058775	0.051991
-908	0.060421	0.033539
-907.5	0.04951	0.021633
-907	0.036334	0.026458
-906.5	0.027268	0.044952
-906	0.0215	0.062178
-905.5	0.021981	0.059238
-905	0.032813	0.056065
-904.5	0.040493	0.051075
-904	0.033952	0.046702
-903.5	0.024785	0.066373
-903	0.024987	0.077085
-902.5	0.025998	0.064091
-902	0.025217	0.052941
-901.5	0.039853	0.048767
-901	0.062332	0.046702
-900.5	0.068204	0.049038
-900	0.06093	0.056942
-899.5	0.057244	0.061606
-899	0.045326	0.066592
-898.5	0.042505	0.065246
-898	0.04752	0.058751
-897.5	0.04959	0.04911
-897	0.052227	0.046853
-896.5	0.049582	0.055034
-896	0.037684	0.069082
-895.5	0.033329	0.0644
-895	0.039311	0.05068
-894.5	0.043353	0.046996
-894	0.04962	0.038636
-893.5	0.054274	0.03133
-893	0.048468	0.040788
-892.5	0.038265	0.059739
-892	0.030286	0.073845
-891.5	0.03715	0.055974
-891	0.045663	0.034757
-890.5	0.044635	0.024772
-890	0.04054	0.03111
-889.5	0.040283	0.052116
-889	0.041212	0.065707
-888.5	0.040296	0.074552
-888	0.047345	0.079346
-887.5	0.040539	0.070829
-887	0.032691	0.055235
-886.5	0.034963	0.049696
-886	0.036709	0.046925
-885.5	0.042505	0.048837
-885	0.044007	0.040281
-884.5	0.045335	0.028949
-884	0.042954	0.032737
-883.5	0.042948	0.040752
-883	0.04985	0.040302
-882.5	0.04868	0.044205
-882	0.052416	0.057633
-881.5	0.062808	0.053487
-881	0.061195	0.043627
-880.5	0.058712	0.04625
-880	0.046503	0.043299
-879.5	0.041262	0.045052
-879	0.049231	0.039705
-878.5	0.043409	0.027259
-878	0.033917	0.030316
-877.5	0.046552	0.045504
-877	0.060008	0.064517
-876.5	0.059972	0.072543
-876	0.057942	0.057758
-875.5	0.037701	0.046245
-875	0.020358	0.049088
-874.5	0.031583	0.057963
-874	0.058721	0.057943
-873.5	0.0622	0.037266
-873	0.049888	0.031213
-872.5	0.041033	0.037882
-872	0.040767	0.029182
-871.5	0.048712	0.0248
-871	0.049215	0.040287
-870.5	0.04268	0.052928
-870	0.050538	0.052496
-869.5	0.058919	0.052746
-869	0.059317	0.042475
-868.5	0.057025	0.026131
-868	0.048072	0.018915
-867.5	0.049323	0.029552
-867	0.050457	0.048924
-866.5	0.05231	0.055296
-866	0.066703	0.055433
-865.5	0.067223	0.050128
-865	0.056621	0.031117
-864.5	0.054026	0.025616
-864	0.051635	0.052345
-863.5	0.045944	0.069579
-863	0.053761	0.048043
-862.5	0.063835	0.03006
-862	0.06376	0.032311
-861.5	0.068847	0.042585
-861	0.057501	0.0388
-860.5	0.040695	0.03921
-860	0.033765	0.041911
-859.5	0.040226	0.042537
-859	0.048477	0.051408
-858.5	0.036582	0.053276
-858	0.02749	0.059378
-857.5	0.02929	0.053414
-857	0.038317	0.043888
-856.5	0.042154	0.036523
-856	0.048563	0.038655
-855.5	0.060697	0.051243
-855	0.063961	0.065245
-854.5	0.059084	0.06209
-854	0.064878	0.056592
-853.5	0.071755	0.055632
-853	0.073456	0.052513
-852.5	0.061512	0.043954
-852	0.046538	0.031408
-851.5	0.041855	0.021075
-851	0.050959	0.034592
-850.5	0.059338	0.070408
-850	0.062767	0.081074
-849.5	0.063054	0.073323
-849	0.067853	0.077474
-848.5	0.075676	0.063698
-848	0.088291	0.045084
-847.5	0.085698	0.037585
-847	0.074694	0.040373
-846.5	0.069216	0.04265
-846	0.056593	0.050043
-845.5	0.035136	0.053327
-845	0.029665	0.050962
-844.5	0.036966	0.040236
-844	0.03611	0.040935
-843.5	0.032131	0.042193
-843	0.038471	0.031556
-842.5	0.053036	0.037839
-842	0.071549	0.052295
-841.5	0.073021	0.050982
-841	0.063557	0.049613
-840.5	0.063454	0.047079
-840	0.0639	0.043879
-839.5	0.076289	0.039277
-839	0.09628	0.041777
-838.5	0.088269	0.049397
-838	0.062041	0.052399
-837.5	0.048469	0.052843
-837	0.040073	0.050544
-836.5	0.046557	0.044249
-836	0.052948	0.050459
-835.5	0.045248	0.046984
-835	0.061702	0.051073
-834.5	0.088096	0.060491
-834	0.064518	0.057412
-833.5	0.03925	0.066474
-833	0.030864	0.070645
-832.5	0.028231	0.062013
-832	0.022366	0.054699
-831.5	0.021128	0.058817
-831	0.033182	0.057044
-830.5	0.051079	0.051627
-830	0.064944	0.058977
-829.5	0.054387	0.055691
-829	0.040875	0.060203
-828.5	0.037851	0.085287
-828	0.030609	0.086062
-827.5	0.033182	0.054809
-827	0.044743	0.03641
-826.5	0.049043	0.048661
-826	0.043772	0.066708
-825.5	0.04212	0.070258
-825	0.032981	0.059735
-824.5	0.021051	0.050145
-824	0.02138	0.042395
-823.5	0.026755	0.045527
-823	0.029869	0.048387
-822.5	0.030079	0.047444
-822	0.040655	0.058406
-821.5	0.049883	0.076022
-821	0.052124	0.067568
-820.5	0.042693	0.04825
-820	0.031807	0.038988
-819.5	0.044902	0.057943
-819	0.064514	0.086423
-818.5	0.0533	0.072521
-818	0.028322	0.046429
-817.5	0.020118	0.051675
-817	0.027078	0.077516
-816.5	0.03228	0.071502
-816	0.033943	0.048092
-815.5	0.037417	0.054067
-815	0.03686	0.089465
-814.5	0.039622	0.106
-814	0.048931	0.083327
-813.5	0.047456	0.062377
-813	0.055647	0.054405
-812.5	0.058998	0.064337
-812	0.056033	0.068546
-811.5	0.056403	0.046965
-811	0.044545	0.022286
-810.5	0.037664	0.015561
-810	0.04199	0.030842
-809.5	0.041781	0.051187
-809	0.051701	0.05771
-808.5	0.066211	0.069512
-808	0.050753	0.087635
-807.5	0.026523	0.08354
-807	0.020197	0.071196
-806.5	0.039424	0.057629
-806	0.066785	0.043076
-805.5	0.059754	0.032485
-805	0.058283	0.03006
-804.5	0.058491	0.045549
-804	0.047154	0.076875
-803.5	0.043908	0.08065
-803	0.060198	0.060971
-802.5	0.076491	0.052096
-802	0.078096	0.046855
-801.5	0.073852	0.061461
-801	0.070463	0.075414
-800.5	0.057201	0.063256
-800	0.054717	0.045543
-799.5	0.047839	0.045605
-799	0.034797	0.053868
-798.5	0.036706	0.041186
-798	0.055691	0.04379
-797.5	0.084524	0.062509
-797	0.097841	0.05644
-796.5	0.098818	0.039298
-796	0.081488	0.036211
-795.5	0.071795	0.045152
-795	0.083216	0.047782
-794.5	0.085261	0.045977
-794	0.061426	0.041157
-793.5	0.045727	0.05229
-793	0.04965	0.069883
-792.5	0.059466	0.060145
-792	0.07828	0.034913
-791.5	0.078926	0.027512
-791	0.061768	0.032011
-790.5	0.053507	0.0513
-790	0.054286	0.06621
-789.5	0.050504	0.061058
-789	0.060536	0.075934
-788.5	0.071599	0.077932
-788	0.065755	0.055249
-787.5	0.056327	0.04422
-787	0.04933	0.050828
-786.5	0.04329	0.070925
-786	0.042799	0.08137
-785.5	0.040705	0.059882
-785	0.032529	0.035744
-784.5	0.031165	0.039209
-784	0.046423	0.052037
-783.5	0.074688	0.041382
-783	0.086376	0.030844
-782.5	0.077808	0.043364
-782	0.051558	0.061421
-781.5	0.027573	0.067573
-781	0.032849	0.055689
-780.5	0.057272	0.047672
-780	0.061557	0.071103
-779.5	0.052764	0.097171
-779	0.055101	0.072868
-778.5	0.063136	0.050123
-778	0.05273	0.07123
-777.5	0.057804	0.076986
-777	0.078295	0.048605
-776.5	0.071602	0.034275
-776	0.060293	0.038977
-775.5	0.056766	0.039971
-775	0.048779	0.055927
-774.5	0.046066	0.066039
-774	0.052058	0.057838
-773.5	0.050606	0.064661
-773	0.043182	0.071253
-772.5	0.028535	0.048881
-772	0.026309	0.036352
-771.5	0.041236	0.051166
-771	0.066698	0.0614
-770.5	0.089933	0.050072
-770	0.095523	0.047927
-769.5	0.095008	0.066824
-769	0.082563	0.069865
-768.5	0.067616	0.06461
-768	0.048173	0.046756
-767.5	0.03486	0.040652
-767	0.036791	0.048
-766.5	0.053134	0.04267
-766	0.053685	0.057071
-765.5	0.039409	0.082776
-765	0.05762	0.069463
-764.5	0.087907	0.045815
-764	0.072949	0.047001
-763.5	0.064827	0.059352
-763	0.078634	0.050353
-762.5	0.067052	0.052985
-762	0.054765	0.074826
-761.5	0.062778	0.094464
-761	0.054866	0.095509
-760.5	0.035448	0.068083
-760	0.032778	0.052198
-759.5	0.042009	0.072017
-759	0.057375	0.080746
-758.5	0.072877	0.05893
-758	0.066347	0.044546
-757.5	0.045164	0.065701
-757	0.046452	0.092015
-756.5	0.061257	0.084345
-756	0.057064	0.093927
-755.5	0.048911	0.097409
-755	0.050012	0.08703
-754.5	0.047803	0.074756
-754	0.040207	0.052288
-753.5	0.031129	0.036059
-753	0.034649	0.043925
-752.5	0.044369	0.063721
-752	0.040227	0.071101
-751.5	0.052856	0.067317
-751	0.064641	0.054762
-750.5	0.056169	0.036898
-750	0.056273	0.028104
-749.5	0.066513	0.039158
-749	0.081504	0.071896
-748.5	0.068283	0.10348
-748	0.055129	0.10843
-747.5	0.066124	0.08961
-747	0.066162	0.065724
-746.5	0.052433	0.050589
-746	0.047822	0.048143
-745.5	0.058951	0.054949
-745	0.083847	0.066145
-744.5	0.095149	0.092088
-744	0.081024	0.12505
-743.5	0.071407	0.13199
-743	0.074225	0.11053
-742.5	0.059917	0.06942
-742	0.039621	0.056955
-741.5	0.043438	0.080862
-741	0.053314	0.091042
-740.5	0.047748	0.091403
-740	0.045643	0.087559
-739.5	0.055897	0.079531
-739	0.045614	0.062985
-738.5	0.036287	0.064589
-738	0.046556	0.06833
-737.5	0.064267	0.049271
-737	0.087276	0.049411
-736.5	0.091714	0.057722
-736	0.082275	0.068634
-735.5	0.092237	0.092425
-735	0.10597	0.090995
-734.5	0.091593	0.084839
-734	0.060652	0.091151
-733.5	0.042299	0.078928
-733	0.044751	0.064449
-732.5	0.070313	0.056739
-732	0.10535	0.060536
-731.5	0.10701	0.08157
-731	0.093375	0.10924
-730.5	0.077025	0.08666
-730	0.061641	0.062706
-729.5	0.073458	0.076981
-729	0.091288	0.08699
-728.5	0.094503	0.082714
-728	0.06968	0.091652
-727.5	0.050883	0.088418
-727	0.055104	0.060242
-726.5	0.054833	0.048349
-726	0.066353	0.056322
-725.5	0.084067	0.062772
-725	0.086524	0.065819
-724.5	0.088673	0.064551
-724	0.084715	0.053346
-723.5	0.087051	0.045898
-723	0.095462	0.044763
-722.5	0.08044	0.047158
-722	0.063467	0.05682
-721.5	0.058216	0.062788
-721	0.065765	0.068931
-720.5	0.062037	0.072541
-720	0.05734	0.073616
-719.5	0.05133	0.075548
-719	0.067315	0.072603
-718.5	0.082526	0.056141
-718	0.077647	0.050342
-717.5	0.081461	0.056652
-717	0.079907	0.062896
-716.5	0.068416	0.080974
-716	0.05381	0.097135
-715.5	0.059351	0.097579
-715	0.057002	0.07742
-714.5	0.058899	0.06671
-714	0.071703	0.055937
-713.5	0.088272	0.038866
-713	0.10155	0.030599
-712.5	0.11064	0.050905
-712	0.1117	0.080789
-711.5	0.10395	0.090642
-711	0.098887	0.091848
-710.5	0.082033	0.097978
-710	0.064312	0.087563
-709.5	0.050023	0.070493
-709	0.05703	0.078495
-708.5	0.068668	0.087352
-708	0.05725	0.074864
-707.5	0.040883	0.063806
-707	0.035981	0.064414
-706.5	0.03618	0.074927
-706	0.048322	0.098129
-705.5	0.062925	0.090722
-705	0.063189	0.080769
-704.5	0.057874	0.080983
-704	0.053797	0.06074
-703.5	0.043125	0.042141
-703	0.045867	0.063554
-702.5	0.070789	0.086001
-702	0.080255	0.060387
-701.5	0.058326	0.028291
-701	0.040316	0.02223
-700.5	0.051862	0.043732
-700	0.059304	0.069191
-699.5	0.061279	0.075378
-699	0.074767	0.077131
-698.5	0.083158	0.06716
-698	0.079451	0.045651
-697.5	0.072508	0.036559
-697	0.090259	0.043638
-696.5	0.10606	0.059393
-696	0.10337	0.069945
-695.5	0.091576	0.07005
-695	0.080847	0.080359
-694.5	0.066833	0.1063
-694	0.057398	0.10131
-693.5	0.066955	0.088119
-693	0.082139	0.074027
-692.5	0.075751	0.056495
-692	0.076447	0.035884
-691.5	0.080129	0.0294
-691	0.087622	0.048594
-690.5	0.11244	0.075082
-690	0.1044	0.079433
-689.5	0.069121	0.065822
-689	0.064512	0.043798
-688.5	0.074969	0.040319
-688	0.095119	0.070809
-687.5	0.10686	0.10675
-687	0.091807	0.091579
-686.5	0.072145	0.080396
-686	0.072057	0.092671
-685.5	0.07769	0.095513
-685	0.085735	0.098208
-684.5	0.098352	0.11546
-684	0.084105	0.12856
-683.5	0.067098	0.11099
-683	0.076276	0.068544
-682.5	0.093872	0.05272
-682	0.09844	0.071812
-681.5	0.1024	0.089406
-681	0.086118	0.093677
-680.5	0.059861	0.082156
-680	0.059248	0.050154
-679.5	0.073903	0.041937
-679	0.10618	0.051156
-678.5	0.11171	0.05503
-678	0.10044	0.048401
-677.5	0.11408	0.046282
-677	0.10482	0.049809
-676.5	0.093609	0.071172
-676	0.091228	0.088283
-675.5	0.080554	0.089847
-675	0.06704	0.085638
-674.5	0.064435	0.067994
-674	0.077896	0.069159
-673.5	0.10856	0.084476
-673	0.13875	0.12344
-672.5	0.14542	0.17337
-672	0.11029	0.17308
-671.5	0.079324	0.11172
-671	0.072642	0.078319
-670.5	0.084715	0.068412
-670	0.099445	0.084991
-669.5	0.097874	0.11417
-669	0.084948	0.10037
-668.5	0.07509	0.092552
-668	0.076092	0.099113
-667.5	0.080467	0.08262
-667	0.06839	0.068756
-666.5	0.052703	0.082623
-666	0.069981	0.086797
-665.5	0.096054	0.087368
-665	0.082494	0.087592
-664.5	0.058752	0.082063
-664	0.051767	0.10453
-663.5	0.053947	0.10636
-663	0.086428	0.08008
-662.5	0.12098	0.065041
-662	0.10069	0.060146
-661.5	0.083663	0.050996
-661	0.10467	0.056392
-660.5	0.12378	0.053704
-660	0.11272	0.053451
-659.5	0.06672	0.071802
-659	0.047328	0.075007
-658.5	0.062918	0.069881
-658	0.072309	0.10308
-657.5	0.089271	0.14692
-657	0.099582	0.13026
-656.5	0.08138	0.08104
-656	0.063928	0.0653
-655.5	0.068647	0.06658
-655	0.06209	0.076388
-654.5	0.053367	0.079255
-654	0.059842	0.095968
-653.5	0.076376	0.12292
-653	0.073159	0.11704
-652.5	0.056434	0.098184
-652	0.051663	0.073178
-651.5	0.064348	0.075299
-651	0.067723	0.11047
-650.5	0.069263	0.1103
-650	0.089075	0.1077
-649.5	0.11114	0.13265
-649	0.10698	0.13333
-648.5	0.089214	0.095785
-648	0.06904	0.051921
-647.5	0.064098	0.035582
-647	0.07063	0.065468
-646.5	0.079994	0.097023
-646	0.074835	0.084827
-645.5	0.071505	0.10158
-645	0.087336	0.14836
-644.5	0.098351	0.1353
-644	0.094643	0.11358
-643.5	0.074557	0.13271
-643	0.081766	0.1337
-642.5	0.1054	0.079182
-642	0.12413	0.06462
-641.5	0.14431	0.10294
-641	0.12243	0.13313
-640.5	0.096406	0.13654
-640	0.067685	0.11913
-639.5	0.047273	0.084077
-639	0.075262	0.05929
-638.5	0.10197	0.063731
-638	0.069895	0.099671
-637.5	0.061	0.10595
-637	0.08455	0.10517
-636.5	0.084254	0.14377
-636	0.097073	0.15539
-635.5	0.099358	0.099291
-635	0.063068	0.070547
-634.5	0.046854	0.070511
-634	0.052965	0.07608
-633.5	0.065001	0.070652
-633	0.073705	0.060813
-632.5	0.074611	0.084574
-632	0.080343	0.12102
-631.5	0.10988	0.11845
-631	0.11096	0.089382
-630.5	0.082298	0.088202
-630	0.054783	0.076793
-629.5	0.053156	0.064211
-629	0.062843	0.05295
-628.5	0.069074	0.071868
-628	0.069586	0.10163
-627.5	0.070824	0.10104
-627	0.0808	0.068909
-626.5	0.083447	0.039997
-626	0.079853	0.041676
-625.5	0.11441	0.055802
-625	0.14385	0.075953
-624.5	0.12154	0.089497
-624	0.090723	0.07079
-623.5	0.08898	0.058916
-623	0.096775	0.075771
-622.5	0.083079	0.099478
-622	0.064278	0.093831
-621.5	0.068428	0.064937
-621	0.10249	0.058692
-620.5	0.10925	0.072748
-620	0.065249	0.093663
-619.5	0.0412	0.085008
-619	0.061608	0.075398
-618.5	0.085517	0.094878
-618	0.10338	0.1215
-617.5	0.11147	0.11693
-617	0.091799	0.099763
-616.5	0.08004	0.084633
-616	0.063639	0.089776
-615.5	0.063941	0.099533
-615	0.091877	0.09879
-614.5	0.11297	0.10258
-614	0.13396	0.10726
-613.5	0.1414	0.10388
-613	0.13943	0.11253
-612.5	0.10373	0.11156
-612	0.079912	0.084332
-611.5	0.13082	0.073359
-611	0.17121	0.097689
-610.5	0.10238	0.12252
-610	0.0532	0.10746
-609.5	0.063914	0.068867
-609	0.094076	0.059537
-608.5	0.1033	0.082672
-608	0.12149	0.11648
-607.5	0.11947	0.13199
-607	0.1083	0.11718
-606.5	0.089026	0.11681
-606	0.10222	0.11768
-605.5	0.12096	0.10545
-605	0.10545	0.089489
-604.5	0.064607	0.10011
-604	0.033412	0.12444
-603.5	0.037846	0.11475
-603	0.071828	0.099357
-602.5	0.11005	0.11093
-602	0.14616	0.13362
-601.5	0.14114	0.17522
-601	0.091987	0.18163
-600.5	0.078586	0.14149
-600	0.080007	0.13548
-599.5	0.079965	0.14275
-599	0.084892	0.089364
-598.5	0.074682	0.051599
-598	0.056577	0.051462
-597.5	0.082076	0.079588
-597	0.13208	0.13246
-596.5	0.16041	0.15696
-596	0.13346	0.11715
-595.5	0.088019	0.089841
-595	0.070087	0.093418
-594.5	0.086784	0.094495
-594	0.09321	0.053612
-593.5	0.079495	0.03283
-593	0.075256	0.068595
-592.5	0.083913	0.11681
-592	0.13588	0.11371
-591.5	0.20949	0.086145
-591	0.19098	0.069049
-590.5	0.11533	0.067085
-590	0.061416	0.076358
-589.5	0.069865	0.075821
-589	0.11955	0.071767
-588.5	0.11869	0.064424
-588	0.080215	0.068531
-587.5	0.056436	0.054611
-587	0.061183	0.033073
-586.5	0.10032	0.056578
-586	0.12526	0.11648
-585.5	0.12749	0.12559
-585	0.13672	0.096481
-584.5	0.11656	0.081343
-584	0.09852	0.10429
-583.5	0.092239	0.14196
-583	0.087818	0.14759
-582.5	0.079537	0.12772
-582	0.082702	0.099858
-581.5	0.1084	0.10703
-581	0.099637	0.13287
-580.5	0.056321	0.12196
-580	0.045561	0.078241
-579.5	0.055148	0.059791
-579	0.074404	0.066623
-578.5	0.11208	0.074121
-578	0.12706	0.058734
-577.5	0.10823	0.059537
-577	0.092681	0.078674
-576.5	0.10039	0.10226
-576	0.10087	0.11147
-575.5	0.12521	0.092446
-575	0.1495	0.069996
-574.5	0.10892	0.10039
-574	0.074515	0.15787
-573.5	0.052686	0.14084
-573	0.039175	0.11026
-572.5	0.056276	0.13005
-572	0.11047	0.18141
-571.5	0.18694	0.19615
-571	0.20363	0.14451
-570.5	0.19363	0.088034
-570	0.16549	0.06095
-569.5	0.13264	0.040187
-569	0.13758	0.047121
-568.5	0.12594	0.096276
-568	0.10657	0.11546
-567.5	0.094123	0.090788
-567	0.10003	0.10176
-566.5	0.11737	0.12876
-566	0.1191	0.14178
-565.5	0.11738	0.15093
-565	0.093013	0.13378
-564.5	0.098956	0.08209
-564	0.10333	0.075802
-563.5	0.11627	0.11116
-563	0.15011	0.10305
-562.5	0.14229	0.063487
-562	0.099723	0.058197
-561.5	0.10264	0.070874
-561	0.12165	0.084544
-560.5	0.10556	0.10723
-560	0.072097	0.11454
-559.5	0.058409	0.11659
-559	0.064118	0.1137
-558.5	0.05587	0.10724
-558	0.064611	0.11224
-557.5	0.08823	0.13691
-557	0.098755	0.13384
-556.5	0.084012	0.11562
-556	0.065375	0.13214
-555.5	0.047952	0.16908
-555	0.069516	0.16509
-554.5	0.11561	0.12337
-554	0.12978	0.08023
-553.5	0.12374	0.080667
-553	0.11245	0.097304
-552.5	0.10475	0.10203
-552	0.081146	0.12699
-551.5	0.068365	0.15307
-551	0.10407	0.15263
-550.5	0.14079	0.14814
-550	0.11525	0.13812
-549.5	0.076002	0.10776
-549	0.050829	0.097558
-548.5	0.042781	0.10049
-548	0.077024	0.12475
-547.5	0.11634	0.16954
-547	0.10536	0.15322
-546.5	0.097786	0.11445
-546	0.11425	0.080121
-545.5	0.10045	0.065327
-545	0.081219	0.081024
-544.5	0.069522	0.08294
-544	0.070247	0.085901
-543.5	0.087123	0.12462
-543	0.1074	0.14672
-542.5	0.12108	0.15243
-542	0.10205	0.16127
-541.5	0.08884	0.11839
-541	0.09428	0.082747
-540.5	0.088882	0.071045
-540	0.083079	0.10014
-539.5	0.077633	0.14171
-539	0.066892	0.15991
-538.5	0.080532	0.10929
-538	0.11379	0.087171
-537.5	0.098834	0.1259
-537	0.054751	0.16298
-536.5	0.036475	0.17401
-536	0.045907	0.14246
-535.5	0.071652	0.12303
-535	0.096782	0.12813
-534.5	0.12937	0.14777
-534	0.13919	0.1466
-533.5	0.13261	0.12168
-533	0.12487	0.10314
-532.5	0.13073	0.10427
-532	0.16083	0.10977
-531.5	0.1642	0.14246
-531	0.13192	0.13833
-530.5	0.10382	0.14312
-530	0.087541	0.1641
-529.5	0.066729	0.11719
-529	0.079942	0.096391
-528.5	0.12344	0.15093
-528	0.14787	0.17141
-527.5	0.14525	0.14117
-527	0.12837	0.11219
-526.5	0.1415	0.083398
-526	0.16537	0.08037
-525.5	0.15545	0.092228
-525	0.11975	0.07129
-524.5	0.10281	0.052696
-524	0.13955	0.067573
-523.5	0.14928	0.079322
-523	0.13502	0.075586
-522.5	0.12713	0.060481
-522	0.12827	0.069804
-521.5	0.12385	0.10527
-521	0.10677	0.13226
-520.5	0.12449	0.14684
-520	0.11027	0.11509
-519.5	0.095219	0.086011
-519	0.098825	0.087145
-518.5	0.085408	0.1176
-518	0.076067	0.11716
-517.5	0.092192	0.097973
-517	0.13246	0.098967
-516.5	0.16051	0.097041
-516	0.15792	0.094728
-515.5	0.17327	0.085445
-515	0.1823	0.087118
-514.5	0.13975	0.11021
-514	0.082319	0.12741
-513.5	0.078361	0.15086
-513	0.097183	0.14929
-512.5	0.08017	0.11004
-512	0.077646	0.11977
-511.5	0.093633	0.14273
-511	0.085028	0.0945
-510.5	0.079021	0.054723
-510	0.080848	0.069336
-509.5	0.11467	0.10184
-509	0.12508	0.12233
-508.5	0.10624	0.14909
-508	0.090145	0.13697
-507.5	0.11633	0.10392
-507	0.15452	0.087448
-506.5	0.11329	0.080907
-506	0.076563	0.10665
-505.5	0.092597	0.12129
-505	0.13158	0.10586
-504.5	0.18093	0.11201
-504	0.2016	0.13135
-503.5	0.1669	0.15642
-503	0.11138	0.15931
-502.5	0.083173	0.12729
-502	0.048708	0.11377
-501.5	0.043663	0.1319
-501	0.084494	0.20514
-500.5	0.14744	0.24168
-500	0.20698	0.22919
-499.5	0.21379	0.19889
-499	0.1727	0.15809
-498.5	0.13039	0.10176
-498	0.11252	0.10828
-497.5	0.13531	0.12777
-497	0.16986	0.087516
-496.5	0.17803	0.070982
-496	0.17458	0.098365
-495.5	0.14514	0.1412
-495	0.11843	0.16117
-494.5	0.090933	0.15715
-494	0.090081	0.13259
-493.5	0.087795	0.13639
-493	0.076285	0.14688
-492.5	0.10147	0.15259
-492	0.10557	0.12632
-491.5	0.07905	0.11545
-491	0.087936	0.13979
-490.5	0.10614	0.14059
-490	0.13722	0.13452
-489.5	0.18854	0.12795
-489	0.18847	0.11944
-488.5	0.13	0.13128
-488	0.10409	0.14396
-487.5	0.097913	0.14735
-487	0.10883	0.13746
-486.5	0.14488	0.13458
-486	0.13924	0.16272
-485.5	0.099074	0.18171
-485	0.081351	0.15146
-484.5	0.082932	0.11606
-484	0.068393	0.12787
-483.5	0.096434	0.16361
-483	0.17523	0.20195
-482.5	0.21031	0.17722
-482	0.13062	0.15293
-481.5	0.072766	0.14081
-481	0.098855	0.102
-480.5	0.13106	0.091412
-480	0.092055	0.11477
-479.5	0.069881	0.11217
-479	0.1146	0.12362
-478.5	0.15374	0.13559
-478	0.14118	0.11126
-477.5	0.11381	0.073978
-477	0.11033	0.089626
-476.5	0.15411	0.15453
-476	0.20077	0.15422
-475.5	0.19437	0.14683
-475	0.16953	0.17591
-474.5	0.1484	0.15404
-474	0.10906	0.12345
-473.5	0.087421	0.096122
-473	0.12988	0.11679
-472.5	0.18787	0.20246
-472	0.20547	0.26661
-471.5	0.20657	0.18358
-471	0.17745	0.12463
-470.5	0.12573	0.12248
-470	0.080583	0.15042
-469.5	0.054246	0.16968
-469	0.059789	0.16448
-468.5	0.075568	0.21985
-468	0.06462	0.24503
-467.5	0.056789	0.15289
-467	0.081898	0.1043
-466.5	0.10648	0.15486
-466	0.12789	0.19416
-465.5	0.14843	0.19674
-465	0.12709	0.18059
-464.5	0.087167	0.18231
-464	0.0735	0.18518
-463.5	0.09183	0.16342
-463	0.10025	0.12209
-462.5	0.12473	0.1129
-462	0.14878	0.11366
-461.5	0.1648	0.10266
-461	0.16079	0.14928
-460.5	0.15777	0.24287
-460	0.12372	0.27167
-459.5	0.094021	0.20871
-459	0.079417	0.14871
-458.5	0.096531	0.10976
-458	0.14174	0.12052
-457.5	0.13679	0.13937
-457	0.12429	0.1554
-456.5	0.11964	0.1704
-456	0.083611	0.12471
-455.5	0.080609	0.076989
-455	0.081785	0.076652
-454.5	0.053264	0.10331
-454	0.075907	0.11933
-453.5	0.14008	0.15576
-453	0.13083	0.17446
-452.5	0.10913	0.18877
-452	0.12238	0.17585
-451.5	0.096244	0.12907
-451	0.085372	0.10468
-450.5	0.12991	0.12978
-450	0.21493	0.17048
-449.5	0.23258	0.18728
-449	0.19504	0.15417
-448.5	0.20809	0.16745
-448	0.18785	0.21928
-447.5	0.12643	0.24137
-447	0.10779	0.23959
-446.5	0.12141	0.1923
-446	0.13313	0.12638
-445.5	0.18342	0.12966
-445	0.26527	0.15623
-444.5	0.21949	0.14262
-444	0.12767	0.16364
-443.5	0.078913	0.17935
-443	0.063777	0.13919
-442.5	0.093646	0.10154
-442	0.14076	0.11438
-441.5	0.15515	0.1294
-441	0.15361	0.11424
-440.5	0.14273	0.10015
-440	0.11689	0.11831
-439.5	0.081393	0.10929
-439	0.090946	0.10416
-438.5	0.11709	0.13313
-438	0.11693	0.17076
-437.5	0.13087	0.17532
-437	0.13506	0.10399
-436.5	0.12988	0.084381
-436	0.11341	0.14569
-435.5	0.1234	0.16426
-435	0.14185	0.14156
-434.5	0.14209	0.12089
-434	0.15929	0.12522
-433.5	0.19073	0.15819
-433	0.24504	0.139
-432.5	0.24675	0.13472
-432	0.19464	0.14815
-431.5	0.14655	0.15596
-431	0.11743	0.15886
-430.5	0.13884	0.21067
-430	0.20843	0.30876
-429.5	0.24597	0.33954
-429	0.17998	0.30896
-428.5	0.1084	0.28348
-428	0.084379	0.21998
-427.5	0.11255	0.12638
-427	0.14038	0.087992
-426.5	0.14533	0.10931
-426	0.20463	0.15196
-425.5	0.28472	0.1783
-425	0.24671	0.17778
-424.5	0.15297	0.1685
-424	0.11887	0.14636
-423.5	0.14669	0.12228
-423	0.13499	0.11062
-422.5	0.12055	0.1464
-422	0.13286	0.21981
-421.5	0.13436	0.25059
-421	0.1346	0.18116
-420.5	0.15615	0.10971
-420	0.18497	0.11624
-419.5	0.19926	0.15108
-419	0.18574	0.16093
-418.5	0.13932	0.18398
-418	0.13337	0.19605
-417.5	0.14451	0.18962
-417	0.1598	0.17712
-416.5	0.21728	0.19944
-416	0.2447	0.27266
-415.5	0.20177	0.24522
-415	0.19379	0.1659
-414.5	0.21263	0.15275
-414	0.16649	0.14687
-413.5	0.11153	0.12356
-413	0.11666	0.1156
-412.5	0.1755	0.14264
-412	0.16617	0.24824
-411.5	0.098388	0.29571
-411	0.10183	0.18595
-410.5	0.18292	0.10892
-410	0.2058	0.1166
-409.5	0.19944	0.15485
-409	0.22704	0.22893
-408.5	0.21343	0.28634
-408	0.18796	0.25104
-407.5	0.14799	0.13737
-407	0.1362	0.096972
-406.5	0.15689	0.13589
-406	0.16849	0.15438
-405.5	0.21057	0.18392
-405	0.23277	0.28804
-404.5	0.20099	0.35321
-404	0.19223	0.32074
-403.5	0.18519	0.19638
-403	0.15092	0.14273
-402.5	0.17285	0.17446
-402	0.23042	0.2029
-401.5	0.24601	0.2457
-401	0.26497	0.3217
-400.5	0.27368	0.39472
-400	0.18768	0.3376
-399.5	0.19135	0.24881
-399	0.25504	0.19492
-398.5	0.25848	0.17108
-398	0.21623	0.21332
-397.5	0.16242	0.27016
-397	0.15476	0.26286
-396.5	0.17853	0.22595
-396	0.25873	0.24902
-395.5	0.32942	0.24831
-395	0.37202	0.20453
-394.5	0.26186	0.18917
-394	0.10282	0.23497
-393.5	0.081259	0.26095
-393	0.18092	0.18973
-392.5	0.21543	0.17278
-392	0.12258	0.16427
-391.5	0.071979	0.15711
-391	0.12207	0.15434
-390.5	0.20293	0.16092
-390	0.2324	0.18612
-389.5	0.21756	0.15556
-389	0.18939	0.12303
-388.5	0.1469	0.13376
-388	0.09721	0.16604
-387.5	0.1373	0.20422
-387	0.24608	0.26791
-386.5	0.27048	0.33083
-386	0.27416	0.28081
-385.5	0.23357	0.20184
-385	0.21321	0.15611
-384.5	0.21621	0.14291
-384	0.14858	0.14848
-383.5	0.10137	0.17688
-383	0.11222	0.21317
-382.5	0.20057	0.19648
-382	0.29324	0.16523
-381.5	0.25921	0.15794
-381	0.1972	0.13909
-380.5	0.24086	0.15506
-380	0.24646	0.16764
-379.5	0.20589	0.17949
-379	0.21096	0.22559
-378.5	0.22368	0.25947
-378	0.23463	0.26546
-377.5	0.2716	0.36159
-377	0.24211	0.41454
-376.5	0.20477	0.28928
-376	0.21176	0.17875
-375.5	0.22057	0.18523
-375	0.23591	0.1699
-374.5	0.19947	0.18137
-374	0.15659	0.18546
-373.5	0.16263	0.21214
-373	0.19045	0.27229
-372.5	0.14718	0.25149
-372	0.10385	0.1984
-371.5	0.13485	0.17779
-371	0.21026	0.17455
-370.5	0.24765	0.20509
-370	0.22921	0.26041
-369.5	0.18531	0.26726
-369	0.17929	0.23158
-368.5	0.20805	0.25185
-368	0.18626	0.2436
-367.5	0.14761	0.17882
-367	0.14725	0.13677
-366.5	0.14611	0.1401
-366	0.16584	0.15064
-365.5	0.18632	0.15543
-365	0.20739	0.1903
-364.5	0.24002	0.18191
-364	0.18375	0.16469
-363.5	0.11384	0.18832
-363	0.11262	0.16442
-362.5	0.15117	0.13542
-362	0.22379	0.16735
-361.5	0.2427	0.17563
-361	0.23096	0.15145
-360.5	0.18647	0.20506
-360	0.16112	0.27047
-359.5	0.19544	0.29949
-359	0.21913	0.33589
-358.5	0.20316	0.37785
-358	0.15379	0.36048
-357.5	0.13583	0.28327
-357	0.15814	0.27398
-356.5	0.18408	0.31021
-356	0.20653	0.28477
-355.5	0.21865	0.21662
-355	0.20389	0.25043
-354.5	0.15064	0.26434
-354	0.10389	0.22208
-353.5	0.11075	0.20538
-353	0.14239	0.18466
-352.5	0.16836	0.19416
-352	0.15963	0.2177
-351.5	0.13606	0.28186
-351	0.11937	0.28631
-350.5	0.16251	0.2394
-350	0.19964	0.18378
-349.5	0.20318	0.14691
-349	0.21687	0.11096
-348.5	0.20102	0.08835
-348	0.20452	0.10083
-347.5	0.22939	0.1475
-347	0.24002	0.26113
-346.5	0.23498	0.30298
-346	0.20355	0.22471
-345.5	0.21676	0.16967
-345	0.237	0.17509
-344.5	0.22727	0.17381
-344	0.19117	0.13794
-343.5	0.22453	0.18392
-343	0.23038	0.23294
-342.5	0.16503	0.20964
-342	0.14078	0.22108
-341.5	0.1984	0.25606
-341	0.2518	0.24566
-340.5	0.25276	0.28202
-340	0.26435	0.28988
-339.5	0.26595	0.22857
-339	0.15935	0.19627
-338.5	0.10641	0.19752
-338	0.14523	0.1579
-337.5	0.22112	0.19464
-337	0.25358	0.35354
-336.5	0.22055	0.39095
-336	0.20818	0.28555
-335.5	0.25795	0.19625
-335	0.30577	0.13705
-334.5	0.33267	0.11487
-334	0.30637	0.186
-333.5	0.19502	0.33609
-333	0.15534	0.36553
-332.5	0.25765	0.36492
-332	0.30293	0.35208
-331.5	0.27053	0.23967
-331	0.28837	0.21939
-330.5	0.36998	0.36753
-330	0.40565	0.44958
-329.5	0.33177	0.31285
-329	0.25065	0.26828
-328.5	0.21449	0.2835
-328	0.19894	0.31212
-327.5	0.21042	0.30445
-327	0.20158	0.27629
-326.5	0.2069	0.3119
-326	0.178	0.31649
-325.5	0.20139	0.2447
-325	0.30025	0.20107
-324.5	0.32686	0.25195
-324	0.32968	0.33302
-323.5	0.28961	0.32097
-323	0.18561	0.25276
-322.5	0.1836	0.21996
-322	0.26706	0.3434
-321.5	0.35992	0.45495
-321	0.35266	0.36304
-320.5	0.24737	0.22913
-320	0.14425	0.18569
-319.5	0.14754	0.19012
-319	0.1748	0.18205
-318.5	0.14773	0.1598
-318	0.16159	0.26602
-317.5	0.1873	0.44098
-317	0.17987	0.41798
-316.5	0.21798	0.33606
-316	0.24441	0.33136
-315.5	0.25362	0.33756
-315	0.32833	0.32479
-314.5	0.36535	0.24748
-314	0.21696	0.18689
-313.5	0.10576	0.17622
-313	0.13988	0.15556
-312.5	0.24662	0.16421
-312	0.3254	0.27775
-311.5	0.23891	0.38531
-311	0.16933	0.31471
-310.5	0.13072	0.19081
-310	0.12382	0.15722
-309.5	0.23516	0.16458
-309	0.327	0.21281
-308.5	0.25084	0.2822
-308	0.18936	0.28297
-307.5	0.20209	0.27782
-307	0.21013	0.17285
-306.5	0.17032	0.094015
-306	0.14654	0.14401
-305.5	0.13202	0.25779
-305	0.24851	0.38633
-304.5	0.40716	0.44911
-304	0.30815	0.44156
-303.5	0.16048	0.43481
-303	0.11446	0.45323
-302.5	0.14432	0.33407
-302	0.22592	0.26539
-301.5	0.32035	0.28749
-301	0.31653	0.26
-300.5	0.27479	0.22082
-300	0.22741	0.20106
-299.5	0.25295	0.22716
-299	0.29899	0.24448
-298.5	0.36858	0.17655
-298	0.45125	0.18702
-297.5	0.46233	0.25354
-297	0.38425	0.24617
-296.5	0.3039	0.21762
-296	0.29221	0.27081
-295.5	0.35557	0.3172
-295	0.35377	0.23419
-294.5	0.28703	0.13046
-294	0.25343	0.14051
-293.5	0.23805	0.18217
-293	0.25731	0.17244
-292.5	0.25305	0.16381
-292	0.27752	0.19329
-291.5	0.35975	0.22097
-291	0.37885	0.28159
-290.5	0.24883	0.36027
-290	0.16357	0.28922
-289.5	0.18714	0.19239
-289	0.23798	0.21735
-288.5	0.25351	0.26506
-288	0.25358	0.26874
-287.5	0.24506	0.28884
-287	0.27159	0.30709
-286.5	0.27573	0.3031
-286	0.25238	0.26814
-285.5	0.22724	0.25568
-285	0.19885	0.33642
-284.5	0.19144	0.36498
-284	0.18722	0.27353
-283.5	0.21489	0.25387
-283	0.24368	0.29711
-282.5	0.17314	0.30918
-282	0.13054	0.28841
-281.5	0.24554	0.31227
-281	0.46562	0.34981
-280.5	0.58096	0.4211
-280	0.49482	0.37605
-279.5	0.42164	0.34027
-279	0.36104	0.35089
-278.5	0.30487	0.3768
-278	0.24574	0.39526
-277.5	0.16503	0.37233
-277	0.13999	0.32416
-276.5	0.17529	0.36674
-276	0.22111	0.37651
-275.5	0.2686	0.23954
-275	0.31347	0.14112
-274.5	0.33127	0.12137
-274	0.32429	0.17322
-273.5	0.37185	0.2615
-273	0.46253	0.27533
-272.5	0.37682	0.25797
-272	0.26146	0.26354
-271.5	0.21822	0.27493
-271	0.22049	0.30202
-270.5	0.30722	0.27447
-270	0.35852	0.25784
-269.5	0.29794	0.30633
-269	0.25431	0.33805
-268.5	0.24676	0.33658
-268	0.24765	0.29857
-267.5	0.35223	0.22994
-267	0.42902	0.24275
-266.5	0.38944	0.2629
-266	0.25859	0.28891
-265.5	0.17047	0.39473
-265	0.20579	0.45955
-264.5	0.29843	0.35511
-264	0.50061	0.22108
-263.5	0.59327	0.19916
-263	0.46841	0.20535
-262.5	0.37065	0.24889
-262	0.27764	0.29485
-261.5	0.19667	0.48468
-261	0.18285	0.56113
-260.5	0.19293	0.37467
-260	0.19284	0.26716
-259.5	0.21989	0.34187
-259	0.29448	0.44379
-258.5	0.38581	0.37156
-258	0.34525	0.24854
-257.5	0.28722	0.1835
-257	0.33279	0.21313
-256.5	0.35923	0.31866
-256	0.2783	0.35534
-255.5	0.16782	0.34528
-255	0.15802	0.30513
-254.5	0.23845	0.20473
-254	0.37145	0.13094
-253.5	0.40722	0.132
-253	0.37292	0.296
-252.5	0.28167	0.50457
-252	0.25945	0.48622
-251.5	0.33333	0.40743
-251	0.35683	0.35511
-250.5	0.27369	0.23475
-250	0.27631	0.19117
-249.5	0.38482	0.25522
-249	0.49896	0.37703
-248.5	0.5346	0.38142
-248	0.45089	0.33362
-247.5	0.35675	0.41647
-247	0.27618	0.53345
-246.5	0.24834	0.46997
-246	0.27792	0.32276
-245.5	0.35089	0.30748
-245	0.34259	0.26635
-244.5	0.422	0.2348
-244	0.4684	0.22441
-243.5	0.3924	0.19979
-243	0.37108	0.18571
-242.5	0.39376	0.19361
-242	0.36751	0.25211
-241.5	0.32708	0.307
-241	0.36311	0.32749
-240.5	0.34431	0.4438
-240	0.32744	0.606
-239.5	0.30134	0.64187
-239	0.2446	0.4848
-238.5	0.1662	0.28582
-238	0.20879	0.20109
-237.5	0.3035	0.22499
-237	0.33717	0.36122
-236.5	0.36772	0.37877
-236	0.4014	0.2445
-235.5	0.34421	0.15551
-235	0.33047	0.19215
-234.5	0.37338	0.21266
-234	0.38632	0.22695
-233.5	0.53068	0.22919
-233	0.58542	0.16234
-232.5	0.39358	0.12508
-232	0.33132	0.22001
-231.5	0.38504	0.36476
-231	0.3637	0.37052
-230.5	0.32073	0.31617
-230	0.33269	0.36367
-229.5	0.31221	0.33462
-229	0.3421	0.24766
-228.5	0.41427	0.29712
-228	0.45051	0.34437
-227.5	0.33992	0.29753
-227	0.29551	0.34339
-226.5	0.38227	0.38514
-226	0.47486	0.35037
-225.5	0.38319	0.29005
-225	0.18769	0.30159
-224.5	0.16833	0.29172
-224	0.33635	0.26966
-223.5	0.51499	0.31414
-223	0.47343	0.35413
-222.5	0.36625	0.32509
-222	0.32251	0.37042
-221.5	0.33168	0.39719
-221	0.33745	0.38083
-220.5	0.3936	0.44709
-220	0.4131	0.54363
-219.5	0.29968	0.44804
-219	0.25603	0.36556
-218.5	0.33653	0.36263
-218	0.49267	0.33138
-217.5	0.57713	0.30161
-217	0.52662	0.29222
-216.5	0.36579	0.3398
-216	0.25609	0.43978
-215.5	0.30162	0.55745
-215	0.35803	0.41529
-214.5	0.34007	0.28714
-214	0.37875	0.33266
-213.5	0.46934	0.38947
-213	0.34746	0.47076
-212.5	0.23665	0.47544
-212	0.34459	0.46609
-211.5	0.54556	0.44048
-211	0.5303	0.33942
-210.5	0.40895	0.28088
-210	0.31983	0.29168
-209.5	0.35789	0.36793
-209	0.45148	0.50279
-208.5	0.56328	0.55326
-208	0.59949	0.56354
-207.5	0.64256	0.54887
-207	0.54605	0.57124
-206.5	0.41142	0.53134
-206	0.42289	0.39512
-205.5	0.43147	0.27354
-205	0.35104	0.19359
-204.5	0.27256	0.24918
-204	0.25311	0.42459
-203.5	0.37595	0.63622
-203	0.57133	0.72876
-202.5	0.6962	0.72897
-202	0.65446	0.51331
-201.5	0.4937	0.2869
-201	0.37641	0.28154
-200.5	0.41186	0.4426
-200	0.44799	0.54462
-199.5	0.41028	0.44056
-199	0.43041	0.37006
-198.5	0.51716	0.35966
-198	0.59453	0.42699
-197.5	0.68045	0.49413
-197	0.57229	0.56319
-196.5	0.46925	0.52888
-196	0.45623	0.51446
-195.5	0.46796	0.51918
-195	0.40478	0.55921
-194.5	0.35021	0.64636
-194	0.48535	0.62647
-193.5	0.71639	0.54922
-193	0.72779	0.42813
-192.5	0.60877	0.43177
-192	0.60662	0.55662
-191.5	0.605	0.53006
-191	0.45754	0.50445
-190.5	0.31082	0.52326
-190	0.3866	0.42987
-189.5	0.50838	0.41665
-189	0.46614	0.44359
-188.5	0.44038	0.30328
-188	0.40439	0.25375
-187.5	0.37342	0.36563
-187	0.48509	0.62056
-186.5	0.45605	0.66154
-186	0.35435	0.38352
-185.5	0.47783	0.31067
-185	0.53991	0.42943
-184.5	0.41747	0.42227
-184	0.38748	0.30126
-183.5	0.50719	0.22067
-183	0.60582	0.26737
-182.5	0.49173	0.42141
-182	0.35677	0.58947
-181.5	0.36321	0.66421
-181	0.44898	0.66671
-180.5	0.45891	0.56443
-180	0.35026	0.50402
-179.5	0.39401	0.52068
-179	0.5028	0.57657
-178.5	0.48251	0.55653
-178	0.47882	0.56408
-177.5	0.47988	0.7026
-177	0.32079	0.64445
-176.5	0.21351	0.50419
-176	0.2934	0.54637
-175.5	0.45645	0.53407
-175	0.63085	0.4554
-174.5	0.76744	0.40552
-174	0.67826	0.30745
-173.5	0.57334	0.39975
-173	0.66029	0.59482
-172.5	0.6193	0.56534
-172	0.57071	0.38495
-171.5	0.65591	0.44146
-171	0.68282	0.50677
-170.5	0.72484	0.41111
-170	0.79834	0.38721
-169.5	0.76261	0.509
-169	0.5243	0.64293
-168.5	0.34934	0.73887
-168	0.36954	0.74489
-167.5	0.45223	0.4675
-167	0.41907	0.32112
-166.5	0.4358	0.35701
-166	0.6136	0.42392
-165.5	0.68637	0.4956
-165	0.67138	0.48297
-164.5	0.77474	0.53202
-164	0.69718	0.56205
-163.5	0.64735	0.60114
-163	0.64081	0.59766
-162.5	0.48921	0.52359
-162	0.51244	0.40048
-161.5	0.69223	0.3876
-161	0.66966	0.45596
-160.5	0.48866	0.47236
-160	0.49389	0.50388
-159.5	0.48657	0.52158
-159	0.4353	0.60577
-158.5	0.42399	0.63621
-158	0.49686	0.71588
-157.5	0.41436	0.72787
-157	0.34136	0.6252
-156.5	0.39677	0.53839
-156	0.31795	0.43842
-155.5	0.27013	0.35719
-155	0.41694	0.2846
-154.5	0.67745	0.29503
-154	0.64959	0.2825
-153.5	0.60931	0.3662
-153	0.67106	0.47857
-152.5	0.66947	0.56834
-152	0.61058	0.72851
-151.5	0.53307	0.72365
-151	0.38273	0.58303
-150.5	0.26036	0.67043
-150	0.19702	0.67357
-149.5	0.21863	0.60557
-149	0.2715	0.61551
-148.5	0.28878	0.48112
-148	0.26521	0.39889
-147.5	0.17221	0.55135
-147	0.13021	0.77567
-146.5	0.19931	0.82109
-146	0.35573	0.76558
-145.5	0.44427	0.74045
-145	0.33827	0.66446
-144.5	0.54893	0.66206
-144	0.98644	0.83843
-143.5	1.0329	0.87421
-143	1.0622	0.75728
-142.5	1.1817	0.60937
-142	0.95655	0.45774
-141.5	0.7249	0.31873
-141	0.7519	0.4028
-140.5	0.7859	0.64865
-140	0.67915	0.79631
-139.5	0.73616	1.0011
-139	0.89244	0.92987
-138.5	0.87508	0.55273
-138	0.60812	0.35914
-137.5	0.44104	0.53521
-137	0.51827	0.66295
-136.5	0.66804	0.55409
-136	0.71694	0.53395
-135.5	0.6951	0.62323
-135	0.73999	0.65709
-134.5	0.72781	0.50906
-134	0.56795	0.49793
-133.5	0.58442	0.45494
-133	0.69458	0.48987
-132.5	0.69876	0.67261
-132	0.55722	0.65726
-131.5	0.36369	0.55322
-131	0.39845	0.59119
-130.5	0.54839	0.80572
-130	0.51731	0.72743
-129.5	0.35413	0.5818
-129	0.36361	0.78427
-128.5	0.42706	0.9068
-128	0.5171	0.82377
-127.5	0.65772	0.73535
-127	0.51757	0.55056
-126.5	0.34762	0.51006
-126	0.40317	0.59274
-125.5	0.54597	0.70711
-125	0.46667	0.68942
-124.5	0.4716	0.80086
-124	0.61772	0.83073
-123.5	0.56145	0.71841
-123	0.49354	0.67315
-122.5	0.52522	0.68562
-122	0.64066	0.61643
-121.5	0.59712	0.43633
-121	0.56601	0.35918
-120.5	0.71624	0.43745
-120	0.69151	0.44343
-119.5	0.48317	0.52681
-119	0.46791	0.687
-118.5	0.70968	0.68404
-118	0.88078	0.7271
-117.5	0.92846	0.77275
-117	0.78151	0.64522
-116.5	0.62475	0.66032
-116	0.67504	0.68179
-115.5	0.72699	0.62107
-115	0.64661	0.71815
-114.5	0.66416	0.77551
-114	0.66256	0.61868
-113.5	0.70512	0.47388
-113	0.81994	0.53677
-112.5	1.014	0.62349
-112	0.72523	0.56221
-111.5	0.40723	0.61603
-111	0.42616	0.68162
-110.5	0.66297	0.86743
-110	0.7345	0.92683
-109.5	0.68393	0.77876
-109	0.66855	0.44116
-108.5	0.64946	0.34076
-108	0.66787	0.53983
-107.5	0.66658	0.71053
-107	0.46503	0.89804
-106.5	0.35937	0.85005
-106	0.43575	0.51997
-105.5	0.4879	0.3518
-105	0.61235	0.51815
-104.5	0.69778	0.81611
-104	0.8655	0.97346
-103.5	1.0158	0.8999
-103	0.89128	0.73488
-102.5	0.73353	0.65553
-102	0.82507	0.81413
-101.5	0.84383	0.96514
-101	0.71552	0.88486
-100.5	0.60626	0.85347
-100	0.50054	0.85652
-99.5	0.35177	0.98399
-99	0.33481	1.1363
-98.5	0.50723	1.0825
-98	0.60065	0.812
-97.5	0.63359	0.47689
-97	0.73947	0.29787
-96.5	0.84302	0.36585
-96	0.85197	0.525
-95.5	0.71862	0.46052
-95	0.50578	0.26741
-94.5	0.41797	0.26683
-94	0.42844	0.36856
-93.5	0.4493	0.37356
-93	0.5495	0.31897
-92.5	0.80589	0.40305
-92	1.0077	0.68036
-91.5	1.0019	0.80273
-91	0.91434	0.6565
-90.5	0.86498	0.61003
-90	0.81355	0.6321
-89.5	0.71669	0.56826
-89	0.697	0.59628
-88.5	0.71707	0.70693
-88	0.69896	0.61418
-87.5	0.62837	0.48824
-87	0.59475	0.41152
-86.5	0.67108	0.57039
-86	0.79464	0.86062
-85.5	0.76923	0.92629
-85	0.80433	0.92357
-84.5	0.85644	0.74767
-84	0.6025	0.52373
-83.5	0.4574	0.59122
-83	0.67528	0.76154
-82.5	0.83142	0.79554
-82	0.67585	0.80993
-81.5	0.68165	0.84926
-81	0.74294	0.80393
-80.5	0.82496	0.63823
-80	0.96696	0.63349
-79.5	0.8182	0.8367
-79	0.63277	0.97079
-78.5	0.42384	0.9052
-78	0.5839	1.0176
-77.5	1.0657	1.1528
-77	1.0304	1.2694
-76.5	0.71266	1.1332
-76	0.98142	1.2811
-75.5	1.3762	1.6307
-75	1.3683	1.4135
-74.5	1.1765	1.0533
-74	0.80753	0.99478
-73.5	1.2958	1.7098
-73	2.915	2.9211
-72.5	3.9287	3.5204
-72	5.1761	4.2018
-71.5	8.0602	6.2645
-71	8.8684	6.7159
-70.5	6.9534	4.8135
-70	5.1602	2.9296
-69.5	3.3836	1.6781
-69	2.3389	1.547
-68.5	2.1431	2.0345
-68	1.6494	1.7309
-67.5	1.3554	1.1323
-67	1.4797	0.98492
-66.5	1.1066	0.79422
-66	0.67623	0.77951
-65.5	0.67615	1.0538
-65	1.2683	1.4039
-64.5	1.9084	1.6195
-64	1.4499	1.412
-63.5	0.84839	1.2299
-63	1.0351	1.1228
-62.5	1.6382	1.3311
-62	1.7002	1.5153
-61.5	1.2212	0.99915
-61	0.86135	0.91015
-60.5	0.90979	1.3611
-60	0.8084	1.1294
-59.5	0.66841	0.81347
-59	0.97367	0.60232
-58.5	1.1203	0.37849
-58	0.90306	0.42497
-57.5	0.88466	0.57849
-57	0.95618	0.74431
-56.5	0.98491	1.1508
-56	1.0127	1.4046
-55.5	1.0192	1.1866
-55	1.0931	0.91662
-54.5	1.1277	0.71789
-54	1.1887	0.82661
-53.5	1.2523	1.1543
-53	1.3107	1.2672
-52.5	1.1948	0.93769
-52	1.0756	0.8303
-51.5	0.70605	0.92332
-51	0.63261	0.67123
-50.5	0.79083	0.56659
-50	0.82432	0.7561
-49.5	0.85936	0.87596
-49	0.9302	0.97629
-48.5	1.1154	1.0243
-48	1.1679	0.97387
-47.5	0.91772	0.76557
-47	0.90991	0.71082
-46.5	1.1124	0.94587
-46	1.2957	1.192
-45.5	1.4367	1.4129
-45	0.99083	1.4596
-44.5	0.53175	1.2609
-44	0.52696	1.2512
-43.5	0.84477	1.5536
-43	1.0348	1.6163
-42.5	1.005	1.2717
-42	1.0807	0.90952
-41.5	1.2611	0.85148
-41	1.1991	0.88014
-40.5	1.1098	0.93709
-40	1.0544	1.1958
-39.5	1.0922	1.3692
-39	0.9339	1.1839
-38.5	0.70965	0.88519
-38	0.64283	0.87472
-37.5	0.5704	1.1029
-37	0.7931	1.3807
-36.5	1.0526	1.247
-36	1.0304	0.93547
-35.5	0.9804	0.71879
-35	0.95925	0.80154
-34.5	0.9068	0.97375
-34	0.7587	0.90673
-33.5	0.95929	1.1215
-33	1.2234	1.4006
-32.5	1.4008	1.695
-32	1.5276	1.6405
-31.5	1.309	1.168
-31	1.2205	1.1377
-30.5	1.4747	1.223
-30	1.4162	0.99481
-29.5	0.98793	0.93781
-29	0.90563	1.2092
-28.5	1.031	1.4243
-28	0.69354	1.2308
-27.5	0.3966	1.0378
-27	0.48846	0.99661
-26.5	0.66398	0.87219
-26	0.69825	0.7708
-25.5	0.72522	0.77982
-25	0.91725	0.89915
-24.5	1.0574	1.129
-24	1.0628	1.156
-23.5	0.82891	0.79702
-23	0.71578	0.47903
-22.5	0.61549	0.47655
-22	0.4623	0.47962
-21.5	0.5944	0.45788
-21	0.86726	0.67573
-20.5	0.93723	1.0221
-20	1.1116	1.1058
-19.5	1.0032	0.87874
-19	0.81423	0.78291
-18.5	0.79534	0.58769
-18	0.83218	0.53201
-17.5	0.81637	0.69992
-17	1.0237	0.99513
-16.5	1.1874	1.2499
-16	1.0151	1.1215
-15.5	0.8546	0.93416
-15	0.88258	0.90312
-14.5	0.88289	0.63579
-14	0.56643	0.32297
-13.5	0.52081	0.30113
-13	0.87017	0.44539
-12.5	0.98457	0.51236
-12	1.1566	0.63898
-11.5	1.4947	1.1117
-11	1.2635	1.6081
-10.5	0.67207	1.5395
-10	0.55323	1.0084
-9.5	0.8108	0.96806
-9	1.1289	1.1889
-8.5	1.5012	1.43
-8	1.8306	1.8053
-7.5	1.9908	2.0762
-7	1.4489	1.8553
-6.5	1.0284	1.4383
-6	1.1863	1.373
-5.5	1.2915	1.0655
-5	1.3766	0.65543
-4.5	1.4168	0.67471
-4	1.2921	0.91522
-3.5	1.111	0.90919
-3	1.2143	1.1712
-2.5	1.3458	1.3495
-2	1.1836	1.1753
-1.5	1.3199	1.3853
-1	1.5318	1.6397
-0.5	1.5842	1.6934
