x	ux	uy
0	0.39507	0.70698
0.5	0.69926	0.95592
1	1.229	1.0372
1.5	1.4338	0.70312
2	1.2559	0.64825
2.5	1.2595	1.0083
3	1.6026	1.2164
3.5	1.4022	0.99065
4	1.2223	0.65988
4.5	1.1051	0.49326
5	1.0424	0.46798
5.5	1.2713	0.49731
6	1.5309	0.53266
6.5	1.6671	0.54724
7	1.5238	0.63698
7.5	1.1455	0.61652
8	0.74816	0.49509
8.5	0.72807	0.64658
9	0.95509	0.89997
9.5	0.89246	1.0641
10	0.72122	1.3188
10.5	0.70282	1.2864
11	0.57942	0.90791
11.5	0.51099	0.82433
12	0.6518	0.98452
12.5	0.74602	0.85264
13	1.0321	0.64049
13.5	1.4796	0.58089
14	1.2842	0.55307
14.5	1.0136	0.79378
15	0.94404	1.1277
15.5	0.94604	1.2197
16	1.4087	1.1441
16.5	1.6597	0.93655
17	1.2834	0.99718
17.5	1.2248	0.99694
18	1.2579	0.97516
18.5	1.0485	1.314
19	1.1148	1.4331
19.5	1.3887	1.321
20	1.204	1.1367
20.5	0.83551	0.72535
21	0.6056	0.66722
21.5	0.40611	0.95341
22	0.39653	1.082
22.5	0.67757	1.0036
23	0.97498	0.88879
23.5	0.94516	0.95077
24	0.61848	1.0089
24.5	0.60502	1.2927
25	0.83767	1.9009
25.5	0.98096	2.1452
26	0.96883	1.6717
26.5	0.72513	1.3115
27	0.60135	1.3942
27.5	0.71957	1.5619
28	0.81437	1.3547
28.5	0.96983	1.1482
29	1.0756	1.351
29.5	0.92968	1.4188
30	0.72299	1.3671
30.5	0.67824	1.5384
31	0.68378	1.5685
31.5	0.6248	1.1395
32	0.52365	0.86525
32.5	0.56788	0.70244
33	0.66046	0.56944
33.5	0.53276	0.75283
34	0.51912	1.0051
34.5	0.6066	1.0504
35	0.73472	1.0191
35.5	0.84769	1.0233
36	0.8858	1.0179
36.5	0.77275	1.0719
37	0.73058	0.95395
37.5	0.8666	1.0057
38	0.78849	1.3643
38.5	0.6132	1.3359
39	0.54048	1.0975
39.5	0.72642	0.97875
40	0.97186	1.0525
40.5	1.0231	0.89161
41	0.98893	0.97781
41.5	0.6973	1.2456
42	0.50125	0.96584
42.5	0.46901	0.61312
43	0.6166	0.84369
43.5	0.8389	1.3861
44	0.76291	1.4854
44.5	0.65796	1.5024
45	0.62404	1.6924
45.5	0.6133	1.6763
46	0.51035	1.6437
46.5	0.48021	1.6751
47	0.65726	1.5645
47.5	0.6907	1.4904
48	0.61257	1.9026
48.5	0.57295	2.1722
49	0.62085	1.6465
49.5	0.69008	1.2933
50	0.73182	1.2678
50.5	0.76055	1.216
51	0.71096	1.1339
51.5	0.54602	0.73697
52	0.3685	0.67941
52.5	0.39429	1.2137
53	0.64963	1.8773
53.5	0.99332	1.8743
54	1.0435	1.4579
54.5	0.84876	1.507
55	0.88124	2.0405
55.5	0.86809	1.9607
56	0.5911	1.8473
56.5	0.46182	1.469
57	0.64555	1.2432
57.5	0.97777	1.6628
58	1.0454	2.1734
58.5	0.90621	2.2419
59	0.74774	1.8755
59.5	0.50362	1.5626
60	0.51271	1.3861
60.5	0.69296	1.1817
61	0.6846	1.2378
61.5	0.67066	1.4694
62	0.60347	1.7577
62.5	0.63715	1.9171
63	0.61676	2.0732
63.5	0.46307	2.0188
64	0.4042	2.0966
64.5	0.51604	2.5258
65	0.62866	2.2552
65.5	0.53386	1.8873
66	0.40245	1.6685
66.5	0.43329	1.9333
67	0.47099	2.8226
67.5	0.55299	3.534
68	0.75764	5.1074
68.5	0.97702	6.0206
69	0.8242	5.2811
69.5	0.59313	7.4829
70	0.58028	13.419
70.5	0.59364	18.764
71	0.62924	23.153
71.5	0.82009	21.148
72	0.78935	14.266
72.5	0.52679	11.094
73	0.51249	7.9215
73.5	0.60892	4.1078
74	0.58959	2.9893
74.5	0.5978	3.9125
75	0.67394	5.5261
75.5	0.63819	4.9009
76	0.55935	2.6508
76.5	0.5093	2.1648
77	0.41922	2.4918
77.5	0.40128	1.6551
78	0.42013	1.5367
78.5	0.50017	2.322
79	0.74223	2.6103
79.5	0.90021	2.7792
80	0.66526	2.6355
80.5	0.52481	2.2863
81	0.76902	1.8699
81.5	0.86435	1.4494
82	0.79761	1.2317
82.5	0.75529	1.2376
83	0.70316	1.4241
83.5	0.69581	1.7908
84	0.64243	1.7
84.5	0.57428	1.5066
85	0.4695	1.6427
85.5	0.35688	1.6416
86	0.36182	1.3614
86.5	0.63553	1.1774
87	1.0038	1.2322
87.5	1.127	1.5417
88	0.79365	1.7367
88.5	0.57993	1.6543
89	0.56807	1.7134
89.5	0.54561	1.7037
90	0.6557	1.5524
90.5	0.57542	1.2607
91	0.38181	1.2729
91.5	0.38428	1.3795
92	0.57346	1.1677
92.5	0.52135	1.2224
93	0.44278	1.772
93.5	0.54281	1.5693
94	0.44746	0.99913
94.5	0.43033	0.90685
95	0.51462	0.97205
95.5	0.58975	0.88716
96	0.55615	0.89292
96.5	0.57799	1.0486
97	0.65741	1.0171
97.5	0.75994	0.99834
98	0.7783	1.0609
98.5	0.80449	0.8378
99	0.93938	0.79024
99.5	0.91931	0.9749
100	0.609	1.12
100.5	0.4673	1.0348
101	0.50161	0.91659
101.5	0.43724	0.75264
102	0.49254	0.72788
102.5	0.72012	0.61643
103	0.68141	0.68287
103.5	0.44709	1.0172
104	0.46657	1.0086
104.5	0.60058	0.89948
105	0.57061	0.79964
105.5	0.53016	0.66976
106	0.58491	0.7924
106.5	0.60199	0.95114
107	0.5673	1.0149
107.5	0.52026	0.9362
108	0.58865	1.0276
108.5	0.66701	1.1132
109	0.68802	1.1475
109.5	0.68196	1.3123
110	0.64814	1.3243
110.5	0.65676	1.155
111	0.56667	0.89465
111.5	0.68094	1.076
112	0.76679	1.0407
112.5	0.6002	0.66429
113	0.47891	0.56942
113.5	0.61557	0.64643
114	0.68195	0.83778
114.5	0.5424	1.0195
115	0.45507	0.87264
115.5	0.56783	0.80019
116	0.77237	0.83184
116.5	0.62189	0.8372
117	0.43935	0.91641
117.5	0.53673	1.1877
118	0.6264	1.1255
118.5	0.61525	0.8544
119	0.67105	0.75493
119.5	0.64835	0.81698
120	0.69274	0.79219
120.5	0.77216	0.88038
121	0.63483	0.9298
121.5	0.60324	1.0835
122	0.77929	1.282
122.5	0.916	1.0549
123	0.92032	0.73782
123.5	0.93317	0.8128
124	0.73616	0.96385
124.5	0.60055	0.80344
125	0.69331	0.98233
125.5	0.67567	1.4909
126	0.60988	1.5865
126.5	0.46556	1.3597
127	0.44787	1.2739
127.5	0.4667	1.0485
128	0.47156	1.0627
128.5	0.48182	1.0669
129	0.44713	1.0166
129.5	0.5941	0.81685
130	0.81754	0.77974
130.5	0.80759	0.83691
131	0.88332	0.75098
131.5	0.89747	0.51123
132	0.94552	0.33683
132.5	0.80426	0.53845
133	0.49229	0.84784
133.5	0.35309	0.93589
134	0.33504	1.0212
134.5	0.36836	1.1934
135	0.50681	1.4007
135.5	0.56712	1.3644
136	0.54811	0.95929
136.5	0.57676	1.0747
137	0.72527	1.4861
137.5	0.75562	1.2931
138	0.9783	0.70434
138.5	1.1989	0.43572
139	1.2529	0.39005
139.5	1.2389	0.47185
140	0.87764	0.9018
140.5	0.65303	1.2874
141	0.87043	1.0126
141.5	0.92521	0.63291
142	1.0583	0.70638
142.5	1.2383	1.0217
143	1.1563	1.3831
143.5	1.0674	1.3508
144	1.2489	0.75129
144.5	1.1104	0.38134
145	0.90325	0.46428
145.5	0.96528	0.81776
146	0.86051	1.1413
146.5	0.50363	1.2438
147	0.27716	1.2986
147.5	0.25951	1.1925
148	0.3019	0.81985
148.5	0.52675	0.71049
149	0.76929	0.88525
149.5	0.80341	0.89128
150	0.67738	0.78326
150.5	0.54079	0.65672
151	0.51813	0.4956
151.5	0.66643	0.39841
152	0.56291	0.44263
152.5	0.35616	0.52799
153	0.33471	0.58269
153.5	0.39335	0.7476
154	0.35717	1.1479
154.5	0.38113	1.5005
155	0.34246	1.333
155.5	0.36688	0.89652
156	0.51041	0.8899
156.5	0.70169	1.1161
157	0.8083	1.163
157.5	0.70852	0.86399
158	0.62459	0.68655
158.5	0.43239	0.97921
159	0.31008	1.0581
159.5	0.42136	0.74191
160	0.64354	0.55463
160.5	0.72868	0.74141
161	0.48674	1.0539
161.5	0.24266	1.1129
162	0.30697	1.2112
162.5	0.46384	1.1639
163	0.37476	0.76457
163.5	0.27643	0.66557
164	0.22836	1.0912
164.5	0.27502	1.4687
165	0.39852	1.4013
165.5	0.52253	1.1985
166	0.52976	1.0308
166.5	0.53957	0.71657
167	0.61628	0.4815
167.5	0.629	0.47605
168	0.5216	0.49219
168.5	0.29858	0.6986
169	0.2276	0.9
169.5	0.35017	0.83868
170	0.49908	0.78151
170.5	0.46832	0.70722
171	0.49986	0.64828
171.5	0.50914	0.99844
172	0.29195	1.2339
172.5	0.12099	0.9394
173	0.12688	0.64018
173.5	0.25128	0.55939
174	0.38062	0.58251
174.5	0.48942	0.91647
175	0.53404	1.0275
175.5	0.51692	0.74308
176	0.62325	0.67825
176.5	0.73549	0.77339
177	0.61404	0.94727
177.5	0.61375	1.2483
178	0.75661	1.1944
178.5	0.67822	1.0367
179	0.48299	1.1314
179.5	0.3519	1.1748
180	0.26892	0.97144
180.5	0.23299	0.82906
181	0.24971	0.92056
181.5	0.27869	1.0209
182	0.31119	0.95981
182.5	0.2978	0.70602
183	0.30638	0.74505
183.5	0.32157	1.0369
184	0.48977	1.0745
184.5	0.6354	0.90109
185	0.57256	0.61878
185.5	0.41569	0.50426
186	0.37459	0.48775
186.5	0.34526	0.706
187	0.37845	0.90081
187.5	0.51181	0.80298
188	0.48074	0.72085
188.5	0.33046	0.70579
189	0.25062	0.78148
189.5	0.23983	0.87544
190	0.24767	0.80947
190.5	0.26403	0.85979
191	0.3119	0.93547
191.5	0.47781	1.0223
192	0.59346	1.1406
192.5	0.52762	1.1108
193	0.53615	0.71612
193.5	0.62168	0.44029
194	0.59907	0.62312
194.5	0.44957	0.89183
195	0.46756	0.84769
195.5	0.58195	0.65627
196	0.63186	0.72276
196.5	0.62177	0.99482
197	0.59032	1.1265
197.5	0.48552	0.9721
198	0.44034	0.84658
198.5	0.49451	0.98091
199	0.64048	1.2625
199.5	0.63666	1.1359
200	0.5887	0.92132
200.5	0.48085	1.1226
201	0.42505	1.4924
201.5	0.54691	1.4321
202	0.53718	1.2699
202.5	0.4376	1.2403
203	0.37989	1.3435
203.5	0.35842	1.1874
204	0.28472	0.97655
204.5	0.20717	0.97879
205	0.23099	0.96223
205.5	0.30917	0.79521
206	0.35952	0.68919
206.5	0.3463	0.88556
207	0.40654	1.187
207.5	0.43834	1.758
208	0.38003	2.2518
208.5	0.32999	2.2719
209	0.33192	1.8075
209.5	0.36265	1.7023
210	0.27136	1.6826
210.5	0.20401	1.82
211	0.25318	2.0282
211.5	0.3865	1.9688
212	0.4093	1.4931
212.5	0.39237	1.324
213	0.46253	1.5062
213.5	0.43493	1.5582
214	0.35905	1.5739
214.5	0.41911	1.8894
215	0.48713	2.8817
215.5	0.48245	3.3261
216	0.43388	2.7238
216.5	0.35756	2.1424
217	0.29376	1.7012
217.5	0.28842	1.1566
218	0.30993	0.92515
218.5	0.27923	1.2132
219	0.35157	1.4731
219.5	0.40901	1.6398
220	0.28464	1.6588
220.5	0.26305	1.3502
221	0.39501	1.2045
221.5	0.45231	0.86721
222	0.33007	0.6757
222.5	0.18602	1.1589
223	0.19282	1.7556
223.5	0.37339	1.3029
224	0.57515	0.76604
224.5	0.53059	0.71951
225	0.43907	0.67544
225.5	0.44834	0.49094
226	0.4633	0.43674
226.5	0.46847	0.67091
227	0.49137	0.92436
227.5	0.52691	0.70075
228	0.54622	0.54264
228.5	0.39083	0.75561
229	0.28553	0.8759
229.5	0.25797	0.94555
230	0.24832	1.0415
230.5	0.27983	1.2869
231	0.36245	1.3202
231.5	0.50993	0.9018
232	0.58513	0.74501
232.5	0.58909	0.97104
233	0.67138	1.0709
233.5	0.61028	1.1431
234	0.42423	1.0267
234.5	0.36853	0.97181
235	0.39485	0.90695
235.5	0.51348	0.64245
236	0.65306	0.48555
236.5	0.50163	0.53321
237	0.34373	0.69059
237.5	0.36413	0.85554
238	0.34032	0.74239
238.5	0.27576	0.61415
239	0.23843	0.65636
239.5	0.21984	0.8135
240	0.24655	0.64526
240.5	0.27243	0.58476
241	0.28762	0.66051
241.5	0.28678	0.70726
242	0.26326	0.75207
242.5	0.36523	0.67582
243	0.49379	0.66477
243.5	0.49482	0.86726
244	0.47565	1.0813
244.5	0.42148	0.92345
245	0.33097	0.77789
245.5	0.22108	0.68617
246	0.23033	0.60108
246.5	0.33288	0.63176
247	0.32728	0.75785
247.5	0.25514	0.77507
248	0.24577	0.86808
248.5	0.2411	0.7382
249	0.25373	0.50446
249.5	0.32041	0.38161
250	0.38764	0.67419
250.5	0.40583	1.17
251	0.32409	1.0408
251.5	0.31201	0.65639
252	0.29879	0.47259
252.5	0.24597	0.46541
253	0.17567	0.56843
253.5	0.17649	0.6226
254	0.25135	0.5284
254.5	0.3525	0.43687
255	0.36464	0.49431
255.5	0.28783	0.69894
256	0.30043	0.76838
256.5	0.38618	0.65321
257	0.46531	0.48728
257.5	0.405	0.45159
258	0.30455	0.7354
258.5	0.25068	0.88096
259	0.32303	0.65337
259.5	0.39782	0.5381
260	0.29893	0.58362
260.5	0.19199	0.80178
261	0.16764	0.96239
261.5	0.19761	0.8645
262	0.25188	0.57618
262.5	0.23758	0.47664
263	0.31687	0.39772
263.5	0.4392	0.35776
264	0.35261	0.50697
264.5	0.22624	0.58322
265	0.24028	0.51393
265.5	0.2546	0.5546
266	0.17536	0.7203
266.5	0.15839	0.75577
267	0.25801	0.72516
267.5	0.35774	0.69068
268	0.30821	0.76756
268.5	0.27843	0.70546
269	0.3236	0.61208
269.5	0.34999	0.75636
270	0.25095	0.99555
270.5	0.1892	0.92439
271	0.17518	0.58945
271.5	0.16696	0.36203
272	0.15435	0.31854
272.5	0.19404	0.2693
273	0.25065	0.34922
273.5	0.26037	0.47235
274	0.27797	0.40763
274.5	0.33474	0.31314
275	0.25837	0.29951
275.5	0.18137	0.31283
276	0.15952	0.29783
276.5	0.18029	0.33032
277	0.26232	0.48091
277.5	0.43438	0.74484
278	0.49273	0.83858
278.5	0.44769	0.65465
279	0.46688	0.33477
279.5	0.45292	0.1646
280	0.45959	0.33048
280.5	0.42547	0.67138
281	0.35915	0.85111
281.5	0.38277	0.92895
282	0.46478	0.83822
282.5	0.37089	0.65876
283	0.26391	0.47402
283.5	0.25481	0.35654
284	0.23098	0.30736
284.5	0.24508	0.3659
285	0.24693	0.47751
285.5	0.25324	0.57035
286	0.30188	0.56139
286.5	0.32553	0.52933
287	0.32801	0.57559
287.5	0.33698	0.71893
288	0.36043	0.65247
288.5	0.35382	0.39179
289	0.27204	0.28932
289.5	0.2336	0.39225
290	0.3359	0.53274
290.5	0.41034	0.71721
291	0.28339	0.7444
291.5	0.14099	0.66222
292	0.1319	0.47501
292.5	0.22529	0.33849
293	0.28255	0.27325
293.5	0.25734	0.27519
294	0.29741	0.35754
294.5	0.26634	0.38043
295	0.23136	0.50865
295.5	0.28534	0.64715
296	0.33032	0.56755
296.5	0.31483	0.47402
297	0.32524	0.49274
297.5	0.32083	0.54123
298	0.2394	0.48547
298.5	0.18721	0.55403
299	0.18988	0.64302
299.5	0.18158	0.53768
300	0.12681	0.4463
300.5	0.14854	0.46015
301	0.26464	0.35218
301.5	0.33658	0.2983
302	0.30284	0.41604
302.5	0.18509	0.439
303	0.13906	0.45034
303.5	0.20418	0.59982
304	0.27571	0.74549
304.5	0.28006	0.65407
305	0.2773	0.46317
305.5	0.26116	0.34383
306	0.20068	0.38492
306.5	0.19093	0.62482
307	0.21199	0.8526
307.5	0.194	0.78701
308	0.22508	0.55074
308.5	0.36217	0.35707
309	0.37744	0.45864
309.5	0.23669	0.61385
310	0.14056	0.54322
310.5	0.17146	0.42236
311	0.23459	0.41226
311.5	0.16358	0.47152
312	0.14893	0.49053
312.5	0.18563	0.4728
313	0.19505	0.38714
313.5	0.25095	0.41588
314	0.23468	0.49173
314.5	0.18559	0.40576
315	0.21024	0.28552
315.5	0.26242	0.37078
316	0.24595	0.54772
316.5	0.23983	0.42118
317	0.22968	0.26117
317.5	0.28188	0.287
318	0.3194	0.31445
318.5	0.31291	0.25671
319	0.30153	0.34237
319.5	0.27878	0.48619
320	0.22296	0.43892
320.5	0.19042	0.36902
321	0.22153	0.3571
321.5	0.23568	0.4306
322	0.20314	0.51647
322.5	0.22445	0.59137
323	0.32039	0.49535
323.5	0.30645	0.37863
324	0.18395	0.24055
324.5	0.1363	0.20839
325	0.2279	0.29752
325.5	0.32299	0.38684
326	0.33321	0.37196
326.5	0.36061	0.30636
327	0.40752	0.34763
327.5	0.30839	0.47831
328	0.1658	0.56624
328.5	0.18558	0.50193
329	0.28111	0.30766
329.5	0.26769	0.34701
330	0.17697	0.60762
330.5	0.16679	0.56955
331	0.19376	0.27516
331.5	0.22621	0.24637
332	0.20534	0.50543
332.5	0.16613	0.59414
333	0.13496	0.40305
333.5	0.131	0.38945
334	0.20271	0.58129
334.5	0.25768	0.60795
335	0.2646	0.39836
335.5	0.25754	0.28712
336	0.21305	0.33476
336.5	0.24473	0.33793
337	0.28005	0.42535
337.5	0.29402	0.62884
338	0.36472	0.67451
338.5	0.44363	0.47133
339	0.40271	0.33292
339.5	0.315	0.3123
340	0.33351	0.31182
340.5	0.34066	0.40133
341	0.2605	0.53783
341.5	0.21217	0.4624
342	0.18045	0.34198
342.5	0.20929	0.39652
343	0.24752	0.42421
343.5	0.20974	0.46531
344	0.15901	0.43755
344.5	0.13968	0.36762
345	0.15063	0.36557
345.5	0.22865	0.43897
346	0.24415	0.46072
346.5	0.17353	0.43819
347	0.10507	0.469
347.5	0.12617	0.48721
348	0.2281	0.46057
348.5	0.2807	0.54565
349	0.22942	0.72312
349.5	0.16622	0.76398
350	0.1186	0.7736
350.5	0.090512	0.66713
351	0.10699	0.66776
351.5	0.17191	0.62547
352	0.24302	0.5461
352.5	0.18801	0.55434
353	0.10801	0.67763
353.5	0.11033	0.58498
354	0.20764	0.48816
354.5	0.25006	0.37781
355	0.16638	0.26026
355.5	0.13595	0.27394
356	0.15174	0.30506
356.5	0.1617	0.42183
357	0.15189	0.57923
357.5	0.18537	0.59833
358	0.24915	0.4277
358.5	0.22911	0.34729
359	0.1606	0.45839
359.5	0.14434	0.47413
360	0.1535	0.40709
360.5	0.21275	0.34886
361	0.31078	0.32437
361.5	0.30699	0.42554
362	0.26135	0.45847
362.5	0.27605	0.33532
363	0.2798	0.32557
363.5	0.25387	0.56573
364	0.28066	0.73603
364.5	0.27083	0.70779
365	0.20515	0.44344
365.5	0.14866	0.30438
366	0.15795	0.37531
366.5	0.22158	0.474
367	0.20051	0.57796
367.5	0.14974	0.56328
368	0.1551	0.44491
368.5	0.16598	0.33531
369	0.173	0.39601
369.5	0.19041	0.42111
370	0.23875	0.28578
370.5	0.25192	0.22574
371	0.18889	0.36169
371.5	0.16797	0.50242
372	0.16917	0.46669
372.5	0.19068	0.3131
373	0.18156	0.23997
373.5	0.16151	0.22113
374	0.19089	0.30162
374.5	0.23606	0.48186
375	0.16747	0.64003
375.5	0.13832	0.54192
376	0.1606	0.36007
376.5	0.17179	0.36306
377	0.2202	0.43129
377.5	0.28177	0.42351
378	0.31838	0.4142
378.5	0.24352	0.4897
379	0.16495	0.53674
379.5	0.1738	0.51857
380	0.1577	0.38303
380.5	0.16924	0.21853
381	0.21655	0.24479
381.5	0.26914	0.386
382	0.34815	0.36516
382.5	0.3563	0.24318
383	0.32094	0.25395
383.5	0.31755	0.3291
384	0.26763	0.33288
384.5	0.17931	0.33192
385	0.15034	0.41967
385.5	0.13336	0.50046
386	0.14281	0.49252
386.5	0.1434	0.46945
387	0.1451	0.4246
387.5	0.13999	0.44049
388	0.14298	0.4781
388.5	0.17847	0.32844
389	0.24539	0.34766
389.5	0.24266	0.55424
390	0.18036	0.62339
390.5	0.1473	0.52001
391	0.13002	0.29451
391.5	0.1412	0.14826
392	0.18918	0.14211
392.5	0.18067	0.29127
393	0.1992	0.4687
393.5	0.17145	0.42292
394	0.10773	0.26773
394.5	0.14669	0.21011
395	0.22173	0.2516
395.5	0.2208	0.34173
396	0.23767	0.34091
396.5	0.20818	0.28604
397	0.16366	0.26322
397.5	0.1622	0.27911
398	0.18575	0.28179
398.5	0.17272	0.25877
399	0.16556	0.30682
399.5	0.20498	0.44368
400	0.23875	0.53029
400.5	0.24105	0.45139
401	0.23868	0.38716
401.5	0.21276	0.34716
402	0.22347	0.31041
402.5	0.24176	0.31797
403	0.21599	0.2575
403.5	0.19293	0.25975
404	0.18233	0.32235
404.5	0.14153	0.34742
405	0.13106	0.44534
405.5	0.14753	0.54596
406	0.18804	0.4006
406.5	0.2472	0.3775
407	0.27067	0.38898
407.5	0.24953	0.24443
408	0.18334	0.18595
408.5	0.12579	0.21054
409	0.12791	0.30832
409.5	0.17248	0.37147
410	0.18364	0.3851
410.5	0.18508	0.38379
411	0.22794	0.34661
411.5	0.26276	0.29214
412	0.2649	0.37496
412.5	0.24232	0.50556
413	0.18323	0.40623
413.5	0.13714	0.31782
414	0.10956	0.37137
414.5	0.086439	0.49866
415	0.057281	0.44398
415.5	0.03483	0.26579
416	0.045359	0.15986
416.5	0.091975	0.12743
417	0.1295	0.13469
417.5	0.1264	0.23146
418	0.11195	0.34663
418.5	0.12821	0.3596
419	0.19129	0.30698
419.5	0.24756	0.279
420	0.2039	0.32112
420.5	0.15046	0.2894
421	0.13838	0.33259
421.5	0.12743	0.5013
422	0.099422	0.55609
422.5	0.091357	0.40473
423	0.11048	0.31186
423.5	0.14775	0.22523
424	0.1713	0.20122
424.5	0.169	0.2778
425	0.16522	0.34568
425.5	0.20818	0.27241
426	0.19898	0.24157
426.5	0.14727	0.3686
427	0.10516	0.42389
427.5	0.14477	0.3774
428	0.23086	0.31306
428.5	0.26536	0.32113
429	0.21361	0.34503
429.5	0.15567	0.33221
430	0.13092	0.30465
430.5	0.1257	0.31312
431	0.15536	0.20012
431.5	0.12902	0.11241
432	0.072636	0.1768
432.5	0.063794	0.26822
433	0.096781	0.24809
433.5	0.1066	0.20129
434	0.076473	0.29051
434.5	0.082918	0.36336
435	0.14245	0.2749
435.5	0.17845	0.24468
436	0.15758	0.3119
436.5	0.11695	0.3725
437	0.15571	0.46321
437.5	0.23198	0.49094
438	0.22013	0.40899
438.5	0.14319	0.40442
439	0.11588	0.4478
439.5	0.12694	0.37601
440	0.1011	0.26722
440.5	0.090235	0.2676
441	0.12482	0.30747
441.5	0.14083	0.26871
442	0.092347	0.27023
442.5	0.066701	0.27097
443	0.079374	0.2047
443.5	0.088957	0.21283
444	0.099023	0.28715
444.5	0.13006	0.36438
445	0.17156	0.35746
445.5	0.17373	0.29851
446	0.18059	0.34696
446.5	0.16613	0.42931
447	0.13737	0.38406
447.5	0.14625	0.31067
448	0.13158	0.21448
448.5	0.11182	0.20146
449	0.11025	0.30609
449.5	0.1023	0.42943
450	0.12589	0.34444
450.5	0.15304	0.27443
451	0.15431	0.36815
451.5	0.15281	0.38811
452	0.14213	0.36721
452.5	0.14706	0.29596
453	0.166	0.27028
453.5	0.18787	0.32522
454	0.19416	0.40269
454.5	0.16594	0.36719
455	0.12866	0.30884
455.5	0.13394	0.32155
456	0.13401	0.35579
456.5	0.11709	0.39472
457	0.14411	0.31035
457.5	0.20518	0.1934
458	0.25208	0.14343
458.5	0.27655	0.1865
459	0.26639	0.31182
459.5	0.20231	0.33129
460	0.13637	0.27471
460.5	0.094399	0.27439
461	0.094447	0.26296
461.5	0.11455	0.24405
462	0.12826	0.2681
462.5	0.14354	0.26447
463	0.11381	0.26506
463.5	0.09427	0.27284
464	0.10532	0.27605
464.5	0.14362	0.24622
465	0.16016	0.30582
465.5	0.14825	0.41405
466	0.098078	0.37254
466.5	0.078721	0.36225
467	0.085964	0.40386
467.5	0.081073	0.35044
468	0.075975	0.24607
468.5	0.091206	0.23888
469	0.090268	0.25176
469.5	0.097385	0.22058
470	0.12396	0.23288
470.5	0.12712	0.29407
471	0.13636	0.29689
471.5	0.15189	0.21912
472	0.13424	0.19013
472.5	0.11694	0.26078
473	0.15018	0.38985
473.5	0.19019	0.36577
474	0.18936	0.29753
474.5	0.14443	0.41182
475	0.11727	0.56236
475.5	0.12181	0.45316
476	0.1304	0.32763
476.5	0.13635	0.28203
477	0.12047	0.30763
477.5	0.12383	0.39507
478	0.1541	0.37588
478.5	0.14443	0.33229
479	0.081203	0.2864
479.5	0.04073	0.22918
480	0.027984	0.28725
480.5	0.072552	0.37458
481	0.15421	0.31644
481.5	0.17971	0.25748
482	0.18301	0.18969
482.5	0.16503	0.16518
483	0.15298	0.24745
483.5	0.15839	0.29954
484	0.13718	0.30635
484.5	0.12408	0.24077
485	0.13356	0.15849
485.5	0.16965	0.10627
486	0.19443	0.1117
486.5	0.21998	0.18807
487	0.19918	0.26213
487.5	0.12258	0.2314
488	0.072208	0.19312
488.5	0.066468	0.18617
489	0.09207	0.19867
489.5	0.13032	0.21762
490	0.1348	0.30519
490.5	0.095629	0.44174
491	0.093369	0.49821
491.5	0.12182	0.43733
492	0.089359	0.3606
492.5	0.050031	0.29192
493	0.050509	0.30759
493.5	0.065657	0.31573
494	0.083018	0.32267
494.5	0.11475	0.29232
495	0.13136	0.24178
495.5	0.11154	0.3238
496	0.097532	0.38873
496.5	0.11249	0.33173
497	0.13454	0.26267
497.5	0.13167	0.31028
498	0.12024	0.3552
498.5	0.13504	0.29087
499	0.18042	0.28644
499.5	0.19392	0.36775
500	0.18534	0.37706
500.5	0.17364	0.32572
501	0.13509	0.31492
501.5	0.10946	0.29569
502	0.11418	0.30009
502.5	0.1194	0.31841
503	0.1012	0.33033
503.5	0.10249	0.30135
504	0.1208	0.26924
504.5	0.12974	0.3067
505	0.16529	0.34319
505.5	0.19623	0.24047
506	0.18378	0.22184
506.5	0.12618	0.31265
507	0.064141	0.31673
507.5	0.045812	0.28235
508	0.053719	0.25156
508.5	0.074988	0.23969
509	0.11948	0.22774
509.5	0.14628	0.21336
510	0.11996	0.32077
510.5	0.071055	0.35836
511	0.035994	0.24493
511.5	0.052838	0.20292
512	0.10311	0.22591
512.5	0.12534	0.20848
513	0.13685	0.1815
513.5	0.11321	0.22719
514	0.076328	0.26811
514.5	0.077167	0.2547
515	0.1288	0.28119
515.5	0.19048	0.2645
516	0.19293	0.18022
516.5	0.12923	0.12232
517	0.11495	0.18173
517.5	0.15901	0.2604
518	0.1668	0.22934
518.5	0.12257	0.20605
519	0.077891	0.25602
519.5	0.077188	0.25312
520	0.091222	0.22453
520.5	0.12467	0.20638
521	0.17144	0.19069
521.5	0.16434	0.15937
522	0.11267	0.17291
522.5	0.094874	0.30005
523	0.10435	0.39423
523.5	0.14738	0.39116
524	0.15592	0.288
524.5	0.138	0.18026
525	0.13637	0.17535
525.5	0.14065	0.21668
526	0.14881	0.20883
526.5	0.15693	0.16026
527	0.16715	0.16287
527.5	0.16994	0.21556
528	0.15407	0.30108
528.5	0.11699	0.37897
529	0.086525	0.32637
529.5	0.095975	0.24226
530	0.09296	0.24356
530.5	0.071466	0.25648
531	0.093713	0.26283
531.5	0.12294	0.24728
532	0.12471	0.20496
532.5	0.13153	0.12876
533	0.12974	0.12981
533.5	0.13654	0.22463
534	0.1035	0.3603
534.5	0.072368	0.43297
535	0.068146	0.30613
535.5	0.065308	0.18101
536	0.068482	0.219
536.5	0.07572	0.31321
537	0.08299	0.31073
537.5	0.092283	0.30166
538	0.072852	0.29321
538.5	0.068614	0.27343
539	0.088742	0.28304
539.5	0.096964	0.23475
540	0.081827	0.20222
540.5	0.096934	0.24314
541	0.11824	0.28876
541.5	0.12234	0.25768
542	0.11981	0.16024
542.5	0.10714	0.11394
543	0.11802	0.14373
543.5	0.12988	0.17753
544	0.10697	0.16386
544.5	0.076984	0.12104
545	0.07683	0.15698
545.5	0.096057	0.24226
546	0.10531	0.20713
546.5	0.12153	0.11492
547	0.11106	0.088593
547.5	0.10825	0.091147
548	0.1169	0.096482
548.5	0.085203	0.13228
549	0.087503	0.16098
549.5	0.1122	0.16006
550	0.10943	0.21428
550.5	0.094829	0.27454
551	0.10066	0.18684
551.5	0.10618	0.10195
552	0.12145	0.090897
552.5	0.14121	0.16671
553	0.10957	0.27032
553.5	0.070777	0.29451
554	0.052118	0.24727
554.5	0.052251	0.20347
555	0.068622	0.22251
555.5	0.10231	0.26451
556	0.096071	0.21503
556.5	0.088757	0.13934
557	0.12191	0.16021
557.5	0.12739	0.17253
558	0.08873	0.12505
558.5	0.064108	0.11934
559	0.066418	0.14833
559.5	0.065864	0.11964
560	0.086164	0.11195
560.5	0.091666	0.13039
561	0.080867	0.13841
561.5	0.088303	0.18384
562	0.087465	0.26289
562.5	0.081123	0.30212
563	0.093561	0.29403
563.5	0.117	0.29406
564	0.1132	0.2714
564.5	0.10937	0.26288
565	0.10333	0.2632
565.5	0.09241	0.16851
566	0.091264	0.10333
566.5	0.10308	0.12339
567	0.10036	0.15473
567.5	0.075514	0.1402
568	0.054248	0.15035
568.5	0.066088	0.16939
569	0.087412	0.194
569.5	0.078434	0.20823
570	0.086871	0.1957
570.5	0.12059	0.20297
571	0.10678	0.21
571.5	0.066108	0.24136
572	0.050254	0.22801
572.5	0.066116	0.1894
573	0.11175	0.17126
573.5	0.1445	0.19355
574	0.12029	0.15266
574.5	0.088195	0.1387
575	0.084013	0.14999
575.5	0.098775	0.17923
576	0.11011	0.21606
576.5	0.12544	0.1885
577	0.13641	0.14153
577.5	0.11602	0.16596
578	0.091111	0.15321
578.5	0.099754	0.098744
579	0.12241	0.07751
579.5	0.1154	0.095746
580	0.086906	0.12305
580.5	0.082096	0.21036
581	0.10453	0.25349
581.5	0.14042	0.23339
582	0.11738	0.2267
582.5	0.078982	0.21258
583	0.07536	0.20534
583.5	0.06968	0.20318
584	0.047018	0.22725
584.5	0.050471	0.255
585	0.086353	0.23845
585.5	0.12018	0.19055
586	0.10452	0.19943
586.5	0.065921	0.27662
587	0.063952	0.2567
587.5	0.08864	0.19516
588	0.094258	0.2145
588.5	0.073328	0.21936
589	0.055264	0.23469
589.5	0.05425	0.28941
590	0.07835	0.30379
590.5	0.10922	0.18143
591	0.11924	0.084374
591.5	0.10704	0.070188
592	0.092835	0.10478
592.5	0.077237	0.19959
593	0.055387	0.29943
593.5	0.053756	0.3392
594	0.077655	0.31509
594.5	0.092175	0.22016
595	0.083657	0.12842
595.5	0.066958	0.14086
596	0.062429	0.16208
596.5	0.09463	0.15294
597	0.11001	0.18233
597.5	0.082827	0.16083
598	0.076081	0.12206
598.5	0.081355	0.17392
599	0.084217	0.23051
599.5	0.06808	0.2113
600	0.090574	0.18384
600.5	0.11813	0.14701
601	0.085863	0.10996
601.5	0.061539	0.1109
602	0.075249	0.15275
602.5	0.068089	0.15839
603	0.05446	0.16334
603.5	0.041647	0.21009
604	0.042822	0.25237
604.5	0.071257	0.23211
605	0.088553	0.17289
605.5	0.080005	0.16646
606	0.094263	0.21122
606.5	0.11987	0.23279
607	0.11843	0.15167
607.5	0.10416	0.099684
608	0.066207	0.080197
608.5	0.033708	0.059111
609	0.024889	0.10474
609.5	0.048719	0.21375
610	0.093389	0.27634
610.5	0.095318	0.21124
611	0.066609	0.15496
611.5	0.067678	0.20044
612	0.089705	0.23147
612.5	0.095646	0.20737
613	0.087651	0.20017
613.5	0.066898	0.18018
614	0.061405	0.15901
614.5	0.070804	0.20683
615	0.074185	0.22033
615.5	0.088498	0.16448
616	0.099999	0.13844
616.5	0.082182	0.14276
617	0.081102	0.19973
617.5	0.10398	0.24882
618	0.11799	0.25378
618.5	0.097849	0.22076
619	0.090764	0.1471
619.5	0.09439	0.12675
620	0.07605	0.18138
620.5	0.065435	0.21432
621	0.060005	0.2144
621.5	0.064214	0.20142
622	0.059241	0.14544
622.5	0.057708	0.10167
623	0.066635	0.14137
623.5	0.0842	0.22146
624	0.10216	0.27318
624.5	0.0912	0.24056
625	0.085962	0.19428
625.5	0.10968	0.17412
626	0.11584	0.1742
626.5	0.10084	0.16492
627	0.084684	0.15843
627.5	0.079697	0.14734
628	0.069124	0.11743
628.5	0.080371	0.087731
629	0.089634	0.081589
629.5	0.064333	0.07159
630	0.046615	0.074298
630.5	0.040918	0.11475
631	0.047723	0.1554
631.5	0.059418	0.13697
632	0.056249	0.12665
632.5	0.041851	0.16559
633	0.059125	0.22605
633.5	0.087711	0.26061
634	0.078782	0.235
634.5	0.068038	0.21541
635	0.055027	0.21216
635.5	0.040339	0.19504
636	0.051854	0.20734
636.5	0.067585	0.22467
637	0.068264	0.18929
637.5	0.071108	0.16272
638	0.095291	0.16081
638.5	0.11744	0.20426
639	0.083442	0.2312
639.5	0.066159	0.1638
640	0.094736	0.13256
640.5	0.12132	0.20406
641	0.1203	0.22525
641.5	0.097702	0.17487
642	0.054494	0.1324
642.5	0.039131	0.11252
643	0.05173	0.11393
643.5	0.052452	0.15804
644	0.043753	0.16824
644.5	0.0371	0.13389
645	0.038109	0.15013
645.5	0.045782	0.14918
646	0.073454	0.12986
646.5	0.10524	0.13877
647	0.10354	0.1186
647.5	0.069979	0.087928
648	0.055621	0.098004
648.5	0.051996	0.15574
649	0.045364	0.15492
649.5	0.052245	0.1246
650	0.08686	0.13756
650.5	0.11904	0.13384
651	0.10166	0.10769
651.5	0.064143	0.12267
652	0.037082	0.14767
652.5	0.034761	0.13929
653	0.04502	0.15752
653.5	0.051017	0.18792
654	0.046918	0.16484
654.5	0.044327	0.13111
655	0.043667	0.1547
655.5	0.050548	0.15123
656	0.05226	0.10706
656.5	0.048643	0.12622
657	0.039258	0.18258
657.5	0.041999	0.19658
658	0.062977	0.15547
658.5	0.065656	0.11835
659	0.074869	0.083356
659.5	0.079968	0.052681
660	0.058835	0.071035
660.5	0.043097	0.10377
661	0.050221	0.11901
661.5	0.075548	0.14767
662	0.083091	0.17775
662.5	0.066886	0.19466
663	0.043116	0.17367
663.5	0.037692	0.13426
664	0.057613	0.11863
664.5	0.082499	0.133
665	0.080491	0.14273
665.5	0.074258	0.10689
666	0.069216	0.095785
666.5	0.063539	0.1243
667	0.065026	0.10983
667.5	0.058713	0.089334
668	0.034325	0.096155
668.5	0.025523	0.090938
669	0.028991	0.13121
669.5	0.038894	0.19673
670	0.072981	0.21223
670.5	0.095381	0.17521
671	0.081898	0.15035
671.5	0.065891	0.1327
672	0.06698	0.098266
672.5	0.083297	0.088383
673	0.072087	0.10923
673.5	0.039208	0.1077
674	0.035842	0.14402
674.5	0.071898	0.18852
675	0.11888	0.15204
675.5	0.11524	0.13013
676	0.063246	0.16148
676.5	0.038255	0.16468
677	0.053485	0.15694
677.5	0.07309	0.1501
678	0.087271	0.12763
678.5	0.07949	0.11375
679	0.05618	0.13867
679.5	0.04187	0.1624
680	0.050365	0.1749
680.5	0.054615	0.16708
681	0.05332	0.14237
681.5	0.059183	0.15463
682	0.053321	0.16707
682.5	0.042732	0.12833
683	0.039332	0.10725
683.5	0.044338	0.15931
684	0.061169	0.22026
684.5	0.064172	0.21325
685	0.054714	0.17272
685.5	0.055794	0.16709
686	0.048294	0.19891
686.5	0.030115	0.17663
687	0.033141	0.14668
687.5	0.048655	0.13125
688	0.058228	0.16874
688.5	0.062957	0.22768
689	0.066747	0.15639
689.5	0.07376	0.10887
690	0.057438	0.1623
690.5	0.037333	0.20384
691	0.035879	0.19473
691.5	0.045845	0.14807
692	0.055634	0.13647
692.5	0.056618	0.14174
693	0.048	0.09889
693.5	0.040414	0.056949
694	0.054616	0.042658
694.5	0.070462	0.060624
695	0.060786	0.089431
695.5	0.044027	0.10951
696	0.048522	0.11405
696.5	0.056412	0.11665
697	0.059019	0.13972
697.5	0.063771	0.13401
698	0.060007	0.13686
698.5	0.050276	0.11984
699	0.046254	0.086054
699.5	0.038324	0.078141
700	0.037721	0.091103
700.5	0.040994	0.10933
701	0.04739	0.13114
701.5	0.048792	0.1713
702	0.040774	0.14797
702.5	0.0369	0.1313
703	0.037071	0.16075
703.5	0.039455	0.15804
704	0.037799	0.12762
704.5	0.030217	0.11042
705	0.031345	0.092065
705.5	0.045643	0.086127
706	0.039953	0.093096
706.5	0.02456	0.096392
707	0.032101	0.065832
707.5	0.04402	0.046265
708	0.036462	0.060286
708.5	0.041743	0.09788
709	0.051733	0.11669
709.5	0.049031	0.13055
710	0.048212	0.16349
710.5	0.041323	0.17504
711	0.028504	0.12562
711.5	0.026398	0.08703
712	0.03986	0.085144
712.5	0.04945	0.093745
713	0.040328	0.089453
713.5	0.032975	0.079122
714	0.036829	0.091222
714.5	0.054671	0.14945
715	0.075694	0.15902
715.5	0.090046	0.11718
716	0.073699	0.088305
716.5	0.052047	0.089679
717	0.054757	0.11486
717.5	0.053857	0.13712
718	0.051153	0.13102
718.5	0.056245	0.10986
719	0.061863	0.080418
719.5	0.06483	0.082819
720	0.048314	0.12557
720.5	0.033433	0.13291
721	0.040334	0.10393
721.5	0.0448	0.10672
722	0.058177	0.14211
722.5	0.073843	0.16315
723	0.065083	0.17501
723.5	0.065475	0.15691
724	0.070326	0.12352
724.5	0.077375	0.10426
725	0.067991	0.11777
725.5	0.047728	0.14188
726	0.036902	0.17991
726.5	0.030654	0.17245
727	0.033035	0.11932
727.5	0.037687	0.080128
728	0.04532	0.10952
728.5	0.053377	0.18517
729	0.047315	0.19049
729.5	0.035554	0.12361
730	0.034271	0.089903
730.5	0.037267	0.12003
731	0.035569	0.12722
731.5	0.039147	0.10643
732	0.055525	0.10218
732.5	0.070767	0.12842
733	0.057706	0.14336
733.5	0.044159	0.14255
734	0.04422	0.14252
734.5	0.042078	0.17195
735	0.041399	0.17317
735.5	0.03251	0.11911
736	0.031815	0.10792
736.5	0.03518	0.11048
737	0.047285	0.089411
737.5	0.069353	0.07602
738	0.093701	0.079612
738.5	0.077589	0.12094
739	0.047868	0.15871
739.5	0.044324	0.12164
740	0.058158	0.080106
740.5	0.060276	0.094202
741	0.046298	0.12052
741.5	0.035895	0.10372
742	0.041606	0.072768
742.5	0.054187	0.047534
743	0.062303	0.040441
743.5	0.064514	0.073968
744	0.063364	0.12983
744.5	0.053359	0.1494
745	0.045654	0.14236
745.5	0.041886	0.15301
746	0.046196	0.15598
746.5	0.058051	0.13776
747	0.062177	0.13371
747.5	0.061175	0.1465
748	0.064514	0.16003
748.5	0.047114	0.13806
749	0.038087	0.13382
749.5	0.051907	0.16375
750	0.051519	0.14986
750.5	0.041099	0.10449
751	0.043225	0.096045
751.5	0.039562	0.12351
752	0.028786	0.12497
752.5	0.027639	0.11363
753	0.041325	0.12193
753.5	0.051988	0.12444
754	0.049202	0.13412
754.5	0.048413	0.14031
755	0.054218	0.12023
755.5	0.045777	0.10349
756	0.054381	0.11747
756.5	0.062439	0.11747
757	0.057937	0.10911
757.5	0.060725	0.10789
758	0.060243	0.10507
758.5	0.039869	0.08284
759	0.028206	0.098373
759.5	0.039174	0.17296
760	0.049279	0.20285
760.5	0.044041	0.13941
761	0.036827	0.11343
761.5	0.035296	0.15207
762	0.034825	0.15921
762.5	0.028416	0.13963
763	0.023878	0.1244
763.5	0.02643	0.12017
764	0.028623	0.099963
764.5	0.033114	0.08529
765	0.048699	0.098079
765.5	0.063256	0.12258
766	0.066382	0.1216
766.5	0.045257	0.091121
767	0.034195	0.096375
767.5	0.041084	0.13226
768	0.046653	0.15193
768.5	0.040981	0.12207
769	0.040659	0.078793
769.5	0.045706	0.073612
770	0.036646	0.096312
770.5	0.031345	0.14424
771	0.050292	0.15184
771.5	0.068468	0.13372
772	0.07192	0.11712
772.5	0.053223	0.12675
773	0.035641	0.13084
773.5	0.045316	0.099002
774	0.054312	0.063193
774.5	0.045693	0.060141
775	0.038354	0.073341
775.5	0.035581	0.070708
776	0.040302	0.080206
776.5	0.045643	0.1026
777	0.044964	0.10579
777.5	0.036844	0.085919
778	0.044854	0.080002
778.5	0.063756	0.11482
779	0.067554	0.15836
779.5	0.062188	0.17124
780	0.045244	0.13324
780.5	0.045434	0.10813
781	0.062377	0.094097
781.5	0.062558	0.081348
782	0.047175	0.064437
782.5	0.041233	0.069576
783	0.037989	0.10307
783.5	0.030339	0.12354
784	0.028913	0.12042
784.5	0.035653	0.10864
785	0.043373	0.12478
785.5	0.045956	0.16217
786	0.051291	0.16512
786.5	0.045709	0.13942
787	0.037904	0.118
787.5	0.031995	0.096141
788	0.025607	0.064915
788.5	0.023692	0.055333
789	0.032748	0.070834
789.5	0.051697	0.10501
790	0.0537	0.16342
790.5	0.046164	0.16492
791	0.041674	0.11868
791.5	0.046709	0.094084
792	0.067998	0.10857
792.5	0.063343	0.12862
793	0.041556	0.13852
793.5	0.026195	0.085168
794	0.030301	0.054743
794.5	0.040498	0.05753
795	0.035031	0.052141
795.5	0.031761	0.069378
796	0.043681	0.11685
796.5	0.055444	0.12823
797	0.04595	0.085476
797.5	0.04213	0.075027
798	0.051731	0.083702
798.5	0.052976	0.086418
799	0.044748	0.07683
799.5	0.034708	0.060793
800	0.02616	0.060644
800.5	0.026758	0.069432
801	0.039357	0.088966
801.5	0.049569	0.11412
802	0.056818	0.095593
802.5	0.046019	0.082415
803	0.041091	0.073389
803.5	0.047587	0.075728
804	0.042272	0.12215
804.5	0.02976	0.14738
805	0.027112	0.14465
805.5	0.03918	0.14489
806	0.061459	0.12833
806.5	0.060349	0.13351
807	0.051454	0.1267
807.5	0.047415	0.080311
808	0.051748	0.061633
808.5	0.052555	0.089697
809	0.039668	0.10608
809.5	0.03084	0.098176
810	0.028557	0.077453
810.5	0.030445	0.061779
811	0.031992	0.061803
811.5	0.03799	0.066265
812	0.057708	0.060595
812.5	0.057046	0.085417
813	0.041244	0.10642
813.5	0.035363	0.079583
814	0.030246	0.057916
814.5	0.02545	0.081342
815	0.028155	0.12502
815.5	0.030216	0.14396
816	0.031689	0.1297
816.5	0.033098	0.10998
817	0.036962	0.080167
817.5	0.048208	0.066394
818	0.050693	0.070008
818.5	0.042242	0.087745
819	0.044501	0.092017
819.5	0.042392	0.1091
820	0.040664	0.12098
820.5	0.031195	0.11035
821	0.02411	0.10528
821.5	0.034734	0.12986
822	0.048751	0.13675
822.5	0.054175	0.10388
823	0.048935	0.084275
823.5	0.035064	0.10289
824	0.03973	0.13903
824.5	0.046723	0.17491
825	0.038978	0.14179
825.5	0.039052	0.081372
826	0.032941	0.062697
826.5	0.019698	0.063248
827	0.023517	0.074679
827.5	0.034624	0.10978
828	0.033905	0.11454
828.5	0.028563	0.10591
829	0.029642	0.12636
829.5	0.040059	0.11187
830	0.050766	0.098629
830.5	0.051766	0.11897
831	0.044988	0.16472
831.5	0.039658	0.19934
832	0.027624	0.19701
832.5	0.01919	0.14174
833	0.025542	0.11938
833.5	0.031964	0.1197
834	0.032313	0.10563
834.5	0.037571	0.076644
835	0.04569	0.066977
835.5	0.049688	0.087399
836	0.054078	0.096768
836.5	0.052161	0.079922
837	0.045832	0.072311
837.5	0.031762	0.096456
838	0.023611	0.10859
838.5	0.027509	0.088627
839	0.035613	0.069591
839.5	0.045953	0.072003
840	0.054306	0.085361
840.5	0.057562	0.07444
841	0.041346	0.081865
841.5	0.027347	0.12149
842	0.026014	0.13495
842.5	0.025137	0.10455
843	0.02945	0.083499
843.5	0.034508	0.088533
844	0.027651	0.094536
844.5	0.032416	0.094548
845	0.049805	0.076555
845.5	0.050016	0.073124
846	0.032772	0.078932
846.5	0.034918	0.089513
847	0.050535	0.10587
847.5	0.04689	0.10737
848	0.038656	0.10473
848.5	0.034687	0.10129
849	0.032235	0.10973
849.5	0.029708	0.12051
850	0.041258	0.13514
850.5	0.056196	0.13913
851	0.042565	0.12915
851.5	0.029695	0.11707
852	0.039487	0.095043
852.5	0.044068	0.094086
853	0.045739	0.098834
853.5	0.0454	0.069867
854	0.037846	0.05909
854.5	0.026805	0.086204
855	0.022768	0.10722
855.5	0.026539	0.12429
856	0.033675	0.1474
856.5	0.039919	0.13957
857	0.043194	0.12298
857.5	0.043565	0.097165
858	0.040062	0.093514
858.5	0.043371	0.1137
859	0.05557	0.13217
859.5	0.055753	0.11564
860	0.044454	0.093989
860.5	0.044589	0.076802
861	0.046182	0.07537
861.5	0.042649	0.088451
862	0.03495	0.06355
862.5	0.030737	0.051303
863	0.037881	0.066481
863.5	0.047069	0.076325
864	0.051551	0.073898
864.5	0.043867	0.096486
865	0.030006	0.11258
865.5	0.033987	0.07744
866	0.042696	0.058815
866.5	0.034908	0.075165
867	0.034842	0.093497
867.5	0.035873	0.096182
868	0.033165	0.11305
868.5	0.036576	0.1179
869	0.042955	0.12561
869.5	0.043831	0.14099
870	0.039917	0.14701
870.5	0.04089	0.12912
871	0.037	0.10671
871.5	0.036484	0.09012
872	0.036862	0.094638
872.5	0.032594	0.11003
873	0.032669	0.096311
873.5	0.033131	0.078158
874	0.03651	0.076509
874.5	0.03283	0.073197
875	0.04523	0.072157
875.5	0.060829	0.094975
876	0.047321	0.10993
876.5	0.0455	0.11034
877	0.056931	0.11409
877.5	0.049511	0.08127
878	0.040911	0.039484
878.5	0.046424	0.033048
879	0.053193	0.051875
879.5	0.039137	0.070617
880	0.0371	0.087633
880.5	0.045257	0.097621
881	0.038218	0.069599
881.5	0.025099	0.059525
882	0.021816	0.055352
882.5	0.025519	0.046672
883	0.029779	0.05836
883.5	0.042586	0.05816
884	0.045052	0.039819
884.5	0.036763	0.034895
885	0.031023	0.045087
885.5	0.02764	0.06501
886	0.023308	0.098727
886.5	0.025487	0.12054
887	0.03024	0.11131
887.5	0.0276	0.074574
888	0.023704	0.066399
888.5	0.019613	0.060417
889	0.022466	0.057613
889.5	0.030607	0.078274
890	0.040647	0.092233
890.5	0.041594	0.10008
891	0.032077	0.093438
891.5	0.028517	0.078058
892	0.031921	0.089409
892.5	0.04573	0.10126
893	0.062249	0.091153
893.5	0.062756	0.093991
894	0.055668	0.078741
894.5	0.043291	0.070439
895	0.040829	0.090052
895.5	0.035596	0.088204
896	0.029952	0.076173
896.5	0.02096	0.065335
897	0.016363	0.053896
897.5	0.022485	0.063449
898	0.034344	0.10482
898.5	0.045891	0.12813
899	0.050316	0.1376
899.5	0.040887	0.11067
900	0.036679	0.067051
900.5	0.038616	0.061024
901	0.033242	0.11534
901.5	0.032144	0.17487
902	0.033851	0.1198
902.5	0.027688	0.068713
903	0.03049	0.073327
903.5	0.043059	0.074965
904	0.042537	0.088572
904.5	0.033477	0.086515
905	0.033232	0.069611
905.5	0.035865	0.065631
906	0.04084	0.081738
906.5	0.046785	0.082223
907	0.049789	0.083217
907.5	0.046646	0.1018
908	0.05364	0.099563
908.5	0.051952	0.076375
909	0.042078	0.051367
909.5	0.043995	0.041995
910	0.048664	0.06977
910.5	0.049967	0.11703
911	0.047873	0.12109
911.5	0.044762	0.1197
912	0.045127	0.17117
912.5	0.03833	0.20084
913	0.035263	0.1353
913.5	0.047068	0.074201
914	0.053304	0.074829
914.5	0.036939	0.11726
915	0.029254	0.14649
915.5	0.031964	0.14312
916	0.02593	0.14675
916.5	0.023799	0.13082
917	0.024401	0.097715
917.5	0.019482	0.090303
918	0.026081	0.090781
918.5	0.033868	0.078246
919	0.023169	0.063058
919.5	0.027716	0.049766
920	0.055714	0.064129
920.5	0.067668	0.11308
921	0.05461	0.13714
921.5	0.041501	0.12763
922	0.037115	0.10758
922.5	0.042952	0.084177
923	0.042949	0.083097
923.5	0.03731	0.10287
924	0.036771	0.10293
924.5	0.040456	0.090461
925	0.045149	0.075731
925.5	0.040951	0.065741
926	0.034602	0.06735
926.5	0.041153	0.060729
927	0.041383	0.068057
927.5	0.036689	0.087576
928	0.041205	0.10219
928.5	0.033979	0.094187
929	0.024353	0.068265
929.5	0.027913	0.042269
930	0.028938	0.033769
930.5	0.017131	0.036478
931	0.011149	0.050157
931.5	0.01683	0.082225
932	0.024882	0.091481
932.5	0.030241	0.058345
933	0.03447	0.045178
933.5	0.028295	0.066019
934	0.020269	0.084097
934.5	0.018133	0.067641
935	0.022652	0.05403
935.5	0.026795	0.061347
936	0.025899	0.071348
936.5	0.027728	0.073749
937	0.02702	0.088311
937.5	0.03412	0.10168
938	0.04791	0.10659
938.5	0.052388	0.10467
939	0.048046	0.089982
939.5	0.048082	0.094519
940	0.04173	0.12408
940.5	0.028993	0.12759
941	0.027872	0.09746
941.5	0.036097	0.076721
942	0.036624	0.075343
942.5	0.0438	0.090917
943	0.057528	0.12767
943.5	0.060738	0.15936
944	0.046937	0.13362
944.5	0.041199	0.10071
945	0.041944	0.11136
945.5	0.038018	0.11586
946	0.041449	0.087502
946.5	0.038292	0.062792
947	0.038558	0.070324
947.5	0.04059	0.086992
948	0.039136	0.080877
948.5	0.034222	0.065569
949	0.033254	0.061017
949.5	0.037661	0.049972
950	0.0304	0.049952
950.5	0.028953	0.053785
951	0.039625	0.054253
951.5	0.040314	0.057645
952	0.024583	0.07844
952.5	0.023656	0.070486
953	0.036229	0.059236
953.5	0.037321	0.072522
954	0.027699	0.097118
954.5	0.02295	0.08181
955	0.019108	0.076047
955.5	0.023721	0.099847
956	0.030764	0.103
956.5	0.0308	0.094605
957	0.035801	0.10309
957.5	0.041392	0.1334
958	0.045809	0.12437
958.5	0.051853	0.090791
959	0.053328	0.085025
959.5	0.053138	0.11476
960	0.045804	0.10315
960.5	0.033555	0.078479
961	0.028449	0.062208
961.5	0.023895	0.0597
962	0.026679	0.079347
962.5	0.031812	0.085683
963	0.033139	0.074076
963.5	0.034531	0.074758
964	0.033065	0.082553
964.5	0.038464	0.090702
965	0.042084	0.085716
965.5	0.029092	0.075368
966	0.022005	0.090306
966.5	0.028581	0.083569
967	0.037266	0.061611
967.5	0.038246	0.057529
968	0.03879	0.066214
968.5	0.038184	0.076837
969	0.032977	0.063527
969.5	0.026292	0.048704
970	0.017567	0.045106
970.5	0.014749	0.064001
971	0.02226	0.10016
971.5	0.033674	0.12399
972	0.042749	0.12769
972.5	0.045166	0.091958
973	0.056634	0.070055
973.5	0.059569	0.075118
974	0.049808	0.075509
974.5	0.044565	0.073232
975	0.034826	0.055398
975.5	0.02582	0.050925
976	0.024747	0.063457
976.5	0.025928	0.058685
977	0.025285	0.055897
977.5	0.032783	0.056979
978	0.03702	0.05587
978.5	0.030341	0.056936
979	0.023174	0.068425
979.5	0.021311	0.075745
980	0.023071	0.064145
980.5	0.027655	0.048632
981	0.027266	0.039863
981.5	0.025863	0.049329
982	0.029265	0.064285
982.5	0.041962	0.087088
983	0.048173	0.10252
983.5	0.041479	0.098116
984	0.026208	0.089738
984.5	0.015499	0.068274
985	0.016238	0.063871
985.5	0.028492	0.091507
986	0.047283	0.11781
986.5	0.060727	0.10298
987	0.058039	0.094354
987.5	0.046978	0.077684
988	0.04156	0.06887
988.5	0.035077	0.071872
989	0.0354	0.066693
989.5	0.041228	0.072181
990	0.029088	0.069788
990.5	0.01912	0.060649
991	0.019793	0.06404
991.5	0.023924	0.089028
992	0.025144	0.098702
992.5	0.024809	0.068107
993	0.02293	0.06151
993.5	0.020646	0.079294
994	0.027213	0.071531
994.5	0.037423	0.0631
995	0.031184	0.067421
995.5	0.019858	0.077403
996	0.020546	0.067467
996.5	0.026115	0.049028
997	0.023973	0.060467
997.5	0.015958	0.094899
998	0.017809	0.10452
998.5	0.022837	0.079679
999	0.01972	0.06756
999.5	0.017083	0.060176
-1000	0.014725	0.054451
-999.5	0.017083	0.060176
-999	0.01972	0.06756
-998.5	0.022837	0.079679
-998	0.017809	0.10452
-997.5	0.015958	0.094899
-997	0.023973	0.060467
-996.5	0.026115	0.049028
-996	0.020546	0.067467
-995.5	0.019858	0.077403
-995	0.031184	0.067421
-994.5	0.037423	0.0631
-994	0.027213	0.071531
-993.5	0.020646	0.079294
-993	0.02293	0.06151
-992.5	0.024809	0.068107
-992	0.025144	0.098702
-991.5	0.023924	0.089028
-991	0.019793	0.06404
-990.5	0.01912	0.060649
-990	0.029088	0.069788
-989.5	0.041228	0.072181
-989	0.0354	0.066693
-988.5	0.035077	0.071872
-988	0.04156	0.06887
-987.5	0.046978	0.077684
-987	0.058039	0.094354
-986.5	0.060727	0.10298
-986	0.047283	0.11781
-985.5	0.028492	0.091507
-985	0.016238	0.063871
-984.5	0.015499	0.068274
-984	0.026208	0.089738
-983.5	0.041479	0.098116
-983	0.048173	0.10252
-982.5	0.041962	0.087088
-982	0.029265	0.064285
-981.5	0.025863	0.049329
-981	0.027266	0.039863
-980.5	0.027655	0.048632
-980	0.023071	0.064145
-979.5	0.021311	0.075745
-979	0.023174	0.068425
-978.5	0.030341	0.056936
-978	0.03702	0.05587
-977.5	0.032783	0.056979
-977	0.025285	0.055897
-976.5	0.025928	0.058685
-976	0.024747	0.063457
-975.5	0.02582	0.050925
-975	0.034826	0.055398
-974.5	0.044565	0.073232
-974	0.049808	0.075509
-973.5	0.059569	0.075118
-973	0.056634	0.070055
-972.5	0.045166	0.091958
-972	0.042749	0.12769
-971.5	0.033674	0.12399
-971	0.02226	0.10016
-970.5	0.014749	0.064001
-970	0.017567	0.045106
-969.5	0.026292	0.048704
-969	0.032977	0.063527
-968.5	0.038184	0.076837
-968	0.03879	0.066214
-967.5	0.038246	0.057529
-967	0.037266	0.061611
-966.5	0.028581	0.083569
-966	0.022005	0.090306
-965.5	0.029092	0.075368
-965	0.042084	0.085716
-964.5	0.038464	0.090702
-964	0.033065	0.082553
-963.5	0.034531	0.074758
-963	0.033139	0.074076
-962.5	0.031812	0.085683
-962	0.026679	0.079347
-961.5	0.023895	0.0597
-961	0.028449	0.062208
-960.5	0.033555	0.078479
-960	0.045804	0.10315
-959.5	0.053138	0.11476
-959	0.053328	0.085025
-958.5	0.051853	0.090791
-958	0.045809	0.12437
-957.5	0.041392	0.1334
-957	0.035801	0.10309
-956.5	0.0308	0.094605
-956	0.030764	0.103
-955.5	0.023721	0.099847
-955	0.019108	0.076047
-954.5	0.02295	0.08181
-954	0.027699	0.097118
-953.5	0.037321	0.072522
-953	0.036229	0.059236
-952.5	0.023656	0.070486
-952	0.024583	0.07844
-951.5	0.040314	0.057645
-951	0.039625	0.054253
-950.5	0.028953	0.053785
-950	0.0304	0.049952
-949.5	0.037661	0.049972
-949	0.033254	0.061017
-948.5	0.034222	0.065569
-948	0.039136	0.080877
-947.5	0.04059	0.086992
-947	0.038558	0.070324
-946.5	0.038292	0.062792
-946	0.041449	0.087502
-945.5	0.038018	0.11586
-945	0.041944	0.11136
-944.5	0.041199	0.10071
-944	0.046937	0.13362
-943.5	0.060738	0.15936
-943	0.057528	0.12767
-942.5	0.0438	0.090917
-942	0.036624	0.075343
-941.5	0.036097	0.076721
-941	0.027872	0.09746
-940.5	0.028993	0.12759
-940	0.04173	0.12408
-939.5	0.048082	0.094519
-939	0.048046	0.089982
-938.5	0.052388	0.10467
-938	0.04791	0.10659
-937.5	0.03412	0.10168
-937	0.02702	0.088311
-936.5	0.027728	0.073749
-936	0.025899	0.071348
-935.5	0.026795	0.061347
-935	0.022652	0.05403
-934.5	0.018133	0.067641
-934	0.020269	0.084097
-933.5	0.028295	0.066019
-933	0.03447	0.045178
-932.5	0.030241	0.058345
-932	0.024882	0.091481
-931.5	0.01683	0.082225
-931	0.011149	0.050157
-930.5	0.017131	0.036478
-930	0.028938	0.033769
-929.5	0.027913	0.042269
-929	0.024353	0.068265
-928.5	0.033979	0.094187
-928	0.041205	0.10219
-927.5	0.036689	0.087576
-927	0.041383	0.068057
-926.5	0.041153	0.060729
-926	0.034602	0.06735
-925.5	0.040951	0.065741
-925	0.045149	0.075731
-924.5	0.040456	0.090461
-924	0.036771	0.10293
-923.5	0.03731	0.10287
-923	0.042949	0.083097
-922.5	0.042952	0.084177
-922	0.037115	0.10758
-921.5	0.041501	0.12763
-921	0.05461	0.13714
-920.5	0.067668	0.11308
-920	0.055714	0.064129
-919.5	0.027716	0.049766
-919	0.023169	0.063058
-918.5	0.033868	0.078246
-918	0.026081	0.090781
-917.5	0.019482	0.090303
-917	0.024401	0.097715
-916.5	0.023799	0.13082
-916	0.02593	0.14675
-915.5	0.031964	0.14312
-915	0.029254	0.14649
-914.5	0.036939	0.11726
-914	0.053304	0.074829
-913.5	0.047068	0.074201
-913	0.035263	0.1353
-912.5	0.03833	0.20084
-912	0.045127	0.17117
-911.5	0.044762	0.1197
-911	0.047873	0.12109
-910.5	0.049967	0.11703
-910	0.048664	0.06977
-909.5	0.043995	0.041995
-909	0.042078	0.051367
-908.5	0.051952	0.076375
-908	0.05364	0.099563
-907.5	0.046646	0.1018
-907	0.049789	0.083217
-906.5	0.046785	0.082223
-906	0.04084	0.081738
-905.5	0.035865	0.065631
-905	0.033232	0.069611
-904.5	0.033477	0.086515
-904	0.042537	0.088572
-903.5	0.043059	0.074965
-903	0.03049	0.073327
-902.5	0.027688	0.068713
-902	0.033851	0.1198
-901.5	0.032144	0.17487
-901	0.033242	0.11534
-900.5	0.038616	0.061024
-900	0.036679	0.067051
-899.5	0.040887	0.11067
-899	0.050316	0.1376
-898.5	0.045891	0.12813
-898	0.034344	0.10482
-897.5	0.022485	0.063449
-897	0.016363	0.053896
-896.5	0.02096	0.065335
-896	0.029952	0.076173
-895.5	0.035596	0.088204
-895	0.040829	0.090052
-894.5	0.043291	0.070439
-894	0.055668	0.078741
-893.5	0.062756	0.093991
-893	0.062249	0.091153
-892.5	0.04573	0.10126
-892	0.031921	0.089409
-891.5	0.028517	0.078058
-891	0.032077	0.093438
-890.5	0.041594	0.10008
-890	0.040647	0.092233
-889.5	0.030607	0.078274
-889	0.022466	0.057613
-888.5	0.019613	0.060417
-888	0.023704	0.066399
-887.5	0.0276	0.074574
-887	0.03024	0.11131
-886.5	0.025487	0.12054
-886	0.023308	0.098727
-885.5	0.02764	0.06501
-885	0.031023	0.045087
-884.5	0.036763	0.034895
-884	0.045052	0.039819
-883.5	0.042586	0.05816
-883	0.029779	0.05836
-882.5	0.025519	0.046672
-882	0.021816	0.055352
-881.5	0.025099	0.059525
-881	0.038218	0.069599
-880.5	0.045257	0.097621
-880	0.0371	0.087633
-879.5	0.039137	0.070617
-879	0.053193	0.051875
-878.5	0.046424	0.033048
-878	0.040911	0.039484
-877.5	0.049511	0.08127
-877	0.056931	0.11409
-876.5	0.0455	0.11034
-876	0.047321	0.10993
-875.5	0.060829	0.094975
-875	0.04523	0.072157
-874.5	0.03283	0.073197
-874	0.03651	0.076509
-873.5	0.033131	0.078158
-873	0.032669	0.096311
-872.5	0.032594	0.11003
-872	0.036862	0.094638
-871.5	0.036484	0.09012
-871	0.037	0.10671
-870.5	0.04089	0.12912
-870	0.039917	0.14701
-869.5	0.043831	0.14099
-869	0.042955	0.12561
-868.5	0.036576	0.1179
-868	0.033165	0.11305
-867.5	0.035873	0.096182
-867	0.034842	0.093497
-866.5	0.034908	0.075165
-866	0.042696	0.058815
-865.5	0.033987	0.07744
-865	0.030006	0.11258
-864.5	0.043867	0.096486
-864	0.051551	0.073898
-863.5	0.047069	0.076325
-863	0.037881	0.066481
-862.5	0.030737	0.051303
-862	0.03495	0.06355
-861.5	0.042649	0.088451
-861	0.046182	0.07537
-860.5	0.044589	0.076802
-860	0.044454	0.093989
-859.5	0.055753	0.11564
-859	0.05557	0.13217
-858.5	0.043371	0.1137
-858	0.040062	0.093514
-857.5	0.043565	0.097165
-857	0.043194	0.12298
-856.5	0.039919	0.13957
-856	0.033675	0.1474
-855.5	0.026539	0.12429
-855	0.022768	0.10722
-854.5	0.026805	0.086204
-854	0.037846	0.05909
-853.5	0.0454	0.069867
-853	0.045739	0.098834
-852.5	0.044068	0.094086
-852	0.039487	0.095043
-851.5	0.029695	0.11707
-851	0.042565	0.12915
-850.5	0.056196	0.13913
-850	0.041258	0.13514
-849.5	0.029708	0.12051
-849	0.032235	0.10973
-848.5	0.034687	0.10129
-848	0.038656	0.10473
-847.5	0.04689	0.10737
-847	0.050535	0.10587
-846.5	0.034918	0.089513
-846	0.032772	0.078932
-845.5	0.050016	0.073124
-845	0.049805	0.076555
-844.5	0.032416	0.094548
-844	0.027651	0.094536
-843.5	0.034508	0.088533
-843	0.02945	0.083499
-842.5	0.025137	0.10455
-842	0.026014	0.13495
-841.5	0.027347	0.12149
-841	0.041346	0.081865
-840.5	0.057562	0.07444
-840	0.054306	0.085361
-839.5	0.045953	0.072003
-839	0.035613	0.069591
-838.5	0.027509	0.088627
-838	0.023611	0.10859
-837.5	0.031762	0.096456
-837	0.045832	0.072311
-836.5	0.052161	0.079922
-836	0.054078	0.096768
-835.5	0.049688	0.087399
-835	0.04569	0.066977
-834.5	0.037571	0.076644
-834	0.032313	0.10563
-833.5	0.031964	0.1197
-833	0.025542	0.11938
-832.5	0.01919	0.14174
-832	0.027624	0.19701
-831.5	0.039658	0.19934
-831	0.044988	0.16472
-830.5	0.051766	0.11897
-830	0.050766	0.098629
-829.5	0.040059	0.11187
-829	0.029642	0.12636
-828.5	0.028563	0.10591
-828	0.033905	0.11454
-827.5	0.034624	0.10978
-827	0.023517	0.074679
-826.5	0.019698	0.063248
-826	0.032941	0.062697
-825.5	0.039052	0.081372
-825	0.038978	0.14179
-824.5	0.046723	0.17491
-824	0.03973	0.13903
-823.5	0.035064	0.10289
-823	0.048935	0.084275
-822.5	0.054175	0.10388
-822	0.048751	0.13675
-821.5	0.034734	0.12986
-821	0.02411	0.10528
-820.5	0.031195	0.11035
-820	0.040664	0.12098
-819.5	0.042392	0.1091
-819	0.044501	0.092017
-818.5	0.042242	0.087745
-818	0.050693	0.070008
-817.5	0.048208	0.066394
-817	0.036962	0.080167
-816.5	0.033098	0.10998
-816	0.031689	0.1297
-815.5	0.030216	0.14396
-815	0.028155	0.12502
-814.5	0.02545	0.081342
-814	0.030246	0.057916
-813.5	0.035363	0.079583
-813	0.041244	0.10642
-812.5	0.057046	0.085417
-812	0.057708	0.060595
-811.5	0.03799	0.066265
-811	0.031992	0.061803
-810.5	0.030445	0.061779
-810	0.028557	0.077453
-809.5	0.03084	0.098176
-809	0.039668	0.10608
-808.5	0.052555	0.089697
-808	0.051748	0.061633
-807.5	0.047415	0.080311
-807	0.051454	0.1267
-806.5	0.060349	0.13351
-806	0.061459	0.12833
-805.5	0.03918	0.14489
-805	0.027112	0.14465
-804.5	0.02976	0.14738
-804	0.042272	0.12215
-803.5	0.047587	0.075728
-803	0.041091	0.073389
-802.5	0.046019	0.082415
-802	0.056818	0.095593
-801.5	0.049569	0.11412
-801	0.039357	0.088966
-800.5	0.026758	0.069432
-800	0.02616	0.060644
-799.5	0.034708	0.060793
-799	0.044748	0.07683
-798.5	0.052976	0.086418
-798	0.051731	0.083702
-797.5	0.04213	0.075027
-797	0.04595	0.085476
-796.5	0.055444	0.12823
-796	0.043681	0.11685
-795.5	0.031761	0.069378
-795	0.035031	0.052141
-794.5	0.040498	0.05753
-794	0.030301	0.054743
-793.5	0.026195	0.085168
-793	0.041556	0.13852
-792.5	0.063343	0.12862
-792	0.067998	0.10857
-791.5	0.046709	0.094084
-791	0.041674	0.11868
-790.5	0.046164	0.16492
-790	0.0537	0.16342
-789.5	0.051697	0.10501
-789	0.032748	0.070834
-788.5	0.023692	0.055333
-788	0.025607	0.064915
-787.5	0.031995	0.096141
-787	0.037904	0.118
-786.5	0.045709	0.13942
-786	0.051291	0.16512
-785.5	0.045956	0.16217
-785	0.043373	0.12478
-784.5	0.035653	0.10864
-784	0.028913	0.12042
-783.5	0.030339	0.12354
-783	0.037989	0.10307
-782.5	0.041233	0.069576
-782	0.047175	0.064437
-781.5	0.062558	0.081348
-781	0.062377	0.094097
-780.5	0.045434	0.10813
-780	0.045244	0.13324
-779.5	0.062188	0.17124
-779	0.067554	0.15836
-778.5	0.063756	0.11482
-778	0.044854	0.080002
-777.5	0.036844	0.085919
-777	0.044964	0.10579
-776.5	0.045643	0.1026
-776	0.040302	0.080206
-775.5	0.035581	0.070708
-775	0.038354	0.073341
-774.5	0.045693	0.060141
-774	0.054312	0.063193
-773.5	0.045316	0.099002
-773	0.035641	0.13084
-772.5	0.053223	0.12675
-772	0.07192	0.11712
-771.5	0.068468	0.13372
-771	0.050292	0.15184
-770.5	0.031345	0.14424
-770	0.036646	0.096312
-769.5	0.045706	0.073612
-769	0.040659	0.078793
-768.5	0.040981	0.12207
-768	0.046653	0.15193
-767.5	0.041084	0.13226
-767	0.034195	0.096375
-766.5	0.045257	0.091121
-766	0.066382	0.1216
-765.5	0.063256	0.12258
-765	0.048699	0.098079
-764.5	0.033114	0.08529
-764	0.028623	0.099963
-763.5	0.02643	0.12017
-763	0.023878	0.1244
-762.5	0.028416	0.13963
-762	0.034825	0.15921
-761.5	0.035296	0.15207
-761	0.036827	0.11343
-760.5	0.044041	0.13941
-760	0.049279	0.20285
-759.5	0.039174	0.17296
-759	0.028206	0.098373
-758.5	0.039869	0.08284
-758	0.060243	0.10507
-757.5	0.060725	0.10789
-757	0.057937	0.10911
-756.5	0.062439	0.11747
-756	0.054381	0.11747
-755.5	0.045777	0.10349
-755	0.054218	0.12023
-754.5	0.048413	0.14031
-754	0.049202	0.13412
-753.5	0.051988	0.12444
-753	0.041325	0.12193
-752.5	0.027639	0.11363
-752	0.028786	0.12497
-751.5	0.039562	0.12351
-751	0.043225	0.096045
-750.5	0.041099	0.10449
-750	0.051519	0.14986
-749.5	0.051907	0.16375
-749	0.038087	0.13382
-748.5	0.047114	0.13806
-748	0.064514	0.16003
-747.5	0.061175	0.1465
-747	0.062177	0.13371
-746.5	0.058051	0.13776
-746	0.046196	0.15598
-745.5	0.041886	0.15301
-745	0.045654	0.14236
-744.5	0.053359	0.1494
-744	0.063364	0.12983
-743.5	0.064514	0.073968
-743	0.062303	0.040441
-742.5	0.054187	0.047534
-742	0.041606	0.072768
-741.5	0.035895	0.10372
-741	0.046298	0.12052
-740.5	0.060276	0.094202
-740	0.058158	0.080106
-739.5	0.044324	0.12164
-739	0.047868	0.15871
-738.5	0.077589	0.12094
-738	0.093701	0.079612
-737.5	0.069353	0.07602
-737	0.047285	0.089411
-736.5	0.03518	0.11048
-736	0.031815	0.10792
-735.5	0.03251	0.11911
-735	0.041399	0.17317
-734.5	0.042078	0.17195
-734	0.04422	0.14252
-733.5	0.044159	0.14255
-733	0.057706	0.14336
-732.5	0.070767	0.12842
-732	0.055525	0.10218
-731.5	0.039147	0.10643
-731	0.035569	0.12722
-730.5	0.037267	0.12003
-730	0.034271	0.089903
-729.5	0.035554	0.12361
-729	0.047315	0.19049
-728.5	0.053377	0.18517
-728	0.04532	0.10952
-727.5	0.037687	0.080128
-727	0.033035	0.11932
-726.5	0.030654	0.17245
-726	0.036902	0.17991
-725.5	0.047728	0.14188
-725	0.067991	0.11777
-724.5	0.077375	0.10426
-724	0.070326	0.12352
-723.5	0.065475	0.15691
-723	0.065083	0.17501
-722.5	0.073843	0.16315
-722	0.058177	0.14211
-721.5	0.0448	0.10672
-721	0.040334	0.10393
-720.5	0.033433	0.13291
-720	0.048314	0.12557
-719.5	0.06483	0.082819
-719	0.061863	0.080418
-718.5	0.056245	0.10986
-718	0.051153	0.13102
-717.5	0.053857	0.13712
-717	0.054757	0.11486
-716.5	0.052047	0.089679
-716	0.073699	0.088305
-715.5	0.090046	0.11718
-715	0.075694	0.15902
-714.5	0.054671	0.14945
-714	0.036829	0.091222
-713.5	0.032975	0.079122
-713	0.040328	0.089453
-712.5	0.04945	0.093745
-712	0.03986	0.085144
-711.5	0.026398	0.08703
-711	0.028504	0.12562
-710.5	0.041323	0.17504
-710	0.048212	0.16349
-709.5	0.049031	0.13055
-709	0.051733	0.11669
-708.5	0.041743	0.09788
-708	0.036462	0.060286
-707.5	0.04402	0.046265
-707	0.032101	0.065832
-706.5	0.02456	0.096392
-706	0.039953	0.093096
-705.5	0.045643	0.086127
-705	0.031345	0.092065
-704.5	0.030217	0.11042
-704	0.037799	0.12762
-703.5	0.039455	0.15804
-703	0.037071	0.16075
-702.5	0.0369	0.1313
-702	0.040774	0.14797
-701.5	0.048792	0.1713
-701	0.04739	0.13114
-700.5	0.040994	0.10933
-700	0.037721	0.091103
-699.5	0.038324	0.078141
-699	0.046254	0.086054
-698.5	0.050276	0.11984
-698	0.060007	0.13686
-697.5	0.063771	0.13401
-697	0.059019	0.13972
-696.5	0.056412	0.11665
-696	0.048522	0.11405
-695.5	0.044027	0.10951
-695	0.060786	0.089431
-694.5	0.070462	0.060624
-694	0.054616	0.042658
-693.5	0.040414	0.056949
-693	0.048	0.09889
-692.5	0.056618	0.14174
-692	0.055634	0.13647
-691.5	0.045845	0.14807
-691	0.035879	0.19473
-690.5	0.037333	0.20384
-690	0.057438	0.1623
-689.5	0.07376	0.10887
-689	0.066747	0.15639
-688.5	0.062957	0.22768
-688	0.058228	0.16874
-687.5	0.048655	0.13125
-687	0.033141	0.14668
-686.5	0.030115	0.17663
-686	0.048294	0.19891
-685.5	0.055794	0.16709
-685	0.054714	0.17272
-684.5	0.064172	0.21325
-684	0.061169	0.22026
-683.5	0.044338	0.15931
-683	0.039332	0.10725
-682.5	0.042732	0.12833
-682	0.053321	0.16707
-681.5	0.059183	0.15463
-681	0.05332	0.14237
-680.5	0.054615	0.16708
-680	0.050365	0.1749
-679.5	0.04187	0.1624
-679	0.05618	0.13867
-678.5	0.07949	0.11375
-678	0.087271	0.12763
-677.5	0.07309	0.1501
-677	0.053485	0.15694
-676.5	0.038255	0.16468
-676	0.063246	0.16148
-675.5	0.11524	0.13013
-675	0.11888	0.15204
-674.5	0.071898	0.18852
-674	0.035842	0.14402
-673.5	0.039208	0.1077
-673	0.072087	0.10923
-672.5	0.083297	0.088383
-672	0.06698	0.098266
-671.5	0.065891	0.1327
-671	0.081898	0.15035
-670.5	0.095381	0.17521
-670	0.072981	0.21223
-669.5	0.038894	0.19673
-669	0.028991	0.13121
-668.5	0.025523	0.090938
-668	0.034325	0.096155
-667.5	0.058713	0.089334
-667	0.065026	0.10983
-666.5	0.063539	0.1243
-666	0.069216	0.095785
-665.5	0.074258	0.10689
-665	0.080491	0.14273
-664.5	0.082499	0.133
-664	0.057613	0.11863
-663.5	0.037692	0.13426
-663	0.043116	0.17367
-662.5	0.066886	0.19466
-662	0.083091	0.17775
-661.5	0.075548	0.14767
-661	0.050221	0.11901
-660.5	0.043097	0.10377
-660	0.058835	0.071035
-659.5	0.079968	0.052681
-659	0.074869	0.083356
-658.5	0.065656	0.11835
-658	0.062977	0.15547
-657.5	0.041999	0.19658
-657	0.039258	0.18258
-656.5	0.048643	0.12622
-656	0.05226	0.10706
-655.5	0.050548	0.15123
-655	0.043667	0.1547
-654.5	0.044327	0.13111
-654	0.046918	0.16484
-653.5	0.051017	0.18792
-653	0.04502	0.15752
-652.5	0.034761	0.13929
-652	0.037082	0.14767
-651.5	0.064143	0.12267
-651	0.10166	0.10769
-650.5	0.11904	0.13384
-650	0.08686	0.13756
-649.5	0.052245	0.1246
-649	0.045364	0.15492
-648.5	0.051996	0.15574
-648	0.055621	0.098004
-647.5	0.069979	0.087928
-647	0.10354	0.1186
-646.5	0.10524	0.13877
-646	0.073454	0.12986
-645.5	0.045782	0.14918
-645	0.038109	0.15013
-644.5	0.0371	0.13389
-644	0.043753	0.16824
-643.5	0.052452	0.15804
-643	0.05173	0.11393
-642.5	0.039131	0.11252
-642	0.054494	0.1324
-641.5	0.097702	0.17487
-641	0.1203	0.22525
-640.5	0.12132	0.20406
-640	0.094736	0.13256
-639.5	0.066159	0.1638
-639	0.083442	0.2312
-638.5	0.11744	0.20426
-638	0.095291	0.16081
-637.5	0.071108	0.16272
-637	0.068264	0.18929
-636.5	0.067585	0.22467
-636	0.051854	0.20734
-635.5	0.040339	0.19504
-635	0.055027	0.21216
-634.5	0.068038	0.21541
-634	0.078782	0.235
-633.5	0.087711	0.26061
-633	0.059125	0.22605
-632.5	0.041851	0.16559
-632	0.056249	0.12665
-631.5	0.059418	0.13697
-631	0.047723	0.1554
-630.5	0.040918	0.11475
-630	0.046615	0.074298
-629.5	0.064333	0.07159
-629	0.089634	0.081589
-628.5	0.080371	0.087731
-628	0.069124	0.11743
-627.5	0.079697	0.14734
-627	0.084684	0.15843
-626.5	0.10084	0.16492
-626	0.11584	0.1742
-625.5	0.10968	0.17412
-625	0.085962	0.19428
-624.5	0.0912	0.24056
-624	0.10216	0.27318
-623.5	0.0842	0.22146
-623	0.066635	0.14137
-622.5	0.057708	0.10167
-622	0.059241	0.14544
-621.5	0.064214	0.20142
-621	0.060005	0.2144
-620.5	0.065435	0.21432
-620	0.07605	0.18138
-619.5	0.09439	0.12675
-619	0.090764	0.1471
-618.5	0.097849	0.22076
-618	0.11799	0.25378
-617.5	0.10398	0.24882
-617	0.081102	0.19973
-616.5	0.082182	0.14276
-616	0.099999	0.13844
-615.5	0.088498	0.16448
-615	0.074185	0.22033
-614.5	0.070804	0.20683
-614	0.061405	0.15901
-613.5	0.066898	0.18018
-613	0.087651	0.20017
-612.5	0.095646	0.20737
-612	0.089705	0.23147
-611.5	0.067678	0.20044
-611	0.066609	0.15496
-610.5	0.095318	0.21124
-610	0.093389	0.27634
-609.5	0.048719	0.21375
-609	0.024889	0.10474
-608.5	0.033708	0.059111
-608	0.066207	0.080197
-607.5	0.10416	0.099684
-607	0.11843	0.15167
-606.5	0.11987	0.23279
-606	0.094263	0.21122
-605.5	0.080005	0.16646
-605	0.088553	0.17289
-604.5	0.071257	0.23211
-604	0.042822	0.25237
-603.5	0.041647	0.21009
-603	0.05446	0.16334
-602.5	0.068089	0.15839
-602	0.075249	0.15275
-601.5	0.061539	0.1109
-601	0.085863	0.10996
-600.5	0.11813	0.14701
-600	0.090574	0.18384
-599.5	0.06808	0.2113
-599	0.084217	0.23051
-598.5	0.081355	0.17392
-598	0.076081	0.12206
-597.5	0.082827	0.16083
-597	0.11001	0.18233
-596.5	0.09463	0.15294
-596	0.062429	0.16208
-595.5	0.066958	0.14086
-595	0.083657	0.12842
-594.5	0.092175	0.22016
-594	0.077655	0.31509
-593.5	0.053756	0.3392
-593	0.055387	0.29943
-592.5	0.077237	0.19959
-592	0.092835	0.10478
-591.5	0.10704	0.070188
-591	0.11924	0.084374
-590.5	0.10922	0.18143
-590	0.07835	0.30379
-589.5	0.05425	0.28941
-589	0.055264	0.23469
-588.5	0.073328	0.21936
-588	0.094258	0.2145
-587.5	0.08864	0.19516
-587	0.063952	0.2567
-586.5	0.065921	0.27662
-586	0.10452	0.19943
-585.5	0.12018	0.19055
-585	0.086353	0.23845
-584.5	0.050471	0.255
-584	0.047018	0.22725
-583.5	0.06968	0.20318
-583	0.07536	0.20534
-582.5	0.078982	0.21258
-582	0.11738	0.2267
-581.5	0.14042	0.23339
-581	0.10453	0.25349
-580.5	0.082096	0.21036
-580	0.086906	0.12305
-579.5	0.1154	0.095746
-579	0.12241	0.07751
-578.5	0.099754	0.098744
-578	0.091111	0.15321
-577.5	0.11602	0.16596
-577	0.13641	0.14153
-576.5	0.12544	0.1885
-576	0.11011	0.21606
-575.5	0.098775	0.17923
-575	0.084013	0.14999
-574.5	0.088195	0.1387
-574	0.12029	0.15266
-573.5	0.1445	0.19355
-573	0.11175	0.17126
-572.5	0.066116	0.1894
-572	0.050254	0.22801
-571.5	0.066108	0.24136
-571	0.10678	0.21
-570.5	0.12059	0.20297
-570	0.086871	0.1957
-569.5	0.078434	0.20823
-569	0.087412	0.194
-568.5	0.066088	0.16939
-568	0.054248	0.15035
-567.5	0.075514	0.1402
-567	0.10036	0.15473
-566.5	0.10308	0.12339
-566	0.091264	0.10333
-565.5	0.09241	0.16851
-565	0.10333	0.2632
-564.5	0.10937	0.26288
-564	0.1132	0.2714
-563.5	0.117	0.29406
-563	0.093561	0.29403
-562.5	0.081123	0.30212
-562	0.087465	0.26289
-561.5	0.088303	0.18384
-561	0.080867	0.13841
-560.5	0.091666	0.13039
-560	0.086164	0.11195
-559.5	0.065864	0.11964
-559	0.066418	0.14833
-558.5	0.064108	0.11934
-558	0.08873	0.12505
-557.5	0.12739	0.17253
-557	0.12191	0.16021
-556.5	0.088757	0.13934
-556	0.096071	0.21503
-555.5	0.10231	0.26451
-555	0.068622	0.22251
-554.5	0.052251	0.20347
-554	0.052118	0.24727
-553.5	0.070777	0.29451
-553	0.10957	0.27032
-552.5	0.14121	0.16671
-552	0.12145	0.090897
-551.5	0.10618	0.10195
-551	0.10066	0.18684
-550.5	0.094829	0.27454
-550	0.10943	0.21428
-549.5	0.1122	0.16006
-549	0.087503	0.16098
-548.5	0.085203	0.13228
-548	0.1169	0.096482
-547.5	0.10825	0.091147
-547	0.11106	0.088593
-546.5	0.12153	0.11492
-546	0.10531	0.20713
-545.5	0.096057	0.24226
-545	0.07683	0.15698
-544.5	0.076984	0.12104
-544	0.10697	0.16386
-543.5	0.12988	0.17753
-543	0.11802	0.14373
-542.5	0.10714	0.11394
-542	0.11981	0.16024
-541.5	0.12234	0.25768
-541	0.11824	0.28876
-540.5	0.096934	0.24314
-540	0.081827	0.20222
-539.5	0.096964	0.23475
-539	0.088742	0.28304
-538.5	0.068614	0.27343
-538	0.072852	0.29321
-537.5	0.092283	0.30166
-537	0.08299	0.31073
-536.5	0.07572	0.31321
-536	0.068482	0.219
-535.5	0.065308	0.18101
-535	0.068146	0.30613
-534.5	0.072368	0.43297
-534	0.1035	0.3603
-533.5	0.13654	0.22463
-533	0.12974	0.12981
-532.5	0.13153	0.12876
-532	0.12471	0.20496
-531.5	0.12294	0.24728
-531	0.093713	0.26283
-530.5	0.071466	0.25648
-530	0.09296	0.24356
-529.5	0.095975	0.24226
-529	0.086525	0.32637
-528.5	0.11699	0.37897
-528	0.15407	0.30108
-527.5	0.16994	0.21556
-527	0.16715	0.16287
-526.5	0.15693	0.16026
-526	0.14881	0.20883
-525.5	0.14065	0.21668
-525	0.13637	0.17535
-524.5	0.138	0.18026
-524	0.15592	0.288
-523.5	0.14738	0.39116
-523	0.10435	0.39423
-522.5	0.094874	0.30005
-522	0.11267	0.17291
-521.5	0.16434	0.15937
-521	0.17144	0.19069
-520.5	0.12467	0.20638
-520	0.091222	0.22453
-519.5	0.077188	0.25312
-519	0.077891	0.25602
-518.5	0.12257	0.20605
-518	0.1668	0.22934
-517.5	0.15901	0.2604
-517	0.11495	0.18173
-516.5	0.12923	0.12232
-516	0.19293	0.18022
-515.5	0.19048	0.2645
-515	0.1288	0.28119
-514.5	0.077167	0.2547
-514	0.076328	0.26811
-513.5	0.11321	0.22719
-513	0.13685	0.1815
-512.5	0.12534	0.20848
-512	0.10311	0.22591
-511.5	0.052838	0.20292
-511	0.035994	0.24493
-510.5	0.071055	0.35836
-510	0.11996	0.32077
-509.5	0.14628	0.21336
-509	0.11948	0.22774
-508.5	0.074988	0.23969
-508	0.053719	0.25156
-507.5	0.045812	0.28235
-507	0.064141	0.31673
-506.5	0.12618	0.31265
-506	0.18378	0.22184
-505.5	0.19623	0.24047
-505	0.16529	0.34319
-504.5	0.12974	0.3067
-504	0.1208	0.26924
-503.5	0.10249	0.30135
-503	0.1012	0.33033
-502.5	0.1194	0.31841
-502	0.11418	0.30009
-501.5	0.10946	0.29569
-501	0.13509	0.31492
-500.5	0.17364	0.32572
-500	0.18534	0.37706
-499.5	0.19392	0.36775
-499	0.18042	0.28644
-498.5	0.13504	0.29087
-498	0.12024	0.3552
-497.5	0.13167	0.31028
-497	0.13454	0.26267
-496.5	0.11249	0.33173
-496	0.097532	0.38873
-495.5	0.11154	0.3238
-495	0.13136	0.24178
-494.5	0.11475	0.29232
-494	0.083018	0.32267
-493.5	0.065657	0.31573
-493	0.050509	0.30759
-492.5	0.050031	0.29192
-492	0.089359	0.3606
-491.5	0.12182	0.43733
-491	0.093369	0.49821
-490.5	0.095629	0.44174
-490	0.1348	0.30519
-489.5	0.13032	0.21762
-489	0.09207	0.19867
-488.5	0.066468	0.18617
-488	0.072208	0.19312
-487.5	0.12258	0.2314
-487	0.19918	0.26213
-486.5	0.21998	0.18807
-486	0.19443	0.1117
-485.5	0.16965	0.10627
-485	0.13356	0.15849
-484.5	0.12408	0.24077
-484	0.13718	0.30635
-483.5	0.15839	0.29954
-483	0.15298	0.24745
-482.5	0.16503	0.16518
-482	0.18301	0.18969
-481.5	0.17971	0.25748
-481	0.15421	0.31644
-480.5	0.072552	0.37458
-480	0.027984	0.28725
-479.5	0.04073	0.22918
-479	0.081203	0.2864
-478.5	0.14443	0.33229
-478	0.1541	0.37588
-477.5	0.12383	0.39507
-477	0.12047	0.30763
-476.5	0.13635	0.28203
-476	0.1304	0.32763
-475.5	0.12181	0.45316
-475	0.11727	0.56236
-474.5	0.14443	0.41182
-474	0.18936	0.29753
-473.5	0.19019	0.36577
-473	0.15018	0.38985
-472.5	0.11694	0.26078
-472	0.13424	0.19013
-471.5	0.15189	0.21912
-471	0.13636	0.29689
-470.5	0.12712	0.29407
-470	0.12396	0.23288
-469.5	0.097385	0.22058
-469	0.090268	0.25176
-468.5	0.091206	0.23888
-468	0.075975	0.24607
-467.5	0.081073	0.35044
-467	0.085964	0.40386
-466.5	0.078721	0.36225
-466	0.098078	0.37254
-465.5	0.14825	0.41405
-465	0.16016	0.30582
-464.5	0.14362	0.24622
-464	0.10532	0.27605
-463.5	0.09427	0.27284
-463	0.11381	0.26506
-462.5	0.14354	0.26447
-462	0.12826	0.2681
-461.5	0.11455	0.24405
-461	0.094447	0.26296
-460.5	0.094399	0.27439
-460	0.13637	0.27471
-459.5	0.20231	0.33129
-459	0.26639	0.31182
-458.5	0.27655	0.1865
-458	0.25208	0.14343
-457.5	0.20518	0.1934
-457	0.14411	0.31035
-456.5	0.11709	0.39472
-456	0.13401	0.35579
-455.5	0.13394	0.32155
-455	0.12866	0.30884
-454.5	0.16594	0.36719
-454	0.19416	0.40269
-453.5	0.18787	0.32522
-453	0.166	0.27028
-452.5	0.14706	0.29596
-452	0.14213	0.36721
-451.5	0.15281	0.38811
-451	0.15431	0.36815
-450.5	0.15304	0.27443
-450	0.12589	0.34444
-449.5	0.1023	0.42943
-449	0.11025	0.30609
-448.5	0.11182	0.20146
-448	0.13158	0.21448
-447.5	0.14625	0.31067
-447	0.13737	0.38406
-446.5	0.16613	0.42931
-446	0.18059	0.34696
-445.5	0.17373	0.29851
-445	0.17156	0.35746
-444.5	0.13006	0.36438
-444	0.099023	0.28715
-443.5	0.088957	0.21283
-443	0.079374	0.2047
-442.5	0.066701	0.27097
-442	0.092347	0.27023
-441.5	0.14083	0.26871
-441	0.12482	0.30747
-440.5	0.090235	0.2676
-440	0.1011	0.26722
-439.5	0.12694	0.37601
-439	0.11588	0.4478
-438.5	0.14319	0.40442
-438	0.22013	0.40899
-437.5	0.23198	0.49094
-437	0.15571	0.46321
-436.5	0.11695	0.3725
-436	0.15758	0.3119
-435.5	0.17845	0.24468
-435	0.14245	0.2749
-434.5	0.082918	0.36336
-434	0.076473	0.29051
-433.5	0.1066	0.20129
-433	0.096781	0.24809
-432.5	0.063794	0.26822
-432	0.072636	0.1768
-431.5	0.12902	0.11241
-431	0.15536	0.20012
-430.5	0.1257	0.31312
-430	0.13092	0.30465
-429.5	0.15567	0.33221
-429	0.21361	0.34503
-428.5	0.26536	0.32113
-428	0.23086	0.31306
-427.5	0.14477	0.3774
-427	0.10516	0.42389
-426.5	0.14727	0.3686
-426	0.19898	0.24157
-425.5	0.20818	0.27241
-425	0.16522	0.34568
-424.5	0.169	0.2778
-424	0.1713	0.20122
-423.5	0.14775	0.22523
-423	0.11048	0.31186
-422.5	0.091357	0.40473
-422	0.099422	0.55609
-421.5	0.12743	0.5013
-421	0.13838	0.33259
-420.5	0.15046	0.2894
-420	0.2039	0.32112
-419.5	0.24756	0.279
-419	0.19129	0.30698
-418.5	0.12821	0.3596
-418	0.11195	0.34663
-417.5	0.1264	0.23146
-417	0.1295	0.13469
-416.5	0.091975	0.12743
-416	0.045359	0.15986
-415.5	0.03483	0.26579
-415	0.057281	0.44398
-414.5	0.086439	0.49866
-414	0.10956	0.37137
-413.5	0.13714	0.31782
-413	0.18323	0.40623
-412.5	0.24232	0.50556
-412	0.2649	0.37496
-411.5	0.26276	0.29214
-411	0.22794	0.34661
-410.5	0.18508	0.38379
-410	0.18364	0.3851
-409.5	0.17248	0.37147
-409	0.12791	0.30832
-408.5	0.12579	0.21054
-408	0.18334	0.18595
-407.5	0.24953	0.24443
-407	0.27067	0.38898
-406.5	0.2472	0.3775
-406	0.18804	0.4006
-405.5	0.14753	0.54596
-405	0.13106	0.44534
-404.5	0.14153	0.34742
-404	0.18233	0.32235
-403.5	0.19293	0.25975
-403	0.21599	0.2575
-402.5	0.24176	0.31797
-402	0.22347	0.31041
-401.5	0.21276	0.34716
-401	0.23868	0.38716
-400.5	0.24105	0.45139
-400	0.23875	0.53029
-399.5	0.20498	0.44368
-399	0.16556	0.30682
-398.5	0.17272	0.25877
-398	0.18575	0.28179
-397.5	0.1622	0.27911
-397	0.16366	0.26322
-396.5	0.20818	0.28604
-396	0.23767	0.34091
-395.5	0.2208	0.34173
-395	0.22173	0.2516
-394.5	0.14669	0.21011
-394	0.10773	0.26773
-393.5	0.17145	0.42292
-393	0.1992	0.4687
-392.5	0.18067	0.29127
-392	0.18918	0.14211
-391.5	0.1412	0.14826
-391	0.13002	0.29451
-390.5	0.1473	0.52001
-390	0.18036	0.62339
-389.5	0.24266	0.55424
-389	0.24539	0.34766
-388.5	0.17847	0.32844
-388	0.14298	0.4781
-387.5	0.13999	0.44049
-387	0.1451	0.4246
-386.5	0.1434	0.46945
-386	0.14281	0.49252
-385.5	0.13336	0.50046
-385	0.15034	0.41967
-384.5	0.17931	0.33192
-384	0.26763	0.33288
-383.5	0.31755	0.3291
-383	0.32094	0.25395
-382.5	0.3563	0.24318
-382	0.34815	0.36516
-381.5	0.26914	0.386
-381	0.21655	0.24479
-380.5	0.16924	0.21853
-380	0.1577	0.38303
-379.5	0.1738	0.51857
-379	0.16495	0.53674
-378.5	0.24352	0.4897
-378	0.31838	0.4142
-377.5	0.28177	0.42351
-377	0.2202	0.43129
-376.5	0.17179	0.36306
-376	0.1606	0.36007
-375.5	0.13832	0.54192
-375	0.16747	0.64003
-374.5	0.23606	0.48186
-374	0.19089	0.30162
-373.5	0.16151	0.22113
-373	0.18156	0.23997
-372.5	0.19068	0.3131
-372	0.16917	0.46669
-371.5	0.16797	0.50242
-371	0.18889	0.36169
-370.5	0.25192	0.22574
-370	0.23875	0.28578
-369.5	0.19041	0.42111
-369	0.173	0.39601
-368.5	0.16598	0.33531
-368	0.1551	0.44491
-367.5	0.14974	0.56328
-367	0.20051	0.57796
-366.5	0.22158	0.474
-366	0.15795	0.37531
-365.5	0.14866	0.30438
-365	0.20515	0.44344
-364.5	0.27083	0.70779
-364	0.28066	0.73603
-363.5	0.25387	0.56573
-363	0.2798	0.32557
-362.5	0.27605	0.33532
-362	0.26135	0.45847
-361.5	0.30699	0.42554
-361	0.31078	0.32437
-360.5	0.21275	0.34886
-360	0.1535	0.40709
-359.5	0.14434	0.47413
-359	0.1606	0.45839
-358.5	0.22911	0.34729
-358	0.24915	0.4277
-357.5	0.18537	0.59833
-357	0.15189	0.57923
-356.5	0.1617	0.42183
-356	0.15174	0.30506
-355.5	0.13595	0.27394
-355	0.16638	0.26026
-354.5	0.25006	0.37781
-354	0.20764	0.48816
-353.5	0.11033	0.58498
-353	0.10801	0.67763
-352.5	0.18801	0.55434
-352	0.24302	0.5461
-351.5	0.17191	0.62547
-351	0.10699	0.66776
-350.5	0.090512	0.66713
-350	0.1186	0.7736
-349.5	0.16622	0.76398
-349	0.22942	0.72312
-348.5	0.2807	0.54565
-348	0.2281	0.46057
-347.5	0.12617	0.48721
-347	0.10507	0.469
-346.5	0.17353	0.43819
-346	0.24415	0.46072
-345.5	0.22865	0.43897
-345	0.15063	0.36557
-344.5	0.13968	0.36762
-344	0.15901	0.43755
-343.5	0.20974	0.46531
-343	0.24752	0.42421
-342.5	0.20929	0.39652
-342	0.18045	0.34198
-341.5	0.21217	0.4624
-341	0.2605	0.53783
-340.5	0.34066	0.40133
-340	0.33351	0.31182
-339.5	0.315	0.3123
-339	0.40271	0.33292
-338.5	0.44363	0.47133
-338	0.36472	0.67451
-337.5	0.29402	0.62884
-337	0.28005	0.42535
-336.5	0.24473	0.33793
-336	0.21305	0.33476
-335.5	0.25754	0.28712
-335	0.2646	0.39836
-334.5	0.25768	0.60795
-334	0.20271	0.58129
-333.5	0.131	0.38945
-333	0.13496	0.40305
-332.5	0.16613	0.59414
-332	0.20534	0.50543
-331.5	0.22621	0.24637
-331	0.19376	0.27516
-330.5	0.16679	0.56955
-330	0.17697	0.60762
-329.5	0.26769	0.34701
-329	0.28111	0.30766
-328.5	0.18558	0.50193
-328	0.1658	0.56624
-327.5	0.30839	0.47831
-327	0.40752	0.34763
-326.5	0.36061	0.30636
-326	0.33321	0.37196
-325.5	0.32299	0.38684
-325	0.2279	0.29752
-324.5	0.1363	0.20839
-324	0.18395	0.24055
-323.5	0.30645	0.37863
-323	0.32039	0.49535
-322.5	0.22445	0.59137
-322	0.20314	0.51647
-321.5	0.23568	0.4306
-321	0.22153	0.3571
-320.5	0.19042	0.36902
-320	0.22296	0.43892
-319.5	0.27878	0.48619
-319	0.30153	0.34237
-318.5	0.31291	0.25671
-318	0.3194	0.31445
-317.5	0.28188	0.287
-317	0.22968	0.26117
-316.5	0.23983	0.42118
-316	0.24595	0.54772
-315.5	0.26242	0.37078
-315	0.21024	0.28552
-314.5	0.18559	0.40576
-314	0.23468	0.49173
-313.5	0.25095	0.41588
-313	0.19505	0.38714
-312.5	0.18563	0.4728
-312	0.14893	0.49053
-311.5	0.16358	0.47152
-311	0.23459	0.41226
-310.5	0.17146	0.42236
-310	0.14056	0.54322
-309.5	0.23669	0.61385
-309	0.37744	0.45864
-308.5	0.36217	0.35707
-308	0.22508	0.55074
-307.5	0.194	0.78701
-307	0.21199	0.8526
-306.5	0.19093	0.62482
-306	0.20068	0.38492
-305.5	0.26116	0.34383
-305	0.2773	0.46317
-304.5	0.28006	0.65407
-304	0.27571	0.74549
-303.5	0.20418	0.59982
-303	0.13906	0.45034
-302.5	0.18509	0.439
-302	0.30284	0.41604
-301.5	0.33658	0.2983
-301	0.26464	0.35218
-300.5	0.14854	0.46015
-300	0.12681	0.4463
-299.5	0.18158	0.53768
-299	0.18988	0.64302
-298.5	0.18721	0.55403
-298	0.2394	0.48547
-297.5	0.32083	0.54123
-297	0.32524	0.49274
-296.5	0.31483	0.47402
-296	0.33032	0.56755
-295.5	0.28534	0.64715
-295	0.23136	0.50865
-294.5	0.26634	0.38043
-294	0.29741	0.35754
-293.5	0.25734	0.27519
-293	0.28255	0.27325
-292.5	0.22529	0.33849
-292	0.1319	0.47501
-291.5	0.14099	0.66222
-291	0.28339	0.7444
-290.5	0.41034	0.71721
-290	0.3359	0.53274
-289.5	0.2336	0.39225
-289	0.27204	0.28932
-288.5	0.35382	0.39179
-288	0.36043	0.65247
-287.5	0.33698	0.71893
-287	0.32801	0.57559
-286.5	0.32553	0.52933
-286	0.30188	0.56139
-285.5	0.25324	0.57035
-285	0.24693	0.47751
-284.5	0.24508	0.3659
-284	0.23098	0.30736
-283.5	0.25481	0.35654
-283	0.26391	0.47402
-282.5	0.37089	0.65876
-282	0.46478	0.83822
-281.5	0.38277	0.92895
-281	0.35915	0.85111
-280.5	0.42547	0.67138
-280	0.45959	0.33048
-279.5	0.45292	0.1646
-279	0.46688	0.33477
-278.5	0.44769	0.65465
-278	0.49273	0.83858
-277.5	0.43438	0.74484
-277	0.26232	0.48091
-276.5	0.18029	0.33032
-276	0.15952	0.29783
-275.5	0.18137	0.31283
-275	0.25837	0.29951
-274.5	0.33474	0.31314
-274	0.27797	0.40763
-273.5	0.26037	0.47235
-273	0.25065	0.34922
-272.5	0.19404	0.2693
-272	0.15435	0.31854
-271.5	0.16696	0.36203
-271	0.17518	0.58945
-270.5	0.1892	0.92439
-270	0.25095	0.99555
-269.5	0.34999	0.75636
-269	0.3236	0.61208
-268.5	0.27843	0.70546
-268	0.30821	0.76756
-267.5	0.35774	0.69068
-267	0.25801	0.72516
-266.5	0.15839	0.75577
-266	0.17536	0.7203
-265.5	0.2546	0.5546
-265	0.24028	0.51393
-264.5	0.22624	0.58322
-264	0.35261	0.50697
-263.5	0.4392	0.35776
-263	0.31687	0.39772
-262.5	0.23758	0.47664
-262	0.25188	0.57618
-261.5	0.19761	0.8645
-261	0.16764	0.96239
-260.5	0.19199	0.80178
-260	0.29893	0.58362
-259.5	0.39782	0.5381
-259	0.32303	0.65337
-258.5	0.25068	0.88096
-258	0.30455	0.7354
-257.5	0.405	0.45159
-257	0.46531	0.48728
-256.5	0.38618	0.65321
-256	0.30043	0.76838
-255.5	0.28783	0.69894
-255	0.36464	0.49431
-254.5	0.3525	0.43687
-254	0.25135	0.5284
-253.5	0.17649	0.6226
-253	0.17567	0.56843
-252.5	0.24597	0.46541
-252	0.29879	0.47259
-251.5	0.31201	0.65639
-251	0.32409	1.0408
-250.5	0.40583	1.17
-250	0.38764	0.67419
-249.5	0.32041	0.38161
-249	0.25373	0.50446
-248.5	0.2411	0.7382
-248	0.24577	0.86808
-247.5	0.25514	0.77507
-247	0.32728	0.75785
-246.5	0.33288	0.63176
-246	0.23033	0.60108
-245.5	0.22108	0.68617
-245	0.33097	0.77789
-244.5	0.42148	0.92345
-244	0.47565	1.0813
-243.5	0.49482	0.86726
-243	0.49379	0.66477
-242.5	0.36523	0.67582
-242	0.26326	0.75207
-241.5	0.28678	0.70726
-241	0.28762	0.66051
-240.5	0.27243	0.58476
-240	0.24655	0.64526
-239.5	0.21984	0.8135
-239	0.23843	0.65636
-238.5	0.27576	0.61415
-238	0.34032	0.74239
-237.5	0.36413	0.85554
-237	0.34373	0.69059
-236.5	0.50163	0.53321
-236	0.65306	0.48555
-235.5	0.51348	0.64245
-235	0.39485	0.90695
-234.5	0.36853	0.97181
-234	0.42423	1.0267
-233.5	0.61028	1.1431
-233	0.67138	1.0709
-232.5	0.58909	0.97104
-232	0.58513	0.74501
-231.5	0.50993	0.9018
-231	0.36245	1.3202
-230.5	0.27983	1.2869
-230	0.24832	1.0415
-229.5	0.25797	0.94555
-229	0.28553	0.8759
-228.5	0.39083	0.75561
-228	0.54622	0.54264
-227.5	0.52691	0.70075
-227	0.49137	0.92436
-226.5	0.46847	0.67091
-226	0.4633	0.43674
-225.5	0.44834	0.49094
-225	0.43907	0.67544
-224.5	0.53059	0.71951
-224	0.57515	0.76604
-223.5	0.37339	1.3029
-223	0.19282	1.7556
-222.5	0.18602	1.1589
-222	0.33007	0.6757
-221.5	0.45231	0.86721
-221	0.39501	1.2045
-220.5	0.26305	1.3502
-220	0.28464	1.6588
-219.5	0.40901	1.6398
-219	0.35157	1.4731
-218.5	0.27923	1.2132
-218	0.30993	0.92515
-217.5	0.28842	1.1566
-217	0.29376	1.7012
-216.5	0.35756	2.1424
-216	0.43388	2.7238
-215.5	0.48245	3.3261
-215	0.48713	2.8817
-214.5	0.41911	1.8894
-214	0.35905	1.5739
-213.5	0.43493	1.5582
-213	0.46253	1.5062
-212.5	0.39237	1.324
-212	0.4093	1.4931
-211.5	0.3865	1.9688
-211	0.25318	2.0282
-210.5	0.20401	1.82
-210	0.27136	1.6826
-209.5	0.36265	1.7023
-209	0.33192	1.8075
-208.5	0.32999	2.2719
-208	0.38003	2.2518
-207.5	0.43834	1.758
-207	0.40654	1.187
-206.5	0.3463	0.88556
-206	0.35952	0.68919
-205.5	0.30917	0.79521
-205	0.23099	0.96223
-204.5	0.20717	0.97879
-204	0.28472	0.97655
-203.5	0.35842	1.1874
-203	0.37989	1.3435
-202.5	0.4376	1.2403
-202	0.53718	1.2699
-201.5	0.54691	1.4321
-201	0.42505	1.4924
-200.5	0.48085	1.1226
-200	0.5887	0.92132
-199.5	0.63666	1.1359
-199	0.64048	1.2625
-198.5	0.49451	0.98091
-198	0.44034	0.84658
-197.5	0.48552	0.9721
-197	0.59032	1.1265
-196.5	0.62177	0.99482
-196	0.63186	0.72276
-195.5	0.58195	0.65627
-195	0.46756	0.84769
-194.5	0.44957	0.89183
-194	0.59907	0.62312
-193.5	0.62168	0.44029
-193	0.53615	0.71612
-192.5	0.52762	1.1108
-192	0.59346	1.1406
-191.5	0.47781	1.0223
-191	0.3119	0.93547
-190.5	0.26403	0.85979
-190	0.24767	0.80947
-189.5	0.23983	0.87544
-189	0.25062	0.78148
-188.5	0.33046	0.70579
-188	0.48074	0.72085
-187.5	0.51181	0.80298
-187	0.37845	0.90081
-186.5	0.34526	0.706
-186	0.37459	0.48775
-185.5	0.41569	0.50426
-185	0.57256	0.61878
-184.5	0.6354	0.90109
-184	0.48977	1.0745
-183.5	0.32157	1.0369
-183	0.30638	0.74505
-182.5	0.2978	0.70602
-182	0.31119	0.95981
-181.5	0.27869	1.0209
-181	0.24971	0.92056
-180.5	0.23299	0.82906
-180	0.26892	0.97144
-179.5	0.3519	1.1748
-179	0.48299	1.1314
-178.5	0.67822	1.0367
-178	0.75661	1.1944
-177.5	0.61375	1.2483
-177	0.61404	0.94727
-176.5	0.73549	0.77339
-176	0.62325	0.67825
-175.5	0.51692	0.74308
-175	0.53404	1.0275
-174.5	0.48942	0.91647
-174	0.38062	0.58251
-173.5	0.25128	0.55939
-173	0.12688	0.64018
-172.5	0.12099	0.9394
-172	0.29195	1.2339
-171.5	0.50914	0.99844
-171	0.49986	0.64828
-170.5	0.46832	0.70722
-170	0.49908	0.78151
-169.5	0.35017	0.83868
-169	0.2276	0.9
-168.5	0.29858	0.6986
-168	0.5216	0.49219
-167.5	0.629	0.47605
-167	0.61628	0.4815
-166.5	0.53957	0.71657
-166	0.52976	1.0308
-165.5	0.52253	1.1985
-165	0.39852	1.4013
-164.5	0.27502	1.4687
-164	0.22836	1.0912
-163.5	0.27643	0.66557
-163	0.37476	0.76457
-162.5	0.46384	1.1639
-162	0.30697	1.2112
-161.5	0.24266	1.1129
-161	0.48674	1.0539
-160.5	0.72868	0.74141
-160	0.64354	0.55463
-159.5	0.42136	0.74191
-159	0.31008	1.0581
-158.5	0.43239	0.97921
-158	0.62459	0.68655
-157.5	0.70852	0.86399
-157	0.8083	1.163
-156.5	0.70169	1.1161
-156	0.51041	0.8899
-155.5	0.36688	0.89652
-155	0.34246	1.333
-154.5	0.38113	1.5005
-154	0.35717	1.1479
-153.5	0.39335	0.7476
-153	0.33471	0.58269
-152.5	0.35616	0.52799
-152	0.56291	0.44263
-151.5	0.66643	0.39841
-151	0.51813	0.4956
-150.5	0.54079	0.65672
-150	0.67738	0.78326
-149.5	0.80341	0.89128
-149	0.76929	0.88525
-148.5	0.52675	0.71049
-148	0.3019	0.81985
-147.5	0.25951	1.1925
-147	0.27716	1.2986
-146.5	0.50363	1.2438
-146	0.86051	1.1413
-145.5	0.96528	0.81776
-145	0.90325	0.46428
-144.5	1.1104	0.38134
-144	1.2489	0.75129
-143.5	1.0674	1.3508
-143	1.1563	1.3831
-142.5	1.2383	1.0217
-142	1.0583	0.70638
-141.5	0.92521	0.63291
-141	0.87043	1.0126
-140.5	0.65303	1.2874
-140	0.87764	0.9018
-139.5	1.2389	0.47185
-139	1.2529	0.39005
-138.5	1.1989	0.43572
-138	0.9783	0.70434
-137.5	0.75562	1.2931
-137	0.72527	1.4861
-136.5	0.57676	1.0747
-136	0.54811	0.95929
-135.5	0.56712	1.3644
-135	0.50681	1.4007
-134.5	0.36836	1.1934
-134	0.33504	1.0212
-133.5	0.35309	0.93589
-133	0.49229	0.84784
-132.5	0.80426	0.53845
-132	0.94552	0.33683
-131.5	0.89747	0.51123
-131	0.88332	0.75098
-130.5	0.80759	0.83691
-130	0.81754	0.77974
-129.5	0.5941	0.81685
-129	0.44713	1.0166
-128.5	0.48182	1.0669
-128	0.47156	1.0627
-127.5	0.4667	1.0485
-127	0.44787	1.2739
-126.5	0.46556	1.3597
-126	0.60988	1.5865
-125.5	0.67567	1.4909
-125	0.69331	0.98233
-124.5	0.60055	0.80344
-124	0.73616	0.96385
-123.5	0.93317	0.8128
-123	0.92032	0.73782
-122.5	0.916	1.0549
-122	0.77929	1.282
-121.5	0.60324	1.0835
-121	0.63483	0.9298
-120.5	0.77216	0.88038
-120	0.69274	0.79219
-119.5	0.64835	0.81698
-119	0.67105	0.75493
-118.5	0.61525	0.8544
-118	0.6264	1.1255
-117.5	0.53673	1.1877
-117	0.43935	0.91641
-116.5	0.62189	0.8372
-116	0.77237	0.83184
-115.5	0.56783	0.80019
-115	0.45507	0.87264
-114.5	0.5424	1.0195
-114	0.68195	0.83778
-113.5	0.61557	0.64643
-113	0.47891	0.56942
-112.5	0.6002	0.66429
-112	0.76679	1.0407
-111.5	0.68094	1.076
-111	0.56667	0.89465
-110.5	0.65676	1.155
-110	0.64814	1.3243
-109.5	0.68196	1.3123
-109	0.68802	1.1475
-108.5	0.66701	1.1132
-108	0.58865	1.0276
-107.5	0.52026	0.9362
-107	0.5673	1.0149
-106.5	0.60199	0.95114
-106	0.58491	0.7924
-105.5	0.53016	0.66976
-105	0.57061	0.79964
-104.5	0.60058	0.89948
-104	0.46657	1.0086
-103.5	0.44709	1.0172
-103	0.68141	0.68287
-102.5	0.72012	0.61643
-102	0.49254	0.72788
-101.5	0.43724	0.75264
-101	0.50161	0.91659
-100.5	0.4673	1.0348
-100	0.609	1.12
-99.5	0.91931	0.9749
-99	0.93938	0.79024
-98.5	0.80449	0.8378
-98	0.7783	1.0609
-97.5	0.75994	0.99834
-97	0.65741	1.0171
-96.5	0.57799	1.0486
-96	0.55615	0.89292
-95.5	0.58975	0.88716
-95	0.51462	0.97205
-94.5	0.43033	0.90685
-94	0.44746	0.99913
-93.5	0.54281	1.5693
-93	0.44278	1.772
-92.5	0.52135	1.2224
-92	0.57346	1.1677
-91.5	0.38428	1.3795
-91	0.38181	1.2729
-90.5	0.57542	1.2607
-90	0.6557	1.5524
-89.5	0.54561	1.7037
-89	0.56807	1.7134
-88.5	0.57993	1.6543
-88	0.79365	1.7367
-87.5	1.127	1.5417
-87	1.0038	1.2322
-86.5	0.63553	1.1774
-86	0.36182	1.3614
-85.5	0.35688	1.6416
-85	0.4695	1.6427
-84.5	0.57428	1.5066
-84	0.64243	1.7
-83.5	0.69581	1.7908
-83	0.70316	1.4241
-82.5	0.75529	1.2376
-82	0.79761	1.2317
-81.5	0.86435	1.4494
-81	0.76902	1.8699
-80.5	0.52481	2.2863
-80	0.66526	2.6355
-79.5	0.90021	2.7792
-79	0.74223	2.6103
-78.5	0.50017	2.322
-78	0.42013	1.5367
-77.5	0.40128	1.6551
-77	0.41922	2.4918
-76.5	0.5093	2.1648
-76	0.55935	2.6508
-75.5	0.63819	4.9009
-75	0.67394	5.5261
-74.5	0.5978	3.9125
-74	0.58959	2.9893
-73.5	0.60892	4.1078
-73	0.51249	7.9215
-72.5	0.52679	11.094
-72	0.78935	14.266
-71.5	0.82009	21.148
-71	0.62924	23.153
-70.5	0.59364	18.764
-70	0.58028	13.419
-69.5	0.59313	7.4829
-69	0.8242	5.2811
-68.5	0.97702	6.0206
-68	0.75764	5.1074
-67.5	0.55299	3.534
-67	0.47099	2.8226
-66.5	0.43329	1.9333
-66	0.40245	1.6685
-65.5	0.53386	1.8873
-65	0.62866	2.2552
-64.5	0.51604	2.5258
-64	0.4042	2.0966
-63.5	0.46307	2.0188
-63	0.61676	2.0732
-62.5	0.63715	1.9171
-62	0.60347	1.7577
-61.5	0.67066	1.4694
-61	0.6846	1.2378
-60.5	0.69296	1.1817
-60	0.51271	1.3861
-59.5	0.50362	1.5626
-59	0.74774	1.8755
-58.5	0.90621	2.2419
-58	1.0454	2.1734
-57.5	0.97777	1.6628
-57	0.64555	1.2432
-56.5	0.46182	1.469
-56	0.5911	1.8473
-55.5	0.86809	1.9607
-55	0.88124	2.0405
-54.5	0.84876	1.507
-54	1.0435	1.4579
-53.5	0.99332	1.8743
-53	0.64963	1.8773
-52.5	0.39429	1.2137
-52	0.3685	0.67941
-51.5	0.54602	0.73697
-51	0.71096	1.1339
-50.5	0.76055	1.216
-50	0.73182	1.2678
-49.5	0.69008	1.2933
-49	0.62085	1.6465
-48.5	0.57295	2.1722
-48	0.61257	1.9026
-47.5	0.6907	1.4904
-47	0.65726	1.5645
-46.5	0.48021	1.6751
-46	0.51035	1.6437
-45.5	0.6133	1.6763
-45	0.62404	1.6924
-44.5	0.65796	1.5024
-44	0.76291	1.4854
-43.5	0.8389	1.3861
-43	0.6166	0.84369
-42.5	0.46901	0.61312
-42	0.50125	0.96584
-41.5	0.6973	1.2456
-41	0.98893	0.97781
-40.5	1.0231	0.89161
-40	0.97186	1.0525
-39.5	0.72642	0.97875
-39	0.54048	1.0975
-38.5	0.6132	1.3359
-38	0.78849	1.3643
-37.5	0.8666	1.0057
-37	0.73058	0.95395
-36.5	0.77275	1.0719
-36	0.8858	1.0179
-35.5	0.84769	1.0233
-35	0.73472	1.0191
-34.5	0.6066	1.0504
-34	0.51912	1.0051
-33.5	0.53276	0.75283
-33	0.66046	0.56944
-32.5	0.56788	0.70244
-32	0.52365	0.86525
-31.5	0.6248	1.1395
-31	0.68378	1.5685
-30.5	0.67824	1.5384
-30	0.72299	1.3671
-29.5	0.92968	1.4188
-29	1.0756	1.351
-28.5	0.96983	1.1482
-28	0.81437	1.3547
-27.5	0.71957	1.5619
-27	0.60135	1.3942
-26.5	0.72513	1.3115
-26	0.96883	1.6717
-25.5	0.98096	2.1452
-25	0.83767	1.9009
-24.5	0.60502	1.2927
-24	0.61848	1.0089
-23.5	0.94516	0.95077
-23	0.97498	0.88879
-22.5	0.67757	1.0036
-22	0.39653	1.082
-21.5	0.40611	0.95341
-21	0.6056	0.66722
-20.5	0.83551	0.72535
-20	1.204	1.1367
-19.5	1.3887	1.321
-19	1.1148	1.4331
-18.5	1.0485	1.314
-18	1.2579	0.97516
-17.5	1.2248	0.99694
-17	1.2834	0.99718
-16.5	1.6597	0.93655
-16	1.4087	1.1441
-15.5	0.94604	1.2197
-15	0.94404	1.1277
-14.5	1.0136	0.79378
-14	1.2842	0.55307
-13.5	1.4796	0.58089
-13	1.0321	0.64049
-12.5	0.74602	0.85264
-12	0.6518	0.98452
-11.5	0.51099	0.82433
-11	0.57942	0.90791
-10.5	0.70282	1.2864
-10	0.72122	1.3188
-9.5	0.89246	1.0641
-9	0.95509	0.89997
-8.5	0.72807	0.64658
-8	0.74816	0.49509
-7.5	1.1455	0.61652
-7	1.5238	0.63698
-6.5	1.6671	0.54724
-6	1.5309	0.53266
-5.5	1.2713	0.49731
-5	1.0424	0.46798
-4.5	1.1051	0.49326
-4	1.2223	0.65988
-3.5	1.4022	0.99065
-3	1.6026	1.2164
-2.5	1.2595	1.0083
-2	1.2559	0.64825
-1.5	1.4338	0.70312
-1	1.2811	1.0863
-0.5	1.0862	1.258
