f	spct
0	5.52244
0.016292	0.712006
0.0325839	0.720112
0.0488759	0.729152
0.0651678	0.734775
0.0814598	0.734299
0.0977517	0.728286
0.114044	0.720025
0.130336	0.714132
0.146628	0.71414
0.16292	0.720786
0.179211	0.731552
0.195503	0.741841
0.211795	0.747307
0.228087	0.745982
0.244379	0.7394
0.260671	0.731834
0.276963	0.728372
0.293255	0.732156
0.309547	0.74298
0.325839	0.757031
0.342131	0.768918
0.358423	0.774175
0.374715	0.772286
0.391007	0.764427
0.407299	0.757742
0.423591	0.757285
0.439883	0.765875
0.456175	0.781788
0.472467	0.799974
0.488759	0.813861
0.505051	0.819009
0.521342	0.815359
0.537634	0.807627
0.553926	0.802327
0.570218	0.806141
0.58651	0.820979
0.602802	0.843628
0.619094	0.866954
0.635386	0.883447
0.651678	0.888814
0.66797	0.884517
0.684262	0.877082
0.700554	0.87537
0.716846	0.885747
0.733138	0.909297
0.74943	0.940737
0.765722	0.971155
0.782014	0.991904
0.798306	0.999333
0.814598	0.99652
0.83089	0.992252
0.847181	0.996841
0.863473	1.01721
0.879765	1.05348
0.896057	1.09852
0.912349	1.1415
0.928641	1.17248
0.944933	1.18775
0.961225	1.19179
0.977517	1.19565
0.993809	1.21243
1.0101	1.25065
1.02639	1.31078
1.04268	1.38404
1.05898	1.45745
1.07527	1.51606
1.09156	1.55587
1.10785	1.58223
1.12414	1.6106
1.14044	1.66029
1.15673	1.74652
1.17302	1.87332
1.18931	2.03163
1.2056	2.20284
1.2219	2.36776
1.23819	2.51713
1.25448	2.65985
1.27077	2.82532
1.28706	3.0594
1.30336	3.41639
1.31965	3.95264
1.33594	4.73098
1.35223	5.84927
1.36852	7.5269
1.38482	10.383
1.40111	16.7201
1.4174	45.0786
1.43369	60.0514
1.44998	17.8924
1.46628	10.539
1.48257	7.45048
1.49886	5.68725
1.51515	4.49952
1.53144	3.63492
1.54774	2.99917
1.56403	2.54911
1.58032	2.24953
1.59661	2.05837
1.6129	1.92798
1.6292	1.81466
1.64549	1.68887
1.66178	1.54152
1.67807	1.38238
1.69436	1.23239
1.71065	1.11217
1.72695	1.03263
1.74324	0.990324
1.75953	0.969608
1.77582	0.9501
1.79211	0.915538
1.80841	0.858843
1.8247	0.787798
1.84099	0.715172
1.85728	0.656126
1.87357	0.619727
1.88987	0.605443
1.90616	0.604025
1.92245	0.602104
1.93874	0.588469
1.95503	0.558689
1.97133	0.516741
1.98762	0.472275
2.00391	0.436131
2.0202	0.415198
2.03649	0.409668
2.05279	0.413234
2.06908	0.416384
2.08537	0.410757
2.10166	0.392686
2.11795	0.364759
2.13425	0.333961
2.15054	0.308696
2.16683	0.294634
2.18312	0.292496
2.19941	0.297746
2.21571	0.302971
2.232	0.301242
2.24829	0.289373
2.26458	0.268977
2.28087	0.245777
2.29717	0.226695
2.31346	0.21676
2.32975	0.216363
2.34604	0.222284
2.36233	0.22816
2.37862	0.228175
2.39492	0.219564
2.41121	0.203813
2.4275	0.185641
2.44379	0.170916
2.46008	0.16366
2.47638	0.164184
2.49267	0.170079
2.50896	0.175382
2.52525	0.175749
2.54154	0.169175
2.55784	0.157028
2.57413	0.14335
2.59042	0.132538
2.60671	0.12754
2.623	0.128212
2.6393	0.131899
2.65559	0.134758
2.67188	0.133851
2.68817	0.128536
2.70446	0.120676
2.72076	0.113401
2.73705	0.109245
2.75334	0.108591
2.76963	0.109218
2.78592	0.106849
2.80222	0.0968634
2.81851	0.0742328
2.8348	0.0227737
2.85109	0.562349
2.86738	0.204393
2.88368	0.144432
2.89997	0.135025
2.91626	0.138363
2.93255	0.142613
2.94884	0.14094
2.96514	0.130508
2.98143	0.113163
2.99772	0.0940921
3.01401	0.0795595
3.0303	0.0740748
3.04659	0.0783124
3.06289	0.0889916
3.07918	0.100228
3.09547	0.106319
3.11176	0.10419
3.12805	0.0947554
3.14435	0.0822172
3.16064	0.0721228
3.17693	0.0686635
3.19322	0.0728227
3.20951	0.0820166
3.22581	0.0922276
3.2421	0.0961615
3.25839	0.0944336
3.27468	0.0869229
3.29097	0.0774219
3.30727	0.0705572
3.32356	0.0695276
3.33985	0.074669
3.35614	0.0833233
3.37243	0.0912965
3.38873	0.0949013
3.40502	0.0927236
3.42131	0.0863577
3.4376	0.0793901
3.45389	0.0756915
3.47019	0.0773744
3.48648	0.0840098
3.50277	0.0925848
3.51906	0.0993685
3.53535	0.10164
3.55165	0.0990977
3.56794	0.0938982
3.58423	0.0896685
3.60052	0.0894305
3.61681	0.0944522
3.63311	0.103058
3.6494	0.112044
3.66569	0.11802
3.68198	0.119285
3.69827	0.11664
3.71457	0.113077
3.73086	0.112277
3.74715	0.116571
3.76344	0.126186
3.77973	0.138287
3.79602	0.149051
3.81232	0.155261
3.82861	0.156071
3.8449	0.154022
3.86119	0.152899
3.87748	0.157274
3.89378	0.169281
3.91007	0.187115
3.92636	0.207491
3.94265	0.224335
3.95894	0.234092
3.97524	0.237006
3.99153	0.237514
4.00782	0.242776
4.02411	0.25933
4.0404	0.290147
4.0567	0.332653
4.07299	0.379597
4.08928	0.422232
4.10557	0.45477
4.12186	0.478408
4.13816	0.502966
4.15445	0.545635
4.17074	0.627373
4.18703	0.769668
4.20332	0.995451
4.21962	1.34178
4.23591	1.90802
4.2522	3.06043
4.26849	7.29818
4.28478	18.977
4.30108	4.20362
4.31737	2.44404
4.33366	1.76948
4.34995	1.39315
4.36624	1.12654
4.38254	0.912401
4.39883	0.738172
4.41512	0.606947
4.43141	0.522088
4.4477	0.4798
4.46399	0.467484
4.48029	0.467421
4.49658	0.462458
4.51287	0.441986
4.52916	0.404878
4.54545	0.358703
4.56175	0.31533
4.57804	0.285525
4.59433	0.274118
4.61062	0.278193
4.62691	0.289017
4.64321	0.296073
4.6595	0.29125
4.67579	0.27388
4.69208	0.247992
4.70837	0.222194
4.72467	0.204702
4.74096	0.199758
4.75725	0.205957
4.77354	0.217095
4.78983	0.225288
4.80613	0.224455
4.82242	0.213224
4.83871	0.194862
4.855	0.176098
4.87129	0.16355
4.88759	0.160874
4.90388	0.167203
4.92017	0.177605
4.93646	0.185656
4.95275	0.18616
4.96905	0.177879
4.98534	0.16327
5.00163	0.148074
5.01792	0.137974
5.03421	0.136295
5.05051	0.14239
5.0668	0.152094
5.08309	0.159743
5.09938	0.160843
5.11567	0.15398
5.13196	0.141611
5.14826	0.128636
5.16455	0.120134
5.18084	0.119028
5.19713	0.12473
5.21342	0.133594
5.22972	0.140582
5.24601	0.141705
5.2623	0.135978
5.27859	0.12505
5.29488	0.113709
5.31118	0.106276
5.32747	0.105119
5.34376	0.110513
5.36005	0.118208
5.37634	0.124367
5.39264	0.125506
5.40893	0.12055
5.42522	0.111369
5.44151	0.101499
5.4578	0.0947202
5.4741	0.0930975
5.49039	0.0963188
5.50668	0.101867
5.52297	0.106374
5.53926	0.107211
5.55556	0.103617
5.57185	0.0968038
5.58814	0.0890981
5.60443	0.0825659
5.62072	0.0777149
5.63702	0.0727833
5.65331	0.0638414
5.6696	0.0436851
5.68589	0.00988506
5.70218	0.405866
5.71848	0.308546
5.73477	0.181589
5.75106	0.151064
5.76735	0.141513
5.78364	0.139189
5.79993	0.13748
5.81623	0.132426
5.83252	0.12285
5.84881	0.110296
5.8651	0.0981736
5.88139	0.0901752
5.89769	0.0884855
5.91398	0.0928374
5.93027	0.100417
5.94656	0.107188
5.96285	0.109596
5.97915	0.106178
5.99544	0.0980666
6.01173	0.088596
6.02802	0.081526
6.04431	0.0795764
6.06061	0.0830746
6.0769	0.0901295
6.09319	0.0960207
6.10948	0.0989916
6.12577	0.0967379
6.14207	0.0901424
6.15836	0.0819669
6.17465	0.0757499
6.19094	0.0739203
6.20723	0.0768784
6.22353	0.082844
6.23982	0.0887755
6.25611	0.0913601
6.2724	0.0895828
6.28869	0.0839357
6.30499	0.0768953
6.32128	0.0714753
6.33757	0.0699685
6.35386	0.0726082
6.37015	0.0778751
6.38645	0.0830393
6.40274	0.0854077
6.41903	0.0838128
6.43532	0.0789049
6.45161	0.0728515
6.4679	0.0683877
6.4842	0.0672711
6.50049	0.0697434
6.51678	0.0744135
6.53307	0.0787595
6.54936	0.0806852
6.56566	0.0792392
6.58195	0.0751458
6.59824	0.07027
6.61453	0.0670524
6.63082	0.0666396
6.64712	0.0690894
6.66341	0.0729673
6.6797	0.0761846
6.69599	0.0777272
6.71228	0.0761537
6.72858	0.0730504
6.74487	0.0700896
6.76116	0.0675073
6.77745	0.069552
6.79374	0.0724764
6.81004	0.0756291
6.82633	0.0775458
6.84262	0.0775132
6.85891	0.0761021
6.8752	0.0748191
6.8915	0.0753502
6.90779	0.0785004
6.92408	0.0836123
6.94037	0.0887916
6.95666	0.0918529
6.97296	0.0916565
6.98925	0.0891577
7.00554	0.0875869
7.02183	0.0915749
7.03812	0.1057
7.05442	0.133085
7.07071	0.175964
7.087	0.239962
7.10329	0.351623
7.11958	0.688852
7.13587	4.16936
7.15217	0.456599
7.16846	0.247142
7.18475	0.176601
7.20104	0.133972
7.21733	0.0952002
7.23363	0.0562679
7.24992	0.0207496
7.26621	0.00510969
7.2825	0.0170027
7.29879	0.0147785
7.31509	0.00292551
7.33138	0.0113426
7.34767	0.0206904
7.36396	0.0206586
7.38025	0.0112209
7.39655	0.00351039
7.41284	0.0173519
7.42913	0.0247272
7.44542	0.0231321
7.46171	0.0141748
7.47801	0.00248939
7.4943	0.00628352
7.51059	0.00787054
7.52688	0.00225185
7.54317	0.00836783
7.55947	0.0189003
7.57576	0.0242743
7.59205	0.0234014
7.60834	0.0156258
7.62463	0.0053699
7.64093	0.00265437
7.65722	0.0048194
7.67351	0.000367745
7.6898	0.00847927
7.70609	0.0174791
7.72239	0.0224347
7.73868	0.0210916
7.75497	0.0140981
7.77126	0.00476856
7.78755	0.00267197
7.80384	0.00489417
7.82014	0.00105955
7.83643	0.00683506
7.85272	0.0149436
7.86901	0.0194025
7.8853	0.0180695
7.9016	0.0115263
7.91789	0.00276661
7.93418	0.00425114
7.95047	0.00644176
7.96676	0.00295751
7.98306	0.00429984
7.99935	0.0117515
8.01564	0.0157625
8.03193	0.0145557
8.04822	0.00831313
8.06452	2.95342e-05
8.08081	0.0065908
8.0971	0.00866374
8.11339	0.00545481
8.12968	0.00136475
8.14598	0.00837153
8.16227	0.0122002
8.17856	0.0111491
8.19485	0.00449672
8.21114	0.00317799
8.22744	0.00952858
8.24373	0.0116541
8.26002	0.00877737
8.27631	0.0025
8.2926	0.0041002
8.3089	0.00779378
8.32519	0.00676467
8.34148	0.00133307
8.35777	0.00616534
8.37406	0.0125371
8.39036	0.0152312
8.40665	0.0134029
8.42294	0.00828349
8.43923	0.00251387
8.45552	0.00109555
8.47181	0.000895046
8.48811	0.00304561
8.5044	0.00885847
8.52069	0.0144943
8.53698	0.0190614
8.55327	0.0332018
8.56957	0.0107357
8.58586	0.00254012
8.60215	0.00119489
8.61844	0.00180309
8.63473	0.00656366
8.65103	0.0115685
8.66732	0.0144741
8.68361	0.0139796
8.6999	0.0103077
8.71619	0.00520755
8.73249	0.00123806
8.74878	0.000481279
8.76507	0.00362576
8.78136	0.00952167
8.79765	0.0157469
8.81395	0.0197041
8.83024	0.0197831
8.84653	0.0161647
8.86282	0.0107428
8.87911	0.00617921
8.89541	0.00479931
8.9117	0.00742551
8.92799	0.013148
8.94428	0.0189022
8.96057	0.0230616
8.97687	0.0233886
8.99316	0.0200364
9.00945	0.0145581
9.02574	0.0101059
9.04203	0.00858182
9.05833	0.0109364
9.07462	0.0162306
9.09091	0.0221947
9.1072	0.0262012
9.12349	0.0266103
9.13978	0.0234238
9.15608	0.0183412
9.17237	0.0138983
9.18866	0.0123645
9.20495	0.0145225
9.22124	0.0195644
9.23754	0.0252986
9.25383	0.0291025
9.27012	0.0295098
9.28641	0.0264909
9.3027	0.0216449
9.319	0.0174211
9.33529	0.0159239
9.35158	0.0179702
9.36787	0.0227656
9.38416	0.0281213
9.40046	0.0317819
9.41675	0.0321905
9.43304	0.0293849
9.44933	0.0248212
9.46562	0.0209183
9.48192	0.0194702
9.49821	0.0213194
9.5145	0.0256437
9.53079	0.0304955
9.54708	0.0339598
9.56338	0.0342199
9.57967	0.0316634
9.59596	0.0275865
9.61225	0.0226587
9.62854	0.0229638
9.64484	0.0246049
9.66113	0.0283645
9.67742	0.0325428
9.69371	0.0352749
9.71	0.0354893
9.7263	0.0332871
9.74259	0.0299363
9.75888	0.0271263
9.77517	0.0261686
9.79146	0.0273698
9.80775	0.0299072
9.82405	0.0323677
9.84034	0.0334384
9.85663	0.0326671
9.87292	0.0307046
9.88921	0.0289496
9.90551	0.0286598
9.9218	0.0303935
9.93809	0.0332652
9.95438	0.0348017
9.97067	0.0295449
9.98697	0.787902
10.0033	0.053531
10.0196	0.0405876
10.0358	0.0341711
10.0521	0.0327753
10.0684	0.0363419
10.0847	0.0437415
10.101	0.0522603
10.1173	0.0585108
10.1336	0.0600993
10.1499	0.0564197
10.1662	0.0491431
10.1825	0.0412654
10.1988	0.0360816
10.2151	0.0356495
10.2313	0.0399375
10.2476	0.0468945
10.2639	0.0533836
10.2802	0.0565575
10.2965	0.0551288
10.3128	0.0499584
10.3291	0.0435275
10.3454	0.0389548
10.3617	0.0382623
10.378	0.0418191
10.3943	0.0480313
10.4106	0.0540624
10.4268	0.0570315
10.4431	0.0565277
10.4594	0.0519006
10.4757	0.0460277
10.492	0.041664
10.5083	0.0409488
10.5246	0.0442091
10.5409	0.0500162
10.5572	0.0557831
10.5735	0.0589342
10.5898	0.0581625
10.6061	0.0539742
10.6224	0.0484839
10.6386	0.0443432
10.6549	0.0435975
10.6712	0.0467116
10.6875	0.0522573
10.7038	0.0577842
10.7201	0.0608263
10.7364	0.0601243
10.7527	0.0561153
10.769	0.0508469
10.7853	0.0468745
10.8016	0.0462053
10.8179	0.049202
10.8341	0.0545651
10.8504	0.059889
10.8667	0.0628147
10.883	0.0621041
10.8993	0.0582558
10.9156	0.0532069
10.9319	0.0494646
10.9482	0.0488836
10.9645	0.0517369
10.9808	0.0571865
10.9971	0.0622782
11.0134	0.0650643
11.0297	0.0645484
11.0459	0.0595393
11.0622	0.0551699
11.0785	0.0517398
11.0948	0.0513663
11.1111	0.0544041
11.1274	0.0595527
11.1437	0.0645155
11.16	0.0671122
11.1763	0.0662511
11.1926	0.0625133
11.2089	0.0578243
11.2252	0.0545705
11.2414	0.0544138
11.2577	0.0576262
11.274	0.0628302
11.2903	0.0677471
11.3066	0.0702252
11.3229	0.0693211
11.3392	0.0656406
11.3555	0.0615392
11.3718	0.0594505
11.3881	0.0623734
11.4044	0.0796418
11.4207	0.0294053
11.437	0.0573972
11.4532	0.0635891
11.4695	0.0639636
11.4858	0.0607989
11.5021	0.0562829
11.5184	0.0531855
11.5347	0.0532117
11.551	0.0566258
11.5673	0.0621114
11.5836	0.0673313
11.5999	0.0701021
11.6162	0.0693498
11.6325	0.0656407
11.6487	0.060874
11.665	0.0574117
11.6813	0.0569962
11.6976	0.05988
11.7139	0.0648001
11.7302	0.0695631
11.7465	0.0720318
11.7628	0.0711697
11.7791	0.0675854
11.7954	0.0627074
11.8117	0.0594717
11.828	0.0591075
11.8442	0.0619438
11.8605	0.0668317
11.8768	0.0713183
11.8931	0.0736119
11.9094	0.0726477
11.9257	0.0689785
11.942	0.0643852
11.9583	0.0611476
11.9746	0.0608086
11.9909	0.0636203
12.0072	0.0683127
12.0235	0.072786
12.0398	0.0749553
12.056	0.0739546
12.0723	0.070295
12.0886	0.0657149
12.1049	0.0626863
12.1212	0.0623835
12.1375	0.0651675
12.1538	0.0697704
12.1701	0.0740663
12.1864	0.0761358
12.2027	0.0750724
12.219	0.071391
12.2353	0.0670027
12.2515	0.0639222
12.2678	0.0636886
12.2841	0.0664443
12.3004	0.0709915
12.3167	0.0750877
12.333	0.0770545
12.3493	0.0759218
12.3656	0.0723205
12.3819	0.0680077
12.3982	0.0650442
12.4145	0.0649635
12.4308	0.0677953
12.4471	0.0723447
12.4633	0.0776241
12.4796	0.0775598
12.4959	0.0764496
12.5122	0.072796
12.5285	0.0684893
12.5448	0.0655547
12.5611	0.0655358
12.5774	0.0684067
12.5937	0.0728745
12.61	0.0768404
12.6263	0.078452
12.6426	0.0769133
12.6588	0.0729292
12.6751	0.068307
12.6914	0.0652104
12.7077	0.065096
12.724	0.0680133
12.7403	0.0725961
12.7566	0.0766951
12.7729	0.0781399
12.7892	0.0757683
12.8055	0.0694787
12.8218	0.0578836
12.8381	0.0363609
12.8543	0.089963
12.8706	0.0809546
12.8869	0.0819318
12.9032	0.0845295
12.9195	0.08585
12.9358	0.0844224
12.9521	0.0806017
12.9684	0.0759674
12.9847	0.0724691
13.001	0.0715835
13.0173	0.0734851
13.0336	0.077185
13.0499	0.0807986
13.0661	0.0825636
13.0824	0.0816429
13.0987	0.0784443
13.115	0.0745058
13.1313	0.0716822
13.1476	0.0713025
13.1639	0.073548
13.1802	0.0773334
13.1965	0.0808136
13.2128	0.0827392
13.2291	0.0813236
13.2454	0.0781643
13.2616	0.0743867
13.2779	0.0719589
13.2942	0.0712473
13.3105	0.0737707
13.3268	0.0775818
13.3431	0.081034
13.3594	0.0824945
13.3757	0.0813268
13.392	0.0781149
13.4083	0.0743183
13.4246	0.071768
13.4409	0.0716491
13.4572	0.0740837
13.4734	0.0778234
13.4897	0.081212
13.506	0.0826226
13.5223	0.0813358
13.5386	0.0781339
13.5549	0.0743919
13.5712	0.0719249
13.5875	0.071867
13.6038	0.074279
13.6201	0.0779878
13.6364	0.0812701
13.6527	0.0825432
13.6689	0.0812944
13.6852	0.0780494
13.7015	0.074379
13.7178	0.0719965
13.7341	0.0720639
13.7504	0.0744535
13.7667	0.0780888
13.783	0.0812559
13.7993	0.0824671
13.8156	0.0812087
13.8319	0.0777687
13.8482	0.0742469
13.8645	0.072007
13.8807	0.0722507
13.897	0.0734232
13.9133	0.0777186
13.9296	0.0807705
13.9459	0.0818456
13.9622	0.0804604
13.9785	0.0772584
13.9948	0.073767
14.0111	0.0715758
14.0274	0.0717049
14.0437	0.074013
14.06	0.0773389
14.0762	0.0800512
14.0925	0.0808533
14.1088	0.0792975
14.1251	0.0761462
14.1414	0.0728657
14.1577	0.0709882
14.174	0.0712892
14.1903	0.0735538
14.2066	0.0761871
14.2229	0.0775121
14.2392	0.0753243
14.2555	0.0639381
14.2717	0.122737
14.288	0.0828458
14.3043	0.0771298
14.3206	0.0766246
14.3369	0.079034
14.3532	0.0826853
14.3695	0.0852898
14.3858	0.0855166
14.4021	0.0830108
14.4184	0.0787058
14.4347	0.0744009
14.451	0.0719014
14.4673	0.072186
14.4835	0.0749956
14.4998	0.0789283
14.5161	0.0820884
14.5324	0.0829557
14.5487	0.0811472
14.565	0.077458
14.5813	0.0735546
14.5976	0.0712496
14.6139	0.0715287
14.6302	0.0741255
14.6465	0.0782916
14.6628	0.08109
14.679	0.0819019
14.6953	0.0801265
14.7116	0.0764323
14.7279	0.0728618
14.7442	0.0706894
14.7605	0.0710412
14.7768	0.0736991
14.7931	0.0773993
14.8094	0.0803205
14.8257	0.0810837
14.842	0.0792931
14.8583	0.0757628
14.8746	0.0721092
14.8908	0.0700027
14.9071	0.0704194
14.9234	0.0730902
14.9397	0.0768125
14.956	0.0794497
14.9723	0.0802105
14.9886	0.0783996
15.0049	0.0749006
15.0212	0.0713795
15.0375	0.0693397
15.0538	0.0697857
15.0701	0.0724745
15.0863	0.0760224
15.1026	0.0788097
15.1189	0.0794396
15.1352	0.0775873
15.1515	0.0740756
15.1678	0.0705699
15.1841	0.0685967
15.2004	0.0690877
15.2167	0.0717441
15.233	0.0752588
15.2493	0.0778157
15.2656	0.078441
15.2819	0.0764973
15.2981	0.0728754
15.3144	0.0681793
15.3307	0.0690326
15.347	0.0691385
15.3633	0.0717563
15.3796	0.0751886
15.3959	0.0777436
15.4122	0.0780755
15.4285	0.0760631
15.4448	0.0725924
15.4611	0.0693365
15.4774	0.0678588
15.4936	0.0689227
15.5099	0.0720461
15.5262	0.0758321
15.5425	0.078454
15.5588	0.0786689
15.5751	0.0763766
15.5914	0.0727234
15.6077	0.0696155
15.624	0.069037
15.6403	0.0721597
15.6566	0.0794979
15.6729	0.0933419
15.6891	0.165198
15.7054	0.035015
15.7217	0.0570071
15.738	0.0587426
15.7543	0.0568536
15.7706	0.0554405
15.7869	0.0563697
15.8032	0.0597405
15.8195	0.0643628
15.8358	0.0684088
15.8521	0.0702702
15.8684	0.0694073
15.8847	0.06643
15.9009	0.0629101
15.9172	0.0605839
15.9335	0.0605368
15.9498	0.0627847
15.9661	0.0661843
15.9824	0.0691151
15.9987	0.0701631
16.015	0.0688098
16.0313	0.0657028
16.0476	0.0622959
16.0639	0.0597054
16.0802	0.0605506
16.0964	0.0626051
16.1127	0.0657552
16.129	0.0683043
16.1453	0.0693849
16.1616	0.0677553
16.1779	0.0646389
16.1942	0.0613499
16.2105	0.0593726
16.2268	0.0595773
16.2431	0.0617405
16.2594	0.0648558
16.2757	0.0673312
16.292	0.0679593
16.3082	0.0663236
16.3245	0.063224
16.3408	0.0599967
16.3571	0.058116
16.3734	0.0583978
16.3897	0.0606091
16.406	0.0636766
16.4223	0.066044
16.4386	0.0665725
16.4549	0.0649055
16.4712	0.0617983
16.4875	0.0586236
16.5037	0.0568327
16.52	0.0571084
16.5363	0.0593416
16.5526	0.0623353
16.5689	0.0646204
16.5852	0.064999
16.6015	0.0633625
16.6178	0.0603318
16.6341	0.057258
16.6504	0.0555278
16.6667	0.055849
16.683	0.0582132
16.6993	0.0610139
16.7155	0.0631449
16.7318	0.0634686
16.7481	0.0614549
16.7644	0.0586889
16.7807	0.0557662
16.797	0.054186
16.8133	0.0546261
16.8296	0.0568135
16.8459	0.05958
16.8622	0.0615808
16.8785	0.0617582
16.8948	0.0599914
16.911	0.0570531
16.9273	0.0542668
16.9436	0.052834
16.9599	0.0533816
16.9762	0.0554738
16.9925	0.0579892
17.0088	0.0595799
17.0251	0.059379
17.0414	0.0572926
17.0577	0.0544038
17.074	0.0519179
17.0903	0.0512356
17.1065	0.0533151
17.1228	0.0387633
17.1391	0.0552183
17.1554	0.0575018
17.1717	0.0572051
17.188	0.0547976
17.2043	0.051178
17.2206	0.0482293
17.2369	0.0471265
17.2532	0.0484066
17.2695	0.0515023
17.2858	0.054998
17.3021	0.0572749
17.3183	0.0573135
17.3346	0.0550406
17.3509	0.05147
17.3672	0.0481848
17.3835	0.0466274
17.3998	0.0473753
17.4161	0.0500042
17.4324	0.0532079
17.4487	0.0553638
17.465	0.0554258
17.4813	0.0533186
17.4976	0.0496228
17.5138	0.0466758
17.5301	0.0451581
17.5464	0.045885
17.5627	0.0484457
17.579	0.0514383
17.5953	0.053501
17.6116	0.0535059
17.6279	0.0513832
17.6442	0.048007
17.6605	0.0449288
17.6768	0.0434648
17.6931	0.0442127
17.7094	0.0467195
17.7256	0.0497106
17.7419	0.0517089
17.7582	0.0516402
17.7745	0.0494832
17.7908	0.0460646
17.8071	0.0433351
17.8234	0.0417937
17.8397	0.0425486
17.856	0.0450231
17.8723	0.0479116
17.8886	0.0498471
17.9049	0.0497572
17.9211	0.0475769
17.9374	0.0443203
17.9537	0.0413286
17.97	0.0399829
17.9863	0.0407896
18.0026	0.0432806
18.0189	0.0461364
18.0352	0.0479685
18.0515	0.0477697
18.0678	0.0455373
18.0841	0.042231
18.1004	0.0393401
18.1167	0.0379469
18.1329	0.0387777
18.1492	0.0411994
18.1655	0.0436486
18.1818	0.0465919
18.1981	0.0459672
18.2144	0.0435984
18.2307	0.040232
18.247	0.0372908
18.2633	0.0360084
18.2796	0.0368499
18.2959	0.0393237
18.3122	0.042097
18.3284	0.0437399
18.3447	0.0433266
18.361	0.0409133
18.3773	0.0374633
18.3936	0.0344813
18.4099	0.033221
18.4262	0.0341138
18.4425	0.0365505
18.4588	0.0391483
18.4751	0.0403176
18.4914	0.0389078
18.5077	0.0345238
18.5239	0.026366
18.5402	0.00156006
18.5565	0.0648267
18.5728	0.0456619
18.5891	0.044224
18.6054	0.0456068
18.6217	0.0465793
18.638	0.0457919
18.6543	0.0429554
18.6706	0.038974
18.6869	0.0353339
18.7032	0.03342
18.7195	0.0337807
18.7357	0.0360136
18.752	0.0388329
18.7683	0.0407329
18.7846	0.0407006
18.8009	0.0385975
18.8172	0.0353463
18.8335	0.032325
18.8498	0.030859
18.8661	0.0315156
18.8824	0.0338434
18.8987	0.0366302
18.915	0.0386201
18.9312	0.0381562
18.9475	0.0361904
18.9638	0.0330515
18.9801	0.0302052
18.9964	0.0287545
19.0127	0.0295454
19.029	0.0318873
19.0453	0.0346196
19.0616	0.0363589
19.0779	0.0362287
19.0942	0.0341629
19.1105	0.0310439
19.1268	0.0282618
19.143	0.0270156
19.1593	0.027821
19.1756	0.0301449
19.1919	0.0328331
19.2082	0.0345125
19.2245	0.034264
19.2408	0.0322226
19.2571	0.0291234
19.2734	0.0264162
19.2897	0.0252355
19.306	0.0260679
19.3223	0.0284047
19.3385	0.0310719
19.3548	0.0326943
19.3711	0.032486
19.3874	0.0303626
19.4037	0.0273
19.42	0.0246296
19.4363	0.0235281
19.4526	0.0243604
19.4689	0.026658
19.4852	0.0292991
19.5015	0.0309165
19.5178	0.030658
19.5341	0.0285785
19.5503	0.0255851
19.5666	0.0229755
19.5829	0.0218992
19.5992	0.023035
19.6155	0.0250188
19.6318	0.027592
19.6481	0.0291396
19.6644	0.028851
19.6807	0.0267759
19.697	0.0238173
19.7133	0.0212559
19.7296	0.0202393
19.7458	0.021131
19.7621	0.0234282
19.7784	0.0259631
19.7947	0.0274997
19.811	0.0271783
19.8273	0.0251495
19.8436	0.0222467
19.8599	0.0197778
19.8762	0.0187978
19.8925	0.0197224
19.9088	0.0219604
19.9251	0.0244527
19.9413	0.0259245
19.9576	0.0256842
19.9739	0.027273
19.9902	0.0207133
20.0065	0.0185231
20.0228	0.0177644
20.0391	0.0187715
20.0554	0.0210705
20.0717	0.0233523
20.088	0.0245096
20.1043	0.0238425
20.1206	0.0215212
20.1369	0.0185095
20.1531	0.0161419
20.1694	0.0153823
20.1857	0.0165429
20.202	0.019
20.2183	0.021513
20.2346	0.0228449
20.2509	0.0223204
20.2672	0.0200737
20.2835	0.0170727
20.2998	0.0146758
20.3161	0.0139066
20.3324	0.015036
20.3486	0.0176574
20.3649	0.0199771
20.3812	0.0213187
20.3975	0.0207798
20.4138	0.0185198
20.4301	0.0156253
20.4464	0.0132412
20.4627	0.0124944
20.479	0.0136403
20.4953	0.0161053
20.5116	0.0185729
20.5279	0.0198999
20.5442	0.0193409
20.5604	0.0171011
20.5767	0.0141708
20.593	0.0117987
20.6093	0.0111176
20.6256	0.0122977
20.6419	0.0147913
20.6582	0.0170012
20.6745	0.0184562
20.6908	0.0178956
20.7071	0.0156759
20.7234	0.0127981
20.7397	0.0104374
20.7559	0.0097417
20.7722	0.0109325
20.7885	0.0133443
20.8048	0.0158539
20.8211	0.0171423
20.8374	0.0165776
20.8537	0.0143501
20.87	0.0114027
20.8863	0.00910044
20.9026	0.00839613
20.9189	0.00954763
20.9352	0.0119277
20.9514	0.0143343
20.9677	0.0156668
20.984	0.0150794
21.0003	0.0128174
21.0166	0.00958168
21.0329	0.00920635
21.0492	0.00769965
21.0655	0.00876428
21.0818	0.011084
21.0981	0.0134341
21.1144	0.0146097
21.1307	0.0140186
21.147	0.0118185
21.1632	0.00902082
21.1795	0.00687397
21.1958	0.00634266
21.2121	0.00762438
21.2284	0.0100943
21.2447	0.0125159
21.261	0.0137093
21.2773	0.0130707
21.2936	0.0108384
21.3099	0.00801601
21.3262	0.00590783
21.3425	0.00556169
21.3587	0.0072626
21.375	0.0108051
21.3913	0.0180879
21.4076	0.000700265
21.4239	0.00753089
21.4402	0.00686645
21.4565	0.00476096
21.4728	0.00318424
21.4891	0.00286905
21.5054	0.0043644
21.5217	0.0069582
21.538	0.00946701
21.5543	0.0107117
21.5705	0.0101198
21.5868	0.00794786
21.6031	0.00516964
21.6194	0.0030718
21.6357	0.00257994
21.652	0.00390443
21.6683	0.00633524
21.6846	0.00873269
21.7009	0.00989772
21.7172	0.00922738
21.7335	0.00701383
21.7498	0.00422841
21.766	0.00199501
21.7823	0.0020808
21.7986	0.00317169
21.8149	0.00556333
21.8312	0.00790347
21.8475	0.0091
21.8638	0.00839516
21.8801	0.00621216
21.8964	0.00349547
21.9127	0.00147505
21.929	0.00102705
21.9453	0.00235973
21.9616	0.0047554
21.9778	0.00706026
21.9941	0.00814428
22.0104	0.00741337
22.0267	0.00525552
22.043	0.00258136
22.0593	0.000610403
22.0756	0.000221168
22.0919	0.00161329
22.1082	0.00403661
22.1245	0.00631507
22.1408	0.00737704
22.1571	0.00666434
22.1733	0.00447966
22.1896	0.00180029
22.2059	0.000137951
22.2222	0.000497969
22.2385	0.000906496
22.2548	0.00332713
22.2711	0.00560912
22.2874	0.00664285
22.3037	0.00593471
22.32	0.00379739
22.3363	0.00113693
22.3526	0.000776298
22.3688	0.00107189
22.3851	0.00031362
22.4014	0.00273733
22.4177	0.0050195
22.434	0.00609025
22.4503	0.00593111
22.4666	0.0029198
22.4829	0.000418988
22.4992	0.00139197
22.5155	0.00162541
22.5318	0.000162846
22.5481	0.00224204
22.5644	0.0044755
22.5806	0.00541613
22.5969	0.00461232
22.6132	0.00240108
22.6295	0.000206516
22.6458	0.00202853
22.6621	0.00220419
22.6784	0.000707279
22.6947	0.0017541
22.711	0.00399239
22.7273	0.00492814
22.7436	0.00406453
22.7599	0.00175883
22.7761	0.000857877
22.7924	0.00265282
22.8087	0.00269092
22.825	0.000551025
22.8413	0.000676122
22.8576	0.00328581
22.8739	0.00443299
22.8902	0.00374523
22.9065	0.00169343
22.9228	0.000902702
22.9391	0.00270821
22.9554	0.00292252
22.9717	0.00145245
22.9879	0.000967828
23.0042	0.00315317
23.0205	0.00410013
23.0368	0.00331633
23.0531	0.00114334
23.0694	0.00137859
23.0857	0.00311006
23.102	0.00325387
23.1183	0.00172569
23.1346	0.000721137
23.1509	0.00291674
23.1672	0.00382473
23.1834	0.00300394
23.1997	0.000761865
23.216	0.00167533
23.2323	0.00337994
23.2486	0.00347077
23.2649	0.00192627
23.2812	0.000564507
23.2975	0.00275352
23.3138	0.00363257
23.3301	0.00279335
23.3464	0.000568735
23.3627	0.00189502
23.379	0.00358654
23.3952	0.00361902
23.4115	0.00201961
23.4278	0.000454393
23.4441	0.00263329
23.4604	0.00348333
23.4767	0.00262716
23.493	0.000411911
23.5093	0.00193682
23.5256	0.00369382
23.5419	0.00368721
23.5582	0.00207152
23.5745	0.000399944
23.5907	0.00262172
23.607	0.00347935
23.6233	0.00259096
23.6396	0.00039536
23.6559	0.00212821
23.6722	0.00373026
23.6885	0.00368241
23.7048	0.00198896
23.7211	0.000588379
23.7374	0.0028208
23.7537	0.00371558
23.77	0.00284255
23.7862	0.000628853
23.8025	0.00192547
23.8188	0.00352129
23.8351	0.00351175
23.8514	0.00175643
23.8677	0.00126364
23.884	0.000704809
23.9003	0.00294071
23.9166	0.00239442
23.9329	0.000376967
23.9492	0.00198967
23.9655	0.00357854
23.9818	0.00360233
23.998	0.00199684
24.0143	0.000449236
24.0306	0.00260411
24.0469	0.00347578
24.0632	0.00266779
24.0795	0.000562035
24.0958	0.0018107
24.1121	0.00333394
24.1284	0.00327809
24.1447	0.0016592
24.161	0.000793547
24.1773	0.00296991
24.1935	0.00377166
24.2098	0.00304369
24.2261	0.00114139
24.2424	0.000573574
24.2587	0.00658598
24.275	0.00377708
24.2913	0.00191844
24.3076	0.00052637
24.3239	0.00248039
24.3402	0.00336588
24.3565	0.00253432
24.3728	0.000510567
24.3891	0.00168988
24.4053	0.00298454
24.4216	0.00271008
24.4379	0.000987906
24.4542	0.00145292
24.4705	0.00346989
24.4868	0.00414811
24.5031	0.00316302
24.5194	0.00103886
24.5357	0.00125256
24.552	0.00257311
24.5683	0.00228305
24.5846	0.000490398
24.6008	0.0020068
24.6171	0.00411706
24.6334	0.00430686
24.6497	0.00359259
24.666	0.00145702
24.6823	0.000837801
24.6986	0.00212388
24.7149	0.00191801
24.7312	0.000117684
24.7475	0.00238483
24.7638	0.00446057
24.7801	0.00514938
24.7964	0.00416899
24.8126	0.00204078
24.8289	0.000236218
24.8452	0.00155999
24.8615	0.0012711
24.8778	0.000511338
24.8941	0.00297702
24.9104	0.0050135
24.9267	0.0057418
24.943	0.00460201
24.9593	0.00249319
24.9756	0.000266461
24.9919	0.00100861
25.0081	0.000680941
25.0244	0.00113653
25.0407	0.00361677
25.057	0.00563747
25.0733	0.00628132
25.0896	0.0052561
25.1059	0.00311283
25.1222	0.000872209
25.1385	0.000390174
25.1548	1.3483e-05
25.1711	0.00178389
25.1874	0.0042945
25.2036	0.00630936
25.2199	0.00693727
25.2362	0.00605347
25.2525	0.00380304
25.2688	0.00159162
25.2851	0.000402573
25.3014	0.00106614
25.3177	0.00230355
25.334	0.00492772
25.3503	0.00695273
25.3666	0.00757274
25.3829	0.0065893
25.3992	0.00445969
25.4154	0.00226647
25.4317	0.00109316
25.448	0.00152619
25.4643	0.0034096
25.4806	0.00590293
25.4969	0.00788861
25.5132	0.00844339
25.5295	0.00738525
25.5458	0.00520371
25.5621	0.00297668
25.5784	0.00179014
25.5947	0.00226258
25.6109	0.00424427
25.6272	0.00683464
25.6435	0.00900581
25.6598	0.00994107
25.6761	0.011007
25.6924	0.00473912
25.7087	0.00335082
25.725	0.00234789
25.7413	0.00284678
25.7576	0.00474317
25.7739	0.00728655
25.7902	0.00933204
25.8065	0.00999675
25.8227	0.00904197
25.839	0.00698663
25.8553	0.00490773
25.8716	0.00376283
25.8879	0.0042016
25.9042	0.00604894
25.9205	0.00846644
25.9368	0.010385
25.9531	0.0109464
25.9694	0.00991209
25.9857	0.00784251
26.002	0.00576411
26.0182	0.00469514
26.0345	0.00519588
26.0508	0.0071248
26.0671	0.00950631
26.0834	0.0114211
26.0997	0.0119356
26.116	0.0108736
26.1323	0.00877166
26.1486	0.00668736
26.1649	0.00566131
26.1812	0.00620837
26.1975	0.00816411
26.2138	0.0105825
26.23	0.0125034
26.2463	0.0129861
26.2626	0.0118964
26.2789	0.00980944
26.2952	0.00770297
26.3115	0.00672607
26.3278	0.00729523
26.3441	0.00925297
26.3604	0.011637
26.3767	0.0136013
26.393	0.0140479
26.4093	0.0129462
26.4255	0.010842
26.4418	0.00876994
26.4581	0.0077874
26.4744	0.00839755
26.4907	0.0103672
26.507	0.0128706
26.5233	0.0147164
26.5396	0.0151376
26.5559	0.013973
26.5722	0.0118058
26.5885	0.00973501
26.6048	0.00875126
26.621	0.00939901
26.6373	0.0114269
26.6536	0.0139901
26.6699	0.0158925
26.6862	0.0163794
26.7025	0.0152179
26.7188	0.0129416
26.7351	0.0145849
26.7514	0.0102868
26.7677	0.0107705
26.784	0.0127014
26.8003	0.015159
26.8166	0.017118
26.8328	0.0176407
26.8491	0.0165615
26.8654	0.0144889
26.8817	0.0124434
26.898	0.0114478
26.9143	0.012034
26.9306	0.0139844
26.9469	0.0164486
26.9632	0.0183212
26.9795	0.0188132
26.9958	0.0177564
27.0121	0.0157127
27.0283	0.0136708
27.0446	0.0126994
27.0609	0.01318
27.0772	0.0149175
27.0935	0.0168668
27.1098	0.0260371
27.1261	0.0202802
27.1424	0.0189244
27.1587	0.0168579
27.175	0.015079
27.1913	0.0140167
27.2076	0.0147265
27.2239	0.0167093
27.2401	0.0190879
27.2564	0.02081
27.2727	0.0211154
27.289	0.0199676
27.3053	0.0179216
27.3216	0.0160238
27.3379	0.0152267
27.3542	0.0160025
27.3705	0.0180165
27.3868	0.0204293
27.4031	0.0221502
27.4194	0.0224496
27.4356	0.0212551
27.4519	0.0191917
27.4682	0.0173002
27.4845	0.0164993
27.5008	0.017313
27.5171	0.0193667
27.5334	0.0217867
27.5497	0.0234718
27.566	0.0238261
27.5823	0.0225906
27.5986	0.0205007
27.6149	0.0185741
27.6312	0.0178343
27.6474	0.0186454
27.6637	0.0206888
27.68	0.0231174
27.6963	0.0248503
27.7126	0.0251315
27.7289	0.0239109
27.7452	0.0218356
27.7615	0.0199289
27.7778	0.0191483
27.7941	0.020051
27.8104	0.0220999
27.8267	0.0245106
27.8429	0.0262269
27.8592	0.0264939
27.8755	0.0252596
27.8918	0.0231715
27.9081	0.0212751
27.9244	0.020531
27.9407	0.0213803
27.957	0.023468
27.9733	0.0259055
27.9896	0.0276439
28.0059	0.0279054
28.0222	0.0267103
28.0384	0.0246091
28.0547	0.0227087
28.071	0.0219347
28.0873	0.0225896
28.1036	0.0248609
28.1199	0.0272698
28.1362	0.0290303
28.1525	0.0296606
28.1688	0.0273822
28.1851	0.0257057
28.2014	0.0239495
28.2177	0.0232779
28.234	0.0240987
28.2502	0.0261516
28.2665	0.0285132
28.2828	0.0301362
28.2991	0.0303402
28.3154	0.0290863
28.3317	0.0270313
28.348	0.025202
28.3643	0.0245341
28.3806	0.0253896
28.3969	0.0274662
28.4132	0.029846
28.4295	0.0314761
28.4457	0.0316642
28.462	0.03035
28.4783	0.0282268
28.4946	0.0261696
28.5109	0.0248938
28.5272	0.0225467
28.5435	0.03365
28.5598	0.0330828
28.5761	0.0340497
28.5924	0.033947
28.6087	0.0324549
28.625	0.0303945
28.6413	0.0285673
28.6575	0.0279149
28.6738	0.0287878
28.6901	0.0308159
28.7064	0.0330577
28.7227	0.0345868
28.739	0.0346905
28.7553	0.0333891
28.7716	0.0313829
28.7879	0.0296412
28.8042	0.0290787
28.8205	0.030038
28.8368	0.0321101
28.853	0.0344145
28.8693	0.0359333
28.8856	0.0360384
28.9019	0.0348455
28.9182	0.0324837
28.9345	0.0308672
28.9508	0.0303662
28.9671	0.03137
28.9834	0.0334315
28.9997	0.0357639
29.016	0.0372462
29.0323	0.0372914
29.0486	0.0359425
29.0648	0.0339231
29.0811	0.0321965
29.0974	0.0317205
29.1137	0.0327464
29.13	0.0348721
29.1463	0.0371887
29.1626	0.0386419
29.1789	0.0386643
29.1952	0.0372863
29.2115	0.0353057
29.2278	0.0335027
29.2441	0.0330445
29.2603	0.0340842
29.2766	0.0362261
29.2929	0.0385455
29.3092	0.0399999
29.3255	0.0399876
29.3418	0.0385863
29.3581	0.0364967
29.3744	0.0348215
29.3907	0.0343782
29.407	0.0354527
29.4233	0.0376329
29.4396	0.0399178
29.4558	0.041351
29.4721	0.0412849
29.4884	0.0398264
29.5047	0.0376626
29.521	0.0359881
29.5373	0.0354673
29.5536	0.0365215
29.5699	0.0386472
29.5862	0.0394153
29.6025	0.0427436
29.6188	0.0426475
29.6351	0.0412109
29.6514	0.039125
29.6676	0.0373569
29.6839	0.0368633
29.7002	0.0379225
29.7165	0.0400623
29.7328	0.0423677
29.7491	0.0438187
29.7654	0.0438021
29.7817	0.0423977
29.798	0.0403347
29.8143	0.0386498
29.8306	0.0381786
29.8469	0.0391936
29.8631	0.0412661
29.8794	0.0435009
29.8957	0.0448735
29.912	0.0448419
29.9283	0.0434953
29.9446	0.0415762
29.9609	0.0410034
29.9772	0.0396163
29.9935	0.0407653
30.0098	0.0428645
30.0261	0.0449339
30.0424	0.0463573
30.0587	0.0461123
30.0749	0.044558
30.0912	0.0424831
30.1075	0.0409007
30.1238	0.0406435
30.1401	0.0418238
30.1564	0.0440436
30.1727	0.0462912
30.189	0.0475831
30.2053	0.0473641
30.2216	0.045826
30.2379	0.0437118
30.2542	0.0420992
30.2704	0.0417918
30.2867	0.0429958
30.303	0.0452076
30.3193	0.0474434
30.3356	0.0486174
30.3519	0.0485123
30.3682	0.0469488
30.3845	0.0448353
30.4008	0.0432442
30.4171	0.0428767
30.4334	0.0441108
30.4497	0.0463434
30.4659	0.048603
30.4822	0.0498529
30.4985	0.0496002
30.5148	0.0480572
30.5311	0.0459262
30.5474	0.0442939
30.5637	0.0439521
30.58	0.0452481
30.5963	0.0474418
30.6126	0.0496802
30.6289	0.050945
30.6452	0.050632
30.6615	0.0490612
30.6777	0.0469455
30.694	0.0453377
30.7103	0.0450619
30.7266	0.0463036
30.7429	0.0485328
30.7592	0.0507616
30.7755	0.0519942
30.7918	0.0516969
30.8081	0.0500741
30.8244	0.0479282
30.8407	0.0463087
30.857	0.0460831
30.8732	0.0473247
30.8895	0.0496001
30.9058	0.0518569
30.9221	0.0531271
30.9384	0.0529425
30.9547	0.0511709
30.971	0.0490925
30.9873	0.0475795
31.0036	0.0477141
31.0199	0.047055
31.0362	0.0502295
31.0525	0.0525932
31.0688	0.0538773
31.085	0.0536457
31.1013	0.0519983
31.1176	0.0498408
31.1339	0.0482391
31.1502	0.0479807
31.1665	0.0492394
31.1828	0.0514807
31.1991	0.0537176
31.2154	0.0549368
31.2317	0.0546322
31.248	0.0529637
31.2643	0.0507807
31.2805	0.0491524
31.2968	0.0488918
31.3131	0.0502284
31.3294	0.0526145
31.3457	0.0551794
31.362	0.0571663
31.3783	0.0599426
31.3946	0.0452632
31.4109	0.0491605
31.4272	0.0485002
31.4435	0.0485802
31.4598	0.0500401
31.4761	0.0522352
31.4923	0.0544754
31.5086	0.0557272
31.5249	0.0555024
31.5412	0.0539959
31.5575	0.052028
31.5738	0.0505226
31.5901	0.050308
31.6064	0.0515188
31.6227	0.0536076
31.639	0.0556858
31.6553	0.0567647
31.6716	0.0563842
31.6878	0.0547741
31.7041	0.0527202
31.7204	0.0512248
31.7367	0.0510304
31.753	0.0522089
31.7693	0.0545963
31.7856	0.0565249
31.8019	0.0575367
31.8182	0.0570937
31.8345	0.0554953
31.8508	0.0533763
31.8671	0.0519114
31.8833	0.051758
31.8996	0.0530462
31.9159	0.0551383
31.9322	0.057178
31.9485	0.0581501
31.9648	0.0576632
31.9811	0.0559854
31.9974	0.0539127
32.0137	0.0524719
32.03	0.0523483
32.0463	0.0536603
32.0626	0.0557527
32.0789	0.0578504
32.0951	0.0587688
32.1114	0.0582373
32.1277	0.0565058
32.144	0.0544166
32.1603	0.0529915
32.1766	0.0529161
32.1929	0.0542668
32.2092	0.0564457
32.2255	0.0584117
32.2418	0.0593019
32.2581	0.0587014
32.2744	0.0569047
32.2906	0.0548173
32.3069	0.0534246
32.3232	0.0534391
32.3395	0.0549125
32.3558	0.0572503
32.3721	0.0593217
32.3884	0.0603823
32.4047	0.0599583
32.421	0.0586278
32.4373	0.0617027
32.4536	0.0518363
32.4699	0.052825
32.4862	0.0545284
32.5024	0.0569405
32.5187	0.0591477
32.535	0.0601896
32.5513	0.0596449
32.5676	0.0578419
32.5839	0.0556469
32.6002	0.0541049
32.6165	0.05397
32.6328	0.0552994
32.6491	0.057493
32.6654	0.0595335
32.6817	0.0604989
32.6979	0.0599551
32.7142	0.0581872
32.7305	0.0560431
32.7468	0.0544895
32.7631	0.054384
32.7794	0.0556748
32.7957	0.0578151
32.812	0.0604085
32.8283	0.0602713
32.8446	0.0597937
32.8609	0.0580803
32.8772	0.0561035
32.8935	0.0544714
32.9097	0.0545371
32.926	0.0559385
32.9423	0.0580852
32.9586	0.060009
32.9749	0.0607805
32.9912	0.0601349
33.0075	0.0582816
33.0238	0.05615
33.0401	0.0547384
33.0564	0.0547316
33.0727	0.0561083
33.089	0.058267
33.1052	0.0601816
33.1215	0.060968
33.1378	0.0602633
33.1541	0.0583973
33.1704	0.0562623
33.1867	0.0548833
33.203	0.0548258
33.2193	0.0562288
33.2356	0.0583793
33.2519	0.0602403
33.2682	0.0611156
33.2845	0.0603336
33.3007	0.0584245
33.317	0.0562613
33.3333	0.0548858
33.3496	0.0548858
33.3659	0.0562613
33.3822	0.0584245
33.3985	0.0603336
33.4148	0.0611156
33.4311	0.0602403
33.4474	0.0583793
33.4637	0.0562288
33.48	0.0548258
33.4963	0.0548833
33.5125	0.0562623
33.5288	0.0583973
33.5451	0.0602633
33.5614	0.060968
33.5777	0.0601816
33.594	0.058267
33.6103	0.0561083
33.6266	0.0547316
33.6429	0.0547384
33.6592	0.05615
33.6755	0.0582816
33.6918	0.0601349
33.708	0.0607805
33.7243	0.060009
33.7406	0.0580852
33.7569	0.0559385
33.7732	0.0545371
33.7895	0.0544714
33.8058	0.0561035
33.8221	0.0580803
33.8384	0.0597937
33.8547	0.0602713
33.871	0.0604085
33.8873	0.0578151
33.9036	0.0556748
33.9198	0.054384
33.9361	0.0544895
33.9524	0.0560431
33.9687	0.0581872
33.985	0.0599551
34.0013	0.0604989
34.0176	0.0595335
34.0339	0.057493
34.0502	0.0552994
34.0665	0.05397
34.0828	0.0541049
34.0991	0.0556469
34.1153	0.0578419
34.1316	0.0596449
34.1479	0.0601896
34.1642	0.0591477
34.1805	0.0569405
34.1968	0.0545284
34.2131	0.052825
34.2294	0.0518363
34.2457	0.0617027
34.262	0.0586278
34.2783	0.0599583
34.2946	0.0603823
34.3109	0.0593217
34.3271	0.0572503
34.3434	0.0549125
34.3597	0.0534391
34.376	0.0534246
34.3923	0.0548173
34.4086	0.0569047
34.4249	0.0587014
34.4412	0.0593019
34.4575	0.0584117
34.4738	0.0564457
34.4901	0.0542668
34.5064	0.0529161
34.5226	0.0529915
34.5389	0.0544166
34.5552	0.0565058
34.5715	0.0582373
34.5878	0.0587688
34.6041	0.0578504
34.6204	0.0557527
34.6367	0.0536603
34.653	0.0523483
34.6693	0.0524719
34.6856	0.0539127
34.7019	0.0559854
34.7181	0.0576632
34.7344	0.0581501
34.7507	0.057178
34.767	0.0551383
34.7833	0.0530462
34.7996	0.051758
34.8159	0.0519114
34.8322	0.0533763
34.8485	0.0554953
34.8648	0.0570937
34.8811	0.0575367
34.8974	0.0565249
34.9137	0.0545963
34.9299	0.0522089
34.9462	0.0510304
34.9625	0.0512248
34.9788	0.0527202
34.9951	0.0547741
35.0114	0.0563842
35.0277	0.0567647
35.044	0.0556858
35.0603	0.0536076
35.0766	0.0515188
35.0929	0.050308
35.1092	0.0505226
35.1254	0.052028
35.1417	0.0539959
35.158	0.0555024
35.1743	0.0557272
35.1906	0.0544754
35.2069	0.0522352
35.2232	0.0500401
35.2395	0.0485802
35.2558	0.0485002
35.2721	0.0491605
35.2884	0.0452632
35.3047	0.0599426
35.321	0.0571663
35.3372	0.0551794
35.3535	0.0526145
35.3698	0.0502284
35.3861	0.0488918
35.4024	0.0491524
35.4187	0.0507807
35.435	0.0529637
35.4513	0.0546322
35.4676	0.0549368
35.4839	0.0537176
35.5002	0.0514807
35.5165	0.0492394
35.5327	0.0479807
35.549	0.0482391
35.5653	0.0498408
35.5816	0.0519983
35.5979	0.0536457
35.6142	0.0538773
35.6305	0.0525932
35.6468	0.0502295
35.6631	0.047055
35.6794	0.0477141
35.6957	0.0475795
35.712	0.0490925
35.7283	0.0511709
35.7445	0.0529425
35.7608	0.0531271
35.7771	0.0518569
35.7934	0.0496001
35.8097	0.0473247
35.826	0.0460831
35.8423	0.0463087
35.8586	0.0479282
35.8749	0.0500741
35.8912	0.0516969
35.9075	0.0519942
35.9238	0.0507616
35.94	0.0485328
35.9563	0.0463036
35.9726	0.0450619
35.9889	0.0453377
36.0052	0.0469455
36.0215	0.0490612
36.0378	0.050632
36.0541	0.050945
36.0704	0.0496802
36.0867	0.0474418
36.103	0.0452481
36.1193	0.0439521
36.1355	0.0442939
36.1518	0.0459262
36.1681	0.0480572
36.1844	0.0496002
36.2007	0.0498529
36.217	0.048603
36.2333	0.0463434
36.2496	0.0441108
36.2659	0.0428767
36.2822	0.0432442
36.2985	0.0448353
36.3148	0.0469488
36.3311	0.0485123
36.3473	0.0486174
36.3636	0.0474434
36.3799	0.0452076
36.3962	0.0429958
36.4125	0.0417918
36.4288	0.0420992
36.4451	0.0437118
36.4614	0.045826
36.4777	0.0473641
36.494	0.0475831
36.5103	0.0462912
36.5266	0.0440436
36.5428	0.0418238
36.5591	0.0406435
36.5754	0.0409007
36.5917	0.0424831
36.608	0.044558
36.6243	0.0461123
36.6406	0.0463573
36.6569	0.0449339
36.6732	0.0428645
36.6895	0.0407653
36.7058	0.0396163
36.7221	0.0410034
36.7384	0.0415762
36.7546	0.0434953
36.7709	0.0448419
36.7872	0.0448735
36.8035	0.0435009
36.8198	0.0412661
36.8361	0.0391936
36.8524	0.0381786
36.8687	0.0386498
36.885	0.0403347
36.9013	0.0423977
36.9176	0.0438021
36.9339	0.0438187
36.9501	0.0423677
36.9664	0.0400623
36.9827	0.0379225
36.999	0.0368633
37.0153	0.0373569
37.0316	0.039125
37.0479	0.0412109
37.0642	0.0426475
37.0805	0.0427436
37.0968	0.0394153
37.1131	0.0386472
37.1294	0.0365215
37.1457	0.0354673
37.1619	0.0359881
37.1782	0.0376626
37.1945	0.0398264
37.2108	0.0412849
37.2271	0.041351
37.2434	0.0399178
37.2597	0.0376329
37.276	0.0354527
37.2923	0.0343782
37.3086	0.0348215
37.3249	0.0364967
37.3412	0.0385863
37.3574	0.0399876
37.3737	0.0399999
37.39	0.0385455
37.4063	0.0362261
37.4226	0.0340842
37.4389	0.0330445
37.4552	0.0335027
37.4715	0.0353057
37.4878	0.0372863
37.5041	0.0386643
37.5204	0.0386419
37.5367	0.0371887
37.5529	0.0348721
37.5692	0.0327464
37.5855	0.0317205
37.6018	0.0321965
37.6181	0.0339231
37.6344	0.0359425
37.6507	0.0372914
37.667	0.0372462
37.6833	0.0357639
37.6996	0.0334315
37.7159	0.03137
37.7322	0.0303662
37.7485	0.0308672
37.7647	0.0324837
37.781	0.0348455
37.7973	0.0360384
37.8136	0.0359333
37.8299	0.0344145
37.8462	0.0321101
37.8625	0.030038
37.8788	0.0290787
37.8951	0.0296412
37.9114	0.0313829
37.9277	0.0333891
37.944	0.0346905
37.9602	0.0345868
37.9765	0.0330577
37.9928	0.0308159
38.0091	0.0287878
38.0254	0.0279149
38.0417	0.0285673
38.058	0.0303945
38.0743	0.0324549
38.0906	0.033947
38.1069	0.0340497
38.1232	0.0330828
38.1395	0.03365
38.1558	0.0225467
38.172	0.0248938
38.1883	0.0261696
38.2046	0.0282268
38.2209	0.03035
38.2372	0.0316642
38.2535	0.0314761
38.2698	0.029846
38.2861	0.0274662
38.3024	0.0253896
38.3187	0.0245341
38.335	0.025202
38.3513	0.0270313
38.3675	0.0290863
38.3838	0.0303402
38.4001	0.0301362
38.4164	0.0285132
38.4327	0.0261516
38.449	0.0240987
38.4653	0.0232779
38.4816	0.0239495
38.4979	0.0257057
38.5142	0.0273822
38.5305	0.0296606
38.5468	0.0290303
38.563	0.0272698
38.5793	0.0248609
38.5956	0.0225896
38.6119	0.0219347
38.6282	0.0227087
38.6445	0.0246091
38.6608	0.0267103
38.6771	0.0279054
38.6934	0.0276439
38.7097	0.0259055
38.726	0.023468
38.7423	0.0213803
38.7586	0.020531
38.7748	0.0212751
38.7911	0.0231715
38.8074	0.0252596
38.8237	0.0264939
38.84	0.0262269
38.8563	0.0245106
38.8726	0.0220999
38.8889	0.020051
38.9052	0.0191483
38.9215	0.0199289
38.9378	0.0218356
38.9541	0.0239109
38.9703	0.0251315
38.9866	0.0248503
39.0029	0.0231174
39.0192	0.0206888
39.0355	0.0186454
39.0518	0.0178343
39.0681	0.0185741
39.0844	0.0205007
39.1007	0.0225906
39.117	0.0238261
39.1333	0.0234718
39.1496	0.0217867
39.1659	0.0193667
39.1821	0.017313
39.1984	0.0164993
39.2147	0.0173002
39.231	0.0191917
39.2473	0.0212551
39.2636	0.0224496
39.2799	0.0221502
39.2962	0.0204293
39.3125	0.0180165
39.3288	0.0160025
39.3451	0.0152267
39.3614	0.0160238
39.3776	0.0179216
39.3939	0.0199676
39.4102	0.0211154
39.4265	0.02081
39.4428	0.0190879
39.4591	0.0167093
39.4754	0.0147265
39.4917	0.0140167
39.508	0.015079
39.5243	0.0168579
39.5406	0.0189244
39.5569	0.0202802
39.5732	0.0260371
39.5894	0.0168668
39.6057	0.0149175
39.622	0.01318
39.6383	0.0126994
39.6546	0.0136708
39.6709	0.0157127
39.6872	0.0177564
39.7035	0.0188132
39.7198	0.0183212
39.7361	0.0164486
39.7524	0.0139844
39.7687	0.012034
39.7849	0.0114478
39.8012	0.0124434
39.8175	0.0144889
39.8338	0.0165615
39.8501	0.0176407
39.8664	0.017118
39.8827	0.015159
39.899	0.0127014
39.9153	0.0107705
39.9316	0.0102868
39.9479	0.0145849
39.9642	0.0129416
39.9804	0.0152179
39.9967	0.0163794
40.013	0.0158925
40.0293	0.0139901
40.0456	0.0114269
40.0619	0.00939901
40.0782	0.00875126
40.0945	0.00973501
40.1108	0.0118058
40.1271	0.013973
40.1434	0.0151376
40.1597	0.0147164
40.176	0.0128706
40.1922	0.0103672
40.2085	0.00839755
40.2248	0.0077874
40.2411	0.00876994
40.2574	0.010842
40.2737	0.0129462
40.29	0.0140479
40.3063	0.0136013
40.3226	0.011637
40.3389	0.00925297
40.3552	0.00729523
40.3715	0.00672607
40.3877	0.00770297
40.404	0.00980944
40.4203	0.0118964
40.4366	0.0129861
40.4529	0.0125034
40.4692	0.0105825
40.4855	0.00816411
40.5018	0.00620837
40.5181	0.00566131
40.5344	0.00668736
40.5507	0.00877166
40.567	0.0108736
40.5833	0.0119356
40.5995	0.0114211
40.6158	0.00950631
40.6321	0.0071248
40.6484	0.00519588
40.6647	0.00469514
40.681	0.00576411
40.6973	0.00784251
40.7136	0.00991209
40.7299	0.0109464
40.7462	0.010385
40.7625	0.00846644
40.7788	0.00604894
40.795	0.0042016
40.8113	0.00376283
40.8276	0.00490773
40.8439	0.00698663
40.8602	0.00904197
40.8765	0.00999675
40.8928	0.00933204
40.9091	0.00728655
40.9254	0.00474317
40.9417	0.00284678
40.958	0.00234789
40.9743	0.00335082
40.9906	0.00473912
41.0068	0.011007
41.0231	0.00994107
41.0394	0.00900581
41.0557	0.00683464
41.072	0.00424427
41.0883	0.00226258
41.1046	0.00179014
41.1209	0.00297668
41.1372	0.00520371
41.1535	0.00738525
41.1698	0.00844339
41.1861	0.00788861
41.2023	0.00590293
41.2186	0.0034096
41.2349	0.00152619
41.2512	0.00109316
41.2675	0.00226647
41.2838	0.00445969
41.3001	0.0065893
41.3164	0.00757274
41.3327	0.00695273
41.349	0.00492772
41.3653	0.00230355
41.3816	0.00106614
41.3978	0.000402573
41.4141	0.00159162
41.4304	0.00380304
41.4467	0.00605347
41.463	0.00693727
41.4793	0.00630936
41.4956	0.0042945
41.5119	0.00178389
41.5282	1.3483e-05
41.5445	0.000390174
41.5608	0.000872209
41.5771	0.00311283
41.5934	0.0052561
41.6096	0.00628132
41.6259	0.00563747
41.6422	0.00361677
41.6585	0.00113653
41.6748	0.000680941
41.6911	0.00100861
41.7074	0.000266461
41.7237	0.00249319
41.74	0.00460201
41.7563	0.0057418
41.7726	0.0050135
41.7889	0.00297702
41.8051	0.000511338
41.8214	0.0012711
41.8377	0.00155999
41.854	0.000236218
41.8703	0.00204078
41.8866	0.00416899
41.9029	0.00514938
41.9192	0.00446057
41.9355	0.00238483
41.9518	0.000117684
41.9681	0.00191801
41.9844	0.00212388
42.0007	0.000837801
42.0169	0.00145702
42.0332	0.00359259
42.0495	0.00430686
42.0658	0.00411706
42.0821	0.0020068
42.0984	0.000490398
42.1147	0.00228305
42.131	0.00257311
42.1473	0.00125256
42.1636	0.00103886
42.1799	0.00316302
42.1962	0.00414811
42.2124	0.00346989
42.2287	0.00145292
42.245	0.000987906
42.2613	0.00271008
42.2776	0.00298454
42.2939	0.00168988
42.3102	0.000510567
42.3265	0.00253432
42.3428	0.00336588
42.3591	0.00248039
42.3754	0.00052637
42.3917	0.00191844
42.408	0.00377708
42.4242	0.00658598
42.4405	0.000573574
42.4568	0.00114139
42.4731	0.00304369
42.4894	0.00377166
42.5057	0.00296991
42.522	0.000793547
42.5383	0.0016592
42.5546	0.00327809
42.5709	0.00333394
42.5872	0.0018107
42.6035	0.000562035
42.6197	0.00266779
42.636	0.00347578
42.6523	0.00260411
42.6686	0.000449236
42.6849	0.00199684
42.7012	0.00360233
42.7175	0.00357854
42.7338	0.00198967
42.7501	0.000376967
42.7664	0.00239442
42.7827	0.00294071
42.799	0.000704809
42.8152	0.00126364
42.8315	0.00175643
42.8478	0.00351175
42.8641	0.00352129
42.8804	0.00192547
42.8967	0.000628853
42.913	0.00284255
42.9293	0.00371558
42.9456	0.0028208
42.9619	0.000588379
42.9782	0.00198896
42.9945	0.00368241
43.0108	0.00373026
43.027	0.00212821
43.0433	0.00039536
43.0596	0.00259096
43.0759	0.00347935
43.0922	0.00262172
43.1085	0.000399944
43.1248	0.00207152
43.1411	0.00368721
43.1574	0.00369382
43.1737	0.00193682
43.19	0.000411911
43.2063	0.00262716
43.2225	0.00348333
43.2388	0.00263329
43.2551	0.000454393
43.2714	0.00201961
43.2877	0.00361902
43.304	0.00358654
43.3203	0.00189502
43.3366	0.000568735
43.3529	0.00279335
43.3692	0.00363257
43.3855	0.00275352
43.4018	0.000564507
43.4181	0.00192627
43.4343	0.00347077
43.4506	0.00337994
43.4669	0.00167533
43.4832	0.000761865
43.4995	0.00300394
43.5158	0.00382473
43.5321	0.00291674
43.5484	0.000721137
43.5647	0.00172569
43.581	0.00325387
43.5973	0.00311006
43.6136	0.00137859
43.6298	0.00114334
43.6461	0.00331633
43.6624	0.00410013
43.6787	0.00315317
43.695	0.000967828
43.7113	0.00145245
43.7276	0.00292252
43.7439	0.00270821
43.7602	0.000902702
43.7765	0.00169343
43.7928	0.00374523
43.8091	0.00443299
43.8254	0.00328581
43.8416	0.000676122
43.8579	0.000551025
43.8742	0.00269092
43.8905	0.00265282
43.9068	0.000857877
43.9231	0.00175883
43.9394	0.00406453
43.9557	0.00492814
43.972	0.00399239
43.9883	0.0017541
44.0046	0.000707279
44.0209	0.00220419
44.0371	0.00202853
44.0534	0.000206516
44.0697	0.00240108
44.086	0.00461232
44.1023	0.00541613
44.1186	0.0044755
44.1349	0.00224204
44.1512	0.000162846
44.1675	0.00162541
44.1838	0.00139197
44.2001	0.000418988
44.2164	0.0029198
44.2326	0.00593111
44.2489	0.00609025
44.2652	0.0050195
44.2815	0.00273733
44.2978	0.00031362
44.3141	0.00107189
44.3304	0.000776298
44.3467	0.00113693
44.363	0.00379739
44.3793	0.00593471
44.3956	0.00664285
44.4119	0.00560912
44.4282	0.00332713
44.4444	0.000906496
44.4607	0.000497969
44.477	0.000137951
44.4933	0.00180029
44.5096	0.00447966
44.5259	0.00666434
44.5422	0.00737704
44.5585	0.00631507
44.5748	0.00403661
44.5911	0.00161329
44.6074	0.000221168
44.6237	0.000610403
44.6399	0.00258136
44.6562	0.00525552
44.6725	0.00741337
44.6888	0.00814428
44.7051	0.00706026
44.7214	0.0047554
44.7377	0.00235973
44.754	0.00102705
44.7703	0.00147505
44.7866	0.00349547
44.8029	0.00621216
44.8192	0.00839516
44.8355	0.0091
44.8517	0.00790347
44.868	0.00556333
44.8843	0.00317169
44.9006	0.0020808
44.9169	0.00199501
44.9332	0.00422841
44.9495	0.00701383
44.9658	0.00922738
44.9821	0.00989772
44.9984	0.00873269
45.0147	0.00633524
45.031	0.00390443
45.0472	0.00257994
45.0635	0.0030718
45.0798	0.00516964
45.0961	0.00794786
45.1124	0.0101198
45.1287	0.0107117
45.145	0.00946701
45.1613	0.0069582
45.1776	0.0043644
45.1939	0.00286905
45.2102	0.00318424
45.2265	0.00476096
45.2428	0.00686645
45.259	0.00753089
45.2753	0.000700265
45.2916	0.0180879
45.3079	0.0108051
45.3242	0.0072626
45.3405	0.00556169
45.3568	0.00590783
45.3731	0.00801601
45.3894	0.0108384
45.4057	0.0130707
45.422	0.0137093
45.4383	0.0125159
45.4545	0.0100943
45.4708	0.00762438
45.4871	0.00634266
45.5034	0.00687397
45.5197	0.00902082
45.536	0.0118185
45.5523	0.0140186
45.5686	0.0146097
45.5849	0.0134341
45.6012	0.011084
45.6175	0.00876428
45.6338	0.00769965
45.65	0.00920635
45.6663	0.00958168
45.6826	0.0128174
45.6989	0.0150794
45.7152	0.0156668
45.7315	0.0143343
45.7478	0.0119277
45.7641	0.00954763
45.7804	0.00839613
45.7967	0.00910044
45.813	0.0114027
45.8293	0.0143501
45.8456	0.0165776
45.8618	0.0171423
45.8781	0.0158539
45.8944	0.0133443
45.9107	0.0109325
45.927	0.0097417
45.9433	0.0104374
45.9596	0.0127981
45.9759	0.0156759
45.9922	0.0178956
46.0085	0.0184562
46.0248	0.0170012
46.0411	0.0147913
46.0573	0.0122977
46.0736	0.0111176
46.0899	0.0117987
46.1062	0.0141708
46.1225	0.0171011
46.1388	0.0193409
46.1551	0.0198999
46.1714	0.0185729
46.1877	0.0161053
46.204	0.0136403
46.2203	0.0124944
46.2366	0.0132412
46.2529	0.0156253
46.2691	0.0185198
46.2854	0.0207798
46.3017	0.0213187
46.318	0.0199771
46.3343	0.0176574
46.3506	0.015036
46.3669	0.0139066
46.3832	0.0146758
46.3995	0.0170727
46.4158	0.0200737
46.4321	0.0223204
46.4484	0.0228449
46.4646	0.021513
46.4809	0.019
46.4972	0.0165429
46.5135	0.0153823
46.5298	0.0161419
46.5461	0.0185095
46.5624	0.0215212
46.5787	0.0238425
46.595	0.0245096
46.6113	0.0233523
46.6276	0.0210705
46.6439	0.0187715
46.6601	0.0177644
46.6764	0.0185231
46.6927	0.0207133
46.709	0.027273
46.7253	0.0256842
46.7416	0.0259245
46.7579	0.0244527
46.7742	0.0219604
46.7905	0.0197224
46.8068	0.0187978
46.8231	0.0197778
46.8394	0.0222467
46.8557	0.0251495
46.8719	0.0271783
46.8882	0.0274997
46.9045	0.0259631
46.9208	0.0234282
46.9371	0.021131
46.9534	0.0202393
46.9697	0.0212559
46.986	0.0238173
47.0023	0.0267759
47.0186	0.028851
47.0349	0.0291396
47.0512	0.027592
47.0674	0.0250188
47.0837	0.023035
47.1	0.0218992
47.1163	0.0229755
47.1326	0.0255851
47.1489	0.0285785
47.1652	0.030658
47.1815	0.0309165
47.1978	0.0292991
47.2141	0.026658
47.2304	0.0243604
47.2467	0.0235281
47.263	0.0246296
47.2792	0.0273
47.2955	0.0303626
47.3118	0.032486
47.3281	0.0326943
47.3444	0.0310719
47.3607	0.0284047
47.377	0.0260679
47.3933	0.0252355
47.4096	0.0264162
47.4259	0.0291234
47.4422	0.0322226
47.4585	0.034264
47.4747	0.0345125
47.491	0.0328331
47.5073	0.0301449
47.5236	0.027821
47.5399	0.0270156
47.5562	0.0282618
47.5725	0.0310439
47.5888	0.0341629
47.6051	0.0362287
47.6214	0.0363589
47.6377	0.0346196
47.654	0.0318873
47.6703	0.0295454
47.6865	0.0287545
47.7028	0.0302052
47.7191	0.0330515
47.7354	0.0361904
47.7517	0.0381562
47.768	0.0386201
47.7843	0.0366302
47.8006	0.0338434
47.8169	0.0315156
47.8332	0.030859
47.8495	0.032325
47.8658	0.0353463
47.882	0.0385975
47.8983	0.0407006
47.9146	0.0407329
47.9309	0.0388329
47.9472	0.0360136
47.9635	0.0337807
47.9798	0.03342
47.9961	0.0353339
48.0124	0.038974
48.0287	0.0429554
48.045	0.0457919
48.0613	0.0465793
48.0775	0.0456068
48.0938	0.044224
48.1101	0.0456619
48.1264	0.0648267
48.1427	0.00156006
48.159	0.026366
48.1753	0.0345238
48.1916	0.0389078
48.2079	0.0403176
48.2242	0.0391483
48.2405	0.0365505
48.2568	0.0341138
48.2731	0.033221
48.2893	0.0344813
48.3056	0.0374633
48.3219	0.0409133
48.3382	0.0433266
48.3545	0.0437399
48.3708	0.042097
48.3871	0.0393237
48.4034	0.0368499
48.4197	0.0360084
48.436	0.0372908
48.4523	0.040232
48.4686	0.0435984
48.4848	0.0459672
48.5011	0.0465919
48.5174	0.0436486
48.5337	0.0411994
48.55	0.0387777
48.5663	0.0379469
48.5826	0.0393401
48.5989	0.042231
48.6152	0.0455373
48.6315	0.0477697
48.6478	0.0479685
48.6641	0.0461364
48.6804	0.0432806
48.6966	0.0407896
48.7129	0.0399829
48.7292	0.0413286
48.7455	0.0443203
48.7618	0.0475769
48.7781	0.0497572
48.7944	0.0498471
48.8107	0.0479116
48.827	0.0450231
48.8433	0.0425486
48.8596	0.0417937
48.8759	0.0433351
48.8921	0.0460646
48.9084	0.0494832
48.9247	0.0516402
48.941	0.0517089
48.9573	0.0497106
48.9736	0.0467195
48.9899	0.0442127
49.0062	0.0434648
49.0225	0.0449288
49.0388	0.048007
49.0551	0.0513832
49.0714	0.0535059
49.0877	0.053501
49.1039	0.0514383
49.1202	0.0484457
49.1365	0.045885
49.1528	0.0451581
49.1691	0.0466758
49.1854	0.0496228
49.2017	0.0533186
49.218	0.0554258
49.2343	0.0553638
49.2506	0.0532079
49.2669	0.0500042
49.2832	0.0473753
49.2994	0.0466274
49.3157	0.0481848
49.332	0.05147
49.3483	0.0550406
49.3646	0.0573135
49.3809	0.0572749
49.3972	0.054998
49.4135	0.0515023
49.4298	0.0484066
49.4461	0.0471265
49.4624	0.0482293
49.4787	0.051178
49.4949	0.0547976
49.5112	0.0572051
49.5275	0.0575018
49.5438	0.0552183
49.5601	0.0387633
49.5764	0.0533151
49.5927	0.0512356
49.609	0.0519179
49.6253	0.0544038
49.6416	0.0572926
49.6579	0.059379
49.6742	0.0595799
49.6905	0.0579892
49.7067	0.0554738
49.723	0.0533816
49.7393	0.052834
49.7556	0.0542668
49.7719	0.0570531
49.7882	0.0599914
49.8045	0.0617582
49.8208	0.0615808
49.8371	0.05958
49.8534	0.0568135
49.8697	0.0546261
49.886	0.054186
49.9022	0.0557662
49.9185	0.0586889
49.9348	0.0614549
49.9511	0.0634686
49.9674	0.0631449
49.9837	0.0610139
50	0.0582132
50.0163	0.055849
50.0326	0.0555278
50.0489	0.057258
50.0652	0.0603318
50.0815	0.0633625
50.0978	0.064999
50.114	0.0646204
50.1303	0.0623353
50.1466	0.0593416
50.1629	0.0571084
50.1792	0.0568327
50.1955	0.0586236
50.2118	0.0617983
50.2281	0.0649055
50.2444	0.0665725
50.2607	0.066044
50.277	0.0636766
50.2933	0.0606091
50.3095	0.0583978
50.3258	0.058116
50.3421	0.0599967
50.3584	0.063224
50.3747	0.0663236
50.391	0.0679593
50.4073	0.0673312
50.4236	0.0648558
50.4399	0.0617405
50.4562	0.0595773
50.4725	0.0593726
50.4888	0.0613499
50.5051	0.0646389
50.5213	0.0677553
50.5376	0.0693849
50.5539	0.0683043
50.5702	0.0657552
50.5865	0.0626051
50.6028	0.0605506
50.6191	0.0597054
50.6354	0.0622959
50.6517	0.0657028
50.668	0.0688098
50.6843	0.0701631
50.7006	0.0691151
50.7168	0.0661843
50.7331	0.0627847
50.7494	0.0605368
50.7657	0.0605839
50.782	0.0629101
50.7983	0.06643
50.8146	0.0694073
50.8309	0.0702702
50.8472	0.0684088
50.8635	0.0643628
50.8798	0.0597405
50.8961	0.0563697
50.9123	0.0554405
50.9286	0.0568536
50.9449	0.0587426
50.9612	0.0570071
50.9775	0.035015
50.9938	0.165198
51.0101	0.0933419
51.0264	0.0794979
51.0427	0.0721597
51.059	0.069037
51.0753	0.0696155
51.0916	0.0727234
51.1079	0.0763766
51.1241	0.0786689
51.1404	0.078454
51.1567	0.0758321
51.173	0.0720461
51.1893	0.0689227
51.2056	0.0678588
51.2219	0.0693365
51.2382	0.0725924
51.2545	0.0760631
51.2708	0.0780755
51.2871	0.0777436
51.3034	0.0751886
51.3196	0.0717563
51.3359	0.0691385
51.3522	0.0690326
51.3685	0.0681793
51.3848	0.0728754
51.4011	0.0764973
51.4174	0.078441
51.4337	0.0778157
51.45	0.0752588
51.4663	0.0717441
51.4826	0.0690877
51.4989	0.0685967
51.5152	0.0705699
51.5314	0.0740756
51.5477	0.0775873
51.564	0.0794396
51.5803	0.0788097
51.5966	0.0760224
51.6129	0.0724745
51.6292	0.0697857
51.6455	0.0693397
51.6618	0.0713795
51.6781	0.0749006
51.6944	0.0783996
51.7107	0.0802105
51.7269	0.0794497
51.7432	0.0768125
51.7595	0.0730902
51.7758	0.0704194
51.7921	0.0700027
51.8084	0.0721092
51.8247	0.0757628
51.841	0.0792931
51.8573	0.0810837
51.8736	0.0803205
51.8899	0.0773993
51.9062	0.0736991
51.9225	0.0710412
51.9387	0.0706894
51.955	0.0728618
51.9713	0.0764323
51.9876	0.0801265
52.0039	0.0819019
52.0202	0.08109
52.0365	0.0782916
52.0528	0.0741255
52.0691	0.0715287
52.0854	0.0712496
52.1017	0.0735546
52.118	0.077458
52.1342	0.0811472
52.1505	0.0829557
52.1668	0.0820884
52.1831	0.0789283
52.1994	0.0749956
52.2157	0.072186
52.232	0.0719014
52.2483	0.0744009
52.2646	0.0787058
52.2809	0.0830108
52.2972	0.0855166
52.3135	0.0852898
52.3297	0.0826853
52.346	0.079034
52.3623	0.0766246
52.3786	0.0771298
52.3949	0.0828458
52.4112	0.122737
52.4275	0.0639381
52.4438	0.0753243
52.4601	0.0775121
52.4764	0.0761871
52.4927	0.0735538
52.509	0.0712892
52.5253	0.0709882
52.5415	0.0728657
52.5578	0.0761462
52.5741	0.0792975
52.5904	0.0808533
52.6067	0.0800512
52.623	0.0773389
52.6393	0.074013
52.6556	0.0717049
52.6719	0.0715758
52.6882	0.073767
52.7045	0.0772584
52.7208	0.0804604
52.737	0.0818456
52.7533	0.0807705
52.7696	0.0777186
52.7859	0.0734232
52.8022	0.0722507
52.8185	0.072007
52.8348	0.0742469
52.8511	0.0777687
52.8674	0.0812087
52.8837	0.0824671
52.9	0.0812559
52.9163	0.0780888
52.9326	0.0744535
52.9488	0.0720639
52.9651	0.0719965
52.9814	0.074379
52.9977	0.0780494
53.014	0.0812944
53.0303	0.0825432
53.0466	0.0812701
53.0629	0.0779878
53.0792	0.074279
53.0955	0.071867
53.1118	0.0719249
53.1281	0.0743919
53.1443	0.0781339
53.1606	0.0813358
53.1769	0.0826226
53.1932	0.081212
53.2095	0.0778234
53.2258	0.0740837
53.2421	0.0716491
53.2584	0.071768
53.2747	0.0743183
53.291	0.0781149
53.3073	0.0813268
53.3236	0.0824945
53.3399	0.081034
53.3561	0.0775818
53.3724	0.0737707
53.3887	0.0712473
53.405	0.0719589
53.4213	0.0743867
53.4376	0.0781643
53.4539	0.0813236
53.4702	0.0827392
53.4865	0.0808136
53.5028	0.0773334
53.5191	0.073548
53.5354	0.0713025
53.5516	0.0716822
53.5679	0.0745058
53.5842	0.0784443
53.6005	0.0816429
53.6168	0.0825636
53.6331	0.0807986
53.6494	0.077185
53.6657	0.0734851
53.682	0.0715835
53.6983	0.0724691
53.7146	0.0759674
53.7309	0.0806017
53.7471	0.0844224
53.7634	0.08585
53.7797	0.0845295
53.796	0.0819318
53.8123	0.0809546
53.8286	0.089963
53.8449	0.0363609
53.8612	0.0578836
53.8775	0.0694787
53.8938	0.0757683
53.9101	0.0781399
53.9264	0.0766951
53.9427	0.0725961
53.9589	0.0680133
53.9752	0.065096
53.9915	0.0652104
54.0078	0.068307
54.0241	0.0729292
54.0404	0.0769133
54.0567	0.078452
54.073	0.0768404
54.0893	0.0728745
54.1056	0.0684067
54.1219	0.0655358
54.1382	0.0655547
54.1544	0.0684893
54.1707	0.072796
54.187	0.0764496
54.2033	0.0775598
54.2196	0.0776241
54.2359	0.0723447
54.2522	0.0677953
54.2685	0.0649635
54.2848	0.0650442
54.3011	0.0680077
54.3174	0.0723205
54.3337	0.0759218
54.35	0.0770545
54.3662	0.0750877
54.3825	0.0709915
54.3988	0.0664443
54.4151	0.0636886
54.4314	0.0639222
54.4477	0.0670027
54.464	0.071391
54.4803	0.0750724
54.4966	0.0761358
54.5129	0.0740663
54.5292	0.0697704
54.5455	0.0651675
54.5617	0.0623835
54.578	0.0626863
54.5943	0.0657149
54.6106	0.070295
54.6269	0.0739546
54.6432	0.0749553
54.6595	0.072786
54.6758	0.0683127
54.6921	0.0636203
54.7084	0.0608086
54.7247	0.0611476
54.741	0.0643852
54.7572	0.0689785
54.7735	0.0726477
54.7898	0.0736119
54.8061	0.0713183
54.8224	0.0668317
54.8387	0.0619438
54.855	0.0591075
54.8713	0.0594717
54.8876	0.0627074
54.9039	0.0675854
54.9202	0.0711697
54.9365	0.0720318
54.9528	0.0695631
54.969	0.0648001
54.9853	0.05988
55.0016	0.0569962
55.0179	0.0574117
55.0342	0.060874
55.0505	0.0656407
55.0668	0.0693498
55.0831	0.0701021
55.0994	0.0673313
55.1157	0.0621114
55.132	0.0566258
55.1483	0.0532117
55.1645	0.0531855
55.1808	0.0562829
55.1971	0.0607989
55.2134	0.0639636
55.2297	0.0635891
55.246	0.0573972
55.2623	0.0294053
55.2786	0.0796418
55.2949	0.0623734
55.3112	0.0594505
55.3275	0.0615392
55.3438	0.0656406
55.3601	0.0693211
55.3763	0.0702252
55.3926	0.0677471
55.4089	0.0628302
55.4252	0.0576262
55.4415	0.0544138
55.4578	0.0545705
55.4741	0.0578243
55.4904	0.0625133
55.5067	0.0662511
55.523	0.0671122
55.5393	0.0645155
55.5556	0.0595527
55.5718	0.0544041
55.5881	0.0513663
55.6044	0.0517398
55.6207	0.0551699
55.637	0.0595393
55.6533	0.0645484
55.6696	0.0650643
55.6859	0.0622782
55.7022	0.0571865
55.7185	0.0517369
55.7348	0.0488836
55.7511	0.0494646
55.7674	0.0532069
55.7836	0.0582558
55.7999	0.0621041
55.8162	0.0628147
55.8325	0.059889
55.8488	0.0545651
55.8651	0.049202
55.8814	0.0462053
55.8977	0.0468745
55.914	0.0508469
55.9303	0.0561153
55.9466	0.0601243
55.9629	0.0608263
55.9791	0.0577842
55.9954	0.0522573
56.0117	0.0467116
56.028	0.0435975
56.0443	0.0443432
56.0606	0.0484839
56.0769	0.0539742
56.0932	0.0581625
56.1095	0.0589342
56.1258	0.0557831
56.1421	0.0500162
56.1584	0.0442091
56.1746	0.0409488
56.1909	0.041664
56.2072	0.0460277
56.2235	0.0519006
56.2398	0.0565277
56.2561	0.0570315
56.2724	0.0540624
56.2887	0.0480313
56.305	0.0418191
56.3213	0.0382623
56.3376	0.0389548
56.3539	0.0435275
56.3702	0.0499584
56.3864	0.0551288
56.4027	0.0565575
56.419	0.0533836
56.4353	0.0468945
56.4516	0.0399375
56.4679	0.0356495
56.4842	0.0360816
56.5005	0.0412654
56.5168	0.0491431
56.5331	0.0564197
56.5494	0.0600993
56.5657	0.0585108
56.5819	0.0522603
56.5982	0.0437415
56.6145	0.0363419
56.6308	0.0327753
56.6471	0.0341711
56.6634	0.0405876
56.6797	0.053531
56.696	0.787902
56.7123	0.0295449
56.7286	0.0348017
56.7449	0.0332652
56.7612	0.0303935
56.7775	0.0286598
56.7937	0.0289496
56.81	0.0307046
56.8263	0.0326671
56.8426	0.0334384
56.8589	0.0323677
56.8752	0.0299072
56.8915	0.0273698
56.9078	0.0261686
56.9241	0.0271263
56.9404	0.0299363
56.9567	0.0332871
56.973	0.0354893
56.9892	0.0352749
57.0055	0.0325428
57.0218	0.0283645
57.0381	0.0246049
57.0544	0.0229638
57.0707	0.0226587
57.087	0.0275865
57.1033	0.0316634
57.1196	0.0342199
57.1359	0.0339598
57.1522	0.0304955
57.1685	0.0256437
57.1848	0.0213194
57.201	0.0194702
57.2173	0.0209183
57.2336	0.0248212
57.2499	0.0293849
57.2662	0.0321905
57.2825	0.0317819
57.2988	0.0281213
57.3151	0.0227656
57.3314	0.0179702
57.3477	0.0159239
57.364	0.0174211
57.3803	0.0216449
57.3965	0.0264909
57.4128	0.0295098
57.4291	0.0291025
57.4454	0.0252986
57.4617	0.0195644
57.478	0.0145225
57.4943	0.0123645
57.5106	0.0138983
57.5269	0.0183412
57.5432	0.0234238
57.5595	0.0266103
57.5758	0.0262012
57.592	0.0221947
57.6083	0.0162306
57.6246	0.0109364
57.6409	0.00858182
57.6572	0.0101059
57.6735	0.0145581
57.6898	0.0200364
57.7061	0.0233886
57.7224	0.0230616
57.7387	0.0189022
57.755	0.013148
57.7713	0.00742551
57.7876	0.00479931
57.8038	0.00617921
57.8201	0.0107428
57.8364	0.0161647
57.8527	0.0197831
57.869	0.0197041
57.8853	0.0157469
57.9016	0.00952167
57.9179	0.00362576
57.9342	0.000481279
57.9505	0.00123806
57.9668	0.00520755
57.9831	0.0103077
57.9993	0.0139796
58.0156	0.0144741
58.0319	0.0115685
58.0482	0.00656366
58.0645	0.00180309
58.0808	0.00119489
58.0971	0.00254012
58.1134	0.0107357
58.1297	0.0332018
58.146	0.0190614
58.1623	0.0144943
58.1786	0.00885847
58.1949	0.00304561
58.2111	0.000895046
58.2274	0.00109555
58.2437	0.00251387
58.26	0.00828349
58.2763	0.0134029
58.2926	0.0152312
58.3089	0.0125371
58.3252	0.00616534
58.3415	0.00133307
58.3578	0.00676467
58.3741	0.00779378
58.3904	0.0041002
58.4066	0.0025
58.4229	0.00877737
58.4392	0.0116541
58.4555	0.00952858
58.4718	0.00317799
58.4881	0.00449672
58.5044	0.0111491
58.5207	0.0122002
58.537	0.00837153
58.5533	0.00136475
58.5696	0.00545481
58.5859	0.00866374
58.6022	0.0065908
58.6184	2.95342e-05
58.6347	0.00831313
58.651	0.0145557
58.6673	0.0157625
58.6836	0.0117515
58.6999	0.00429984
58.7162	0.00295751
58.7325	0.00644176
58.7488	0.00425114
58.7651	0.00276661
58.7814	0.0115263
58.7977	0.0180695
58.8139	0.0194025
58.8302	0.0149436
58.8465	0.00683506
58.8628	0.00105955
58.8791	0.00489417
58.8954	0.00267197
58.9117	0.00476856
58.928	0.0140981
58.9443	0.0210916
58.9606	0.0224347
58.9769	0.0174791
58.9932	0.00847927
59.0094	0.000367745
59.0257	0.0048194
59.042	0.00265437
59.0583	0.0053699
59.0746	0.0156258
59.0909	0.0234014
59.1072	0.0242743
59.1235	0.0189003
59.1398	0.00836783
59.1561	0.00225185
59.1724	0.00787054
59.1887	0.00628352
59.205	0.00248939
59.2212	0.0141748
59.2375	0.0231321
59.2538	0.0247272
59.2701	0.0173519
59.2864	0.00351039
59.3027	0.0112209
59.319	0.0206586
59.3353	0.0206904
59.3516	0.0113426
59.3679	0.00292551
59.3842	0.0147785
59.4005	0.0170027
59.4167	0.00510969
59.433	0.0207496
59.4493	0.0562679
59.4656	0.0952002
59.4819	0.133972
59.4982	0.176601
59.5145	0.247142
59.5308	0.456599
59.5471	4.16936
59.5634	0.688852
59.5797	0.351623
59.596	0.239962
59.6123	0.175964
59.6285	0.133085
59.6448	0.1057
59.6611	0.0915749
59.6774	0.0875869
59.6937	0.0891577
59.71	0.0916565
59.7263	0.0918529
59.7426	0.0887916
59.7589	0.0836123
59.7752	0.0785004
59.7915	0.0753502
59.8078	0.0748191
59.824	0.0761021
59.8403	0.0775132
59.8566	0.0775458
59.8729	0.0756291
59.8892	0.0724764
59.9055	0.069552
59.9218	0.0675073
59.9381	0.0700896
59.9544	0.0730504
59.9707	0.0761537
59.987	0.0777272
60.0033	0.0761846
60.0196	0.0729673
60.0358	0.0690894
60.0521	0.0666396
60.0684	0.0670524
60.0847	0.07027
60.101	0.0751458
60.1173	0.0792392
60.1336	0.0806852
60.1499	0.0787595
60.1662	0.0744135
60.1825	0.0697434
60.1988	0.0672711
60.2151	0.0683877
60.2313	0.0728515
60.2476	0.0789049
60.2639	0.0838128
60.2802	0.0854077
60.2965	0.0830393
60.3128	0.0778751
60.3291	0.0726082
60.3454	0.0699685
60.3617	0.0714753
60.378	0.0768953
60.3943	0.0839357
60.4106	0.0895828
60.4268	0.0913601
60.4431	0.0887755
60.4594	0.082844
60.4757	0.0768784
60.492	0.0739203
60.5083	0.0757499
60.5246	0.0819669
60.5409	0.0901424
60.5572	0.0967379
60.5735	0.0989916
60.5898	0.0960207
60.6061	0.0901295
60.6224	0.0830746
60.6386	0.0795764
60.6549	0.081526
60.6712	0.088596
60.6875	0.0980666
60.7038	0.106178
60.7201	0.109596
60.7364	0.107188
60.7527	0.100417
60.769	0.0928374
60.7853	0.0884855
60.8016	0.0901752
60.8179	0.0981736
60.8341	0.110296
60.8504	0.12285
60.8667	0.132426
60.883	0.13748
60.8993	0.139189
60.9156	0.141513
60.9319	0.151064
60.9482	0.181589
60.9645	0.308546
60.9808	0.405866
60.9971	0.00988506
61.0134	0.0436851
61.0297	0.0638414
61.0459	0.0727833
61.0622	0.0777149
61.0785	0.0825659
61.0948	0.0890981
61.1111	0.0968038
61.1274	0.103617
61.1437	0.107211
61.16	0.106374
61.1763	0.101867
61.1926	0.0963188
61.2089	0.0930975
61.2252	0.0947202
61.2414	0.101499
61.2577	0.111369
61.274	0.12055
61.2903	0.125506
61.3066	0.124367
61.3229	0.118208
61.3392	0.110513
61.3555	0.105119
61.3718	0.106276
61.3881	0.113709
61.4044	0.12505
61.4207	0.135978
61.437	0.141705
61.4532	0.140582
61.4695	0.133594
61.4858	0.12473
61.5021	0.119028
61.5184	0.120134
61.5347	0.128636
61.551	0.141611
61.5673	0.15398
61.5836	0.160843
61.5999	0.159743
61.6162	0.152094
61.6325	0.14239
61.6487	0.136295
61.665	0.137974
61.6813	0.148074
61.6976	0.16327
61.7139	0.177879
61.7302	0.18616
61.7465	0.185656
61.7628	0.177605
61.7791	0.167203
61.7954	0.160874
61.8117	0.16355
61.828	0.176098
61.8442	0.194862
61.8605	0.213224
61.8768	0.224455
61.8931	0.225288
61.9094	0.217095
61.9257	0.205957
61.942	0.199758
61.9583	0.204702
61.9746	0.222194
61.9909	0.247992
62.0072	0.27388
62.0235	0.29125
62.0398	0.296073
62.056	0.289017
62.0723	0.278193
62.0886	0.274118
62.1049	0.285525
62.1212	0.31533
62.1375	0.358703
62.1538	0.404878
62.1701	0.441986
62.1864	0.462458
62.2027	0.467421
62.219	0.467484
62.2353	0.4798
62.2515	0.522088
62.2678	0.606947
62.2841	0.738172
62.3004	0.912401
62.3167	1.12654
62.333	1.39315
62.3493	1.76948
62.3656	2.44404
62.3819	4.20362
62.3982	18.977
62.4145	7.29818
62.4308	3.06043
62.4471	1.90802
62.4633	1.34178
62.4796	0.995451
62.4959	0.769668
62.5122	0.627373
62.5285	0.545635
62.5448	0.502966
62.5611	0.478408
62.5774	0.45477
62.5937	0.422232
62.61	0.379597
62.6263	0.332653
62.6426	0.290147
62.6588	0.25933
62.6751	0.242776
62.6914	0.237514
62.7077	0.237006
62.724	0.234092
62.7403	0.224335
62.7566	0.207491
62.7729	0.187115
62.7892	0.169281
62.8055	0.157274
62.8218	0.152899
62.8381	0.154022
62.8543	0.156071
62.8706	0.155261
62.8869	0.149051
62.9032	0.138287
62.9195	0.126186
62.9358	0.116571
62.9521	0.112277
62.9684	0.113077
62.9847	0.11664
63.001	0.119285
63.0173	0.11802
63.0336	0.112044
63.0499	0.103058
63.0661	0.0944522
63.0824	0.0894305
63.0987	0.0896685
63.115	0.0938982
63.1313	0.0990977
63.1476	0.10164
63.1639	0.0993685
63.1802	0.0925848
63.1965	0.0840098
63.2128	0.0773744
63.2291	0.0756915
63.2454	0.0793901
63.2616	0.0863577
63.2779	0.0927236
63.2942	0.0949013
63.3105	0.0912965
63.3268	0.0833233
63.3431	0.074669
63.3594	0.0695276
63.3757	0.0705572
63.392	0.0774219
63.4083	0.0869229
63.4246	0.0944336
63.4409	0.0961615
63.4572	0.0922276
63.4734	0.0820166
63.4897	0.0728227
63.506	0.0686635
63.5223	0.0721228
63.5386	0.0822172
63.5549	0.0947554
63.5712	0.10419
63.5875	0.106319
63.6038	0.100228
63.6201	0.0889916
63.6364	0.0783124
63.6527	0.0740748
63.6689	0.0795595
63.6852	0.0940921
63.7015	0.113163
63.7178	0.130508
63.7341	0.14094
63.7504	0.142613
63.7667	0.138363
63.783	0.135025
63.7993	0.144432
63.8156	0.204393
63.8319	0.562349
63.8482	0.0227737
63.8645	0.0742328
63.8807	0.0968634
63.897	0.106849
63.9133	0.109218
63.9296	0.108591
63.9459	0.109245
63.9622	0.113401
63.9785	0.120676
63.9948	0.128536
64.0111	0.133851
64.0274	0.134758
64.0437	0.131899
64.06	0.128212
64.0762	0.12754
64.0925	0.132538
64.1088	0.14335
64.1251	0.157028
64.1414	0.169175
64.1577	0.175749
64.174	0.175382
64.1903	0.170079
64.2066	0.164184
64.2229	0.16366
64.2392	0.170916
64.2555	0.185641
64.2717	0.203813
64.288	0.219564
64.3043	0.228175
64.3206	0.22816
64.3369	0.222284
64.3532	0.216363
64.3695	0.21676
64.3858	0.226695
64.4021	0.245777
64.4184	0.268977
64.4347	0.289373
64.451	0.301242
64.4673	0.302971
64.4835	0.297746
64.4998	0.292496
64.5161	0.294634
64.5324	0.308696
64.5487	0.333961
64.565	0.364759
64.5813	0.392686
64.5976	0.410757
64.6139	0.416384
64.6302	0.413234
64.6465	0.409668
64.6628	0.415198
64.679	0.436131
64.6953	0.472275
64.7116	0.516741
64.7279	0.558689
64.7442	0.588469
64.7605	0.602104
64.7768	0.604025
64.7931	0.605443
64.8094	0.619727
64.8257	0.656126
64.842	0.715172
64.8583	0.787798
64.8746	0.858843
64.8908	0.915538
64.9071	0.9501
64.9234	0.969608
64.9397	0.990324
64.956	1.03263
64.9723	1.11217
64.9886	1.23239
65.0049	1.38238
65.0212	1.54152
65.0375	1.68887
65.0538	1.81466
65.0701	1.92798
65.0863	2.05837
65.1026	2.24953
65.1189	2.54911
65.1352	2.99917
65.1515	3.63492
65.1678	4.49952
65.1841	5.68725
65.2004	7.45048
65.2167	10.539
65.233	17.8924
65.2493	60.0514
65.2656	45.0786
65.2819	16.7201
65.2981	10.383
65.3144	7.5269
65.3307	5.84927
65.347	4.73098
65.3633	3.95264
65.3796	3.41639
65.3959	3.0594
65.4122	2.82532
65.4285	2.65985
65.4448	2.51713
65.4611	2.36776
65.4774	2.20284
65.4936	2.03163
65.5099	1.87332
65.5262	1.74652
65.5425	1.66029
65.5588	1.6106
65.5751	1.58223
65.5914	1.55587
65.6077	1.51606
65.624	1.45745
65.6403	1.38404
65.6566	1.31078
65.6729	1.25065
65.6891	1.21243
65.7054	1.19565
65.7217	1.19179
65.738	1.18775
65.7543	1.17248
65.7706	1.1415
65.7869	1.09852
65.8032	1.05348
65.8195	1.01721
65.8358	0.996841
65.8521	0.992252
65.8684	0.99652
65.8847	0.999333
65.9009	0.991904
65.9172	0.971155
65.9335	0.940737
65.9498	0.909297
65.9661	0.885747
65.9824	0.87537
65.9987	0.877082
66.015	0.884517
66.0313	0.888814
66.0476	0.883447
66.0639	0.866954
66.0802	0.843628
66.0964	0.820979
66.1127	0.806141
66.129	0.802327
66.1453	0.807627
66.1616	0.815359
66.1779	0.819009
66.1942	0.813861
66.2105	0.799974
66.2268	0.781788
66.2431	0.765875
66.2594	0.757285
66.2757	0.757742
66.292	0.764427
66.3082	0.772286
66.3245	0.774175
66.3408	0.768918
66.3571	0.757031
66.3734	0.74298
66.3897	0.732156
66.406	0.728372
66.4223	0.731834
66.4386	0.7394
66.4549	0.745982
66.4712	0.747307
66.4875	0.741841
66.5037	0.731552
66.52	0.720786
66.5363	0.71414
66.5526	0.714132
66.5689	0.720025
66.5852	0.728286
66.6015	0.734299
66.6178	0.734775
66.6341	0.729152
66.6504	0.720112
66.6667	0.712006
