x	singVal	singValLomSumasingVal	singValsqLomSumasingValsq
0	174.175	0.363168	0.486583
1	170.752	0.356032	0.467647
2	29.0436	0.0605583	0.0135297
3	28.6364	0.0597092	0.0131529
4	23.0743	0.0481118	0.00853973
5	23.0119	0.0479817	0.00849358
6	6.60951	0.0137814	0.00070069
7	6.59828	0.013758	0.00069831
8	3.96056	0.0082581	0.000251594
9	3.95484	0.00824618	0.000250868
10	1.76503	0.00368023	4.99678e-05
11	1.7618	0.00367349	4.9785e-05
12	1.05826	0.00220656	1.79627e-05
13	1.05656	0.00220301	1.7905e-05
14	0.548886	0.00114447	4.83227e-06
15	0.548336	0.00114333	4.82258e-06
16	0.36175	0.000754278	2.09895e-06
17	0.361221	0.000753175	2.09282e-06
18	0.22236	0.000463639	7.93049e-07
19	0.221812	0.000462495	7.89142e-07
20	0.166318	0.000346786	4.43675e-07
21	0.166007	0.000346139	4.4202e-07
22	0.126269	0.000263281	2.5573e-07
23	0.126177	0.00026309	2.55358e-07
24	0.103866	0.000216569	1.73034e-07
25	0.10341	0.000215618	1.71519e-07
26	0.0833917	0.000173879	1.11541e-07
27	0.0832152	0.000173511	1.11069e-07
28	0.0671551	0.000140024	7.23343e-08
29	0.0666864	0.000139047	7.13283e-08
30	0.0512902	0.000106944	4.21945e-08
31	0.0511991	0.000106754	4.20448e-08
32	0.0427035	8.90402e-05	2.92491e-08
33	0.0425224	8.86627e-05	2.90016e-08
34	0.034683	7.2317e-05	1.92939e-08
35	0.0341746	7.12568e-05	1.87324e-08
36	0.0288773	6.02116e-05	1.33752e-08
37	0.0286715	5.97825e-05	1.31852e-08
38	0.0237773	4.95777e-05	9.06803e-09
39	0.0236797	4.93741e-05	8.99369e-09
40	0.0214797	4.47869e-05	7.40019e-09
41	0.0207972	4.3364e-05	6.93742e-09
42	0.0182342	3.80197e-05	5.33284e-09
43	0.0177845	3.70822e-05	5.07307e-09
44	0.0160005	3.33623e-05	4.10632e-09
45	0.0158586	3.30665e-05	4.03383e-09
46	0.0141665	2.95382e-05	3.21891e-09
47	0.0136026	2.83625e-05	2.96777e-09
48	0.0123605	2.57726e-05	2.45051e-09
49	0.0119626	2.49431e-05	2.2953e-09
50	0.0119423	2.49007e-05	2.2875e-09
51	0.010861	2.26462e-05	1.89204e-09
52	0.0103415	2.15628e-05	1.71535e-09
53	0.00999308	2.08364e-05	1.60172e-09
54	0.00858737	1.79054e-05	1.18279e-09
55	0.00816424	1.70231e-05	1.0691e-09
56	0.00764196	1.59341e-05	9.36692e-10
57	0.00728857	1.51973e-05	8.52062e-10
58	0.00619879	1.2925e-05	6.16312e-10
59	0.00603905	1.25919e-05	5.84957e-10
60	0.00567718	1.18374e-05	5.16955e-10
61	0.00525607	1.09593e-05	4.43107e-10
62	0.00521395	1.08715e-05	4.36034e-10
63	0.00465195	9.6997e-06	3.47102e-10
64	0.00452029	9.42519e-06	3.27733e-10
65	0.00419595	8.74891e-06	2.82389e-10
66	0.00398651	8.3122e-06	2.54902e-10
67	0.00358476	7.47453e-06	2.06114e-10
68	0.00351867	7.33672e-06	1.98584e-10
69	0.00328262	6.84453e-06	1.72833e-10
70	0.00314526	6.55814e-06	1.58672e-10
71	0.00290468	6.0565e-06	1.35327e-10
72	0.0028995	6.0457e-06	1.34845e-10
73	0.00270326	5.63653e-06	1.1721e-10
74	0.00266963	5.56639e-06	1.14311e-10
75	0.00257224	5.36334e-06	1.06123e-10
76	0.00250391	5.22085e-06	1.00559e-10
77	0.00233949	4.87803e-06	8.77867e-11
78	0.00226717	4.72725e-06	8.24435e-11
79	0.0020869	4.35136e-06	6.98539e-11
80	0.00201932	4.21045e-06	6.54029e-11
81	0.00200628	4.18326e-06	6.4561e-11
82	0.00187149	3.9022e-06	5.61771e-11
83	0.00176573	3.68169e-06	5.00076e-11
84	0.00173583	3.61935e-06	4.83283e-11
85	0.0017143	3.57446e-06	4.7137e-11
86	0.00158288	3.30044e-06	4.01869e-11
87	0.00149563	3.11851e-06	3.58784e-11
88	0.00147164	3.06848e-06	3.47367e-11
89	0.00145036	3.02413e-06	3.37397e-11
90	0.00141829	2.95726e-06	3.2264e-11
91	0.00141195	2.94404e-06	3.19762e-11
92	0.00134062	2.79529e-06	2.88267e-11
93	0.0013071	2.72542e-06	2.74036e-11
94	0.00125515	2.61708e-06	2.52683e-11
95	0.00124296	2.59168e-06	2.478e-11
96	0.0012239	2.55193e-06	2.40258e-11
97	0.00118233	2.46526e-06	2.24216e-11
98	0.00117781	2.45582e-06	2.22503e-11
99	0.00115009	2.39804e-06	2.12155e-11
100	0.00113353	2.3635e-06	2.06088e-11
101	0.00110214	2.29805e-06	1.94831e-11
102	0.00108996	2.27265e-06	1.90549e-11
103	0.00108232	2.25672e-06	1.87886e-11
104	0.00103627	2.16072e-06	1.72241e-11
105	0.00101803	2.12268e-06	1.6623e-11
106	0.0009931	2.0707e-06	1.58188e-11
107	0.000980923	2.04531e-06	1.54332e-11
108	0.000970944	2.0245e-06	1.51208e-11
109	0.000940509	1.96104e-06	1.41877e-11
110	0.000745457	1.55434e-06	8.91318e-12
111	0.000701277	1.46222e-06	7.888e-12
112	0.000681638	1.42127e-06	7.45237e-12
113	0.000534403	1.11427e-06	4.58062e-12
114	0.000505916	1.05488e-06	4.10529e-12
115	0.000146601	3.05676e-07	3.44716e-13
116	0.000141606	2.9526e-07	3.21625e-13
117	0.000127289	2.65408e-07	2.59876e-13
118	0.000122673	2.55783e-07	2.41371e-13
119	9.21268e-05	1.92092e-07	1.36132e-13
120	8.89599e-05	1.85489e-07	1.26933e-13
121	7.30164e-05	1.52245e-07	8.55122e-14
122	7.21559e-05	1.50451e-07	8.35084e-14
123	6.97125e-05	1.45356e-07	7.79485e-14
124	6.73961e-05	1.40526e-07	7.28545e-14
125	6.53607e-05	1.36283e-07	6.85206e-14
126	6.40651e-05	1.33581e-07	6.5831e-14
127	6.24744e-05	1.30264e-07	6.26024e-14
128	6.15054e-05	1.28244e-07	6.06754e-14
129	6.14182e-05	1.28062e-07	6.05035e-14
130	6.10704e-05	1.27337e-07	5.98202e-14
131	6.08166e-05	1.26808e-07	5.93242e-14
132	6.03547e-05	1.25844e-07	5.84263e-14
133	5.96833e-05	1.24445e-07	5.71337e-14
134	5.91915e-05	1.23419e-07	5.6196e-14
135	5.90098e-05	1.2304e-07	5.58515e-14
136	5.84795e-05	1.21935e-07	5.48523e-14
137	5.83124e-05	1.21586e-07	5.45393e-14
138	5.81459e-05	1.21239e-07	5.42282e-14
139	5.77568e-05	1.20428e-07	5.35049e-14
140	5.74831e-05	1.19857e-07	5.29989e-14
141	5.72695e-05	1.19412e-07	5.26058e-14
142	5.71263e-05	1.19113e-07	5.23431e-14
143	5.68259e-05	1.18487e-07	5.1794e-14
144	5.63402e-05	1.17474e-07	5.09123e-14
145	5.62731e-05	1.17334e-07	5.07913e-14
146	5.60045e-05	1.16774e-07	5.03075e-14
147	5.5837e-05	1.16425e-07	5.00071e-14
148	5.57096e-05	1.16159e-07	4.97791e-14
149	5.54122e-05	1.15539e-07	4.9249e-14
150	5.50975e-05	1.14883e-07	4.86912e-14
151	5.49759e-05	1.14629e-07	4.84766e-14
152	5.45735e-05	1.1379e-07	4.77694e-14
153	5.44735e-05	1.13582e-07	4.75945e-14
154	5.42512e-05	1.13118e-07	4.72068e-14
155	5.40641e-05	1.12728e-07	4.68819e-14
156	5.38575e-05	1.12297e-07	4.65243e-14
157	5.38305e-05	1.12241e-07	4.64776e-14
158	5.37632e-05	1.12101e-07	4.63615e-14
159	5.32551e-05	1.11041e-07	4.54893e-14
160	5.32308e-05	1.10991e-07	4.54479e-14
161	5.3111e-05	1.10741e-07	4.52435e-14
162	5.29874e-05	1.10483e-07	4.50332e-14
163	5.27925e-05	1.10077e-07	4.47024e-14
164	5.25682e-05	1.09609e-07	4.43234e-14
165	5.25043e-05	1.09476e-07	4.42157e-14
166	5.21866e-05	1.08813e-07	4.36822e-14
167	5.1993e-05	1.0841e-07	4.33587e-14
168	5.191e-05	1.08237e-07	4.32204e-14
169	5.18136e-05	1.08036e-07	4.306e-14
170	5.14654e-05	1.0731e-07	4.24832e-14
171	5.12388e-05	1.06837e-07	4.211e-14
172	5.10198e-05	1.0638e-07	4.17507e-14
173	5.08282e-05	1.05981e-07	4.14377e-14
174	5.0717e-05	1.05749e-07	4.12567e-14
175	5.06469e-05	1.05603e-07	4.11426e-14
176	5.05152e-05	1.05328e-07	4.09289e-14
177	5.0452e-05	1.05197e-07	4.08267e-14
178	5.03467e-05	1.04977e-07	4.06565e-14
179	5.01328e-05	1.04531e-07	4.03116e-14
180	4.99106e-05	1.04068e-07	3.99552e-14
181	4.9791e-05	1.03818e-07	3.97638e-14
182	4.97428e-05	1.03718e-07	3.9687e-14
183	4.94577e-05	1.03123e-07	3.92333e-14
184	4.94228e-05	1.03051e-07	3.91779e-14
185	4.93721e-05	1.02945e-07	3.90976e-14
186	4.91888e-05	1.02563e-07	3.88079e-14
187	4.90111e-05	1.02192e-07	3.8528e-14
188	4.89225e-05	1.02007e-07	3.83888e-14
189	4.87559e-05	1.0166e-07	3.81278e-14
190	4.84811e-05	1.01087e-07	3.76992e-14
191	4.83818e-05	1.0088e-07	3.75449e-14
192	4.82254e-05	1.00554e-07	3.73025e-14
193	4.80632e-05	1.00216e-07	3.70521e-14
194	4.79176e-05	9.99122e-08	3.68279e-14
195	4.77715e-05	9.96075e-08	3.66036e-14
196	4.75864e-05	9.92216e-08	3.63206e-14
197	4.75143e-05	9.90713e-08	3.62107e-14
198	4.74247e-05	9.88844e-08	3.60741e-14
199	4.73244e-05	9.86752e-08	3.59217e-14
200	4.72434e-05	9.85064e-08	3.57989e-14
201	4.69694e-05	9.7935e-08	3.53848e-14
202	4.68083e-05	9.75992e-08	3.51425e-14
203	4.67095e-05	9.73931e-08	3.49943e-14
204	4.66227e-05	9.72122e-08	3.48644e-14
205	4.649e-05	9.69355e-08	3.46662e-14
206	4.62889e-05	9.65162e-08	3.43669e-14
207	4.62461e-05	9.6427e-08	3.43035e-14
208	4.61812e-05	9.62917e-08	3.42073e-14
209	4.61287e-05	9.61821e-08	3.41294e-14
210	4.59404e-05	9.57896e-08	3.38514e-14
211	4.57008e-05	9.529e-08	3.34993e-14
212	4.55062e-05	9.48842e-08	3.32146e-14
213	4.5465e-05	9.47982e-08	3.31544e-14
214	4.53159e-05	9.44874e-08	3.29373e-14
215	4.52351e-05	9.43189e-08	3.28199e-14
216	4.51618e-05	9.41661e-08	3.27137e-14
217	4.49418e-05	9.37075e-08	3.23958e-14
218	4.47927e-05	9.33966e-08	3.21812e-14
219	4.46347e-05	9.3067e-08	3.19545e-14
220	4.44905e-05	9.27663e-08	3.17483e-14
221	4.43024e-05	9.23741e-08	3.14804e-14
222	4.41907e-05	9.21412e-08	3.13219e-14
223	4.39823e-05	9.17068e-08	3.10273e-14
224	4.38427e-05	9.14158e-08	3.08306e-14
225	4.36192e-05	9.09497e-08	3.05171e-14
226	4.35864e-05	9.08813e-08	3.04712e-14
227	4.31147e-05	8.98978e-08	2.98152e-14
228	4.28537e-05	8.93536e-08	2.94554e-14
229	4.26625e-05	8.89549e-08	2.91931e-14
230	4.25136e-05	8.86444e-08	2.89896e-14
231	4.24165e-05	8.8442e-08	2.88574e-14
232	4.22598e-05	8.81152e-08	2.86446e-14
233	4.21346e-05	8.78542e-08	2.84751e-14
234	4.2083e-05	8.77466e-08	2.84054e-14
235	4.20131e-05	8.76008e-08	2.83111e-14
236	4.19201e-05	8.74069e-08	2.81859e-14
237	4.18751e-05	8.73131e-08	2.81254e-14
238	4.18256e-05	8.72097e-08	2.80589e-14
239	4.17534e-05	8.70593e-08	2.79622e-14
240	4.17517e-05	8.70557e-08	2.79598e-14
241	4.16941e-05	8.69356e-08	2.78828e-14
242	4.16552e-05	8.68545e-08	2.78308e-14
243	4.16246e-05	8.67908e-08	2.77899e-14
244	4.16125e-05	8.67656e-08	2.77738e-14
245	4.15633e-05	8.6663e-08	2.77082e-14
246	4.15402e-05	8.66148e-08	2.76773e-14
247	4.15169e-05	8.65661e-08	2.76462e-14
248	4.14642e-05	8.64563e-08	2.75762e-14
249	4.14327e-05	8.63906e-08	2.75343e-14
250	4.14133e-05	8.63502e-08	2.75085e-14
251	4.13577e-05	8.62343e-08	2.74347e-14
252	4.13554e-05	8.62294e-08	2.74316e-14
253	4.12863e-05	8.60854e-08	2.73401e-14
254	4.12584e-05	8.60272e-08	2.73031e-14
255	4.12452e-05	8.59997e-08	2.72856e-14
256	4.11903e-05	8.58851e-08	2.7213e-14
257	4.11818e-05	8.58675e-08	2.72018e-14
258	4.11617e-05	8.58255e-08	2.71752e-14
259	4.11069e-05	8.57113e-08	2.71029e-14
260	4.10449e-05	8.5582e-08	2.70212e-14
261	4.10333e-05	8.55577e-08	2.70059e-14
262	4.10041e-05	8.54969e-08	2.69675e-14
263	4.09788e-05	8.54442e-08	2.69343e-14
264	4.09282e-05	8.53387e-08	2.68678e-14
265	4.09081e-05	8.52968e-08	2.68415e-14
266	4.08865e-05	8.52517e-08	2.68131e-14
267	4.08515e-05	8.51788e-08	2.67673e-14
268	4.08337e-05	8.51417e-08	2.67439e-14
269	4.08094e-05	8.50911e-08	2.67121e-14
270	4.07692e-05	8.50072e-08	2.66595e-14
271	4.07286e-05	8.49224e-08	2.66063e-14
272	4.07168e-05	8.48979e-08	2.65909e-14
273	4.06952e-05	8.48529e-08	2.65628e-14
274	4.06794e-05	8.48199e-08	2.65421e-14
275	4.06488e-05	8.47561e-08	2.65022e-14
276	4.06216e-05	8.46995e-08	2.64668e-14
277	4.06043e-05	8.46633e-08	2.64442e-14
278	4.05466e-05	8.45429e-08	2.63691e-14
279	4.05447e-05	8.45391e-08	2.63667e-14
280	4.05082e-05	8.44629e-08	2.63192e-14
281	4.04865e-05	8.44177e-08	2.6291e-14
282	4.04669e-05	8.43768e-08	2.62655e-14
283	4.04361e-05	8.43125e-08	2.62256e-14
284	4.04071e-05	8.42522e-08	2.6188e-14
285	4.03776e-05	8.41905e-08	2.61497e-14
286	4.0335e-05	8.41019e-08	2.60947e-14
287	4.03118e-05	8.40535e-08	2.60646e-14
288	4.02903e-05	8.40087e-08	2.60369e-14
289	4.02656e-05	8.39572e-08	2.60049e-14
290	4.02453e-05	8.39147e-08	2.59787e-14
291	4.02284e-05	8.38795e-08	2.59569e-14
292	4.02072e-05	8.38354e-08	2.59296e-14
293	4.01716e-05	8.37611e-08	2.58836e-14
294	4.01621e-05	8.37412e-08	2.58713e-14
295	4.01424e-05	8.37003e-08	2.58461e-14
296	4.01167e-05	8.36465e-08	2.58129e-14
297	4.00857e-05	8.35819e-08	2.5773e-14
298	4.00805e-05	8.35712e-08	2.57664e-14
299	4.00586e-05	8.35254e-08	2.57382e-14
300	4.00264e-05	8.34583e-08	2.56968e-14
301	4.00236e-05	8.34526e-08	2.56933e-14
302	4.00153e-05	8.34353e-08	2.56827e-14
303	3.99913e-05	8.33852e-08	2.56518e-14
304	3.99557e-05	8.33109e-08	2.56061e-14
305	3.99458e-05	8.32903e-08	2.55935e-14
306	3.99293e-05	8.32559e-08	2.55723e-14
307	3.98833e-05	8.316e-08	2.55135e-14
308	3.98559e-05	8.3103e-08	2.54785e-14
309	3.98426e-05	8.30751e-08	2.54614e-14
310	3.98253e-05	8.3039e-08	2.54393e-14
311	3.98176e-05	8.30229e-08	2.54294e-14
312	3.98008e-05	8.29879e-08	2.5408e-14
313	3.97612e-05	8.29055e-08	2.53575e-14
314	3.9734e-05	8.28487e-08	2.53228e-14
315	3.97278e-05	8.28358e-08	2.53149e-14
316	3.96896e-05	8.27561e-08	2.52662e-14
317	3.96883e-05	8.27534e-08	2.52646e-14
318	3.96521e-05	8.26779e-08	2.52185e-14
319	3.96237e-05	8.26187e-08	2.51824e-14
320	3.95909e-05	8.25502e-08	2.51407e-14
321	3.95629e-05	8.24918e-08	2.51051e-14
322	3.95453e-05	8.24552e-08	2.50828e-14
323	3.95165e-05	8.23952e-08	2.50463e-14
324	3.9501e-05	8.23629e-08	2.50267e-14
325	3.94916e-05	8.23432e-08	2.50147e-14
326	3.9464e-05	8.22858e-08	2.49799e-14
327	3.94585e-05	8.22743e-08	2.49729e-14
328	3.94443e-05	8.22446e-08	2.49548e-14
329	3.94227e-05	8.21995e-08	2.49275e-14
330	3.94044e-05	8.21615e-08	2.49044e-14
331	3.93888e-05	8.21289e-08	2.48847e-14
332	3.93636e-05	8.20763e-08	2.48528e-14
333	3.93506e-05	8.20492e-08	2.48364e-14
334	3.93195e-05	8.19844e-08	2.47972e-14
335	3.93043e-05	8.19527e-08	2.4778e-14
336	3.92915e-05	8.19259e-08	2.47619e-14
337	3.92858e-05	8.19141e-08	2.47547e-14
338	3.92582e-05	8.18566e-08	2.472e-14
339	3.92379e-05	8.18142e-08	2.46944e-14
340	3.92212e-05	8.17795e-08	2.46734e-14
341	3.92094e-05	8.17549e-08	2.46585e-14
342	3.91854e-05	8.17049e-08	2.46284e-14
343	3.91639e-05	8.16599e-08	2.46013e-14
344	3.91488e-05	8.16285e-08	2.45824e-14
345	3.91086e-05	8.15448e-08	2.4532e-14
346	3.91014e-05	8.15297e-08	2.45229e-14
347	3.90752e-05	8.14751e-08	2.44901e-14
348	3.9048e-05	8.14183e-08	2.44559e-14
349	3.90339e-05	8.1389e-08	2.44383e-14
350	3.90197e-05	8.13593e-08	2.44205e-14
351	3.90077e-05	8.13344e-08	2.44055e-14
352	3.8982e-05	8.12806e-08	2.43733e-14
353	3.89643e-05	8.12437e-08	2.43512e-14
354	3.8947e-05	8.12077e-08	2.43296e-14
355	3.89217e-05	8.1155e-08	2.4298e-14
356	3.89142e-05	8.11394e-08	2.42887e-14
357	3.89033e-05	8.11165e-08	2.4275e-14
358	3.88806e-05	8.10692e-08	2.42467e-14
359	3.88692e-05	8.10455e-08	2.42325e-14
360	3.8854e-05	8.10139e-08	2.42136e-14
361	3.88271e-05	8.09578e-08	2.41801e-14
362	3.88239e-05	8.0951e-08	2.4176e-14
363	3.88179e-05	8.09386e-08	2.41686e-14
364	3.87742e-05	8.08474e-08	2.41142e-14
365	3.87392e-05	8.07745e-08	2.40707e-14
366	3.87342e-05	8.0764e-08	2.40644e-14
367	3.8716e-05	8.07261e-08	2.40419e-14
368	3.87139e-05	8.07217e-08	2.40393e-14
369	3.87071e-05	8.07075e-08	2.40308e-14
370	3.86819e-05	8.0655e-08	2.39995e-14
371	3.86608e-05	8.06109e-08	2.39733e-14
372	3.86547e-05	8.05982e-08	2.39657e-14
373	3.861e-05	8.0505e-08	2.39104e-14
374	3.85976e-05	8.04791e-08	2.3895e-14
375	3.85747e-05	8.04314e-08	2.38667e-14
376	3.8564e-05	8.04092e-08	2.38535e-14
377	3.85339e-05	8.03465e-08	2.38163e-14
378	3.85198e-05	8.0317e-08	2.37988e-14
379	3.85017e-05	8.02792e-08	2.37764e-14
380	3.84821e-05	8.02383e-08	2.37522e-14
381	3.84621e-05	8.01966e-08	2.37275e-14
382	3.84391e-05	8.01487e-08	2.36992e-14
383	3.84303e-05	8.01303e-08	2.36883e-14
384	3.84139e-05	8.00961e-08	2.36681e-14
385	3.83965e-05	8.00599e-08	2.36467e-14
386	3.83817e-05	8.00291e-08	2.36285e-14
387	3.83701e-05	8.00048e-08	2.36141e-14
388	3.83565e-05	7.99765e-08	2.35975e-14
389	3.83437e-05	7.99497e-08	2.35817e-14
390	3.83267e-05	7.99144e-08	2.35608e-14
391	3.83085e-05	7.98763e-08	2.35384e-14
392	3.82995e-05	7.98576e-08	2.35274e-14
393	3.82723e-05	7.9801e-08	2.3494e-14
394	3.8264e-05	7.97836e-08	2.34838e-14
395	3.82537e-05	7.97621e-08	2.34711e-14
396	3.82094e-05	7.96697e-08	2.34167e-14
397	3.8194e-05	7.96377e-08	2.33979e-14
398	3.81789e-05	7.96062e-08	2.33794e-14
399	3.81679e-05	7.95833e-08	2.3366e-14
400	3.81543e-05	7.95548e-08	2.33493e-14
401	3.81461e-05	7.95378e-08	2.33393e-14
402	3.81206e-05	7.94846e-08	2.33081e-14
403	3.80978e-05	7.9437e-08	2.32802e-14
404	3.80844e-05	7.94092e-08	2.32639e-14
405	3.8079e-05	7.9398e-08	2.32573e-14
406	3.8043e-05	7.93228e-08	2.32133e-14
407	3.80373e-05	7.93109e-08	2.32063e-14
408	3.80235e-05	7.92822e-08	2.31895e-14
409	3.80166e-05	7.92678e-08	2.31811e-14
410	3.79948e-05	7.92222e-08	2.31544e-14
411	3.79732e-05	7.91773e-08	2.31282e-14
412	3.79507e-05	7.91304e-08	2.31008e-14
413	3.79476e-05	7.91239e-08	2.3097e-14
414	3.79179e-05	7.9062e-08	2.30609e-14
415	3.79081e-05	7.90414e-08	2.30489e-14
416	3.78983e-05	7.90211e-08	2.3037e-14
417	3.78811e-05	7.89853e-08	2.30162e-14
418	3.78664e-05	7.89546e-08	2.29983e-14
419	3.78524e-05	7.89254e-08	2.29813e-14
420	3.78299e-05	7.88785e-08	2.2954e-14
421	3.78277e-05	7.88738e-08	2.29512e-14
422	3.78021e-05	7.88205e-08	2.29202e-14
423	3.77871e-05	7.87893e-08	2.29021e-14
424	3.77775e-05	7.87693e-08	2.28905e-14
425	3.77446e-05	7.87007e-08	2.28506e-14
426	3.77329e-05	7.86762e-08	2.28363e-14
427	3.77191e-05	7.86475e-08	2.28197e-14
428	3.7698e-05	7.86034e-08	2.27941e-14
429	3.76847e-05	7.85758e-08	2.27781e-14
430	3.76737e-05	7.85528e-08	2.27648e-14
431	3.76604e-05	7.85251e-08	2.27488e-14
432	3.76501e-05	7.85035e-08	2.27362e-14
433	3.76275e-05	7.84564e-08	2.2709e-14
434	3.76081e-05	7.8416e-08	2.26855e-14
435	3.76009e-05	7.8401e-08	2.26769e-14
436	3.7592e-05	7.83825e-08	2.26662e-14
437	3.75807e-05	7.83588e-08	2.26525e-14
438	3.75661e-05	7.83284e-08	2.26349e-14
439	3.75457e-05	7.82859e-08	2.26104e-14
440	3.75107e-05	7.82129e-08	2.25682e-14
441	3.7492e-05	7.8174e-08	2.25458e-14
442	3.74664e-05	7.81206e-08	2.2515e-14
443	3.74432e-05	7.80722e-08	2.24871e-14
444	3.74284e-05	7.80412e-08	2.24692e-14
445	3.74273e-05	7.80389e-08	2.24679e-14
446	3.7421e-05	7.80258e-08	2.24604e-14
447	3.73958e-05	7.79733e-08	2.24302e-14
448	3.73878e-05	7.79566e-08	2.24205e-14
449	3.73767e-05	7.79335e-08	2.24073e-14
450	3.73602e-05	7.7899e-08	2.23874e-14
451	3.73502e-05	7.78782e-08	2.23754e-14
452	3.73385e-05	7.7854e-08	2.23615e-14
453	3.73284e-05	7.78328e-08	2.23494e-14
454	3.73182e-05	7.78115e-08	2.23372e-14
455	3.72719e-05	7.77151e-08	2.22818e-14
456	3.72565e-05	7.76829e-08	2.22634e-14
457	3.72467e-05	7.76624e-08	2.22517e-14
458	3.72367e-05	7.76417e-08	2.22398e-14
459	3.72229e-05	7.76128e-08	2.22232e-14
460	3.72029e-05	7.7571e-08	2.21993e-14
461	3.71817e-05	7.75269e-08	2.21741e-14
462	3.71575e-05	7.74765e-08	2.21452e-14
463	3.71456e-05	7.74517e-08	2.2131e-14
464	3.71243e-05	7.74072e-08	2.21057e-14
465	3.71093e-05	7.7376e-08	2.20878e-14
466	3.70963e-05	7.73489e-08	2.20724e-14
467	3.70936e-05	7.73433e-08	2.20691e-14
468	3.70717e-05	7.72976e-08	2.20431e-14
469	3.70623e-05	7.72781e-08	2.20319e-14
470	3.70408e-05	7.72332e-08	2.20064e-14
471	3.70243e-05	7.71988e-08	2.19867e-14
472	3.70202e-05	7.71901e-08	2.19818e-14
473	3.70079e-05	7.71645e-08	2.19672e-14
474	3.70034e-05	7.71552e-08	2.19619e-14
475	3.69834e-05	7.71134e-08	2.19381e-14
476	3.69815e-05	7.71096e-08	2.1936e-14
477	3.6958e-05	7.70605e-08	2.19081e-14
478	3.69503e-05	7.70445e-08	2.1899e-14
479	3.6926e-05	7.69939e-08	2.18702e-14
480	3.691e-05	7.69604e-08	2.18512e-14
481	3.68856e-05	7.69096e-08	2.18223e-14
482	3.68819e-05	7.69017e-08	2.18179e-14
483	3.68585e-05	7.6853e-08	2.17902e-14
484	3.68346e-05	7.68031e-08	2.17619e-14
485	3.68292e-05	7.6792e-08	2.17557e-14
486	3.68109e-05	7.67538e-08	2.1734e-14
487	3.67956e-05	7.67219e-08	2.17159e-14
488	3.67871e-05	7.67042e-08	2.1706e-14
489	3.67765e-05	7.6682e-08	2.16934e-14
490	3.67671e-05	7.66625e-08	2.16823e-14
491	3.67508e-05	7.66286e-08	2.16631e-14
492	3.67377e-05	7.66012e-08	2.16477e-14
493	3.67161e-05	7.6556e-08	2.16222e-14
494	3.67074e-05	7.65379e-08	2.16119e-14
495	3.66987e-05	7.65198e-08	2.16017e-14
496	3.66814e-05	7.64837e-08	2.15813e-14
497	3.66588e-05	7.64367e-08	2.15548e-14
498	3.66531e-05	7.64247e-08	2.1548e-14
499	3.66347e-05	7.63864e-08	2.15265e-14
500	3.66283e-05	7.63731e-08	2.15189e-14
501	3.66214e-05	7.63586e-08	2.15108e-14
502	3.66086e-05	7.63319e-08	2.14957e-14
503	3.65698e-05	7.62511e-08	2.14503e-14
504	3.65646e-05	7.62403e-08	2.14442e-14
505	3.65272e-05	7.61622e-08	2.14003e-14
506	3.65204e-05	7.61481e-08	2.13924e-14
507	3.65168e-05	7.61405e-08	2.13881e-14
508	3.65088e-05	7.61238e-08	2.13787e-14
509	3.64945e-05	7.60941e-08	2.1362e-14
510	3.6472e-05	7.60472e-08	2.13357e-14
511	3.64695e-05	7.6042e-08	2.13328e-14
512	3.64504e-05	7.60021e-08	2.13104e-14
513	3.64281e-05	7.59557e-08	2.12844e-14
514	3.64127e-05	7.59236e-08	2.12664e-14
515	3.6402e-05	7.59011e-08	2.12538e-14
516	3.63924e-05	7.58812e-08	2.12426e-14
517	3.6382e-05	7.58595e-08	2.12305e-14
518	3.63802e-05	7.58558e-08	2.12284e-14
519	3.63619e-05	7.58175e-08	2.1207e-14
520	3.63482e-05	7.5789e-08	2.1191e-14
521	3.63374e-05	7.57664e-08	2.11784e-14
522	3.63089e-05	7.57071e-08	2.11453e-14
523	3.62877e-05	7.56629e-08	2.11206e-14
524	3.62712e-05	7.56285e-08	2.11014e-14
525	3.62549e-05	7.55944e-08	2.10824e-14
526	3.62451e-05	7.5574e-08	2.1071e-14
527	3.62325e-05	7.55477e-08	2.10563e-14
528	3.62243e-05	7.55306e-08	2.10468e-14
529	3.62189e-05	7.55193e-08	2.10405e-14
530	3.61975e-05	7.54747e-08	2.10157e-14
531	3.61864e-05	7.54516e-08	2.10028e-14
532	3.61748e-05	7.54274e-08	2.09893e-14
533	3.61543e-05	7.53848e-08	2.09656e-14
534	3.6148e-05	7.53716e-08	2.09583e-14
535	3.61267e-05	7.53271e-08	2.09336e-14
536	3.6117e-05	7.53069e-08	2.09223e-14
537	3.60911e-05	7.52528e-08	2.08923e-14
538	3.60832e-05	7.52364e-08	2.08832e-14
539	3.60759e-05	7.52212e-08	2.08747e-14
540	3.60545e-05	7.51765e-08	2.08499e-14
541	3.60514e-05	7.51702e-08	2.08464e-14
542	3.60148e-05	7.50938e-08	2.08041e-14
543	3.60058e-05	7.50751e-08	2.07937e-14
544	3.59926e-05	7.50476e-08	2.07785e-14
545	3.599e-05	7.50422e-08	2.07755e-14
546	3.59746e-05	7.50099e-08	2.07576e-14
547	3.5963e-05	7.49859e-08	2.07444e-14
548	3.59453e-05	7.49489e-08	2.07239e-14
549	3.5941e-05	7.49399e-08	2.07189e-14
550	3.59323e-05	7.49217e-08	2.07088e-14
551	3.59215e-05	7.48993e-08	2.06964e-14
552	3.59116e-05	7.48786e-08	2.0685e-14
553	3.59032e-05	7.48612e-08	2.06754e-14
554	3.58783e-05	7.48091e-08	2.06466e-14
555	3.5868e-05	7.47877e-08	2.06348e-14
556	3.58478e-05	7.47456e-08	2.06116e-14
557	3.58339e-05	7.47165e-08	2.05956e-14
558	3.58153e-05	7.46779e-08	2.05743e-14
559	3.58039e-05	7.46541e-08	2.05612e-14
560	3.57826e-05	7.46098e-08	2.05368e-14
561	3.57724e-05	7.45884e-08	2.0525e-14
562	3.57616e-05	7.45658e-08	2.05126e-14
563	3.57505e-05	7.45427e-08	2.04998e-14
564	3.5742e-05	7.45251e-08	2.04902e-14
565	3.57362e-05	7.45129e-08	2.04835e-14
566	3.57048e-05	7.44475e-08	2.04475e-14
567	3.57012e-05	7.444e-08	2.04434e-14
568	3.56887e-05	7.44139e-08	2.04291e-14
569	3.567e-05	7.4375e-08	2.04077e-14
570	3.56572e-05	7.43483e-08	2.03931e-14
571	3.56477e-05	7.43284e-08	2.03821e-14
572	3.56266e-05	7.42845e-08	2.03581e-14
573	3.56138e-05	7.42577e-08	2.03434e-14
574	3.55946e-05	7.42178e-08	2.03215e-14
575	3.55833e-05	7.41942e-08	2.03086e-14
576	3.55758e-05	7.41786e-08	2.03e-14
577	3.55711e-05	7.41688e-08	2.02947e-14
578	3.55615e-05	7.41487e-08	2.02837e-14
579	3.55529e-05	7.41308e-08	2.02739e-14
580	3.55317e-05	7.40865e-08	2.02497e-14
581	3.55281e-05	7.40789e-08	2.02456e-14
582	3.55111e-05	7.40437e-08	2.02263e-14
583	3.54956e-05	7.40112e-08	2.02086e-14
584	3.54861e-05	7.39915e-08	2.01978e-14
585	3.54661e-05	7.39498e-08	2.0175e-14
586	3.54622e-05	7.39417e-08	2.01706e-14
587	3.54321e-05	7.3879e-08	2.01364e-14
588	3.54267e-05	7.38676e-08	2.01302e-14
589	3.54154e-05	7.3844e-08	2.01174e-14
590	3.54134e-05	7.38398e-08	2.01151e-14
591	3.53876e-05	7.37861e-08	2.00858e-14
592	3.53597e-05	7.37279e-08	2.00541e-14
593	3.53556e-05	7.37193e-08	2.00494e-14
594	3.53553e-05	7.37188e-08	2.00492e-14
595	3.5326e-05	7.36576e-08	2.00159e-14
596	3.53205e-05	7.36462e-08	2.00097e-14
597	3.53163e-05	7.36374e-08	2.00049e-14
598	3.53055e-05	7.3615e-08	1.99927e-14
599	3.53006e-05	7.36046e-08	1.99871e-14
600	3.52761e-05	7.35535e-08	1.99594e-14
601	3.52577e-05	7.35152e-08	1.99386e-14
602	3.52508e-05	7.35008e-08	1.99308e-14
603	3.52465e-05	7.3492e-08	1.9926e-14
604	3.52262e-05	7.34495e-08	1.9903e-14
605	3.51977e-05	7.339e-08	1.98708e-14
606	3.51852e-05	7.33641e-08	1.98567e-14
607	3.5173e-05	7.33386e-08	1.98429e-14
608	3.51648e-05	7.33215e-08	1.98337e-14
609	3.51477e-05	7.32858e-08	1.98143e-14
610	3.51382e-05	7.32661e-08	1.98037e-14
611	3.51278e-05	7.32444e-08	1.9792e-14
612	3.51052e-05	7.31972e-08	1.97665e-14
613	3.50936e-05	7.31731e-08	1.97535e-14
614	3.50824e-05	7.31498e-08	1.97409e-14
615	3.50728e-05	7.31298e-08	1.97301e-14
616	3.5057e-05	7.30967e-08	1.97122e-14
617	3.50441e-05	7.30698e-08	1.96977e-14
618	3.5027e-05	7.30343e-08	1.96786e-14
619	3.50086e-05	7.29958e-08	1.96578e-14
620	3.49965e-05	7.29705e-08	1.96442e-14
621	3.4985e-05	7.29467e-08	1.96314e-14
622	3.49728e-05	7.29213e-08	1.96177e-14
623	3.49699e-05	7.29152e-08	1.96144e-14
624	3.49573e-05	7.28889e-08	1.96003e-14
625	3.49498e-05	7.28732e-08	1.95919e-14
626	3.49366e-05	7.28457e-08	1.95771e-14
627	3.49243e-05	7.282e-08	1.95633e-14
628	3.49142e-05	7.27991e-08	1.9552e-14
629	3.49046e-05	7.27789e-08	1.95412e-14
630	3.48962e-05	7.27615e-08	1.95318e-14
631	3.48797e-05	7.27271e-08	1.95134e-14
632	3.48578e-05	7.26813e-08	1.94888e-14
633	3.4848e-05	7.26609e-08	1.94779e-14
634	3.48393e-05	7.26428e-08	1.94682e-14
635	3.48113e-05	7.25845e-08	1.9437e-14
636	3.48013e-05	7.25637e-08	1.94258e-14
637	3.47973e-05	7.25553e-08	1.94213e-14
638	3.47919e-05	7.25441e-08	1.94153e-14
639	3.47624e-05	7.24825e-08	1.93824e-14
640	3.47497e-05	7.24559e-08	1.93682e-14
641	3.47453e-05	7.24469e-08	1.93633e-14
642	3.47367e-05	7.24289e-08	1.93537e-14
643	3.47221e-05	7.23986e-08	1.93375e-14
644	3.47205e-05	7.23951e-08	1.93356e-14
645	3.47066e-05	7.2366e-08	1.93201e-14
646	3.46868e-05	7.23249e-08	1.92982e-14
647	3.46587e-05	7.22662e-08	1.92668e-14
648	3.4643e-05	7.22334e-08	1.92494e-14
649	3.46231e-05	7.2192e-08	1.92273e-14
650	3.46195e-05	7.21845e-08	1.92233e-14
651	3.46177e-05	7.21807e-08	1.92213e-14
652	3.46018e-05	7.21476e-08	1.92036e-14
653	3.45945e-05	7.21325e-08	1.91956e-14
654	3.4567e-05	7.2075e-08	1.9165e-14
655	3.45559e-05	7.20518e-08	1.91527e-14
656	3.45447e-05	7.20285e-08	1.91403e-14
657	3.4539e-05	7.20167e-08	1.9134e-14
658	3.45378e-05	7.20142e-08	1.91327e-14
659	3.45119e-05	7.19602e-08	1.91041e-14
660	3.45103e-05	7.19569e-08	1.91023e-14
661	3.44924e-05	7.19196e-08	1.90825e-14
662	3.44894e-05	7.19134e-08	1.90792e-14
663	3.44804e-05	7.18946e-08	1.90692e-14
664	3.44607e-05	7.18534e-08	1.90473e-14
665	3.44461e-05	7.18229e-08	1.90312e-14
666	3.4438e-05	7.1806e-08	1.90222e-14
667	3.44101e-05	7.1748e-08	1.89915e-14
668	3.4403e-05	7.17332e-08	1.89837e-14
669	3.43961e-05	7.17188e-08	1.89761e-14
670	3.43808e-05	7.16867e-08	1.89591e-14
671	3.4368e-05	7.16601e-08	1.8945e-14
672	3.43503e-05	7.16231e-08	1.89255e-14
673	3.43406e-05	7.16029e-08	1.89148e-14
674	3.43305e-05	7.15819e-08	1.89037e-14
675	3.431e-05	7.15392e-08	1.88811e-14
676	3.43059e-05	7.15307e-08	1.88767e-14
677	3.42902e-05	7.1498e-08	1.88594e-14
678	3.42856e-05	7.14882e-08	1.88543e-14
679	3.4267e-05	7.14496e-08	1.88339e-14
680	3.42599e-05	7.14348e-08	1.88261e-14
681	3.42537e-05	7.14219e-08	1.88193e-14
682	3.42444e-05	7.14024e-08	1.8809e-14
683	3.42309e-05	7.13742e-08	1.87942e-14
684	3.42022e-05	7.13145e-08	1.87627e-14
685	3.41967e-05	7.1303e-08	1.87567e-14
686	3.41893e-05	7.12875e-08	1.87485e-14
687	3.41784e-05	7.12648e-08	1.87366e-14
688	3.41565e-05	7.1219e-08	1.87125e-14
689	3.4149e-05	7.12035e-08	1.87044e-14
690	3.41299e-05	7.11637e-08	1.86835e-14
691	3.41248e-05	7.11531e-08	1.86779e-14
692	3.41108e-05	7.11238e-08	1.86625e-14
693	3.40936e-05	7.10879e-08	1.86437e-14
694	3.40853e-05	7.10707e-08	1.86347e-14
695	3.40745e-05	7.10482e-08	1.86229e-14
696	3.40529e-05	7.10031e-08	1.85992e-14
697	3.40352e-05	7.09661e-08	1.85799e-14
698	3.40237e-05	7.09423e-08	1.85674e-14
699	3.40111e-05	7.09159e-08	1.85536e-14
700	3.40067e-05	7.09067e-08	1.85488e-14
701	3.40024e-05	7.08979e-08	1.85441e-14
702	3.39894e-05	7.08706e-08	1.85299e-14
703	3.39854e-05	7.08624e-08	1.85256e-14
704	3.39535e-05	7.07959e-08	1.84908e-14
705	3.39385e-05	7.07645e-08	1.84745e-14
706	3.39331e-05	7.07533e-08	1.84686e-14
707	3.39198e-05	7.07256e-08	1.84541e-14
708	3.39019e-05	7.06884e-08	1.84347e-14
709	3.38959e-05	7.06757e-08	1.84281e-14
710	3.38923e-05	7.06683e-08	1.84243e-14
711	3.38706e-05	7.06231e-08	1.84007e-14
712	3.38546e-05	7.05896e-08	1.83832e-14
713	3.38493e-05	7.05785e-08	1.83775e-14
714	3.38381e-05	7.05553e-08	1.83654e-14
715	3.38344e-05	7.05476e-08	1.83613e-14
716	3.3816e-05	7.05092e-08	1.83414e-14
717	3.38079e-05	7.04923e-08	1.83326e-14
718	3.37943e-05	7.04639e-08	1.83178e-14
719	3.37725e-05	7.04184e-08	1.82942e-14
720	3.37687e-05	7.04105e-08	1.82901e-14
721	3.37378e-05	7.0346e-08	1.82566e-14
722	3.37288e-05	7.03274e-08	1.82469e-14
723	3.37259e-05	7.03213e-08	1.82437e-14
724	3.37115e-05	7.02913e-08	1.82282e-14
725	3.37037e-05	7.0275e-08	1.82197e-14
726	3.36936e-05	7.0254e-08	1.82088e-14
727	3.36797e-05	7.0225e-08	1.81938e-14
728	3.3679e-05	7.02236e-08	1.81931e-14
729	3.36636e-05	7.01914e-08	1.81764e-14
730	3.36506e-05	7.01643e-08	1.81624e-14
731	3.36432e-05	7.01488e-08	1.81543e-14
732	3.36259e-05	7.01128e-08	1.81357e-14
733	3.36093e-05	7.00783e-08	1.81179e-14
734	3.36004e-05	7.00596e-08	1.81082e-14
735	3.35859e-05	7.00295e-08	1.80926e-14
736	3.35715e-05	6.99994e-08	1.80771e-14
737	3.35664e-05	6.99888e-08	1.80716e-14
738	3.35567e-05	6.99685e-08	1.80612e-14
739	3.3546e-05	6.99462e-08	1.80496e-14
740	3.35316e-05	6.99161e-08	1.80341e-14
741	3.35198e-05	6.98915e-08	1.80214e-14
742	3.3504e-05	6.98587e-08	1.80045e-14
743	3.34949e-05	6.98397e-08	1.79947e-14
744	3.34821e-05	6.98129e-08	1.79809e-14
745	3.34737e-05	6.97955e-08	1.7972e-14
746	3.34583e-05	6.97633e-08	1.79554e-14
747	3.34298e-05	6.9704e-08	1.79248e-14
748	3.34235e-05	6.96908e-08	1.79181e-14
749	3.34207e-05	6.96849e-08	1.79151e-14
750	3.34075e-05	6.96575e-08	1.79009e-14
751	3.34004e-05	6.96427e-08	1.78933e-14
752	3.33873e-05	6.96154e-08	1.78793e-14
753	3.3379e-05	6.9598e-08	1.78704e-14
754	3.33711e-05	6.95814e-08	1.78619e-14
755	3.33477e-05	6.95328e-08	1.78369e-14
756	3.3342e-05	6.95208e-08	1.78307e-14
757	3.33295e-05	6.94949e-08	1.78175e-14
758	3.33221e-05	6.94793e-08	1.78095e-14
759	3.32988e-05	6.94308e-08	1.77846e-14
760	3.32977e-05	6.94286e-08	1.77835e-14
761	3.32722e-05	6.93752e-08	1.77561e-14
762	3.32686e-05	6.93678e-08	1.77523e-14
763	3.32628e-05	6.93558e-08	1.77462e-14
764	3.32554e-05	6.93403e-08	1.77383e-14
765	3.3244e-05	6.93166e-08	1.77261e-14
766	3.32378e-05	6.93036e-08	1.77195e-14
767	3.32182e-05	6.92627e-08	1.76986e-14
768	3.31996e-05	6.9224e-08	1.76788e-14
769	3.31969e-05	6.92182e-08	1.76759e-14
770	3.31725e-05	6.91674e-08	1.76499e-14
771	3.31629e-05	6.91474e-08	1.76398e-14
772	3.31502e-05	6.91209e-08	1.76262e-14
773	3.31357e-05	6.90906e-08	1.76108e-14
774	3.31211e-05	6.90602e-08	1.75953e-14
775	3.31176e-05	6.90528e-08	1.75915e-14
776	3.31152e-05	6.90479e-08	1.7589e-14
777	3.3089e-05	6.89932e-08	1.75612e-14
778	3.30805e-05	6.89755e-08	1.75521e-14
779	3.30716e-05	6.8957e-08	1.75427e-14
780	3.30526e-05	6.89173e-08	1.75226e-14
781	3.30481e-05	6.89079e-08	1.75178e-14
782	3.3036e-05	6.88827e-08	1.75049e-14
783	3.30281e-05	6.88664e-08	1.74966e-14
784	3.30125e-05	6.88337e-08	1.748e-14
785	3.30058e-05	6.88199e-08	1.7473e-14
786	3.29839e-05	6.87742e-08	1.74499e-14
787	3.2971e-05	6.87473e-08	1.74362e-14
788	3.29624e-05	6.87292e-08	1.7427e-14
789	3.29531e-05	6.871e-08	1.74173e-14
790	3.29409e-05	6.86846e-08	1.74044e-14
791	3.29381e-05	6.86786e-08	1.74014e-14
792	3.29202e-05	6.86414e-08	1.73825e-14
793	3.29016e-05	6.86026e-08	1.73628e-14
794	3.28988e-05	6.85967e-08	1.73599e-14
795	3.28953e-05	6.85894e-08	1.73562e-14
796	3.28637e-05	6.85235e-08	1.73228e-14
797	3.28547e-05	6.85047e-08	1.73133e-14
798	3.28452e-05	6.84849e-08	1.73034e-14
799	3.28378e-05	6.84696e-08	1.72956e-14
800	3.28271e-05	6.84473e-08	1.72843e-14
801	3.28203e-05	6.84329e-08	1.72771e-14
802	3.27984e-05	6.83873e-08	1.72541e-14
803	3.27908e-05	6.83716e-08	1.72461e-14
804	3.27845e-05	6.83584e-08	1.72395e-14
805	3.27682e-05	6.83244e-08	1.72223e-14
806	3.2756e-05	6.8299e-08	1.72095e-14
807	3.27448e-05	6.82757e-08	1.71978e-14
808	3.27398e-05	6.82652e-08	1.71925e-14
809	3.27242e-05	6.82328e-08	1.71762e-14
810	3.2703e-05	6.81886e-08	1.71539e-14
811	3.26894e-05	6.816e-08	1.71396e-14
812	3.26835e-05	6.81478e-08	1.71334e-14
813	3.2683e-05	6.81467e-08	1.71329e-14
814	3.26667e-05	6.81128e-08	1.71158e-14
815	3.266e-05	6.80988e-08	1.71088e-14
816	3.26405e-05	6.80582e-08	1.70884e-14
817	3.26312e-05	6.80388e-08	1.70786e-14
818	3.2626e-05	6.8028e-08	1.70732e-14
819	3.26094e-05	6.79932e-08	1.70558e-14
820	3.25984e-05	6.79703e-08	1.70443e-14
821	3.25894e-05	6.79517e-08	1.70349e-14
822	3.25877e-05	6.79481e-08	1.70331e-14
823	3.25802e-05	6.79323e-08	1.70252e-14
824	3.25672e-05	6.79053e-08	1.70117e-14
825	3.25536e-05	6.78769e-08	1.69975e-14
826	3.25293e-05	6.78263e-08	1.69721e-14
827	3.25196e-05	6.78061e-08	1.6962e-14
828	3.25041e-05	6.77738e-08	1.69459e-14
829	3.24936e-05	6.77519e-08	1.69349e-14
830	3.24858e-05	6.77355e-08	1.69267e-14
831	3.24713e-05	6.77053e-08	1.69116e-14
832	3.24692e-05	6.77009e-08	1.69095e-14
833	3.24551e-05	6.76716e-08	1.68948e-14
834	3.24453e-05	6.76511e-08	1.68846e-14
835	3.24305e-05	6.76203e-08	1.68692e-14
836	3.24181e-05	6.75945e-08	1.68563e-14
837	3.24041e-05	6.75652e-08	1.68417e-14
838	3.23876e-05	6.75308e-08	1.68246e-14
839	3.23828e-05	6.75209e-08	1.68196e-14
840	3.23677e-05	6.74892e-08	1.68039e-14
841	3.23545e-05	6.74619e-08	1.67903e-14
842	3.23448e-05	6.74415e-08	1.67801e-14
843	3.23344e-05	6.742e-08	1.67694e-14
844	3.23242e-05	6.73987e-08	1.67588e-14
845	3.23158e-05	6.7381e-08	1.675e-14
846	3.23112e-05	6.73715e-08	1.67453e-14
847	3.22933e-05	6.73342e-08	1.67268e-14
848	3.22791e-05	6.73047e-08	1.67121e-14
849	3.22618e-05	6.72685e-08	1.66941e-14
850	3.22597e-05	6.7264e-08	1.66919e-14
851	3.2242e-05	6.72273e-08	1.66737e-14
852	3.22344e-05	6.72113e-08	1.66658e-14
853	3.2229e-05	6.72001e-08	1.66602e-14
854	3.22118e-05	6.71642e-08	1.66424e-14
855	3.22047e-05	6.71494e-08	1.66351e-14
856	3.21969e-05	6.71331e-08	1.6627e-14
857	3.2178e-05	6.70938e-08	1.66075e-14
858	3.21748e-05	6.70871e-08	1.66042e-14
859	3.21511e-05	6.70376e-08	1.65797e-14
860	3.21469e-05	6.7029e-08	1.65755e-14
861	3.21304e-05	6.69946e-08	1.65584e-14
862	3.2115e-05	6.69624e-08	1.65425e-14
863	3.20975e-05	6.6926e-08	1.65246e-14
864	3.20964e-05	6.69236e-08	1.65234e-14
865	3.20818e-05	6.68932e-08	1.65084e-14
866	3.20796e-05	6.68885e-08	1.65061e-14
867	3.20705e-05	6.68696e-08	1.64967e-14
868	3.20475e-05	6.68218e-08	1.64731e-14
869	3.20387e-05	6.68033e-08	1.64641e-14
870	3.20283e-05	6.67816e-08	1.64533e-14
871	3.20193e-05	6.67629e-08	1.64441e-14
872	3.2011e-05	6.67455e-08	1.64356e-14
873	3.19917e-05	6.67054e-08	1.64158e-14
874	3.19875e-05	6.66966e-08	1.64115e-14
875	3.19792e-05	6.66794e-08	1.6403e-14
876	3.19524e-05	6.66235e-08	1.63755e-14
877	3.19436e-05	6.66051e-08	1.63665e-14
878	3.1934e-05	6.6585e-08	1.63566e-14
879	3.19294e-05	6.65754e-08	1.63519e-14
880	3.19137e-05	6.65426e-08	1.63358e-14
881	3.19009e-05	6.65161e-08	1.63227e-14
882	3.1899e-05	6.6512e-08	1.63207e-14
883	3.18925e-05	6.64984e-08	1.63141e-14
884	3.18814e-05	6.64754e-08	1.63028e-14
885	3.18659e-05	6.6443e-08	1.62869e-14
886	3.18444e-05	6.63982e-08	1.62649e-14
887	3.18374e-05	6.63835e-08	1.62578e-14
888	3.18314e-05	6.63711e-08	1.62517e-14
889	3.18231e-05	6.63538e-08	1.62432e-14
890	3.18135e-05	6.63337e-08	1.62334e-14
891	3.17989e-05	6.63033e-08	1.62185e-14
892	3.17828e-05	6.62697e-08	1.62021e-14
893	3.1772e-05	6.62472e-08	1.6191e-14
894	3.17596e-05	6.62213e-08	1.61784e-14
895	3.17517e-05	6.62048e-08	1.61704e-14
896	3.17384e-05	6.61773e-08	1.61569e-14
897	3.17352e-05	6.61704e-08	1.61536e-14
898	3.17253e-05	6.61499e-08	1.61435e-14
899	3.17084e-05	6.61146e-08	1.61263e-14
900	3.17003e-05	6.60977e-08	1.61181e-14
901	3.16782e-05	6.60516e-08	1.60956e-14
902	3.16777e-05	6.60506e-08	1.60951e-14
903	3.16727e-05	6.60401e-08	1.609e-14
904	3.16563e-05	6.60059e-08	1.60733e-14
905	3.16471e-05	6.59869e-08	1.60641e-14
906	3.16308e-05	6.59529e-08	1.60475e-14
907	3.161e-05	6.59095e-08	1.60264e-14
908	3.1604e-05	6.5897e-08	1.60203e-14
909	3.15962e-05	6.58807e-08	1.60124e-14
910	3.15815e-05	6.585e-08	1.59975e-14
911	3.15627e-05	6.58108e-08	1.59785e-14
912	3.15604e-05	6.58059e-08	1.59761e-14
913	3.15505e-05	6.57854e-08	1.59661e-14
914	3.15366e-05	6.57564e-08	1.5952e-14
915	3.15338e-05	6.57506e-08	1.59492e-14
916	3.15168e-05	6.57152e-08	1.59321e-14
917	3.15061e-05	6.56928e-08	1.59212e-14
918	3.15037e-05	6.56879e-08	1.59188e-14
919	3.14918e-05	6.5663e-08	1.59068e-14
920	3.14826e-05	6.56439e-08	1.58975e-14
921	3.14676e-05	6.56126e-08	1.58823e-14
922	3.14626e-05	6.56022e-08	1.58773e-14
923	3.14514e-05	6.55787e-08	1.58659e-14
924	3.14317e-05	6.55378e-08	1.58461e-14
925	3.14219e-05	6.55173e-08	1.58362e-14
926	3.14095e-05	6.54913e-08	1.58237e-14
927	3.14013e-05	6.54744e-08	1.58155e-14
928	3.13871e-05	6.54446e-08	1.58011e-14
929	3.13801e-05	6.54301e-08	1.57941e-14
930	3.13675e-05	6.54038e-08	1.57814e-14
931	3.1358e-05	6.53839e-08	1.57718e-14
932	3.13515e-05	6.53705e-08	1.57654e-14
933	3.13156e-05	6.52955e-08	1.57292e-14
934	3.13125e-05	6.52891e-08	1.57261e-14
935	3.13075e-05	6.52787e-08	1.57211e-14
936	3.12779e-05	6.5217e-08	1.56914e-14
937	3.12742e-05	6.52093e-08	1.56877e-14
938	3.12708e-05	6.52023e-08	1.56843e-14
939	3.12506e-05	6.51601e-08	1.56641e-14
940	3.12369e-05	6.51315e-08	1.56503e-14
941	3.12345e-05	6.51266e-08	1.56479e-14
942	3.12256e-05	6.51079e-08	1.5639e-14
943	3.12144e-05	6.50846e-08	1.56278e-14
944	3.12048e-05	6.50646e-08	1.56182e-14
945	3.11969e-05	6.50482e-08	1.56103e-14
946	3.11803e-05	6.50135e-08	1.55936e-14
947	3.11736e-05	6.49995e-08	1.55869e-14
948	3.11584e-05	6.49678e-08	1.55717e-14
949	3.11542e-05	6.49592e-08	1.55676e-14
950	3.11429e-05	6.49356e-08	1.55563e-14
951	3.1126e-05	6.49002e-08	1.55393e-14
952	3.11203e-05	6.48885e-08	1.55337e-14
953	3.11057e-05	6.48579e-08	1.55191e-14
954	3.10934e-05	6.48323e-08	1.55068e-14
955	3.10878e-05	6.48206e-08	1.55013e-14
956	3.10705e-05	6.47846e-08	1.5484e-14
957	3.10499e-05	6.47416e-08	1.54635e-14
958	3.1044e-05	6.47293e-08	1.54576e-14
959	3.10363e-05	6.47132e-08	1.54499e-14
960	3.10269e-05	6.46937e-08	1.54406e-14
961	3.10168e-05	6.46725e-08	1.54305e-14
962	3.10062e-05	6.46505e-08	1.542e-14
963	3.09892e-05	6.46151e-08	1.54031e-14
964	3.0966e-05	6.45668e-08	1.53801e-14
965	3.09585e-05	6.4551e-08	1.53726e-14
966	3.0956e-05	6.45458e-08	1.53701e-14
967	3.09394e-05	6.45113e-08	1.53537e-14
968	3.09312e-05	6.44942e-08	1.53455e-14
969	3.09175e-05	6.44656e-08	1.53319e-14
970	3.09112e-05	6.44524e-08	1.53256e-14
971	3.09061e-05	6.44419e-08	1.53206e-14
972	3.08939e-05	6.44164e-08	1.53085e-14
973	3.08849e-05	6.43976e-08	1.52996e-14
974	3.08789e-05	6.43851e-08	1.52936e-14
975	3.0874e-05	6.43748e-08	1.52888e-14
976	3.08514e-05	6.43278e-08	1.52664e-14
977	3.08305e-05	6.42841e-08	1.52457e-14
978	3.08251e-05	6.42729e-08	1.52404e-14
979	3.08159e-05	6.42537e-08	1.52313e-14
980	3.08032e-05	6.42272e-08	1.52187e-14
981	3.07943e-05	6.42087e-08	1.521e-14
982	3.07773e-05	6.41733e-08	1.51932e-14
983	3.07686e-05	6.4155e-08	1.51845e-14
984	3.07577e-05	6.41324e-08	1.51738e-14
985	3.07433e-05	6.41023e-08	1.51596e-14
986	3.07264e-05	6.4067e-08	1.51429e-14
987	3.0717e-05	6.40475e-08	1.51337e-14
988	3.07097e-05	6.40323e-08	1.51265e-14
989	3.07067e-05	6.4026e-08	1.51235e-14
990	3.06908e-05	6.39929e-08	1.51079e-14
991	3.06789e-05	6.3968e-08	1.50961e-14
992	3.0672e-05	6.39536e-08	1.50893e-14
993	3.0666e-05	6.39412e-08	1.50835e-14
994	3.06608e-05	6.39303e-08	1.50783e-14
995	3.06489e-05	6.39055e-08	1.50666e-14
996	3.06239e-05	6.38534e-08	1.50421e-14
997	3.0615e-05	6.38349e-08	1.50334e-14
998	3.06092e-05	6.38227e-08	1.50277e-14
999	3.05983e-05	6.38001e-08	1.5017e-14
1000	3.05864e-05	6.37752e-08	1.50053e-14
1001	3.05803e-05	6.37625e-08	1.49993e-14
1002	3.05774e-05	6.37564e-08	1.49964e-14
1003	3.05699e-05	6.37407e-08	1.4989e-14
1004	3.05589e-05	6.37178e-08	1.49783e-14
1005	3.05417e-05	6.3682e-08	1.49614e-14
1006	3.05226e-05	6.36422e-08	1.49427e-14
1007	3.05153e-05	6.36268e-08	1.49355e-14
1008	3.05081e-05	6.36118e-08	1.49285e-14
1009	3.04807e-05	6.35549e-08	1.49018e-14
1010	3.04737e-05	6.35402e-08	1.48949e-14
1011	3.04708e-05	6.3534e-08	1.4892e-14
1012	3.04594e-05	6.35104e-08	1.48809e-14
1013	3.04373e-05	6.34644e-08	1.48594e-14
1014	3.04265e-05	6.34418e-08	1.48488e-14
1015	3.04211e-05	6.34304e-08	1.48435e-14
1016	3.0417e-05	6.3422e-08	1.48395e-14
1017	3.04045e-05	6.33959e-08	1.48273e-14
1018	3.03948e-05	6.33756e-08	1.48178e-14
1019	3.03907e-05	6.33672e-08	1.48139e-14
1020	3.03818e-05	6.33485e-08	1.48052e-14
1021	3.03703e-05	6.33246e-08	1.4794e-14
1022	3.03521e-05	6.32867e-08	1.47763e-14
1023	3.03433e-05	6.32682e-08	1.47676e-14
1024	3.03305e-05	6.32417e-08	1.47553e-14
1025	3.03226e-05	6.32252e-08	1.47476e-14
1026	3.031e-05	6.31988e-08	1.47353e-14
1027	3.02959e-05	6.31694e-08	1.47216e-14
1028	3.02811e-05	6.31386e-08	1.47072e-14
1029	3.0271e-05	6.31175e-08	1.46974e-14
1030	3.02572e-05	6.30888e-08	1.4684e-14
1031	3.02455e-05	6.30644e-08	1.46726e-14
1032	3.02414e-05	6.30559e-08	1.46687e-14
1033	3.02313e-05	6.30348e-08	1.46589e-14
1034	3.02226e-05	6.30166e-08	1.46504e-14
1035	3.02118e-05	6.29942e-08	1.464e-14
1036	3.02113e-05	6.29931e-08	1.46395e-14
1037	3.01859e-05	6.29401e-08	1.46149e-14
1038	3.01731e-05	6.29133e-08	1.46024e-14
1039	3.01655e-05	6.28976e-08	1.45951e-14
1040	3.01559e-05	6.28776e-08	1.45859e-14
1041	3.01446e-05	6.28539e-08	1.45749e-14
1042	3.01292e-05	6.2822e-08	1.45601e-14
1043	3.01218e-05	6.28065e-08	1.45529e-14
1044	3.01058e-05	6.27731e-08	1.45374e-14
1045	3.00995e-05	6.27599e-08	1.45313e-14
1046	3.00801e-05	6.27194e-08	1.45126e-14
1047	3.00603e-05	6.26783e-08	1.44936e-14
1048	3.00554e-05	6.2668e-08	1.44888e-14
1049	3.00537e-05	6.26645e-08	1.44872e-14
1050	3.00396e-05	6.26352e-08	1.44736e-14
1051	3.00351e-05	6.26257e-08	1.44692e-14
1052	3.00179e-05	6.25898e-08	1.44526e-14
1053	3.00031e-05	6.2559e-08	1.44384e-14
1054	2.99974e-05	6.2547e-08	1.44329e-14
1055	2.9996e-05	6.25442e-08	1.44316e-14
1056	2.99743e-05	6.24989e-08	1.44107e-14
1057	2.99664e-05	6.24825e-08	1.44031e-14
1058	2.99512e-05	6.24507e-08	1.43885e-14
1059	2.99317e-05	6.24101e-08	1.43698e-14
1060	2.99209e-05	6.23876e-08	1.43594e-14
1061	2.99058e-05	6.23561e-08	1.43449e-14
1062	2.98988e-05	6.23415e-08	1.43382e-14
1063	2.98921e-05	6.23275e-08	1.43317e-14
1064	2.98866e-05	6.23161e-08	1.43265e-14
1065	2.98737e-05	6.22892e-08	1.43142e-14
1066	2.98553e-05	6.22508e-08	1.42965e-14
1067	2.98416e-05	6.22223e-08	1.42834e-14
1068	2.98409e-05	6.22208e-08	1.42827e-14
1069	2.98302e-05	6.21984e-08	1.42725e-14
1070	2.9821e-05	6.21792e-08	1.42637e-14
1071	2.98175e-05	6.21719e-08	1.42603e-14
1072	2.98069e-05	6.21499e-08	1.42502e-14
1073	2.97904e-05	6.21154e-08	1.42344e-14
1074	2.97832e-05	6.21005e-08	1.42276e-14
1075	2.97769e-05	6.20873e-08	1.42215e-14
1076	2.9759e-05	6.205e-08	1.42044e-14
1077	2.97415e-05	6.20134e-08	1.41877e-14
1078	2.97341e-05	6.19981e-08	1.41807e-14
1079	2.97164e-05	6.19612e-08	1.41638e-14
1080	2.97086e-05	6.19448e-08	1.41563e-14
1081	2.96955e-05	6.19177e-08	1.41439e-14
1082	2.96921e-05	6.19104e-08	1.41406e-14
1083	2.96903e-05	6.19067e-08	1.41389e-14
1084	2.96803e-05	6.18859e-08	1.41294e-14
1085	2.967e-05	6.18645e-08	1.41196e-14
1086	2.96532e-05	6.18295e-08	1.41036e-14
1087	2.96452e-05	6.18127e-08	1.4096e-14
1088	2.96361e-05	6.17937e-08	1.40873e-14
1089	2.96311e-05	6.17834e-08	1.40826e-14
1090	2.96197e-05	6.17595e-08	1.40717e-14
1091	2.96087e-05	6.17367e-08	1.40613e-14
1092	2.95912e-05	6.17001e-08	1.40447e-14
1093	2.95903e-05	6.16983e-08	1.40439e-14
1094	2.95799e-05	6.16766e-08	1.4034e-14
1095	2.95592e-05	6.16334e-08	1.40144e-14
1096	2.95505e-05	6.16152e-08	1.40061e-14
1097	2.95367e-05	6.15864e-08	1.3993e-14
1098	2.9532e-05	6.15766e-08	1.39885e-14
1099	2.95287e-05	6.15698e-08	1.39854e-14
1100	2.95166e-05	6.15445e-08	1.39739e-14
1101	2.95031e-05	6.15164e-08	1.39612e-14
1102	2.94835e-05	6.14755e-08	1.39426e-14
1103	2.94785e-05	6.14651e-08	1.39379e-14
1104	2.94695e-05	6.14464e-08	1.39294e-14
1105	2.94581e-05	6.14226e-08	1.39186e-14
1106	2.94372e-05	6.1379e-08	1.38989e-14
1107	2.94282e-05	6.13602e-08	1.38904e-14
1108	2.94158e-05	6.13343e-08	1.38786e-14
1109	2.93956e-05	6.12922e-08	1.38596e-14
1110	2.9391e-05	6.12826e-08	1.38553e-14
1111	2.9385e-05	6.12702e-08	1.38497e-14
1112	2.93767e-05	6.12529e-08	1.38419e-14
1113	2.93726e-05	6.12443e-08	1.38379e-14
1114	2.93585e-05	6.1215e-08	1.38247e-14
1115	2.93508e-05	6.11988e-08	1.38174e-14
1116	2.93313e-05	6.11582e-08	1.37991e-14
1117	2.93269e-05	6.11489e-08	1.37949e-14
1118	2.93192e-05	6.1133e-08	1.37877e-14
1119	2.93127e-05	6.11193e-08	1.37815e-14
1120	2.92955e-05	6.10836e-08	1.37654e-14
1121	2.92851e-05	6.10618e-08	1.37556e-14
1122	2.92783e-05	6.10477e-08	1.37492e-14
1123	2.92686e-05	6.10275e-08	1.37401e-14
1124	2.92665e-05	6.1023e-08	1.37381e-14
1125	2.92421e-05	6.09723e-08	1.37153e-14
1126	2.92307e-05	6.09485e-08	1.37046e-14
1127	2.92246e-05	6.09358e-08	1.36989e-14
1128	2.92161e-05	6.09181e-08	1.36909e-14
1129	2.92022e-05	6.08889e-08	1.36778e-14
1130	2.91943e-05	6.08726e-08	1.36705e-14
1131	2.91841e-05	6.08514e-08	1.3661e-14
1132	2.9162e-05	6.08052e-08	1.36402e-14
1133	2.91509e-05	6.0782e-08	1.36298e-14
1134	2.91451e-05	6.077e-08	1.36244e-14
1135	2.91344e-05	6.07477e-08	1.36145e-14
1136	2.91299e-05	6.07383e-08	1.36102e-14
1137	2.91083e-05	6.06932e-08	1.359e-14
1138	2.90996e-05	6.06752e-08	1.3582e-14
1139	2.90796e-05	6.06333e-08	1.35632e-14
1140	2.90788e-05	6.06317e-08	1.35625e-14
1141	2.90657e-05	6.06044e-08	1.35503e-14
1142	2.90527e-05	6.05772e-08	1.35381e-14
1143	2.90511e-05	6.0574e-08	1.35367e-14
1144	2.90431e-05	6.05573e-08	1.35293e-14
1145	2.90243e-05	6.05181e-08	1.35117e-14
1146	2.90164e-05	6.05017e-08	1.35044e-14
1147	2.90067e-05	6.04814e-08	1.34954e-14
1148	2.89944e-05	6.04558e-08	1.34839e-14
1149	2.89914e-05	6.04495e-08	1.34811e-14
1150	2.89787e-05	6.0423e-08	1.34693e-14
1151	2.89616e-05	6.03873e-08	1.34534e-14
1152	2.89577e-05	6.03792e-08	1.34498e-14
1153	2.89468e-05	6.03566e-08	1.34397e-14
1154	2.89369e-05	6.03359e-08	1.34305e-14
1155	2.89234e-05	6.03078e-08	1.3418e-14
1156	2.89088e-05	6.02772e-08	1.34044e-14
1157	2.8896e-05	6.02505e-08	1.33925e-14
1158	2.88862e-05	6.02301e-08	1.33834e-14
1159	2.88805e-05	6.02183e-08	1.33782e-14
1160	2.88707e-05	6.01978e-08	1.33691e-14
1161	2.88597e-05	6.01749e-08	1.33589e-14
1162	2.88458e-05	6.01458e-08	1.3346e-14
1163	2.88353e-05	6.01239e-08	1.33363e-14
1164	2.88323e-05	6.01177e-08	1.33335e-14
1165	2.88181e-05	6.00881e-08	1.33204e-14
1166	2.87999e-05	6.00502e-08	1.33036e-14
1167	2.87947e-05	6.00394e-08	1.32988e-14
1168	2.87919e-05	6.00334e-08	1.32962e-14
1169	2.8777e-05	6.00025e-08	1.32825e-14
1170	2.87582e-05	5.99632e-08	1.32651e-14
1171	2.87483e-05	5.99427e-08	1.3256e-14
1172	2.87463e-05	5.99385e-08	1.32542e-14
1173	2.87326e-05	5.99099e-08	1.32415e-14
1174	2.87286e-05	5.99015e-08	1.32378e-14
1175	2.8715e-05	5.98732e-08	1.32253e-14
1176	2.86978e-05	5.98372e-08	1.32094e-14
1177	2.86855e-05	5.98117e-08	1.31981e-14
1178	2.86845e-05	5.98095e-08	1.31972e-14
1179	2.86751e-05	5.979e-08	1.31886e-14
1180	2.86627e-05	5.97642e-08	1.31772e-14
1181	2.86528e-05	5.97435e-08	1.3168e-14
1182	2.86477e-05	5.97328e-08	1.31633e-14
1183	2.86402e-05	5.97173e-08	1.31565e-14
1184	2.86285e-05	5.96929e-08	1.31458e-14
1185	2.86135e-05	5.96615e-08	1.31319e-14
1186	2.86025e-05	5.96386e-08	1.31219e-14
1187	2.85855e-05	5.96032e-08	1.31063e-14
1188	2.85816e-05	5.9595e-08	1.31027e-14
1189	2.85596e-05	5.95491e-08	1.30825e-14
1190	2.85554e-05	5.95404e-08	1.30787e-14
1191	2.8541e-05	5.95104e-08	1.30655e-14
1192	2.85356e-05	5.94992e-08	1.30606e-14
1193	2.8529e-05	5.94853e-08	1.30545e-14
1194	2.85172e-05	5.94608e-08	1.30437e-14
1195	2.85032e-05	5.94314e-08	1.30308e-14
1196	2.8497e-05	5.94186e-08	1.30252e-14
1197	2.84843e-05	5.93922e-08	1.30136e-14
1198	2.84752e-05	5.93732e-08	1.30053e-14
1199	2.84632e-05	5.93481e-08	1.29943e-14
1200	2.84415e-05	5.93028e-08	1.29745e-14
1201	2.84328e-05	5.92848e-08	1.29666e-14
1202	2.84125e-05	5.92424e-08	1.29481e-14
1203	2.84052e-05	5.92272e-08	1.29415e-14
1204	2.83931e-05	5.92019e-08	1.29304e-14
1205	2.83837e-05	5.91823e-08	1.29218e-14
1206	2.83689e-05	5.91514e-08	1.29084e-14
1207	2.83682e-05	5.91501e-08	1.29078e-14
1208	2.83513e-05	5.91148e-08	1.28924e-14
1209	2.83411e-05	5.90936e-08	1.28831e-14
1210	2.83358e-05	5.90825e-08	1.28783e-14
1211	2.83267e-05	5.90636e-08	1.287e-14
1212	2.83193e-05	5.90481e-08	1.28633e-14
1213	2.83109e-05	5.90306e-08	1.28557e-14
1214	2.8293e-05	5.89932e-08	1.28394e-14
1215	2.82902e-05	5.89874e-08	1.28369e-14
1216	2.82771e-05	5.896e-08	1.28249e-14
1217	2.82744e-05	5.89545e-08	1.28225e-14
1218	2.8263e-05	5.89307e-08	1.28122e-14
1219	2.82367e-05	5.88759e-08	1.27884e-14
1220	2.82282e-05	5.88581e-08	1.27807e-14
1221	2.82193e-05	5.88395e-08	1.27726e-14
1222	2.82115e-05	5.88234e-08	1.27656e-14
1223	2.82004e-05	5.88002e-08	1.27555e-14
1224	2.81939e-05	5.87865e-08	1.27496e-14
1225	2.81912e-05	5.8781e-08	1.27472e-14
1226	2.81788e-05	5.87552e-08	1.2736e-14
1227	2.8165e-05	5.87264e-08	1.27235e-14
1228	2.81514e-05	5.8698e-08	1.27112e-14
1229	2.81341e-05	5.8662e-08	1.26956e-14
1230	2.81281e-05	5.86494e-08	1.26902e-14
1231	2.81198e-05	5.86321e-08	1.26827e-14
1232	2.81104e-05	5.86126e-08	1.26742e-14
1233	2.81017e-05	5.85943e-08	1.26663e-14
1234	2.80853e-05	5.85601e-08	1.26516e-14
1235	2.80845e-05	5.85584e-08	1.26508e-14
1236	2.80708e-05	5.85299e-08	1.26385e-14
1237	2.80503e-05	5.84871e-08	1.262e-14
1238	2.80432e-05	5.84724e-08	1.26137e-14
1239	2.80382e-05	5.84619e-08	1.26091e-14
1240	2.80237e-05	5.84318e-08	1.25962e-14
1241	2.80107e-05	5.84045e-08	1.25844e-14
1242	2.79992e-05	5.83807e-08	1.25742e-14
1243	2.79924e-05	5.83665e-08	1.2568e-14
1244	2.799e-05	5.83616e-08	1.25659e-14
1245	2.79872e-05	5.83557e-08	1.25634e-14
1246	2.7968e-05	5.83156e-08	1.25461e-14
1247	2.79482e-05	5.82743e-08	1.25284e-14
1248	2.79327e-05	5.82419e-08	1.25144e-14
1249	2.79288e-05	5.82338e-08	1.25109e-14
1250	2.79131e-05	5.8201e-08	1.24969e-14
1251	2.79041e-05	5.81824e-08	1.24889e-14
1252	2.7894e-05	5.81612e-08	1.24798e-14
1253	2.78922e-05	5.81576e-08	1.24782e-14
1254	2.78813e-05	5.81349e-08	1.24685e-14
1255	2.78707e-05	5.81126e-08	1.24589e-14
1256	2.7869e-05	5.81092e-08	1.24575e-14
1257	2.78627e-05	5.8096e-08	1.24518e-14
1258	2.78502e-05	5.807e-08	1.24407e-14
1259	2.78369e-05	5.80423e-08	1.24288e-14
1260	2.78294e-05	5.80267e-08	1.24221e-14
1261	2.78121e-05	5.79905e-08	1.24066e-14
1262	2.78067e-05	5.79793e-08	1.24018e-14
1263	2.78044e-05	5.79744e-08	1.23997e-14
1264	2.77894e-05	5.79432e-08	1.23864e-14
1265	2.77653e-05	5.7893e-08	1.23649e-14
1266	2.77618e-05	5.78856e-08	1.23618e-14
1267	2.77551e-05	5.78718e-08	1.23559e-14
1268	2.77465e-05	5.78538e-08	1.23482e-14
1269	2.77382e-05	5.78365e-08	1.23408e-14
1270	2.77267e-05	5.78125e-08	1.23306e-14
1271	2.77175e-05	5.77933e-08	1.23224e-14
1272	2.76919e-05	5.774e-08	1.22997e-14
1273	2.76832e-05	5.77218e-08	1.22919e-14
1274	2.76784e-05	5.77118e-08	1.22877e-14
1275	2.76769e-05	5.77087e-08	1.22864e-14
1276	2.76645e-05	5.76828e-08	1.22753e-14
1277	2.76551e-05	5.76632e-08	1.2267e-14
1278	2.76382e-05	5.7628e-08	1.2252e-14
1279	2.76294e-05	5.76095e-08	1.22441e-14
1280	2.76161e-05	5.75818e-08	1.22324e-14
1281	2.76e-05	5.75484e-08	1.22182e-14
1282	2.75895e-05	5.75263e-08	1.22088e-14
1283	2.75787e-05	5.75038e-08	1.21993e-14
1284	2.75748e-05	5.74958e-08	1.21959e-14
1285	2.75592e-05	5.74633e-08	1.21821e-14
1286	2.75542e-05	5.74528e-08	1.21776e-14
1287	2.75411e-05	5.74254e-08	1.2166e-14
1288	2.75289e-05	5.74e-08	1.21552e-14
1289	2.75198e-05	5.73811e-08	1.21472e-14
1290	2.75168e-05	5.73749e-08	1.21446e-14
1291	2.75044e-05	5.73489e-08	1.21336e-14
1292	2.74924e-05	5.7324e-08	1.21231e-14
1293	2.74825e-05	5.73033e-08	1.21143e-14
1294	2.74681e-05	5.72732e-08	1.21016e-14
1295	2.74625e-05	5.72615e-08	1.20967e-14
1296	2.74572e-05	5.72505e-08	1.2092e-14
1297	2.74449e-05	5.72248e-08	1.20812e-14
1298	2.74268e-05	5.71872e-08	1.20653e-14
1299	2.74135e-05	5.71594e-08	1.20536e-14
1300	2.74108e-05	5.71538e-08	1.20512e-14
1301	2.73947e-05	5.71201e-08	1.2037e-14
1302	2.73887e-05	5.71078e-08	1.20318e-14
1303	2.73806e-05	5.70909e-08	1.20247e-14
1304	2.7371e-05	5.70708e-08	1.20162e-14
1305	2.73619e-05	5.70519e-08	1.20083e-14
1306	2.73548e-05	5.70371e-08	1.2002e-14
1307	2.73396e-05	5.70053e-08	1.19887e-14
1308	2.73175e-05	5.69592e-08	1.19693e-14
1309	2.73074e-05	5.69382e-08	1.19605e-14
1310	2.73034e-05	5.69298e-08	1.19569e-14
1311	2.72893e-05	5.69005e-08	1.19446e-14
1312	2.72799e-05	5.68809e-08	1.19364e-14
1313	2.72744e-05	5.68694e-08	1.19316e-14
1314	2.72626e-05	5.68447e-08	1.19212e-14
1315	2.72487e-05	5.68158e-08	1.19091e-14
1316	2.72415e-05	5.68008e-08	1.19028e-14
1317	2.72166e-05	5.67489e-08	1.1881e-14
1318	2.72103e-05	5.67358e-08	1.18756e-14
1319	2.72042e-05	5.67231e-08	1.18703e-14
1320	2.71904e-05	5.66941e-08	1.18581e-14
1321	2.71763e-05	5.66649e-08	1.18459e-14
1322	2.71632e-05	5.66374e-08	1.18344e-14
1323	2.71616e-05	5.66343e-08	1.18331e-14
1324	2.71519e-05	5.6614e-08	1.18247e-14
1325	2.71455e-05	5.66006e-08	1.18191e-14
1326	2.71406e-05	5.65905e-08	1.18148e-14
1327	2.71274e-05	5.65629e-08	1.18033e-14
1328	2.71206e-05	5.65487e-08	1.17974e-14
1329	2.71175e-05	5.65423e-08	1.17947e-14
1330	2.70887e-05	5.64821e-08	1.17696e-14
1331	2.7086e-05	5.64766e-08	1.17673e-14
1332	2.70678e-05	5.64387e-08	1.17515e-14
1333	2.70613e-05	5.64251e-08	1.17458e-14
1334	2.70479e-05	5.63972e-08	1.17342e-14
1335	2.7036e-05	5.63722e-08	1.17238e-14
1336	2.70211e-05	5.63412e-08	1.1711e-14
1337	2.70106e-05	5.63193e-08	1.17018e-14
1338	2.70026e-05	5.63027e-08	1.1695e-14
1339	2.69801e-05	5.62557e-08	1.16754e-14
1340	2.69741e-05	5.62432e-08	1.16703e-14
1341	2.69669e-05	5.62283e-08	1.16641e-14
1342	2.69613e-05	5.62165e-08	1.16592e-14
1343	2.69445e-05	5.61815e-08	1.16447e-14
1344	2.69371e-05	5.6166e-08	1.16382e-14
1345	2.69263e-05	5.61436e-08	1.1629e-14
1346	2.69115e-05	5.61128e-08	1.16162e-14
1347	2.69085e-05	5.61064e-08	1.16136e-14
1348	2.68949e-05	5.6078e-08	1.16018e-14
1349	2.68831e-05	5.60535e-08	1.15917e-14
1350	2.68722e-05	5.60307e-08	1.15822e-14
1351	2.6859e-05	5.60033e-08	1.15709e-14
1352	2.68547e-05	5.59943e-08	1.15672e-14
1353	2.68431e-05	5.59702e-08	1.15572e-14
1354	2.68332e-05	5.59494e-08	1.15487e-14
1355	2.68215e-05	5.5925e-08	1.15386e-14
1356	2.68189e-05	5.59196e-08	1.15364e-14
1357	2.68057e-05	5.58922e-08	1.1525e-14
1358	2.67926e-05	5.58647e-08	1.15137e-14
1359	2.67873e-05	5.58537e-08	1.15092e-14
1360	2.67785e-05	5.58354e-08	1.15016e-14
1361	2.67681e-05	5.58137e-08	1.14927e-14
1362	2.67504e-05	5.57768e-08	1.14775e-14
1363	2.67453e-05	5.57662e-08	1.14731e-14
1364	2.67225e-05	5.57187e-08	1.14536e-14
1365	2.67167e-05	5.57065e-08	1.14486e-14
1366	2.6715e-05	5.57031e-08	1.14472e-14
1367	2.66984e-05	5.56683e-08	1.14329e-14
1368	2.66932e-05	5.56574e-08	1.14284e-14
1369	2.668e-05	5.56299e-08	1.14171e-14
1370	2.66777e-05	5.56252e-08	1.14152e-14
1371	2.66549e-05	5.55777e-08	1.13957e-14
1372	2.664e-05	5.55466e-08	1.1383e-14
1373	2.66312e-05	5.55283e-08	1.13755e-14
1374	2.66194e-05	5.55037e-08	1.13654e-14
1375	2.66074e-05	5.54786e-08	1.13551e-14
1376	2.66029e-05	5.54693e-08	1.13513e-14
1377	2.65865e-05	5.54351e-08	1.13373e-14
1378	2.65732e-05	5.54073e-08	1.13259e-14
1379	2.6565e-05	5.53903e-08	1.1319e-14
1380	2.65576e-05	5.53748e-08	1.13127e-14
1381	2.654e-05	5.53381e-08	1.12977e-14
1382	2.65333e-05	5.53241e-08	1.12919e-14
1383	2.65249e-05	5.53067e-08	1.12848e-14
1384	2.65163e-05	5.52886e-08	1.12775e-14
1385	2.6506e-05	5.52672e-08	1.12687e-14
1386	2.64904e-05	5.52347e-08	1.12555e-14
1387	2.64796e-05	5.52121e-08	1.12463e-14
1388	2.64751e-05	5.52027e-08	1.12425e-14
1389	2.64644e-05	5.51805e-08	1.12334e-14
1390	2.64579e-05	5.5167e-08	1.12279e-14
1391	2.64351e-05	5.51194e-08	1.12085e-14
1392	2.64326e-05	5.51142e-08	1.12064e-14
1393	2.64169e-05	5.50813e-08	1.11931e-14
1394	2.64043e-05	5.50552e-08	1.11824e-14
1395	2.6392e-05	5.50295e-08	1.1172e-14
1396	2.63795e-05	5.50035e-08	1.11614e-14
1397	2.6375e-05	5.4994e-08	1.11576e-14
1398	2.63641e-05	5.49714e-08	1.11484e-14
1399	2.63559e-05	5.49543e-08	1.11415e-14
1400	2.6353e-05	5.49482e-08	1.1139e-14
1401	2.63506e-05	5.49432e-08	1.1137e-14
1402	2.63293e-05	5.48987e-08	1.1119e-14
1403	2.63144e-05	5.48677e-08	1.11064e-14
1404	2.63057e-05	5.48495e-08	1.1099e-14
1405	2.62895e-05	5.48158e-08	1.10854e-14
1406	2.62819e-05	5.47999e-08	1.1079e-14
1407	2.62761e-05	5.47878e-08	1.10741e-14
1408	2.62713e-05	5.47778e-08	1.107e-14
1409	2.62418e-05	5.47163e-08	1.10452e-14
1410	2.62338e-05	5.46996e-08	1.10385e-14
1411	2.6231e-05	5.46939e-08	1.10362e-14
1412	2.62222e-05	5.46754e-08	1.10287e-14
1413	2.62179e-05	5.46665e-08	1.10251e-14
1414	2.62057e-05	5.4641e-08	1.10148e-14
1415	2.61944e-05	5.46175e-08	1.10054e-14
1416	2.61924e-05	5.46133e-08	1.10037e-14
1417	2.61632e-05	5.45525e-08	1.09792e-14
1418	2.61555e-05	5.45363e-08	1.09727e-14
1419	2.61443e-05	5.4513e-08	1.09633e-14
1420	2.61361e-05	5.44958e-08	1.09564e-14
1421	2.61244e-05	5.44715e-08	1.09466e-14
1422	2.61078e-05	5.4437e-08	1.09327e-14
1423	2.61036e-05	5.44282e-08	1.09292e-14
1424	2.60924e-05	5.44048e-08	1.09198e-14
1425	2.60838e-05	5.43868e-08	1.09126e-14
1426	2.6071e-05	5.43603e-08	1.09019e-14
1427	2.60579e-05	5.43328e-08	1.08909e-14
1428	2.60518e-05	5.43202e-08	1.08859e-14
1429	2.60446e-05	5.43051e-08	1.08798e-14
1430	2.60274e-05	5.42692e-08	1.08654e-14
1431	2.60265e-05	5.42674e-08	1.08647e-14
1432	2.60162e-05	5.42459e-08	1.08561e-14
1433	2.59946e-05	5.42009e-08	1.08381e-14
1434	2.59803e-05	5.41711e-08	1.08262e-14
1435	2.59717e-05	5.41532e-08	1.0819e-14
1436	2.5965e-05	5.41391e-08	1.08134e-14
1437	2.5963e-05	5.4135e-08	1.08118e-14
1438	2.59432e-05	5.40937e-08	1.07953e-14
1439	2.59323e-05	5.4071e-08	1.07862e-14
1440	2.59227e-05	5.40509e-08	1.07782e-14
1441	2.59143e-05	5.40335e-08	1.07713e-14
1442	2.59103e-05	5.4025e-08	1.07679e-14
1443	2.58918e-05	5.39865e-08	1.07525e-14
1444	2.58746e-05	5.39506e-08	1.07382e-14
1445	2.58676e-05	5.39361e-08	1.07325e-14
1446	2.58523e-05	5.39042e-08	1.07198e-14
1447	2.5839e-05	5.38764e-08	1.07087e-14
1448	2.58303e-05	5.38583e-08	1.07015e-14
1449	2.58223e-05	5.38416e-08	1.06949e-14
1450	2.58213e-05	5.38396e-08	1.06941e-14
1451	2.58055e-05	5.38066e-08	1.0681e-14
1452	2.5795e-05	5.37848e-08	1.06723e-14
1453	2.5781e-05	5.37556e-08	1.06607e-14
1454	2.57744e-05	5.37419e-08	1.06553e-14
1455	2.57546e-05	5.37006e-08	1.06389e-14
1456	2.57433e-05	5.36768e-08	1.06295e-14
1457	2.57358e-05	5.36612e-08	1.06233e-14
1458	2.57236e-05	5.36358e-08	1.06133e-14
1459	2.57116e-05	5.36109e-08	1.06034e-14
1460	2.57067e-05	5.36006e-08	1.05994e-14
1461	2.56877e-05	5.3561e-08	1.05837e-14
1462	2.56798e-05	5.35445e-08	1.05772e-14
1463	2.56773e-05	5.35392e-08	1.05751e-14
1464	2.56712e-05	5.35266e-08	1.05701e-14
1465	2.5649e-05	5.34802e-08	1.05518e-14
1466	2.56424e-05	5.34666e-08	1.05464e-14
1467	2.56299e-05	5.34405e-08	1.05361e-14
1468	2.56256e-05	5.34315e-08	1.05326e-14
1469	2.56219e-05	5.34238e-08	1.05295e-14
1470	2.56171e-05	5.34138e-08	1.05256e-14
1471	2.55913e-05	5.33599e-08	1.05044e-14
1472	2.55797e-05	5.33358e-08	1.04949e-14
1473	2.55686e-05	5.33127e-08	1.04858e-14
1474	2.55634e-05	5.33018e-08	1.04815e-14
1475	2.55526e-05	5.32793e-08	1.04727e-14
1476	2.55499e-05	5.32737e-08	1.04705e-14
1477	2.55356e-05	5.32438e-08	1.04587e-14
1478	2.55198e-05	5.3211e-08	1.04458e-14
1479	2.55124e-05	5.31954e-08	1.04397e-14
1480	2.55066e-05	5.31834e-08	1.0435e-14
1481	2.54909e-05	5.31505e-08	1.04221e-14
1482	2.54769e-05	5.31214e-08	1.04107e-14
1483	2.54717e-05	5.31107e-08	1.04065e-14
1484	2.54624e-05	5.30912e-08	1.03989e-14
1485	2.54507e-05	5.30668e-08	1.03893e-14
1486	2.54438e-05	5.30524e-08	1.03837e-14
1487	2.54246e-05	5.30125e-08	1.0368e-14
1488	2.54164e-05	5.29954e-08	1.03613e-14
1489	2.54082e-05	5.29783e-08	1.03547e-14
1490	2.54014e-05	5.29641e-08	1.03491e-14
1491	2.53927e-05	5.29459e-08	1.0342e-14
1492	2.53847e-05	5.29292e-08	1.03355e-14
1493	2.53652e-05	5.28885e-08	1.03196e-14
1494	2.53552e-05	5.28676e-08	1.03114e-14
1495	2.53434e-05	5.28431e-08	1.03019e-14
1496	2.53307e-05	5.28166e-08	1.02915e-14
1497	2.53236e-05	5.28019e-08	1.02858e-14
1498	2.53095e-05	5.27724e-08	1.02743e-14
1499	2.5298e-05	5.27484e-08	1.0265e-14
1500	2.5284e-05	5.27193e-08	1.02537e-14
1501	2.52775e-05	5.27058e-08	1.02484e-14
1502	2.52697e-05	5.26894e-08	1.0242e-14
1503	2.52613e-05	5.26718e-08	1.02352e-14
1504	2.52471e-05	5.26423e-08	1.02238e-14
1505	2.52338e-05	5.26145e-08	1.0213e-14
1506	2.52285e-05	5.26036e-08	1.02087e-14
1507	2.5224e-05	5.25942e-08	1.02051e-14
1508	2.5198e-05	5.254e-08	1.0184e-14
1509	2.51946e-05	5.25329e-08	1.01813e-14
1510	2.5193e-05	5.25294e-08	1.018e-14
1511	2.51747e-05	5.24914e-08	1.01652e-14
1512	2.51708e-05	5.24831e-08	1.0162e-14
1513	2.51529e-05	5.24458e-08	1.01476e-14
1514	2.51498e-05	5.24393e-08	1.01451e-14
1515	2.51421e-05	5.24233e-08	1.01389e-14
1516	2.51194e-05	5.23761e-08	1.01206e-14
1517	2.51012e-05	5.2338e-08	1.01059e-14
1518	2.50893e-05	5.23133e-08	1.00964e-14
1519	2.50856e-05	5.23056e-08	1.00934e-14
1520	2.50789e-05	5.22915e-08	1.00879e-14
1521	2.50585e-05	5.22491e-08	1.00716e-14
1522	2.50441e-05	5.22191e-08	1.006e-14
1523	2.50357e-05	5.22015e-08	1.00532e-14
1524	2.50236e-05	5.21763e-08	1.00435e-14
1525	2.50193e-05	5.21674e-08	1.00401e-14
1526	2.50011e-05	5.21295e-08	1.00255e-14
1527	2.49956e-05	5.2118e-08	1.00211e-14
1528	2.49799e-05	5.20851e-08	1.00085e-14
1529	2.49672e-05	5.20587e-08	9.9983e-15
1530	2.49606e-05	5.20449e-08	9.993e-15
1531	2.49432e-05	5.20086e-08	9.97906e-15
1532	2.49355e-05	5.19925e-08	9.97291e-15
1533	2.49319e-05	5.19852e-08	9.97009e-15
1534	2.49242e-05	5.19689e-08	9.96387e-15
1535	2.49072e-05	5.19335e-08	9.95029e-15
1536	2.48972e-05	5.19126e-08	9.94229e-15
1537	2.48859e-05	5.18893e-08	9.93334e-15
1538	2.48842e-05	5.18856e-08	9.93192e-15
1539	2.48703e-05	5.18567e-08	9.92088e-15
1540	2.48579e-05	5.18307e-08	9.91094e-15
1541	2.48511e-05	5.18166e-08	9.90555e-15
1542	2.48389e-05	5.17911e-08	9.89581e-15
1543	2.48354e-05	5.17838e-08	9.893e-15
1544	2.48221e-05	5.17562e-08	9.88244e-15
1545	2.47964e-05	5.17025e-08	9.86195e-15
1546	2.47841e-05	5.16768e-08	9.85217e-15
1547	2.47723e-05	5.16523e-08	9.84281e-15
1548	2.47611e-05	5.1629e-08	9.83393e-15
1549	2.47563e-05	5.16189e-08	9.83008e-15
1550	2.47511e-05	5.16081e-08	9.826e-15
1551	2.4746e-05	5.15974e-08	9.82191e-15
1552	2.47241e-05	5.15518e-08	9.80457e-15
1553	2.47151e-05	5.15331e-08	9.79745e-15
1554	2.46994e-05	5.15002e-08	9.78495e-15
1555	2.46964e-05	5.14941e-08	9.78262e-15
1556	2.46793e-05	5.14584e-08	9.76908e-15
1557	2.46732e-05	5.14457e-08	9.76423e-15
1558	2.46645e-05	5.14275e-08	9.75732e-15
1559	2.46535e-05	5.14046e-08	9.74864e-15
1560	2.46492e-05	5.13956e-08	9.74522e-15
1561	2.4638e-05	5.13722e-08	9.73635e-15
1562	2.46283e-05	5.1352e-08	9.7287e-15
1563	2.46206e-05	5.13359e-08	9.72261e-15
1564	2.4597e-05	5.12869e-08	9.70404e-15
1565	2.45925e-05	5.12774e-08	9.70045e-15
1566	2.4577e-05	5.12451e-08	9.68822e-15
1567	2.45742e-05	5.12392e-08	9.68601e-15
1568	2.45578e-05	5.1205e-08	9.67308e-15
1569	2.45435e-05	5.11752e-08	9.66185e-15
1570	2.45348e-05	5.1157e-08	9.65496e-15
1571	2.45195e-05	5.11252e-08	9.64296e-15
1572	2.4512e-05	5.11095e-08	9.63703e-15
1573	2.45096e-05	5.11045e-08	9.63514e-15
1574	2.44893e-05	5.10623e-08	9.61924e-15
1575	2.44732e-05	5.10286e-08	9.60656e-15
1576	2.44683e-05	5.10184e-08	9.60271e-15
1577	2.44671e-05	5.10159e-08	9.60176e-15
1578	2.44511e-05	5.09826e-08	9.58923e-15
1579	2.44429e-05	5.09655e-08	9.5828e-15
1580	2.44214e-05	5.09206e-08	9.56592e-15
1581	2.4412e-05	5.0901e-08	9.55856e-15
1582	2.44064e-05	5.08893e-08	9.55419e-15
1583	2.43964e-05	5.08685e-08	9.54638e-15
1584	2.43863e-05	5.08475e-08	9.53849e-15
1585	2.43827e-05	5.08399e-08	9.53565e-15
1586	2.43725e-05	5.08186e-08	9.52765e-15
1587	2.43587e-05	5.07899e-08	9.51689e-15
1588	2.4346e-05	5.07635e-08	9.507e-15
1589	2.43429e-05	5.0757e-08	9.50455e-15
1590	2.43258e-05	5.07214e-08	9.49122e-15
1591	2.43071e-05	5.06824e-08	9.47664e-15
1592	2.42983e-05	5.06639e-08	9.46974e-15
1593	2.42883e-05	5.06431e-08	9.46197e-15
1594	2.42754e-05	5.06163e-08	9.45193e-15
1595	2.42666e-05	5.05979e-08	9.44506e-15
1596	2.42559e-05	5.05756e-08	9.43676e-15
1597	2.42491e-05	5.05614e-08	9.43143e-15
1598	2.42402e-05	5.05428e-08	9.42453e-15
1599	2.42092e-05	5.04783e-08	9.40046e-15
1600	2.42027e-05	5.04646e-08	9.39538e-15
1601	2.41875e-05	5.0433e-08	9.38359e-15
1602	2.41864e-05	5.04306e-08	9.38272e-15
1603	2.4171e-05	5.03985e-08	9.37076e-15
1604	2.41645e-05	5.03849e-08	9.36573e-15
1605	2.41571e-05	5.03696e-08	9.36001e-15
1606	2.4143e-05	5.03401e-08	9.34906e-15
1607	2.41364e-05	5.03263e-08	9.34395e-15
1608	2.41203e-05	5.02927e-08	9.33148e-15
1609	2.41046e-05	5.02601e-08	9.31938e-15
1610	2.40942e-05	5.02385e-08	9.31137e-15
1611	2.40905e-05	5.02307e-08	9.30847e-15
1612	2.40793e-05	5.02073e-08	9.29982e-15
1613	2.40704e-05	5.01889e-08	9.29298e-15
1614	2.40588e-05	5.01645e-08	9.28396e-15
1615	2.40497e-05	5.01455e-08	9.27694e-15
1616	2.40322e-05	5.01092e-08	9.26351e-15
1617	2.40217e-05	5.00872e-08	9.25539e-15
1618	2.40085e-05	5.00597e-08	9.24522e-15
1619	2.40039e-05	5.00501e-08	9.24165e-15
1620	2.39978e-05	5.00374e-08	9.23699e-15
1621	2.39704e-05	4.99802e-08	9.21586e-15
1622	2.39588e-05	4.99561e-08	9.20699e-15
1623	2.39492e-05	4.99361e-08	9.19962e-15
1624	2.39371e-05	4.99108e-08	9.19028e-15
1625	2.39179e-05	4.98707e-08	9.17554e-15
1626	2.39057e-05	4.98455e-08	9.16625e-15
1627	2.38969e-05	4.98269e-08	9.15943e-15
1628	2.38939e-05	4.98207e-08	9.15714e-15
1629	2.38863e-05	4.98049e-08	9.15134e-15
1630	2.38702e-05	4.97714e-08	9.13902e-15
1631	2.38651e-05	4.97608e-08	9.13514e-15
1632	2.38566e-05	4.97431e-08	9.12863e-15
1633	2.38346e-05	4.96972e-08	9.1118e-15
1634	2.38289e-05	4.96853e-08	9.10744e-15
1635	2.38118e-05	4.96496e-08	9.09437e-15
1636	2.38067e-05	4.96389e-08	9.09045e-15
1637	2.37898e-05	4.96036e-08	9.07752e-15
1638	2.37817e-05	4.95867e-08	9.07133e-15
1639	2.37764e-05	4.95758e-08	9.06735e-15
1640	2.37652e-05	4.95523e-08	9.05875e-15
1641	2.37521e-05	4.95252e-08	9.04884e-15
1642	2.3745e-05	4.95103e-08	9.04338e-15
1643	2.37392e-05	4.94982e-08	9.03898e-15
1644	2.37245e-05	4.94676e-08	9.0278e-15
1645	2.37082e-05	4.94337e-08	9.01541e-15
1646	2.36976e-05	4.94114e-08	9.00731e-15
1647	2.36818e-05	4.93785e-08	8.99532e-15
1648	2.36701e-05	4.93542e-08	8.98644e-15
1649	2.36625e-05	4.93382e-08	8.98063e-15
1650	2.36502e-05	4.93126e-08	8.9713e-15
1651	2.36321e-05	4.92749e-08	8.95759e-15
1652	2.36255e-05	4.92611e-08	8.95257e-15
1653	2.36148e-05	4.92388e-08	8.94447e-15
1654	2.36042e-05	4.92167e-08	8.93646e-15
1655	2.35965e-05	4.92007e-08	8.93066e-15
1656	2.35788e-05	4.91637e-08	8.91721e-15
1657	2.35711e-05	4.91477e-08	8.9114e-15
1658	2.35651e-05	4.91353e-08	8.90691e-15
1659	2.35503e-05	4.91044e-08	8.89571e-15
1660	2.3532e-05	4.90661e-08	8.88185e-15
1661	2.35284e-05	4.90587e-08	8.87918e-15
1662	2.35198e-05	4.90407e-08	8.87265e-15
1663	2.3511e-05	4.90224e-08	8.86603e-15
1664	2.34984e-05	4.89961e-08	8.85654e-15
1665	2.3492e-05	4.89827e-08	8.8517e-15
1666	2.34812e-05	4.89603e-08	8.8436e-15
1667	2.34737e-05	4.89446e-08	8.83793e-15
1668	2.34606e-05	4.89173e-08	8.82806e-15
1669	2.345e-05	4.88953e-08	8.82012e-15
1670	2.34329e-05	4.88595e-08	8.80723e-15
1671	2.34274e-05	4.88481e-08	8.80311e-15
1672	2.34236e-05	4.88401e-08	8.80021e-15
1673	2.34078e-05	4.88072e-08	8.78836e-15
1674	2.3398e-05	4.87868e-08	8.78103e-15
1675	2.33905e-05	4.87712e-08	8.77541e-15
1676	2.33681e-05	4.87244e-08	8.75856e-15
1677	2.33544e-05	4.86959e-08	8.74832e-15
1678	2.33455e-05	4.86773e-08	8.74166e-15
1679	2.33426e-05	4.86714e-08	8.73951e-15
1680	2.33317e-05	4.86484e-08	8.73128e-15
1681	2.3321e-05	4.86263e-08	8.72332e-15
1682	2.33132e-05	4.86099e-08	8.71745e-15
1683	2.33057e-05	4.85943e-08	8.71185e-15
1684	2.3292e-05	4.85658e-08	8.70163e-15
1685	2.32746e-05	4.85295e-08	8.68865e-15
1686	2.32648e-05	4.85091e-08	8.68135e-15
1687	2.32616e-05	4.85024e-08	8.67894e-15
1688	2.32517e-05	4.84818e-08	8.67156e-15
1689	2.32314e-05	4.84395e-08	8.65644e-15
1690	2.32243e-05	4.84246e-08	8.65113e-15
1691	2.32073e-05	4.8389e-08	8.63842e-15
1692	2.31769e-05	4.83258e-08	8.61586e-15
1693	2.3166e-05	4.83031e-08	8.60775e-15
1694	2.31563e-05	4.82828e-08	8.60053e-15
1695	2.31461e-05	4.82615e-08	8.59296e-15
1696	2.31392e-05	4.82472e-08	8.58785e-15
1697	2.31313e-05	4.82308e-08	8.58201e-15
1698	2.31099e-05	4.81861e-08	8.56611e-15
1699	2.30979e-05	4.81611e-08	8.55722e-15
1700	2.30941e-05	4.81531e-08	8.55439e-15
1701	2.30725e-05	4.81081e-08	8.53842e-15
1702	2.30682e-05	4.80992e-08	8.53525e-15
1703	2.30561e-05	4.80739e-08	8.52627e-15
1704	2.30476e-05	4.80561e-08	8.51997e-15
1705	2.3037e-05	4.80341e-08	8.51214e-15
1706	2.30247e-05	4.80085e-08	8.50308e-15
1707	2.30141e-05	4.79864e-08	8.49526e-15
1708	2.30035e-05	4.79642e-08	8.48742e-15
1709	2.29839e-05	4.79233e-08	8.47294e-15
1710	2.29773e-05	4.79096e-08	8.46811e-15
1711	2.29702e-05	4.78947e-08	8.46282e-15
1712	2.29631e-05	4.78799e-08	8.45759e-15
1713	2.29374e-05	4.78264e-08	8.43871e-15
1714	2.29316e-05	4.78143e-08	8.43442e-15
1715	2.29225e-05	4.77953e-08	8.42774e-15
1716	2.29081e-05	4.77653e-08	8.41715e-15
1717	2.28953e-05	4.77387e-08	8.40777e-15
1718	2.28861e-05	4.77194e-08	8.401e-15
1719	2.28691e-05	4.7684e-08	8.38852e-15
1720	2.28655e-05	4.76765e-08	8.38588e-15
1721	2.28591e-05	4.7663e-08	8.38115e-15
1722	2.2833e-05	4.76086e-08	8.36203e-15
1723	2.28117e-05	4.75642e-08	8.34642e-15
1724	2.28089e-05	4.75585e-08	8.34442e-15
1725	2.27998e-05	4.75396e-08	8.33778e-15
1726	2.27884e-05	4.75157e-08	8.32942e-15
1727	2.27778e-05	4.74936e-08	8.32167e-15
1728	2.277e-05	4.74773e-08	8.31597e-15
1729	2.27621e-05	4.74609e-08	8.3102e-15
1730	2.27399e-05	4.74146e-08	8.29402e-15
1731	2.27323e-05	4.73988e-08	8.28848e-15
1732	2.27134e-05	4.73593e-08	8.27468e-15
1733	2.27099e-05	4.7352e-08	8.27211e-15
1734	2.26979e-05	4.7327e-08	8.26339e-15
1735	2.268e-05	4.72898e-08	8.2504e-15
1736	2.26661e-05	4.72607e-08	8.24027e-15
1737	2.2651e-05	4.72292e-08	8.22928e-15
1738	2.26375e-05	4.72011e-08	8.2195e-15
1739	2.2627e-05	4.71791e-08	8.21184e-15
1740	2.26172e-05	4.71586e-08	8.2047e-15
1741	2.26109e-05	4.71455e-08	8.20014e-15
1742	2.25945e-05	4.71115e-08	8.18829e-15
1743	2.25861e-05	4.70939e-08	8.18218e-15
1744	2.25751e-05	4.7071e-08	8.17423e-15
1745	2.2568e-05	4.70561e-08	8.16906e-15
1746	2.25562e-05	4.70316e-08	8.16054e-15
1747	2.25186e-05	4.69532e-08	8.13339e-15
1748	2.25088e-05	4.69327e-08	8.12628e-15
1749	2.2489e-05	4.68915e-08	8.11202e-15
1750	2.24845e-05	4.68821e-08	8.10877e-15
1751	2.24735e-05	4.68591e-08	8.1008e-15
1752	2.24624e-05	4.6836e-08	8.09283e-15
1753	2.2454e-05	4.68184e-08	8.08674e-15
1754	2.24479e-05	4.68058e-08	8.08238e-15
1755	2.24359e-05	4.67807e-08	8.07372e-15
1756	2.24258e-05	4.67597e-08	8.06647e-15
1757	2.24238e-05	4.67555e-08	8.06501e-15
1758	2.2405e-05	4.67164e-08	8.05153e-15
1759	2.23912e-05	4.66875e-08	8.04157e-15
1760	2.23891e-05	4.66831e-08	8.04008e-15
1761	2.2365e-05	4.66329e-08	8.02278e-15
1762	2.23572e-05	4.66166e-08	8.01718e-15
1763	2.23449e-05	4.6591e-08	8.00837e-15
1764	2.23375e-05	4.65756e-08	8.00309e-15
1765	2.23161e-05	4.6531e-08	7.98775e-15
1766	2.23087e-05	4.65155e-08	7.98244e-15
1767	2.23039e-05	4.65056e-08	7.97903e-15
1768	2.22848e-05	4.64657e-08	7.96537e-15
1769	2.22747e-05	4.64446e-08	7.95812e-15
1770	2.22704e-05	4.64355e-08	7.95502e-15
1771	2.22526e-05	4.63985e-08	7.94232e-15
1772	2.22464e-05	4.63856e-08	7.93791e-15
1773	2.22228e-05	4.63364e-08	7.92109e-15
1774	2.22113e-05	4.63123e-08	7.91286e-15
1775	2.22013e-05	4.62916e-08	7.90579e-15
1776	2.21814e-05	4.62502e-08	7.89163e-15
1777	2.21721e-05	4.62306e-08	7.88497e-15
1778	2.21627e-05	4.6211e-08	7.87827e-15
1779	2.21443e-05	4.61726e-08	7.8652e-15
1780	2.21396e-05	4.61629e-08	7.86187e-15
1781	2.2132e-05	4.6147e-08	7.85646e-15
1782	2.21209e-05	4.61238e-08	7.84857e-15
1783	2.21126e-05	4.61065e-08	7.8427e-15
1784	2.21035e-05	4.60875e-08	7.83623e-15
1785	2.20757e-05	4.60296e-08	7.81656e-15
1786	2.20624e-05	4.6002e-08	7.80717e-15
1787	2.20568e-05	4.59903e-08	7.80322e-15
1788	2.20477e-05	4.59713e-08	7.79676e-15
1789	2.20394e-05	4.59539e-08	7.79086e-15
1790	2.20181e-05	4.59096e-08	7.77584e-15
1791	2.20095e-05	4.58916e-08	7.76974e-15
1792	2.19919e-05	4.5855e-08	7.75736e-15
1793	2.19678e-05	4.58047e-08	7.74033e-15
1794	2.19659e-05	4.58007e-08	7.73901e-15
1795	2.19575e-05	4.57832e-08	7.73307e-15
1796	2.19472e-05	4.57617e-08	7.72582e-15
1797	2.19311e-05	4.57282e-08	7.7145e-15
1798	2.19128e-05	4.56901e-08	7.70165e-15
1799	2.19047e-05	4.56732e-08	7.69595e-15
1800	2.18946e-05	4.56521e-08	7.68885e-15
1801	2.18792e-05	4.56199e-08	7.67802e-15
1802	2.18665e-05	4.55934e-08	7.6691e-15
1803	2.18549e-05	4.55693e-08	7.66098e-15
1804	2.18408e-05	4.55398e-08	7.65108e-15
1805	2.18385e-05	4.55352e-08	7.64952e-15
1806	2.18257e-05	4.55084e-08	7.64051e-15
1807	2.18102e-05	4.5476e-08	7.62965e-15
1808	2.17949e-05	4.54441e-08	7.61896e-15
1809	2.17785e-05	4.54101e-08	7.60755e-15
1810	2.17765e-05	4.54059e-08	7.60614e-15
1811	2.17604e-05	4.53723e-08	7.59489e-15
1812	2.17421e-05	4.5334e-08	7.58208e-15
1813	2.17404e-05	4.53304e-08	7.58089e-15
1814	2.17259e-05	4.53003e-08	7.5708e-15
1815	2.16983e-05	4.52427e-08	7.55156e-15
1816	2.16966e-05	4.52392e-08	7.55039e-15
1817	2.16777e-05	4.51997e-08	7.53722e-15
1818	2.1668e-05	4.51795e-08	7.53048e-15
1819	2.16586e-05	4.51601e-08	7.52401e-15
1820	2.16359e-05	4.51125e-08	7.50819e-15
1821	2.16173e-05	4.50739e-08	7.49533e-15
1822	2.16149e-05	4.50689e-08	7.49367e-15
1823	2.15996e-05	4.50369e-08	7.48303e-15
1824	2.1596e-05	4.50294e-08	7.48054e-15
1825	2.15751e-05	4.49859e-08	7.46609e-15
1826	2.15634e-05	4.49615e-08	7.45798e-15
1827	2.1537e-05	4.49065e-08	7.43975e-15
1828	2.1521e-05	4.48732e-08	7.42871e-15
1829	2.15109e-05	4.48521e-08	7.42174e-15
1830	2.14941e-05	4.48169e-08	7.41011e-15
1831	2.1493e-05	4.48147e-08	7.40937e-15
1832	2.1473e-05	4.47729e-08	7.39555e-15
1833	2.14596e-05	4.47451e-08	7.38636e-15
1834	2.14507e-05	4.47266e-08	7.38025e-15
1835	2.14421e-05	4.47085e-08	7.37428e-15
1836	2.14084e-05	4.46383e-08	7.35114e-15
1837	2.14024e-05	4.46258e-08	7.34704e-15
1838	2.13951e-05	4.46105e-08	7.342e-15
1839	2.1389e-05	4.45977e-08	7.3378e-15
1840	2.13574e-05	4.4532e-08	7.31618e-15
1841	2.13549e-05	4.45268e-08	7.31449e-15
1842	2.13449e-05	4.45058e-08	7.30759e-15
1843	2.13323e-05	4.44796e-08	7.29897e-15
1844	2.1312e-05	4.44373e-08	7.28511e-15
1845	2.1307e-05	4.44268e-08	7.28167e-15
1846	2.12926e-05	4.43969e-08	7.27187e-15
1847	2.12677e-05	4.4345e-08	7.25485e-15
1848	2.12643e-05	4.43377e-08	7.2525e-15
1849	2.12422e-05	4.42918e-08	7.23748e-15
1850	2.12335e-05	4.42736e-08	7.23152e-15
1851	2.12275e-05	4.42611e-08	7.22744e-15
1852	2.12189e-05	4.42432e-08	7.22159e-15
1853	2.12146e-05	4.42342e-08	7.21867e-15
1854	2.11924e-05	4.41878e-08	7.20353e-15
1855	2.11773e-05	4.41564e-08	7.1933e-15
1856	2.11599e-05	4.412e-08	7.18145e-15
1857	2.11556e-05	4.41111e-08	7.17853e-15
1858	2.11366e-05	4.40715e-08	7.16566e-15
1859	2.11172e-05	4.40312e-08	7.15254e-15
1860	2.10879e-05	4.39701e-08	7.1327e-15
1861	2.10701e-05	4.3933e-08	7.12069e-15
1862	2.10636e-05	4.39194e-08	7.1163e-15
1863	2.10521e-05	4.38954e-08	7.10852e-15
1864	2.104e-05	4.38701e-08	7.10032e-15
1865	2.10315e-05	4.38523e-08	7.09456e-15
1866	2.10126e-05	4.38131e-08	7.08187e-15
1867	2.09938e-05	4.37738e-08	7.06917e-15
1868	2.09913e-05	4.37686e-08	7.06751e-15
1869	2.09735e-05	4.37314e-08	7.0555e-15
1870	2.09711e-05	4.37265e-08	7.0539e-15
1871	2.09577e-05	4.36986e-08	7.0449e-15
1872	2.09391e-05	4.36597e-08	7.03237e-15
1873	2.09293e-05	4.36393e-08	7.0258e-15
1874	2.09182e-05	4.36163e-08	7.01839e-15
1875	2.0903e-05	4.35845e-08	7.00816e-15
1876	2.08915e-05	4.35604e-08	7.00042e-15
1877	2.08847e-05	4.35463e-08	6.99588e-15
1878	2.08652e-05	4.35057e-08	6.98285e-15
1879	2.08581e-05	4.3491e-08	6.97812e-15
1880	2.08386e-05	4.34503e-08	6.96507e-15
1881	2.08376e-05	4.34481e-08	6.96437e-15
1882	2.08199e-05	4.34112e-08	6.95255e-15
1883	2.08045e-05	4.3379e-08	6.94224e-15
1884	2.07684e-05	4.33038e-08	6.91818e-15
1885	2.07647e-05	4.3296e-08	6.9157e-15
1886	2.07449e-05	4.32549e-08	6.90257e-15
1887	2.07382e-05	4.32409e-08	6.8981e-15
1888	2.07242e-05	4.32117e-08	6.88881e-15
1889	2.0694e-05	4.31487e-08	6.86873e-15
1890	2.06881e-05	4.31364e-08	6.86482e-15
1891	2.06657e-05	4.30897e-08	6.84995e-15
1892	2.06558e-05	4.3069e-08	6.84336e-15
1893	2.06469e-05	4.30506e-08	6.83752e-15
1894	2.06232e-05	4.3001e-08	6.82178e-15
1895	2.06204e-05	4.29953e-08	6.81996e-15
1896	2.05925e-05	4.29372e-08	6.80153e-15
1897	2.0573e-05	4.28963e-08	6.78861e-15
1898	2.05602e-05	4.28698e-08	6.78022e-15
1899	2.05508e-05	4.28501e-08	6.77397e-15
1900	2.05383e-05	4.28242e-08	6.76578e-15
1901	2.05241e-05	4.27945e-08	6.75642e-15
1902	2.0516e-05	4.27776e-08	6.75108e-15
1903	2.04963e-05	4.27365e-08	6.73812e-15
1904	2.0488e-05	4.27192e-08	6.73265e-15
1905	2.04827e-05	4.2708e-08	6.72914e-15
1906	2.04484e-05	4.26366e-08	6.70663e-15
1907	2.04336e-05	4.26058e-08	6.69697e-15
1908	2.04168e-05	4.25708e-08	6.68595e-15
1909	2.04054e-05	4.2547e-08	6.67848e-15
1910	2.0394e-05	4.25231e-08	6.67098e-15
1911	2.03764e-05	4.24864e-08	6.65948e-15
1912	2.03728e-05	4.24791e-08	6.65718e-15
1913	2.03507e-05	4.24328e-08	6.64269e-15
1914	2.03272e-05	4.23839e-08	6.62738e-15
1915	2.03211e-05	4.23712e-08	6.62342e-15
1916	2.02835e-05	4.22928e-08	6.59892e-15
1917	2.02772e-05	4.22796e-08	6.59479e-15
1918	2.0263e-05	4.22499e-08	6.58556e-15
1919	2.02381e-05	4.21981e-08	6.5694e-15
1920	2.02332e-05	4.2188e-08	6.56625e-15
1921	2.02066e-05	4.21325e-08	6.54899e-15
1922	2.01922e-05	4.21023e-08	6.53962e-15
1923	2.01752e-05	4.2067e-08	6.52864e-15
1924	2.01503e-05	4.20151e-08	6.51255e-15
1925	2.01441e-05	4.20021e-08	6.50852e-15
1926	2.01187e-05	4.19491e-08	6.4921e-15
1927	2.01001e-05	4.19104e-08	6.48014e-15
1928	2.00969e-05	4.19037e-08	6.47805e-15
1929	2.00805e-05	4.18695e-08	6.4675e-15
1930	2.00574e-05	4.18212e-08	6.45259e-15
1931	2.00298e-05	4.17638e-08	6.43487e-15
1932	2.00272e-05	4.17583e-08	6.4332e-15
1933	2.00206e-05	4.17446e-08	6.42897e-15
1934	2.00032e-05	4.17083e-08	6.41779e-15
1935	1.99901e-05	4.16809e-08	6.40936e-15
1936	1.99751e-05	4.16498e-08	6.39981e-15
1937	1.99578e-05	4.16137e-08	6.3887e-15
1938	1.99447e-05	4.15864e-08	6.38032e-15
1939	1.99253e-05	4.1546e-08	6.36792e-15
1940	1.99091e-05	4.15122e-08	6.35758e-15
1941	1.98806e-05	4.14527e-08	6.33937e-15
1942	1.98741e-05	4.14392e-08	6.33524e-15
1943	1.9841e-05	4.13702e-08	6.31415e-15
1944	1.98211e-05	4.13286e-08	6.30148e-15
1945	1.98076e-05	4.13006e-08	6.29292e-15
1946	1.97904e-05	4.12646e-08	6.28197e-15
1947	1.97528e-05	4.11862e-08	6.25812e-15
1948	1.97441e-05	4.11681e-08	6.25263e-15
1949	1.97313e-05	4.11414e-08	6.2445e-15
1950	1.97041e-05	4.10847e-08	6.2273e-15
1951	1.96919e-05	4.10592e-08	6.2196e-15
1952	1.96766e-05	4.10274e-08	6.20995e-15
1953	1.96622e-05	4.09973e-08	6.20085e-15
1954	1.96522e-05	4.09764e-08	6.19453e-15
1955	1.96438e-05	4.0959e-08	6.18926e-15
1956	1.95886e-05	4.08438e-08	6.1545e-15
1957	1.9566e-05	4.07968e-08	6.14035e-15
1958	1.95583e-05	4.07806e-08	6.13548e-15
1959	1.95452e-05	4.07535e-08	6.1273e-15
1960	1.9523e-05	4.07072e-08	6.11339e-15
1961	1.95058e-05	4.06711e-08	6.10257e-15
1962	1.95002e-05	4.06596e-08	6.09912e-15
1963	1.94662e-05	4.05887e-08	6.07787e-15
1964	1.94419e-05	4.05381e-08	6.0627e-15
1965	1.944e-05	4.0534e-08	6.06149e-15
1966	1.94304e-05	4.05141e-08	6.05553e-15
1967	1.94131e-05	4.0478e-08	6.04474e-15
1968	1.93587e-05	4.03646e-08	6.01093e-15
1969	1.93382e-05	4.03217e-08	5.99816e-15
1970	1.93351e-05	4.03152e-08	5.99622e-15
1971	1.92996e-05	4.02413e-08	5.97425e-15
1972	1.92737e-05	4.01873e-08	5.95825e-15
1973	1.92573e-05	4.0153e-08	5.94808e-15
1974	1.92522e-05	4.01424e-08	5.94493e-15
1975	1.9221e-05	4.00773e-08	5.92566e-15
1976	1.91881e-05	4.00087e-08	5.9054e-15
1977	1.91561e-05	3.99422e-08	5.88577e-15
1978	1.91281e-05	3.98837e-08	5.86855e-15
1979	1.91014e-05	3.9828e-08	5.85218e-15
1980	1.90834e-05	3.97904e-08	5.84114e-15
1981	1.90801e-05	3.97836e-08	5.83913e-15
1982	1.90368e-05	3.96933e-08	5.81267e-15
1983	1.90211e-05	3.96607e-08	5.80311e-15
1984	1.90015e-05	3.96196e-08	5.7911e-15
1985	1.89771e-05	3.95688e-08	5.77624e-15
1986	1.89531e-05	3.95187e-08	5.76164e-15
1987	1.8942e-05	3.94956e-08	5.7549e-15
1988	1.89079e-05	3.94245e-08	5.73419e-15
1989	1.88778e-05	3.93619e-08	5.716e-15
1990	1.88449e-05	3.92932e-08	5.69607e-15
1991	1.88342e-05	3.92708e-08	5.68958e-15
1992	1.87685e-05	3.91339e-08	5.64998e-15
1993	1.87475e-05	3.909e-08	5.63731e-15
1994	1.86776e-05	3.89444e-08	5.59539e-15
1995	1.86564e-05	3.89002e-08	5.5827e-15
1996	1.86107e-05	3.88049e-08	5.55537e-15
1997	1.85608e-05	3.87007e-08	5.52559e-15
1998	1.85345e-05	3.86459e-08	5.50996e-15
1999	1.84574e-05	3.84853e-08	5.46423e-15
2000	7.72149e-14	1.60999e-16	9.56289e-32
