t               Ux1 Uy1 Uz1
0.0073529412               0.0082630738 0.009236035 0.0
0.014705882               0.0071988608 0.011470774 0.0
0.022058824               0.0054796344 0.013447419 0.0
0.029411765               0.0031716747 0.015034761 0.0
0.036764706               0.0003852925 0.016062543 0.0
0.044117647               -0.0027400971 0.016380642 0.0
0.051470588               -0.0059026218 0.015863928 0.0
0.058823529               -0.0087862257 0.014529093 0.0
0.066176471               -0.011130444 0.012577507 0.0
0.073529412               -0.012760372 0.010285839 0.0
0.080882353               -0.013779818 0.0079077268 0.0
0.088235294               -0.014247828 0.0055959722 0.0
0.095588235               -0.014292874 0.0033653589 0.0
0.10294118               -0.013969857 0.0012134596 0.0
0.11029412               -0.013294248 -0.00082945267 0.0
0.11764706               -0.01234119 -0.0028302036 0.0
0.125               -0.011069289 -0.004745112 0.0
0.13235294               -0.0094954258 -0.0065013937 0.0
0.13970588               -0.0076227768 -0.0080680131 0.0
0.14705882               -0.0055257635 -0.0093426427 0.0
0.15441176               -0.0032228464 -0.010259346 0.0
0.16176471               -0.00081560831 -0.010791672 0.0
0.16911765               0.0016108469 -0.010858431 0.0
0.17647059               0.0039535048 -0.010454768 0.0
0.18382353               0.0060705529 -0.0095929642 0.0
0.19117647               0.0078723984 -0.0083187131 0.0
0.19852941               0.0091944626 -0.0067512212 0.0
0.20588235               0.0099451861 -0.0050655565 0.0
0.21323529               0.010126975 -0.0034694759 0.0
0.22058824               0.0097997705 -0.0022022692 0.0
0.22794118               0.009216264 -0.0014397494 0.0
0.23529412               0.0086510444 -0.0011674459 0.0
0.24264706               0.0082584632 -0.0012335434 0.0
0.25               0.008074755 -0.001520296 0.0
0.25735294               0.0081351594 -0.0019893947 0.0
0.26470588               0.0085024816 -0.0024748837 0.0
0.27205882               0.0090866734 -0.0028565282 0.0
0.27941176               0.0097622527 -0.0031333627 0.0
0.28676471               0.01050664 -0.003349385 0.0
0.29411765               0.01131148 -0.0035152448 0.0
0.30147059               0.012162757 -0.0036364001 0.0
0.30882353               0.01306985 -0.0036898098 0.0
0.31617647               0.014053215 -0.0036521577 0.0
0.32352941               0.015078815 -0.0034970508 0.0
0.33088235               0.016145212 -0.003186188 0.0
0.33823529               0.017199419 -0.0026859944 0.0
0.34558824               0.018176021 -0.0019671286 0.0
0.35294118               0.018989843 -0.0010467695 0.0
0.36029412               0.019563209 3.2513706e-05 0.0
0.36764706               0.019808042 0.0011890322 0.0
0.375               0.019672022 0.0022648164 0.0
0.38235294               0.019202128 0.0030788926 0.0
0.38970588               0.018534058 0.0034932519 0.0
0.39705882               0.017868304 0.0034569912 0.0
0.40441176               0.017379597 0.0030551883 0.0
0.41176471               0.017211457 0.0024191641 0.0
0.41911765               0.01737335 0.0017424989 0.0
0.42647059               0.01777387 0.0011318828 0.0
0.43382353               0.01833613 0.00062280484 0.0
0.44117647               0.018967233 0.00020640394 0.0
0.44852941               0.019642611 -0.00014864925 0.0
0.45588235               0.020354049 -0.00046974643 0.0
0.46323529               0.021109095 -0.00075467547 0.0
0.47058824               0.021897284 -0.00099704217 0.0
0.47794118               0.022738522 -0.0012007886 0.0
0.48529412               0.023645324 -0.0013219592 0.0
0.49264706               0.024580707 -0.0013382698 0.0
0.5               0.025562381 -0.0012309292 0.0
0.50735294               0.026502211 -0.00095873693 0.0
0.51470588               0.027381572 -0.00049061483 0.0
0.52205882               0.028117588 0.00016014509 0.0
0.52941176               0.028628717 0.00093793815 0.0
0.53676471               0.028855064 0.0017663225 0.0
0.54411765               0.028748197 0.0024892673 0.0
0.55147059               0.028342865 0.0029669692 0.0
0.55882353               0.027783334 0.0030755401 0.0
0.56617647               0.027285429 0.002789456 0.0
0.57352941               0.027022617 0.0022054755 0.0
0.58088235               0.027044517 0.0014896713 0.0
0.58823529               0.02733731 0.00078142562 0.0
0.59558824               0.027812106 0.00016675196 0.0
0.60294118               0.028385722 -0.00035026231 0.0
0.61029412               0.029038853 -0.00077700357 0.0
0.61764706               0.02971342 -0.001131003 0.0
0.625               0.030408869 -0.001435868 0.0
0.63235294               0.031132847 -0.0016974053 0.0
0.63970588               0.031889223 -0.0019065495 0.0
0.64705882               0.032672924 -0.0020513142 0.0
0.65441176               0.033487428 -0.0020972447 0.0
0.66176471               0.034320944 -0.0020379289 0.0
0.66911765               0.035145259 -0.0018402018 0.0
0.67647059               0.035925695 -0.0014883927 0.0
0.68382353               0.036626548 -0.00098183629 0.0
0.69117647               0.037155558 -0.00031161528 0.0
0.69852941               0.037455141 0.00044736382 0.0
0.70588235               0.037453935 0.0012091515 0.0
0.71323529               0.037153257 0.0018459372 0.0
0.72058824               0.036595532 0.0022010568 0.0
0.72794118               0.035986107 0.002163994 0.0
0.73529412               0.035514949 0.0017902141 0.0
0.74264706               0.035290168 0.0012016336 0.0
0.75               0.035384394 0.00054703108 0.0
0.75735294               0.035656708 -5.2605835e-05 0.0
0.76470588               0.036075442 -0.00055164765 0.0
0.77205882               0.03658072 -0.00095731979 0.0
0.77941176               0.037126683 -0.0012979826 0.0
0.78676471               0.037714894 -0.0015839407 0.0
0.79411765               0.038336852 -0.0018254376 0.0
0.80147059               0.03896683 -0.0020182001 0.0
0.80882353               0.039609694 -0.0021459745 0.0
0.81617647               0.040297256 -0.0022037066 0.0
0.82352941               0.041007705 -0.0021783001 0.0
0.83088235               0.041735966 -0.0020362278 0.0
0.83823529               0.042448517 -0.0017572752 0.0
0.84558824               0.043097054 -0.0013167672 0.0
0.85294118               0.043612492 -0.00072677329 0.0
0.86029412               0.043955242 -1.8928315e-05 0.0
0.86764706               0.044043733 0.00075100286 0.0
0.875               0.043832807 0.0014652328 0.0
0.88235294               0.04335805 0.0019819664 0.0
0.88970588               0.042723877 0.002189279 0.0
0.89705882               0.042085904 0.0020406924 0.0
0.90441176               0.041606039 0.0016033771 0.0
0.91176471               0.041405326 0.00098407365 0.0
0.91911765               0.041484415 0.00034298537 0.0
0.92647059               0.041771388 -0.0002270088 0.0
0.93382353               0.042198107 -0.00069806817 0.0
0.94117647               0.042675078 -0.0010688296 0.0
0.94852941               0.043187147 -0.0013782266 0.0
0.95588235               0.043720282 -0.001640641 0.0
0.96323529               0.044276697 -0.0018550632 0.0
0.97058824               0.044845198 -0.0020249283 0.0
0.97794118               0.045455978 -0.0021412336 0.0
0.98529412               0.046099719 -0.002182092 0.0
0.99264706               0.046757417 -0.0021326228 0.0
1.0               0.047454434 -0.0019784971 0.0
1.0073529               0.048082118 -0.0016854816 0.0
1.0147059               0.048650089 -0.0012284174 0.0
1.0220588               0.049084976 -0.00062454244 0.0
1.0294118               0.049330739 8.0239395e-05 0.0
1.0367647               0.049325885 0.0008290633 0.0
1.0441176               0.049035507 0.0014741995 0.0
1.0514706               0.048478647 0.0019149833 0.0
1.0588235               0.047783976 0.0020380257 0.0
1.0661765               0.047151889 0.0018117159 0.0
1.0735294               0.046742307 0.0013185616 0.0
1.0808824               0.046598609 0.00070716275 0.0
1.0882353               0.046710693 0.00010021496 0.0
1.0955882               0.046998219 -0.00042536219 0.0
1.1029412               0.047383624 -0.00086558688 0.0
1.1102941               0.047850823 -0.001223316 0.0
1.1176471               0.048343209 -0.0015093887 0.0
1.125               0.048851586 -0.0017451634 0.0
1.1323529               0.049384656 -0.0019380432 0.0
1.1397059               0.04994315 -0.0020798311 0.0
1.1470588               0.050519213 -0.0021638489 0.0
1.1544118               0.051121394 -0.0021611412 0.0
1.1617647               0.051738392 -0.0020634344 0.0
1.1691176               0.052341693 -0.0018479712 0.0
1.1764706               0.052902512 -0.0014991894 0.0
1.1838235               0.053395678 -0.0010200083 0.0
1.1911765               0.053728553 -0.00039275565 0.0
1.1985294               0.053866671 0.00030026995 0.0
1.2058824               0.053744115 0.00099945586 0.0
1.2132353               0.053364157 0.0016036732 0.0
1.2205882               0.052759253 0.0019789976 0.0
1.2279412               0.052102873 0.0020528298 0.0
1.2352941               0.051521521 0.0018431499 0.0
1.2426471               0.05109985 0.0014350642 0.0
1.25               0.050907414 0.00087624173 0.0
1.2573529               0.050916443 0.00022899592 0.0
1.2647059               0.05117709 -0.00036053784 0.0
1.2720588               0.051582618 -0.00082865229 0.0
1.2794118               0.052033773 -0.0011961881 0.0
1.2867647               0.05251082 -0.0014951824 0.0
1.2941176               0.053017763 -0.0017552075 0.0
1.3014706               0.053526278 -0.0019633876 0.0
1.3088235               0.0540405 -0.002105719 0.0
1.3161765               0.05459911 -0.0021844822 0.0
1.3235294               0.055181524 -0.0021882003 0.0
1.3308824               0.055778697 -0.0020846451 0.0
1.3382353               0.056361273 -0.0018572135 0.0
1.3455882               0.05688578 -0.0014830578 0.0
1.3529412               0.057287995 -0.00097035162 0.0
1.3602941               0.057535999 -0.00035231166 0.0
1.3676471               0.057554938 0.00032740134 0.0
1.375               0.057297265 0.0009624707 0.0
1.3823529               0.056800199 0.0014211716 0.0
1.3897059               0.056157684 0.001603472 0.0
1.3970588               0.05551103 0.0014622196 0.0
1.4044118               0.055022457 0.0010603763 0.0
1.4117647               0.054798604 0.00050005673 0.0
1.4191176               0.054832231 -7.8391001e-05 0.0
1.4264706               0.055061521 -0.000590853 0.0
1.4338235               0.05542162 -0.001008898 0.0
1.4411765               0.055821294 -0.001331772 0.0
1.4485294               0.056252795 -0.001599652 0.0
1.4558824               0.056697651 -0.0018216479 0.0
1.4632353               0.057156887 -0.0019952786 0.0
1.4705882               0.057621985 -0.0021325404 0.0
1.4779412               0.05812672 -0.0022120866 0.0
1.4852941               0.058650435 -0.002226842 0.0
1.4926471               0.059185313 -0.0021594455 0.0
1.5               0.05975813 -0.001998324 0.0
1.5073529               0.060247045 -0.0017112158 0.0
1.5147059               0.06067587 -0.0012761818 0.0
1.5220588               0.060978086 -0.00071228001 0.0
1.5294118               0.061102142 -6.1363697e-05 0.0
1.5367647               0.060987725 0.00062488523 0.0
1.5441176               0.060611249 0.0011988245 0.0
1.5514706               0.059989885 0.0015777352 0.0
1.5588235               0.059247557 0.0016585716 0.0
1.5661765               0.058583743 0.0014072537 0.0
1.5735294               0.058154509 0.00090926343 0.0
1.5808824               0.057994629 0.00031055893 0.0
1.5882353               0.058088023 -0.00027037048 0.0
1.5955882               0.058349558 -0.0007623526 0.0
1.6029412               0.058695559 -0.0011601345 0.0
1.6102941               0.059113602 -0.0014772848 0.0
1.6176471               0.059549 -0.0017218523 0.0
1.625               0.059989079 -0.0019162529 0.0
1.6323529               0.060444804 -0.0020696536 0.0
1.6397059               0.060917629 -0.0021754004 0.0
1.6470588               0.061398642 -0.0022294613 0.0
1.6544118               0.061900595 -0.002204593 0.0
1.6617647               0.062410815 -0.0020902564 0.0
1.6691176               0.062899928 -0.0018703594 0.0
1.6764706               0.063342697 -0.0015307364 0.0
1.6838235               0.063717683 -0.0010759233 0.0
1.6911765               0.063928952 -0.0004856638 0.0
1.6985294               0.063952343 0.00015183904 0.0
1.7058824               0.063719708 0.0007837756 0.0
1.7132353               0.06323505 0.0013057936 0.0
1.7205882               0.06254182 0.0015721041 0.0
1.7279412               0.061831661 0.0015213261 0.0
1.7352941               0.061241183 0.0011752366 0.0
1.7426471               0.060895531 0.00063543775 0.0
1.75               0.060874341 4.4034393e-05 0.0
1.7573529               0.061001046 -0.00049225193 0.0
1.7647059               0.061271047 -0.000931078 0.0
1.7720588               0.061624488 -0.0012810816 0.0
1.7794118               0.062019216 -0.0015659114 0.0
1.7867647               0.062440648 -0.0017884511 0.0
1.7941176               0.062887848 -0.0019786992 0.0
1.8014706               0.063326943 -0.0021170685 0.0
1.8088235               0.063760626 -0.0021911106 0.0
1.8161765               0.064230336 -0.0022080642 0.0
1.8235294               0.064717835 -0.0021565533 0.0
1.8308824               0.065210829 -0.0020045309 0.0
1.8382353               0.065680806 -0.0017389998 0.0
1.8455882               0.066084964 -0.0013397754 0.0
1.8529412               0.066361976 -0.00081587969 0.0
1.8602941               0.066487399 -0.00020461531 0.0
1.8676471               0.066390553 0.00045637295 0.0
1.875               0.066025584 0.001064623 0.0
1.8823529               0.065433571 0.0014943086 0.0
1.8897059               0.064709218 0.0016500417 0.0
1.8970588               0.06398955 0.0014865054 0.0
1.9044118               0.063441643 0.0010656971 0.0
1.9117647               0.063168809 0.00049247934 0.0
1.9191176               0.063159483 -9.6567621e-05 0.0
1.9264706               0.063350207 -0.00061580755 0.0
1.9338235               0.06367553 -0.0010403812 0.0
1.9411765               0.064038185 -0.0013657335 0.0
1.9485294               0.064435524 -0.0016358046 0.0
1.9558824               0.064843409 -0.0018567697 0.0
1.9632353               0.065262723 -0.0020262361 0.0
1.9705882               0.065685804 -0.0021611879 0.0
1.9779412               0.066146972 -0.0022320855 0.0
1.9852941               0.06662076 -0.0022422028 0.0
1.9926471               0.067104408 -0.0021712941 0.0
