t               Ux1 Uy1 Uz1
0.0073529412               0.016793143 0.01636519 2.2483664e-20
0.014705882               0.023903446 0.020062306 -4.4475155e-21
0.022058824               0.030462976 0.021250109 2.4069832e-21
0.029411765               0.036777419 0.020364217 3.4367134e-21
0.036764706               0.040886809 0.018541874 -6.853812e-20
0.044117647               0.045027564 0.015229628 2.678922e-20
0.051470588               0.04767716 0.011362586 1.6123749e-20
0.058823529               0.051891464 0.0080361552 9.7059523e-21
0.066176471               0.056429417 0.0024963955 -2.5398495e-20
0.073529412               0.05942375 -0.0021758643 8.6285478e-21
0.080882353               0.064413149 -0.0059929127 -2.278187e-20
0.088235294               0.068338558 -0.009225477 5.6600861e-20
0.095588235               0.071937985 -0.011133333 1.97607e-20
0.10294118               0.075089654 -0.011408408 -2.885773e-20
0.11029412               0.07779111 -0.011250937 -1.7656634e-20
0.11764706               0.07992826 -0.010365715 5.134359e-21
0.125               0.081808153 -0.0087662262 3.4202962e-20
0.13235294               0.083156092 -0.0067782999 -3.0533921e-20
0.13970588               0.084554522 -0.0046170761 -4.1174176e-20
0.14705882               0.085526703 -0.0023358769 -4.9051217e-21
0.15441176               0.086412473 -8.7871028e-06 6.5525007e-20
0.16176471               0.086681932 0.0022938188 2.3005584e-20
0.16911765               0.087252296 0.0046575996 -5.2195884e-20
0.17647059               0.086979158 0.0068629866 4.0005945e-21
0.18382353               0.086693056 0.0089408559 2.7155786e-20
0.19117647               0.086598877 0.010083684 6.750848e-22
0.19852941               0.085725014 0.010660748 1.0573291e-20
0.20588235               0.085374297 0.010088897 -2.2551234e-21
0.21323529               0.084803457 0.0084110158 1.7851079e-20
0.22058824               0.083615525 0.0062869868 1.5342171e-20
0.22794118               0.084463785 0.0034355079 -3.5906309e-20
0.23529412               0.084872754 -0.00021469747 -4.7086809e-20
0.24264706               0.086153112 -0.0036153165 2.5588255e-20
0.25               0.087332963 -0.0067817938 -1.4754876e-20
0.25735294               0.088697944 -0.0090634012 1.5394333e-20
0.26470588               0.0902524 -0.010019271 9.2534678e-21
0.27205882               0.09193279 -0.0098884912 2.3073702e-21
0.27941176               0.092713047 -0.0095491609 7.4381885e-20
0.28676471               0.093650509 -0.0087384834 -5.4140253e-20
0.29411765               0.094047947 -0.0071928425 -1.9884289e-20
0.30147059               0.094535425 -0.0054098767 -1.0925234e-20
0.30882353               0.094618635 -0.0034908439 -4.2767694e-20
0.31617647               0.094531304 -0.0013822491 2.4564203e-20
0.32352941               0.094526583 0.00063843264 -2.5751496e-20
0.33088235               0.094320955 0.0029052452 3.9130401e-20
0.33823529               0.093894301 0.0048770368 1.2055995e-20
0.34558824               0.093297439 0.0067783933 -4.6812489e-20
0.35294118               0.092476948 0.0087776201 5.5989147e-20
0.36029412               0.092306163 0.0094466313 -3.208215e-21
0.36764706               0.090745097 0.009820895 2.1427326e-20
0.375               0.089442172 0.0089050568 -4.8205679e-20
0.38235294               0.088110202 0.0070707167 8.8074941e-21
0.38970588               0.087722798 0.0052915664 -1.914537e-20
0.39705882               0.088462104 0.0019566401 -3.4951817e-21
0.40441176               0.087949783 -0.0016040154 -7.1312323e-20
0.41176471               0.090364315 -0.0045608454 -8.8388155e-21
0.41911765               0.091089322 -0.0073243806 1.5993359e-20
0.42647059               0.092015646 -0.0092058643 2.1152765e-20
0.43382353               0.093316632 -0.0097032289 5.1024843e-20
0.44117647               0.094434296 -0.0097931811 -1.0565565e-20
0.44852941               0.094996002 -0.0093573908 -4.3639106e-20
0.45588235               0.095340823 -0.0080437003 -2.1342976e-20
0.46323529               0.095531506 -0.0064560138 -1.4924604e-20
0.47058824               0.096016525 -0.0045366278 -3.0983443e-20
0.47794118               0.095822946 -0.0027792789 -4.8947151e-20
0.48529412               0.095722778 -0.00078115642 -1.7053438e-20
0.49264706               0.095567612 0.0012963282 -1.4885717e-20
0.5               0.095045904 0.003629262 4.1419873e-21
0.50735294               0.094540025 0.0054975234 5.9651435e-20
0.51470588               0.094020191 0.0073947574 1.8905256e-22
0.52205882               0.093155817 0.0090167559 2.954488e-21
0.52941176               0.092308897 0.0096660093 -3.9979808e-20
0.53676471               0.090871302 0.0095311267 2.0057246e-20
0.54411765               0.089848796 0.0081988747 1.7796635e-20
0.55147059               0.088493928 0.0062636954 1.2298013e-20
0.55882353               0.088220942 0.0043954233 -1.5580268e-20
0.56617647               0.088941423 0.00054727673 3.5741146e-21
0.57352941               0.088794198 -0.0028881044 -1.7694232e-20
0.58088235               0.090345673 -0.0055281416 1.2829624e-21
0.58823529               0.091642785 -0.0079133775 6.363626e-20
0.59558824               0.092824949 -0.0093350309 6.1065868e-21
0.60294118               0.093700286 -0.0095976883 -1.9819801e-21
0.61029412               0.094591139 -0.0095599181 9.3777836e-21
0.61764706               0.095223021 -0.0088205172 -2.7208408e-21
0.625               0.095691789 -0.0074750479 2.8785344e-20
0.63235294               0.095738789 -0.005885632 -6.8744928e-22
0.63970588               0.095991366 -0.0039348776 3.6133333e-20
0.64705882               0.09596097 -0.0020735003 -2.4312195e-21
0.65441176               0.095933325 -5.8228426e-05 -1.082146e-20
0.66176471               0.095571375 0.0019893834 1.8362527e-20
0.66911765               0.0952366 0.0041129398 1.3901433e-20
0.67647059               0.094528445 0.0060854105 2.317078e-20
0.68382353               0.093618777 0.0079702567 -1.3429049e-20
0.69117647               0.092894271 0.0092653323 -1.5158211e-20
0.69852941               0.091912514 0.0097226975 9.0503033e-21
0.70588235               0.09083313 0.0093895871 1.4460861e-20
0.71323529               0.090059155 0.0076193223 -1.1699934e-21
0.72058824               0.08789268 0.0060543131 2.6102841e-21
0.72794118               0.088819342 0.0031322931 1.5800126e-20
0.73529412               0.089264354 -0.00063273218 -2.3574504e-21
0.74264706               0.090088782 -0.0037718699 7.8622686e-21
0.75               0.090390427 -0.0065821145 1.7232404e-21
0.75735294               0.091741846 -0.0086192914 -3.5496218e-20
0.76470588               0.092636199 -0.0097769911 -2.4472708e-20
0.77205882               0.094087797 -0.0096501133 1.4547241e-20
0.77941176               0.094802776 -0.0093009794 9.6679727e-22
0.78676471               0.095343816 -0.0085615239 6.5476282e-21
0.79411765               0.09565935 -0.006951698 -6.7239116e-21
0.80147059               0.09600566 -0.0051072645 3.6127017e-20
0.80882353               0.096065234 -0.003419098 -1.3438147e-20
0.81617647               0.095901353 -0.0014333933 -3.5481461e-20
0.82352941               0.095750867 0.00056026034 1.6665223e-20
0.83088235               0.095361485 0.0028401511 5.4936128e-20
0.83823529               0.094990849 0.004718239 -2.5805344e-20
0.84558824               0.094389572 0.0066761897 -8.6445051e-21
0.85294118               0.09348179 0.0086334993 3.6798931e-20
0.86029412               0.093005105 0.0094109312 -1.3759767e-20
0.86764706               0.091611713 0.0096761472 -4.9046254e-20
0.875               0.089991359 0.0089270761 8.2828077e-21
0.88235294               0.088980751 0.0071710745 1.7728635e-20
0.88970588               0.088085233 0.0054198966 -3.7554762e-21
0.89705882               0.088914561 0.0020150572 7.7021336e-21
0.90441176               0.089299173 -0.0015472126 -2.1975498e-20
0.91176471               0.090719048 -0.0044882301 1.9510242e-20
0.91911765               0.091194475 -0.0073403912 -6.5100412e-20
0.92647059               0.092496013 -0.0089345085 1.0685653e-20
0.93382353               0.093591185 -0.0095988506 -1.1190476e-20
0.94117647               0.094587668 -0.009722786 -3.3702466e-20
0.94852941               0.095028503 -0.009286972 -6.4576008e-20
0.95588235               0.095430725 -0.0080841851 -3.0930316e-21
0.96323529               0.095697632 -0.0065164662 1.0320668e-20
0.97058824               0.096241169 -0.0045458177 -8.7965131e-21
0.97794118               0.096044439 -0.0027734216 3.0579452e-21
0.98529412               0.096005102 -0.00078040777 1.6497565e-20
0.99264706               0.095630794 0.0012902853 4.1576144e-20
1.0               0.09519559 0.0035586903 1.1811747e-20
1.0073529               0.094668777 0.0053622432 3.1144371e-21
1.0147059               0.094163367 0.007299761 -2.2340401e-20
1.0220588               0.093189022 0.0089838274 1.1790138e-20
1.0294118               0.092494128 0.0096747355 8.7400865e-22
1.0367647               0.090897788 0.0095454109 -4.8878288e-20
1.0441176               0.089846865 0.008299246 1.3178575e-20
1.0514706               0.08830141 0.0064040041 6.9345284e-21
1.0588235               0.088272367 0.0044968038 -6.7660592e-21
1.0661765               0.088950101 0.00079536569 -1.8004097e-20
1.0735294               0.088792207 -0.002597181 1.6781439e-20
1.0808824               0.090428342 -0.0053802764 -2.4144911e-20
1.0882353               0.09154303 -0.0078475626 5.6718632e-20
1.0955882               0.092922099 -0.0092954706 8.6610761e-21
1.1029412               0.093853439 -0.0095643587 -2.9660154e-20
1.1102941               0.094696467 -0.0094819589 -1.1421517e-20
1.1176471               0.095232594 -0.0088327436 -9.8644722e-21
1.125               0.095720768 -0.0075044404 9.5749052e-21
1.1323529               0.095766446 -0.0058645381 -4.6079277e-20
1.1397059               0.096024635 -0.0040503599 -4.0732622e-20
1.1470588               0.096042714 -0.0020734931 -5.8696089e-21
1.1544118               0.095990722 -4.84572e-05 4.0842248e-20
1.1617647               0.095586122 0.0019790428 1.1024187e-20
1.1691176               0.095451813 0.0041486864 -2.735105e-20
1.1764706               0.094532428 0.0061637323 -4.7149007e-21
1.1838235               0.093701762 0.0080955044 3.1462701e-20
1.1911765               0.093092539 0.0092177743 1.8021957e-20
1.1985294               0.091724093 0.009770489 9.2554465e-21
1.2058824               0.090984582 0.0093080196 1.0687548e-20
1.2132353               0.089993133 0.0076416791 -6.7670083e-21
1.2205882               0.088307284 0.0057191339 1.3790654e-20
1.2279412               0.088704257 0.0031299386 -2.532991e-20
1.2352941               0.088844952 -0.00037891085 -5.1496559e-20
1.2426471               0.089647397 -0.0036729688 4.2434827e-20
1.25               0.090473367 -0.0066987962 -2.4781485e-20
1.2573529               0.091550082 -0.0088874936 -8.1249651e-21
1.2647059               0.092820081 -0.009829843 1.0534055e-20
1.2720588               0.094287037 -0.0096858405 9.8834108e-21
1.2794118               0.094845758 -0.0093925278 4.6567208e-20
1.2867647               0.095528939 -0.008597438 -4.611056e-20
1.2941176               0.095746003 -0.0071060079 -3.1736748e-20
1.3014706               0.096110523 -0.0052846569 -3.2528015e-20
1.3088235               0.09604914 -0.0034476588 -4.4749313e-20
1.3161765               0.095845959 -0.0013764922 3.1678546e-20
1.3235294               0.095718093 0.00056862818 -3.8029336e-20
1.3308824               0.095376022 0.0028299894 3.6701785e-20
1.3382353               0.094934042 0.0047804825 9.419918e-21
1.3455882               0.09425486 0.0066224689 -6.5431989e-20
1.3529412               0.093341297 0.0086498062 5.9717748e-20
1.3602941               0.093109728 0.0092923633 -1.4631937e-21
1.3676471               0.091502637 0.0096868547 6.0988899e-21
1.375               0.090111306 0.0088025891 -3.4030326e-20
1.3823529               0.088770779 0.0069997462 7.7164197e-22
1.3897059               0.088277572 0.0052183455 -1.2979219e-20
1.3970588               0.088875381 0.0018957886 -1.8329925e-20
1.4044118               0.088377529 -0.0016078394 -4.8999699e-20
1.4117647               0.090756688 -0.0045676955 -1.6820751e-20
1.4191176               0.091508877 -0.0072309723 2.2495044e-20
1.4264706               0.092447861 -0.0091533949 3.685945e-21
1.4338235               0.093620256 -0.0097087795 7.0624496e-20
1.4411765               0.094671456 -0.0097675186 -5.8214689e-21
1.4485294               0.095239555 -0.0093331639 -5.1122348e-20
1.4558824               0.095518953 -0.0080677446 -6.2714341e-21
1.4632353               0.095713323 -0.0064886536 -1.754474e-20
1.4705882               0.09617357 -0.0045750114 -2.772001e-20
1.4779412               0.09601204 -0.0028097322 -4.011871e-20
1.4852941               0.09589299 -0.00081698396 -3.0661097e-20
1.4926471               0.095671161 0.0012767506 8.320314e-21
1.5               0.095181463 0.0035800636 2.8794694e-21
1.5073529               0.094622988 0.0054607628 3.5691361e-20
1.5147059               0.094106322 0.007348299 -4.3764696e-21
1.5220588               0.093221315 0.0089960697 -1.4636032e-20
1.5294118               0.092455417 0.0096287943 -3.5103835e-20
1.5367647               0.090961738 0.0095074258 2.1082577e-20
1.5441176               0.089972825 0.0081754218 8.0855837e-21
1.5514706               0.088559032 0.0062626813 2.8715763e-20
1.5588235               0.088160829 0.0043187951 1.2379493e-20
1.5661765               0.088933838 0.0005199986 -6.2709803e-21
1.5735294               0.089328918 -0.0029625026 -6.1883381e-21
1.5808824               0.090357061 -0.0055802076 -2.1652018e-20
1.5882353               0.091559412 -0.0079409909 7.0926023e-20
1.5955882               0.092845212 -0.0093658596 -2.4985109e-20
1.6029412               0.093718476 -0.0096110995 -2.5117389e-20
1.6102941               0.094578077 -0.0095917324 4.9902562e-21
1.6176471               0.095203386 -0.0088615131 -1.0016398e-20
1.625               0.095705276 -0.0074982175 2.1931489e-20
1.6323529               0.095695835 -0.0059050316 2.2742134e-20
1.6397059               0.095981846 -0.0039573311 2.9755854e-20
1.6470588               0.095883365 -0.00212695 -9.2280728e-21
1.6544118               0.095912777 -9.6673818e-05 -1.6959299e-20
1.6617647               0.095588777 0.0019563608 2.0233407e-20
1.6691176               0.095224377 0.0040772338 1.2846245e-20
1.6764706               0.094522578 0.0060401787 1.0212642e-20
1.6838235               0.093614569 0.007937369 -6.5680068e-21
1.6911765               0.092906754 0.0092519408 4.799148e-21
1.6985294               0.091889155 0.009729967 5.4424618e-21
1.7058824               0.090892656 0.0093744079 2.7331571e-20
1.7132353               0.08999412 0.0076224236 1.2156904e-20
1.7205882               0.087918428 0.0060039819 -1.4231048e-20
1.7279412               0.088724451 0.0031194035 1.9811237e-20
1.7352941               0.089244376 -0.00063019268 -8.6984616e-21
1.7426471               0.089969401 -0.0038078424 -1.9384192e-20
1.75               0.090331676 -0.0065296188 -2.2774666e-21
1.7573529               0.091715716 -0.0086138941 -3.1913797e-20
1.7647059               0.092636765 -0.0097953258 -2.5479721e-20
1.7720588               0.094034648 -0.0096656064 4.3865695e-20
1.7794118               0.094749229 -0.0093394131 1.1327942e-21
1.7867647               0.095366227 -0.0085892504 -3.4570703e-21
1.7941176               0.095598236 -0.0069810469 1.0004834e-20
1.8014706               0.095984067 -0.0051288038 3.1374093e-20
1.8088235               0.096054517 -0.0034597268 -2.0664697e-20
1.8161765               0.095919933 -0.001459595 -3.5841616e-20
1.8235294               0.095699872 0.0005387581 8.5084279e-21
1.8308824               0.095332169 0.0028178329 5.4915688e-20
1.8382353               0.094995386 0.0046910886 -2.6397816e-20
1.8455882               0.094310581 0.0066484919 -2.9701485e-21
1.8529412               0.093423656 0.008596359 3.1731245e-20
1.8602941               0.092968768 0.0093801132 1.2815402e-21
1.8676471               0.091568451 0.0096689502 -4.3206486e-20
1.875               0.089964554 0.0089523719 1.697827e-20
1.8823529               0.089053072 0.007156053 1.3764479e-20
1.8897059               0.088033747 0.0053953487 -3.6576428e-21
1.8970588               0.088766757 0.0019628019 4.7343396e-21
1.9044118               0.089276996 -0.001549471 -2.5589799e-20
1.9117647               0.09069567 -0.0045400791 -5.1125505e-21
1.9191176               0.091136564 -0.0073394624 -4.7156921e-20
1.9264706               0.092515836 -0.0089080357 1.9870928e-21
1.9338235               0.09347537 -0.0096725023 -2.72024e-20
1.9411765               0.094527793 -0.0097417448 -2.9319399e-20
1.9485294               0.094983983 -0.0093117317 -6.1964591e-20
1.9558824               0.09541883 -0.0081069295 -5.5294783e-21
1.9632353               0.095695247 -0.0065308544 1.601455e-20
1.9705882               0.096169122 -0.0046039685 -1.7036119e-20
1.9779412               0.096018315 -0.0028454163 -2.553905e-20
1.9852941               0.09596712 -0.00080392192 8.7948469e-21
1.9926471               0.095629755 0.0012591762 4.4758049e-20
