t               Ux1 Uy1 Uz1
0.0073529412               0.014967089 0.017712461 0.0
0.014705882               0.021265742 0.020801244 0.0
0.022058824               0.027651265 0.021515863 0.0
0.029411765               0.033512663 0.020228997 0.0
0.036764706               0.037774363 0.018626452 0.0
0.044117647               0.04205799 0.015567526 0.0
0.051470588               0.0461995 0.011015496 0.0
0.058823529               0.050586863 0.0060840129 0.0
0.066176471               0.054566076 0.0011834719 0.0
0.073529412               0.058703734 -0.0032884759 0.0
0.080882353               0.062729268 -0.0067350952 0.0
0.088235294               0.066655732 -0.0092467853 0.0
0.095588235               0.070215674 -0.010500823 0.0
0.10294118               0.073378113 -0.010838327 0.0
0.11029412               0.076138492 -0.0099488466 0.0
0.11764706               0.078403717 -0.0089572409 0.0
0.125               0.080089032 -0.0074352111 0.0
0.13235294               0.081656855 -0.0054945589 0.0
0.13970588               0.082753667 -0.0035110109 0.0
0.14705882               0.083690688 -0.0013242908 0.0
0.15441176               0.084293791 0.00090229802 0.0
0.16176471               0.084837286 0.0034974889 0.0
0.16911765               0.085108665 0.0058532587 0.0
0.17647059               0.084961679 0.0079377478 0.0
0.18382353               0.084763196 0.0098340541 0.0
0.19117647               0.084384073 0.010856213 0.0
0.19852941               0.0833824 0.011344702 0.0
0.20588235               0.082764095 0.010789732 0.0
0.21323529               0.082264755 0.0090116791 0.0
0.22058824               0.082342285 0.0060704576 0.0
0.22794118               0.082788294 0.0026043424 0.0
0.23529412               0.083669584 -0.00093180777 0.0
0.24264706               0.084958941 -0.003997039 0.0
0.25               0.086276697 -0.0064836436 0.0
0.25735294               0.087770335 -0.0081713602 0.0
0.26470588               0.08917678 -0.008960583 0.0
0.27205882               0.090380428 -0.0090505766 0.0
0.27941176               0.091330222 -0.0083160803 0.0
0.28676471               0.092205079 -0.0073805619 0.0
0.29411765               0.092596813 -0.0058392189 0.0
0.30147059               0.092874263 -0.0040663731 0.0
0.30882353               0.09298239 -0.0022940654 0.0
0.31617647               0.092985701 -0.0003533628 0.0
0.32352941               0.092874296 0.0018399113 0.0
0.33088235               0.092514208 0.0039414361 0.0
0.33823529               0.092236921 0.0061000543 0.0
0.34558824               0.091597622 0.0078418381 0.0
0.35294118               0.090654246 0.0096353638 0.0
0.36029412               0.089655768 0.010321553 0.0
0.36764706               0.088453687 0.01045386 0.0
0.375               0.087261593 0.0098290561 0.0
0.38235294               0.086747279 0.0076298432 0.0
0.38970588               0.086428844 0.0046090416 0.0
0.39705882               0.08676382 0.0012498549 0.0
0.40441176               0.087509357 -0.001989836 0.0
0.41176471               0.088357367 -0.0048652785 0.0
0.41911765               0.089763519 -0.0068200918 0.0
0.42647059               0.090866526 -0.0082807776 0.0
0.43382353               0.091861509 -0.008937322 0.0
0.44117647               0.092908395 -0.0084372634 0.0
0.44852941               0.093533958 -0.007827278 0.0
0.45588235               0.093994573 -0.0066150576 0.0
0.46323529               0.094281847 -0.0052222166 0.0
0.47058824               0.094375052 -0.0035160129 0.0
0.47794118               0.094352503 -0.0016813809 0.0
0.48529412               0.094061227 0.0003803751 0.0
0.49264706               0.093803343 0.0025586764 0.0
0.5               0.093520452 0.0045325185 0.0
0.50735294               0.092792958 0.0066261674 0.0
0.51470588               0.092123323 0.0084244505 0.0
0.52205882               0.091064412 0.0098141519 0.0
0.52941176               0.090285536 0.010003974 0.0
0.53676471               0.088729652 0.010349781 0.0
0.54411765               0.087576762 0.0090871471 0.0
0.55147059               0.087082849 0.0065388037 0.0
0.55882353               0.086820497 0.0034500216 0.0
0.56617647               0.087363916 0.00014351286 0.0
0.57352941               0.088211121 -0.0030006173 0.0
0.58088235               0.089207433 -0.0056955735 0.0
0.58823529               0.090284657 -0.0075881616 0.0
0.59558824               0.091443155 -0.008609157 0.0
0.60294118               0.092578197 -0.0087434863 0.0
0.61029412               0.093272776 -0.0081786101 0.0
0.61764706               0.0937681 -0.0074079888 0.0
0.625               0.094268515 -0.0060364409 0.0
0.63235294               0.094501691 -0.0044729521 0.0
0.63970588               0.094421734 -0.0029124221 0.0
0.64705882               0.094370697 -0.00096977706 0.0
0.65441176               0.09420892 0.0009993975 0.0
0.66176471               0.093840294 0.0032556822 0.0
0.66911765               0.093382242 0.005485032 0.0
0.67647059               0.092741373 0.0072200157 0.0
0.68382353               0.091908845 0.0090399737 0.0
0.69117647               0.090854294 0.010119417 0.0
0.69852941               0.089789846 0.010364918 0.0
0.70588235               0.088458178 0.010024094 0.0
0.71323529               0.087675638 0.0084292129 0.0
0.72058824               0.087295293 0.0056859032 0.0
0.72794118               0.087094059 0.0024331532 0.0
0.73529412               0.087587144 -0.00094249451 0.0
0.74264706               0.088369234 -0.0039321158 0.0
0.75               0.089519873 -0.0062940606 0.0
0.75735294               0.090757801 -0.0079625666 0.0
0.76470588               0.091685 -0.0087363427 0.0
0.77205882               0.092843313 -0.0084781903 0.0
0.77941176               0.093738662 -0.0077859896 0.0
0.78676471               0.093991028 -0.0068844748 0.0
0.79411765               0.094339201 -0.0056139205 0.0
0.80147059               0.094445616 -0.0039955332 0.0
0.80882353               0.094596645 -0.002325627 0.0
0.81617647               0.094400176 -0.00035192917 0.0
0.82352941               0.094048874 0.0018518601 0.0
0.83088235               0.09378584 0.0039001604 0.0
0.83823529               0.093171755 0.0060915524 0.0
0.84558824               0.092592654 0.0077682884 0.0
0.85294118               0.091643671 0.0094881568 0.0
0.86029412               0.090613768 0.010177196 0.0
0.86764706               0.089084906 0.010449556 0.0
0.875               0.088078157 0.0096369013 0.0
0.88235294               0.087381646 0.0076680954 0.0
0.88970588               0.087025619 0.0046360732 0.0
0.89705882               0.087073478 0.0013210696 0.0
0.90441176               0.087820771 -0.0018704035 0.0
0.91176471               0.088829993 -0.0047720912 0.0
0.91911765               0.089885471 -0.0069359276 0.0
0.92647059               0.091188603 -0.0082503847 0.0
0.93382353               0.09214856 -0.0088229353 0.0
0.94117647               0.09314682 -0.00833691 0.0
0.94852941               0.093659292 -0.0077028952 0.0
0.95588235               0.094134756 -0.00646098 0.0
0.96323529               0.094392867 -0.0051803354 0.0
0.97058824               0.094491993 -0.0034747517 0.0
0.97794118               0.094447777 -0.0016830823 0.0
0.98529412               0.094256127 0.00036335952 0.0
0.99264706               0.093946373 0.0025508463 0.0
1.0               0.093509609 0.004619675 0.0
1.0073529               0.093056931 0.0066662441 0.0
1.0147059               0.092301889 0.0083704309 0.0
1.0220588               0.091145514 0.0098018377 0.0
1.0294118               0.090147962 0.010255834 0.0
1.0367647               0.088763935 0.010261063 0.0
1.0441176               0.087775146 0.0091105568 0.0
1.0514706               0.087137149 0.0066673929 0.0
1.0588235               0.087235566 0.0036156438 0.0
1.0661765               0.08742969 0.00028638949 0.0
1.0735294               0.088155155 -0.0029527456 0.0
1.0808824               0.089086054 -0.0055328361 0.0
1.0882353               0.090260913 -0.0074886621 0.0
1.0955882               0.091398928 -0.0085112397 0.0
1.1029412               0.092455733 -0.0087848638 0.0
1.1102941               0.093300293 -0.0081215527 0.0
1.1176471               0.093931362 -0.0073529554 0.0
1.125               0.094179539 -0.0061130244 0.0
1.1323529               0.094479543 -0.0045162004 0.0
1.1397059               0.094467485 -0.0028533466 0.0
1.1470588               0.094426879 -0.00099403853 0.0
1.1544118               0.094155663 0.00093955694 0.0
1.1617647               0.093920708 0.0032512825 0.0
1.1691176               0.093485178 0.0053602031 0.0
1.1764706               0.092696714 0.0072903279 0.0
1.1838235               0.09194532 0.0090655726 0.0
1.1911765               0.091046554 0.010040562 0.0
1.1985294               0.089571926 0.010549049 0.0
1.2058824               0.088491106 0.010047427 0.0
1.2132353               0.087556006 0.0084388076 0.0
1.2205882               0.087178787 0.0056751385 0.0
1.2279412               0.087172298 0.0023853751 0.0
1.2352941               0.08767556 -0.00099072328 0.0
1.2426471               0.088558186 -0.0039365715 0.0
1.25               0.089542601 -0.0063402989 0.0
1.2573529               0.09070897 -0.0079554547 0.0
1.2647059               0.091828091 -0.0087217326 0.0
1.2720588               0.092809647 -0.0087812826 0.0
1.2794118               0.093489135 -0.0080912931 0.0
1.2867647               0.094147858 -0.0071963026 0.0
1.2941176               0.094372897 -0.0057007811 0.0
1.3014706               0.09445981 -0.0039376429 0.0
1.3088235               0.094437487 -0.0022106039 0.0
1.3161765               0.094338978 -0.00031536761 0.0
1.3235294               0.094126019 0.0018278359 0.0
1.3308824               0.093654964 0.0038864113 0.0
1.3382353               0.093288091 0.0060261858 0.0
1.3455882               0.092581588 0.0077540775 0.0
1.3529412               0.091573464 0.0095259996 0.0
1.3602941               0.090489089 0.010207516 0.0
1.3676471               0.089236076 0.010337195 0.0
1.375               0.087989519 0.0097336602 0.0
1.3823529               0.087403187 0.0075631844 0.0
1.3897059               0.087013553 0.0045638693 0.0
1.3970588               0.087333487 0.0012291999 0.0
1.4044118               0.08800179 -0.0020009225 0.0
1.4117647               0.088806496 -0.0048477425 0.0
1.4191176               0.09015302 -0.0067997739 0.0
1.4264706               0.091215532 -0.0082568159 0.0
1.4338235               0.092200247 -0.0089099167 0.0
1.4411765               0.093225439 -0.0084175466 0.0
1.4485294               0.093801863 -0.0078043516 0.0
1.4558824               0.094225755 -0.0065990175 0.0
1.4632353               0.09450334 -0.0052145787 0.0
1.4705882               0.094575947 -0.0035064453 0.0
1.4779412               0.094536872 -0.0016822343 0.0
1.4852941               0.094229735 0.00037737653 0.0
1.4926471               0.093956293 0.0025696755 0.0
1.5               0.093655147 0.0045325721 0.0
1.5073529               0.092915751 0.0066183102 0.0
1.5147059               0.092236911 0.008420159 0.0
1.5220588               0.091171689 0.0098012456 0.0
1.5294118               0.090353798 0.010018515 0.0
1.5367647               0.088826529 0.010326728 0.0
1.5441176               0.08765162 0.0090871043 0.0
1.5514706               0.087125257 0.0065268934 0.0
1.5588235               0.086888913 0.0034468853 0.0
1.5661765               0.087427492 0.00014103142 0.0
1.5735294               0.088262071 -0.0030063086 0.0
1.5808824               0.089263541 -0.0056792585 0.0
1.5882353               0.090326058 -0.0075852441 0.0
1.5955882               0.091490882 -0.0086083633 0.0
1.6029412               0.092608748 -0.0087433902 0.0
1.6102941               0.093303493 -0.0081665372 0.0
1.6176471               0.093789892 -0.0074092629 0.0
1.625               0.094292091 -0.0060449637 0.0
1.6323529               0.094531672 -0.004483593 0.0
1.6397059               0.094447529 -0.0029083223 0.0
1.6470588               0.094395681 -0.00098640149 0.0
1.6544118               0.094186987 0.0010095152 0.0
1.6617647               0.093839462 0.0032759013 0.0
1.6691176               0.093391602 0.0054776043 0.0
1.6764706               0.092724077 0.0072337662 0.0
1.6838235               0.091919811 0.0090378167 0.0
1.6911765               0.090830296 0.010123849 0.0
1.6985294               0.089820341 0.01035717 0.0
1.7058824               0.088463112 0.010023266 0.0
1.7132353               0.087680903 0.0084302828 0.0
1.7205882               0.08728484 0.0056988681 0.0
1.7279412               0.087079908 0.0024378461 0.0
1.7352941               0.087607248 -0.00094021622 0.0
1.7426471               0.088349925 -0.0039303119 0.0
1.75               0.089514598 -0.0062934112 0.0
1.7573529               0.090773486 -0.0079618383 0.0
1.7647059               0.09167024 -0.0087383436 0.0
1.7720588               0.092849544 -0.0084901042 0.0
1.7794118               0.093737337 -0.0077760389 0.0
1.7867647               0.093990797 -0.0068869861 0.0
1.7941176               0.094337255 -0.0056253418 0.0
1.8014706               0.094441657 -0.003996559 0.0
1.8088235               0.094588802 -0.0023297986 0.0
1.8161765               0.094385376 -0.00035224411 0.0
1.8235294               0.094045972 0.0018479905 0.0
1.8308824               0.093796131 0.0038741219 0.0
1.8382353               0.093136757 0.0060807033 0.0
1.8455882               0.092580069 0.0077609668 0.0
1.8529412               0.091637093 0.0094846443 0.0
1.8602941               0.090602299 0.010177867 0.0
1.8676471               0.089082168 0.010437806 0.0
1.875               0.088085918 0.0096266434 0.0
1.8823529               0.087377495 0.0076669326 0.0
1.8897059               0.087025711 0.0046326772 0.0
1.8970588               0.087058374 0.0013123936 0.0
1.9044118               0.087800621 -0.0018712365 0.0
1.9117647               0.088868182 -0.0047556241 0.0
1.9191176               0.089890386 -0.0069427221 0.0
1.9264706               0.091184446 -0.0082619938 0.0
1.9338235               0.092096704 -0.0088392672 0.0
1.9411765               0.093135488 -0.0083230872 0.0
1.9485294               0.093679466 -0.0076692931 0.0
1.9558824               0.094130029 -0.0064618712 0.0
1.9632353               0.094356384 -0.005173835 0.0
1.9705882               0.094485299 -0.0034746559 0.0
1.9779412               0.094448862 -0.0016860726 0.0
1.9852941               0.094245181 0.00037449186 0.0
1.9926471               0.093933511 0.0025575263 0.0
