t               Ux1 Uy1 Uz1
0.0073529412               0.0086049692 0.0095403765 0.0
0.014705882               0.0076380354 0.011969599 0.0
0.022058824               0.0059397131 0.014137218 0.0
0.029411765               0.0035821919 0.015912041 0.0
0.036764706               0.00067863432 0.017106648 0.0
0.044117647               -0.0026404258 0.017545236 0.0
0.051470588               -0.0060205339 0.017056114 0.0
0.058823529               -0.009090212 0.015617727 0.0
0.066176471               -0.011477002 0.013421788 0.0
0.073529412               -0.012892219 0.01078368 0.0
0.080882353               -0.013410122 0.0080262715 0.0
0.088235294               -0.013097214 0.005389899 0.0
0.095588235               -0.012184429 0.0029398905 0.0
0.10294118               -0.010883002 0.00074635644 0.0
0.11029412               -0.0092521272 -0.0011940608 0.0
0.11764706               -0.0074369873 -0.0029924218 0.0
0.125               -0.005428678 -0.0045962671 0.0
0.13235294               -0.003273094 -0.0059945295 0.0
0.13970588               -0.00097450438 -0.0071523762 0.0
0.14705882               0.0014024194 -0.0080101214 0.0
0.15441176               0.003848879 -0.0085241504 0.0
0.16176471               0.0062859863 -0.0086875829 0.0
0.16911765               0.008646686 -0.0084427998 0.0
0.17647059               0.010846878 -0.0077970569 0.0
0.18382353               0.012777424 -0.0067681928 0.0
0.19117647               0.014343139 -0.0054018547 0.0
0.19852941               0.015416484 -0.0038325675 0.0
0.20588235               0.015919084 -0.0022207164 0.0
0.21323529               0.015877469 -0.00077260505 0.0
0.22058824               0.015361275 0.00028259326 0.0
0.22794118               0.014649221 0.00077051799 0.0
0.23529412               0.014032499 0.00071606129 0.0
0.24264706               0.013685049 0.00026973652 0.0
0.25               0.013678947 -0.00046935252 0.0
0.25735294               0.014087314 -0.0014108718 0.0
0.26470588               0.014926962 -0.0023075141 0.0
0.27205882               0.016026704 -0.0030099516 0.0
0.27941176               0.017198092 -0.0035209157 0.0
0.28676471               0.018401525 -0.0039175782 0.0
0.29411765               0.01963208 -0.0042116536 0.0
0.30147059               0.020862549 -0.0044126615 0.0
0.30882353               0.022100253 -0.0044988304 0.0
0.31617647               0.023371649 -0.004456015 0.0
0.32352941               0.024638269 -0.0042635675 0.0
0.33088235               0.025900347 -0.0038887866 0.0
0.33823529               0.027102955 -0.0033070209 0.0
0.34558824               0.028177871 -0.002496481 0.0
0.35294118               0.02904033 -0.0014862671 0.0
0.36029412               0.029617972 -0.00033175546 0.0
0.36764706               0.02982228 0.00088024258 0.0
0.375               0.029604229 0.0019760505 0.0
0.38235294               0.029027147 0.0027612695 0.0
0.38970588               0.028248931 0.0030883046 0.0
0.39705882               0.027511468 0.0028984294 0.0
0.40441176               0.027038092 0.0022889294 0.0
0.41176471               0.027011242 0.0014039374 0.0
0.41911765               0.027422668 0.00048366026 0.0
0.42647059               0.028155385 -0.00033099069 0.0
0.43382353               0.029082244 -0.00098764898 0.0
0.44117647               0.03007772 -0.0014909823 0.0
0.44852941               0.031092045 -0.0018833007 0.0
0.45588235               0.032107774 -0.0021901368 0.0
0.46323529               0.033126165 -0.0024119095 0.0
0.47058824               0.03412986 -0.0025569423 0.0
0.47794118               0.035153439 -0.0026162827 0.0
0.48529412               0.036186541 -0.0025593909 0.0
0.49264706               0.037205887 -0.0023758427 0.0
0.5               0.038226138 -0.0020435449 0.0
0.50735294               0.039138547 -0.001532879 0.0
0.51470588               0.039930633 -0.00082289713 0.0
0.52205882               0.040512396 5.2914721e-05 0.0
0.52941176               0.040818301 0.0010255335 0.0
0.53676471               0.040773566 0.0020126959 0.0
0.54411765               0.040351596 0.0028195995 0.0
0.55147059               0.039611634 0.0033124241 0.0
0.55882353               0.03874726 0.0033472544 0.0
0.56617647               0.038026724 0.0029014252 0.0
0.57352941               0.037672522 0.0020947579 0.0
0.58088235               0.037746664 0.0011349221 0.0
0.58823529               0.038210513 0.00020552516 0.0
0.59558824               0.038927958 -0.00057886827 0.0
0.60294118               0.039767594 -0.0012097093 0.0
0.61029412               0.040680079 -0.0016955799 0.0
0.61764706               0.041588373 -0.0020575824 0.0
0.625               0.042481957 -0.0023308896 0.0
0.63235294               0.043368993 -0.002525325 0.0
0.63970588               0.044251022 -0.002635721 0.0
0.64705882               0.045124286 -0.0026550263 0.0
0.65441176               0.045989889 -0.0025517376 0.0
0.66176471               0.046840278 -0.0023210967 0.0
0.66911765               0.047637663 -0.0019378661 0.0
0.67647059               0.048345269 -0.0013934407 0.0
0.68382353               0.048925454 -0.00069700371 0.0
0.69117647               0.049271783 0.00016074236 0.0
0.69852941               0.049335084 0.0010641558 0.0
0.70588235               0.049043626 0.0019334294 0.0
0.71323529               0.048418764 0.0026190829 0.0
0.72058824               0.04753092 0.0029313471 0.0
0.72794118               0.046649867 0.0027667993 0.0
0.73529412               0.046000249 0.0021902013 0.0
0.74264706               0.045739032 0.0013394898 0.0
0.75               0.045944821 0.00041638958 0.0
0.75735294               0.046421573 -0.00041596745 0.0
0.76470588               0.047094458 -0.0010905197 0.0
0.77205882               0.047864437 -0.0016191778 0.0
0.77941176               0.048662859 -0.0020231682 0.0
0.78676471               0.049464441 -0.0023245678 0.0
0.79411765               0.050268746 -0.0025514427 0.0
0.80147059               0.051041362 -0.0026915308 0.0
0.80882353               0.051789723 -0.0027332859 0.0
0.81617647               0.052553097 -0.0026815464 0.0
0.82352941               0.053305263 -0.002523036 0.0
0.83088235               0.054039164 -0.0022282695 0.0
0.83823529               0.054715178 -0.0017816978 0.0
0.84558824               0.055276877 -0.0011638761 0.0
0.85294118               0.055652109 -0.00039519898 0.0
0.86029412               0.055796134 0.00046972745 0.0
0.86764706               0.055631843 0.0013737546 0.0
0.875               0.055114003 0.0021752429 0.0
0.88235294               0.054307112 0.0027093479 0.0
0.88970588               0.053354922 0.0028499875 0.0
0.89705882               0.052467695 0.0025469946 0.0
0.90441176               0.051859275 0.0018819346 0.0
0.91176471               0.051680986 0.00099479016 0.0
0.91911765               0.051905194 9.6656804e-05 0.0
0.92647059               0.052421697 -0.00068931531 0.0
0.93382353               0.053107941 -0.0013190866 0.0
0.94117647               0.053839836 -0.0017903612 0.0
0.94852941               0.054582037 -0.0021552832 0.0
0.95588235               0.055311046 -0.0024295818 0.0
0.96323529               0.056028779 -0.0026154897 0.0
0.97058824               0.056725643 -0.0027362901 0.0
0.97794118               0.057437602 -0.0027614079 0.0
0.98529412               0.058141419 -0.0026914883 0.0
0.99264706               0.058832661 -0.002509602 0.0
1.0               0.059528257 -0.0021989457 0.0
1.0073529               0.060103422 -0.0017330389 0.0
1.0147059               0.060568093 -0.0010925497 0.0
1.0220588               0.060843502 -0.00030985428 0.0
1.0294118               0.06087575 0.00055479761 0.0
1.0367647               0.060590752 0.001439546 0.0
1.0441176               0.059977 0.0021543564 0.0
1.0514706               0.059079582 0.002597233 0.0
1.0588235               0.058079236 0.0026311847 0.0
1.0661765               0.057234165 0.0022225489 0.0
1.0735294               0.056749967 0.0014839994 0.0
1.0808824               0.056671519 0.00060873293 0.0
1.0882353               0.056956999 -0.00023832043 0.0
1.0955882               0.057478462 -0.00095420937 0.0
1.1029412               0.058110253 -0.0015257206 0.0
1.1102941               0.058810775 -0.0019632099 0.0
1.1176471               0.059507847 -0.0022798781 0.0
1.125               0.060186257 -0.0025094829 0.0
1.1323529               0.060857719 -0.0026629958 0.0
1.1397059               0.061521463 -0.0027359068 0.0
1.1470588               0.062171751 -0.0027253498 0.0
1.1544118               0.062818747 -0.0026050497 0.0
1.1617647               0.063450205 -0.0023639391 0.0
1.1691176               0.064029214 -0.0019869022 0.0
1.1764706               0.064525625 -0.0014637649 0.0
1.1838235               0.064907744 -0.00080199563 0.0
1.1911765               0.06506962 9.183307e-06 0.0
1.1985294               0.064984136 0.00086012276 0.0
1.2058824               0.06457788 0.001692569 0.0
1.2132353               0.063876884 0.0023839396 0.0
1.2205882               0.062944795 0.0027624083 0.0
1.2279412               0.062003587 0.0027660882 0.0
1.2352941               0.061213645 0.0024014873 0.0
1.2426471               0.060692854 0.0017581363 0.0
1.25               0.060543474 0.00088961174 0.0
1.2573529               0.060742304 -6.5931764e-05 0.0
1.2647059               0.061264515 -0.00088648341 0.0
1.2720588               0.061928254 -0.0015056318 0.0
1.2794118               0.062612756 -0.0019587431 0.0
1.2867647               0.063281784 -0.0022962131 0.0
1.2941176               0.063953371 -0.002565378 0.0
1.3014706               0.06459213 -0.0027470271 0.0
1.3088235               0.065206709 -0.0028291865 0.0
1.3161765               0.06584083 -0.0028250434 0.0
1.3235294               0.066471108 -0.0027204292 0.0
1.3308824               0.067086244 -0.002484825 0.0
1.3382353               0.067649428 -0.0021051056 0.0
1.3455882               0.068108932 -0.0015638385 0.0
1.3529412               0.068394319 -0.00087594616 0.0
1.3602941               0.06846875 -9.3408491e-05 0.0
1.3676471               0.068256118 0.00073487226 0.0
1.375               0.067711736 0.0014763646 0.0
1.3823529               0.066901125 0.001974352 0.0
1.3897059               0.065961577 0.0021104382 0.0
1.3970588               0.065088786 0.001834127 0.0
1.4044118               0.064492646 0.0012229047 0.0
1.4117647               0.064303871 0.00041562719 0.0
1.4191176               0.064480784 -0.00040050892 0.0
1.4264706               0.064923543 -0.0011095655 0.0
1.4338235               0.065518398 -0.0016722048 0.0
1.4411765               0.066140376 -0.002083467 0.0
1.4485294               0.066769707 -0.0023999065 0.0
1.4558824               0.067377513 -0.0026290958 0.0
1.4632353               0.067967597 -0.0027746944 0.0
1.4705882               0.068536159 -0.0028673331 0.0
1.4779412               0.069118392 -0.0028609457 0.0
1.4852941               0.069684808 -0.0027744192 0.0
1.4926471               0.070240162 -0.0025839489 0.0
1.5               0.07080225 -0.0022763774 0.0
1.5073529               0.071235142 -0.0018252164 0.0
1.5147059               0.071560859 -0.0012129734 0.0
1.5220588               0.0717048 -0.00047243947 0.0
1.5294118               0.071617473 0.00033996096 0.0
1.5367647               0.071226035 0.0011670956 0.0
1.5441176               0.070532185 0.0018180554 0.0
1.5514706               0.069581803 0.0022051759 0.0
1.5588235               0.068550036 0.0022008966 0.0
1.5661765               0.06769545 0.0017697024 0.0
1.5735294               0.067214194 0.0010293546 0.0
1.5808824               0.067135892 0.00017130197 0.0
1.5882353               0.067409145 -0.00064525017 0.0
1.5955882               0.067898678 -0.0013177656 0.0
1.6029412               0.068478362 -0.0018429409 0.0
1.6102941               0.069109918 -0.0022376633 0.0
1.6176471               0.069728541 -0.0025136917 0.0
1.625               0.070317038 -0.0027050916 0.0
1.6323529               0.07089141 -0.0028262667 0.0
1.6397059               0.071451934 -0.0028732245 0.0
1.6470588               0.071993303 -0.0028446979 0.0
1.6544118               0.072530805 -0.0027166557 0.0
1.6617647               0.073047001 -0.0024729368 0.0
1.6691176               0.073507912 -0.0021076698 0.0
1.6764706               0.073884837 -0.0016085082 0.0
1.6838235               0.074149342 -0.0009839824 0.0
1.6911765               0.07419161 -0.00022465998 0.0
1.6985294               0.073995603 0.00055745214 0.0
1.7058824               0.073483533 0.0013075548 0.0
1.7132353               0.072684523 0.0018955868 0.0
1.7205882               0.071683808 0.0021319974 0.0
1.7279412               0.070726283 0.0019680874 0.0
1.7352941               0.06999292 0.0014208814 0.0
1.7426471               0.06964931 0.00062448686 0.0
1.75               0.069758678 -0.0002233707 0.0
1.7573529               0.070091808 -0.00097805945 0.0
1.7647059               0.070597757 -0.0015780684 0.0
1.7720588               0.071180192 -0.002038404 0.0
1.7794118               0.071783454 -0.0023784427 0.0
1.7867647               0.07237061 -0.0026127854 0.0
1.7941176               0.072954861 -0.002791091 0.0
1.8014706               0.073496394 -0.0028857206 0.0
1.8088235               0.074004385 -0.0028855132 0.0
1.8161765               0.074524145 -0.0028107158 0.0
1.8235294               0.0750352 -0.0026451776 0.0
1.8308824               0.075523423 -0.0023581019 0.0
1.8382353               0.075952692 -0.0019394655 0.0
1.8455882               0.076272189 -0.0013747066 0.0
1.8529412               0.076414923 -0.00067454424 0.0
1.8602941               0.076347149 9.926238e-05 0.0
1.8676471               0.076003639 0.00090574259 0.0
1.875               0.075340489 0.0016164488 0.0
1.8823529               0.074430898 0.0020792317 0.0
1.8897059               0.073412951 0.0021803428 0.0
1.8970588               0.072479594 0.0018713627 0.0
1.9044118               0.071842322 0.0012301293 0.0
1.9117647               0.07162267 0.00040112268 0.0
1.9191176               0.071771204 -0.00043205575 0.0
1.9264706               0.072184779 -0.0011530272 0.0
1.9338235               0.072746656 -0.0017236462 0.0
1.9411765               0.073330043 -0.0021402417 0.0
1.9485294               0.073920796 -0.0024617391 0.0
1.9558824               0.074485849 -0.0026947856 0.0
1.9632353               0.075030779 -0.0028412371 0.0
1.9705882               0.075553813 -0.0029375217 0.0
1.9779412               0.076087685 -0.0029295094 0.0
1.9852941               0.076603516 -0.0028475392 0.0
1.9926471               0.077108331 -0.0026619804 0.0
