t               Ux1 Uy1 Uz1
0.0073529412               0.006788021 0.010949769 0.0
0.014705882               0.0052644376 0.013120148 0.0
0.022058824               0.0028642915 0.014875686 0.0
0.029411765               0.00016826891 0.01583327 0.0
0.036764706               -0.0033240822 0.016435952 0.0
0.044117647               -0.0066977909 0.015986683 0.0
0.051470588               -0.0097367531 0.014348713 0.0
0.058823529               -0.011720249 0.012121942 0.0
0.066176471               -0.01319844 0.0095876949 0.0
0.073529412               -0.013804828 0.0069226298 0.0
0.080882353               -0.013909662 0.0046298237 0.0
0.088235294               -0.013520158 0.0023632412 0.0
0.095588235               -0.012838997 0.00047520225 0.0
0.10294118               -0.01184007 -0.0013377102 0.0
0.11029412               -0.010821386 -0.003000875 0.0
0.11764706               -0.0093330173 -0.004622451 0.0
0.125               -0.0078534944 -0.0061477931 0.0
0.13235294               -0.005957389 -0.0073994241 0.0
0.13970588               -0.0039820958 -0.0084836804 0.0
0.14705882               -0.0017973909 -0.0092594791 0.0
0.15441176               0.00045762648 -0.0098007752 0.0
0.16176471               0.0027652864 -0.0096690781 0.0
0.16911765               0.0049976097 -0.0092172042 0.0
0.17647059               0.0069033885 -0.0083880826 0.0
0.18382353               0.0086094361 -0.0070558656 0.0
0.19117647               0.0099736541 -0.0056285705 0.0
0.19852941               0.010420706 -0.0038401491 0.0
0.20588235               0.010633629 -0.0022418021 0.0
0.21323529               0.010128397 -0.0011234239 0.0
0.22058824               0.0096784659 -0.00055055719 0.0
0.22794118               0.0092333005 -0.00047333629 0.0
0.23529412               0.0089461346 -0.00076792555 0.0
0.24264706               0.0090586087 -0.0011670925 0.0
0.25               0.0092743343 -0.0016770917 0.0
0.25735294               0.0097631775 -0.0021626444 0.0
0.26470588               0.010490623 -0.0024968741 0.0
0.27205882               0.011205061 -0.0028245304 0.0
0.27941176               0.011938598 -0.0029863742 0.0
0.28676471               0.013034749 -0.0030241483 0.0
0.29411765               0.013842499 -0.0030403729 0.0
0.30147059               0.014766577 -0.0030136913 0.0
0.30882353               0.015724567 -0.0029169257 0.0
0.31617647               0.016735246 -0.0027625643 0.0
0.32352941               0.017804698 -0.0024102042 0.0
0.33088235               0.018754553 -0.0019475307 0.0
0.33823529               0.01981307 -0.0012386579 0.0
0.34558824               0.020638459 -0.00039277303 0.0
0.35294118               0.021172762 0.00078259729 0.0
0.36029412               0.021460493 0.0018095405 0.0
0.36764706               0.021390653 0.0030001898 0.0
0.375               0.020861404 0.0039225985 0.0
0.38235294               0.020272058 0.0043141216 0.0
0.38970588               0.01959176 0.0042860983 0.0
0.39705882               0.019204721 0.003859811 0.0
0.40441176               0.019201472 0.0032860789 0.0
0.41176471               0.01919548 0.0025405157 0.0
0.41911765               0.019798301 0.0019785508 0.0
0.42647059               0.020292113 0.0013086681 0.0
0.43382353               0.02092895 0.00078573462 0.0
0.44117647               0.021619351 0.0004181124 0.0
0.44852941               0.022437497 -2.1720915e-05 0.0
0.45588235               0.023257074 -0.0002449998 0.0
0.46323529               0.02413409 -0.00046422643 0.0
0.47058824               0.024982599 -0.0006911225 0.0
0.47794118               0.025926593 -0.000841774 0.0
0.48529412               0.026754518 -0.00081337115 0.0
0.49264706               0.0277525 -0.00064386957 0.0
0.5               0.028810879 -0.00042254699 0.0
0.50735294               0.029545606 1.4080491e-05 0.0
0.51470588               0.030393703 0.0006844866 0.0
0.52205882               0.03084895 0.0014720647 0.0
0.52941176               0.031303682 0.002065459 0.0
0.53676471               0.031071291 0.0031133143 0.0
0.54411765               0.030531318 0.003600907 0.0
0.55147059               0.030062792 0.0036650164 0.0
0.55882353               0.029478187 0.0033928437 0.0
0.56617647               0.029432087 0.0028612491 0.0
0.57352941               0.02952129 0.0021544149 0.0
0.58088235               0.02976147 0.0013830749 0.0
0.58823529               0.03010474 0.00071930188 0.0
0.59558824               0.030745646 0.00015867528 0.0
0.60294118               0.031483861 -0.00029608275 0.0
0.61029412               0.032038837 -0.00067631167 0.0
0.61764706               0.032791472 -0.00094521567 0.0
0.625               0.033633128 -0.0011819876 0.0
0.63235294               0.034438324 -0.0013146094 0.0
0.63970588               0.03514865 -0.0015140537 0.0
0.64705882               0.036002587 -0.0015366519 0.0
0.65441176               0.036884248 -0.0015154167 0.0
0.66176471               0.037637226 -0.0012708198 0.0
0.66911765               0.038418645 -0.00081131647 0.0
0.67647059               0.039104144 -0.00043973257 0.0
0.68382353               0.039668303 0.00034433988 0.0
0.69117647               0.039982154 0.0011146479 0.0
0.69852941               0.040083998 0.0019125804 0.0
0.70588235               0.039771665 0.0026311429 0.0
0.71323529               0.03923004 0.0030456561 0.0
0.72058824               0.03869425 0.0030217789 0.0
0.72794118               0.038084186 0.0027113038 0.0
0.73529412               0.037824123 0.0020977817 0.0
0.74264706               0.037766523 0.0014693221 0.0
0.75               0.038066078 0.00084596753 0.0
0.75735294               0.038483919 0.00020570265 0.0
0.76470588               0.038902162 -0.00026058565 0.0
0.77205882               0.039514286 -0.00062086243 0.0
0.77941176               0.040337526 -0.00081314331 0.0
0.78676471               0.040809473 -0.0011126003 0.0
0.79411765               0.041511668 -0.0013073237 0.0
0.80147059               0.042154203 -0.0014242079 0.0
0.80882353               0.042952457 -0.0015556959 0.0
0.81617647               0.043608874 -0.0014894496 0.0
0.82352941               0.044251784 -0.0012993875 0.0
0.83088235               0.045066921 -0.0010926301 0.0
0.83823529               0.045627177 -0.00065330942 0.0
0.84558824               0.046251912 -0.00011395536 0.0
0.85294118               0.046630844 0.00064111824 0.0
0.86029412               0.046778986 0.0013357927 0.0
0.86764706               0.046441573 0.002185108 0.0
0.875               0.046110385 0.0027662796 0.0
0.88235294               0.0454665 0.0030638772 0.0
0.88970588               0.044831091 0.0029215345 0.0
0.89705882               0.044276886 0.0025101848 0.0
0.90441176               0.044170554 0.0019957928 0.0
0.91176471               0.044221074 0.0012879159 0.0
0.91911765               0.044385464 0.00066137416 0.0
0.92647059               0.04491284 0.00016236637 0.0
0.93382353               0.045357407 -0.00027524015 0.0
0.94117647               0.045839043 -0.00062855737 0.0
0.94852941               0.04640849 -0.00087714273 0.0
0.95588235               0.047021639 -0.0010604169 0.0
0.96323529               0.047662542 -0.0012166767 0.0
0.97058824               0.048294725 -0.0013341787 0.0
0.97794118               0.048939602 -0.0013841819 0.0
0.98529412               0.049557003 -0.0012697001 0.0
0.99264706               0.050221783 -0.0011077261 0.0
1.0               0.050852214 -0.00076346416 0.0
1.0073529               0.051475493 -0.00035542363 0.0
1.0147059               0.051934083 0.0002404896 0.0
1.0220588               0.052014107 0.00099173346 0.0
1.0294118               0.052050376 0.0017338316 0.0
1.0367647               0.051821402 0.0024288839 0.0
1.0441176               0.051241947 0.0029295147 0.0
1.0514706               0.050468554 0.0030765811 0.0
1.0588235               0.050010151 0.0029227385 0.0
1.0661765               0.049511652 0.0024854462 0.0
1.0735294               0.049331795 0.0018211019 0.0
1.0808824               0.049298602 0.0012464681 0.0
1.0882353               0.049551261 0.0006019424 0.0
1.0955882               0.049946642 0.00011875069 0.0
1.1029412               0.050512797 -0.00027437664 0.0
1.1102941               0.050949439 -0.00056589556 0.0
1.1176471               0.051609374 -0.00082254752 0.0
1.125               0.052065184 -0.001057694 0.0
1.1323529               0.052705383 -0.0011551927 0.0
1.1397059               0.053274573 -0.0012415479 0.0
1.1470588               0.053904249 -0.0012682543 0.0
1.1544118               0.054501141 -0.0012438176 0.0
1.1617647               0.055162638 -0.0009580085 0.0
1.1691176               0.05574149 -0.00064213736 0.0
1.1764706               0.056109394 -0.00011559113 0.0
1.1838235               0.056502366 0.0005425069 0.0
1.1911765               0.056739468 0.0011802398 0.0
1.1985294               0.056400456 0.0020085563 0.0
1.2058824               0.056103168 0.0026280273 0.0
1.2132353               0.055320394 0.0030005455 0.0
1.2205882               0.054686121 0.0029869285 0.0
1.2279412               0.054123793 0.0026754524 0.0
1.2352941               0.053757414 0.0021409034 0.0
1.2426471               0.053716616 0.0015704612 0.0
1.25               0.053769412 0.00095431381 0.0
1.2573529               0.054031959 0.0003869462 0.0
1.2647059               0.054505254 -5.854696e-05 0.0
1.2720588               0.054955806 -0.00048055025 0.0
1.2794118               0.055375169 -0.00077149103 0.0
1.2867647               0.056130884 -0.0009145484 0.0
1.2941176               0.056583157 -0.0010554121 0.0
1.3014706               0.057092283 -0.0011339267 0.0
1.3088235               0.057638834 -0.0011624135 0.0
1.3161765               0.058223995 -0.0011597839 0.0
1.3235294               0.058840805 -0.0010163787 0.0
1.3308824               0.05929576 -0.00078088117 0.0
1.3382353               0.059890282 -0.00037954363 0.0
1.3455882               0.060291001 0.00012029079 0.0
1.3529412               0.060476882 0.00086797821 0.0
1.3602941               0.06045539 0.0015071762 0.0
1.3676471               0.060235065 0.0022605746 0.0
1.375               0.059632868 0.0028259814 0.0
1.3823529               0.058980616 0.003036651 0.0
1.3897059               0.058210498 0.0029404192 0.0
1.3970588               0.057738317 0.0025427873 0.0
1.4044118               0.057561751 0.0020294545 0.0
1.4117647               0.057364891 0.0013905447 0.0
1.4191176               0.057728592 0.00088977207 0.0
1.4264706               0.057981751 0.00030221974 0.0
1.4338235               0.058381472 -0.00013430836 0.0
1.4411765               0.058810359 -0.00044070122 0.0
1.4485294               0.059326086 -0.00079578521 0.0
1.4558824               0.059827434 -0.00092869894 0.0
1.4632353               0.060383501 -0.0010626719 0.0
1.4705882               0.060884594 -0.0011823766 0.0
1.4779412               0.061448177 -0.0012278534 0.0
1.4852941               0.061876375 -0.0011208929 0.0
1.4926471               0.062450819 -0.00090022743 0.0
1.5               0.063064092 -0.00065701621 0.0
1.5073529               0.063350126 -0.00023889141 0.0
1.5147059               0.063774924 0.00036475903 0.0
1.5220588               0.06383083 0.0010476028 0.0
1.5294118               0.063898168 0.0015681541 0.0
1.5367647               0.063435513 0.0024334957 0.0
1.5441176               0.062655151 0.002853214 0.0
1.5514706               0.061953117 0.0029092939 0.0
1.5588235               0.06116817 0.0027069936 0.0
1.5661765               0.06090417 0.0022720998 0.0
1.5735294               0.060767053 0.0016847702 0.0
1.5808824               0.060793269 0.0010311456 0.0
1.5882353               0.060885672 0.00047438391 0.0
1.5955882               0.061311572 1.3980183e-05 0.0
1.6029412               0.061804969 -0.00034989678 0.0
1.6102941               0.062120893 -0.00063863524 0.0
1.6176471               0.062619054 -0.00082453225 0.0
1.625               0.063198096 -0.0009834291 0.0
1.6323529               0.063737514 -0.0010438896 0.0
1.6397059               0.064154589 -0.0011413774 0.0
1.6470588               0.064704836 -0.0011093958 0.0
1.6544118               0.065237331 -0.0010190648 0.0
1.6617647               0.065681241 -0.00075907875 0.0
1.6691176               0.066136888 -0.00033649554 0.0
1.6764706               0.066473451 1.1412074e-05 0.0
1.6838235               0.066759853 0.00069053412 0.0
1.6911765               0.066760874 0.0013636471 0.0
1.6985294               0.06665463 0.0020361718 0.0
1.7058824               0.066152823 0.0026359071 0.0
1.7132353               0.065463092 0.0029844276 0.0
1.7205882               0.06476557 0.0029590434 0.0
1.7279412               0.064022516 0.0026643537 0.0
1.7352941               0.063637233 0.002103604 0.0
1.7426471               0.063409553 0.0015242366 0.0
1.75               0.063573924 0.00096485478 0.0
1.7573529               0.063859474 0.00037409351 0.0
1.7647059               0.064106356 -4.7379324e-05 0.0
1.7720588               0.064571437 -0.00037882753 0.0
1.7794118               0.065227957 -0.00051564942 0.0
1.7867647               0.065524583 -0.00078522879 0.0
1.7941176               0.066041399 -0.00094855917 0.0
1.8014706               0.066492309 -0.0010261106 0.0
1.8088235               0.06707784 -0.0011201881 0.0
1.8161765               0.067516347 -0.0010322204 0.0
1.8235294               0.067943297 -0.0008434961 0.0
1.8308824               0.068529052 -0.00065536608 0.0
1.8382353               0.068820876 -0.00025007709 0.0
1.8455882               0.069226563 0.00024455043 0.0
1.8529412               0.069394914 0.0009064121 0.0
1.8602941               0.069344478 0.0015119332 0.0
1.8676471               0.068851757 0.0022428549 0.0
1.875               0.06841789 0.0027353256 0.0
1.8823529               0.067661113 0.0029969745 0.0
1.8897059               0.066932103 0.002851822 0.0
1.8970588               0.066265073 0.0024659675 0.0
1.9044118               0.066049501 0.0019925859 0.0
1.9117647               0.066031549 0.0013395403 0.0
1.9191176               0.06606622 0.00073870995 0.0
1.9264706               0.066477476 0.00027213932 0.0
1.9338235               0.066776047 -0.00013825063 0.0
1.9411765               0.067162854 -0.00045330203 0.0
1.9485294               0.06763167 -0.00065115412 0.0
1.9558824               0.068091721 -0.0008276121 0.0
1.9632353               0.068561209 -0.00095534265 0.0
1.9705882               0.069059623 -0.0010461079 0.0
1.9779412               0.06955115 -0.0010796885 0.0
1.9852941               0.069988622 -0.00095454469 0.0
1.9926471               0.07046617 -0.00079794958 0.0
