t               Ux1 Uy1 Uz1
0.0073529412               0.0070589846 0.011178143 0.0
0.014705882               0.0055635813 0.013469365 0.0
0.022058824               0.0031622461 0.015380019 0.0
0.029411765               0.00042363411 0.016478295 0.0
0.036764706               -0.0031490955 0.017205474 0.0
0.044117647               -0.00667988 0.016845714 0.0
0.051470588               -0.0098623974 0.01522107 0.0
0.058823529               -0.011922637 0.012907339 0.0
0.066176471               -0.013342616 0.010195441 0.0
0.073529412               -0.013715676 0.0073067967 0.0
0.080882353               -0.01341954 0.0047739802 0.0
0.088235294               -0.012495507 0.0023169387 0.0
0.095588235               -0.011205088 0.00030557018 0.0
0.10294118               -0.009579325 -0.0015365373 0.0
0.11029412               -0.0079546759 -0.0031218648 0.0
0.11764706               -0.0059365515 -0.0045995712 0.0
0.125               -0.0040146051 -0.0059236798 0.0
0.13235294               -0.0017760382 -0.0069374183 0.0
0.13970588               0.0004464152 -0.0077712036 0.0
0.14705882               0.0027865715 -0.0083028365 0.0
0.15441176               0.0051148759 -0.0086072306 0.0
0.16176471               0.0074427653 -0.0082776397 0.0
0.16911765               0.0096338977 -0.0076734447 0.0
0.17647059               0.011458596 -0.006727954 0.0
0.18382353               0.013066002 -0.0053420194 0.0
0.19117647               0.014298384 -0.0039051749 0.0
0.19852941               0.014617035 -0.0021755655 0.0
0.20588235               0.014697968 -0.00068981072 0.0
0.21323529               0.014076163 0.00029018568 0.0
0.22058824               0.013549116 0.00065355259 0.0
0.22794118               0.013098639 0.00048555141 0.0
0.23529412               0.012899043 -8.2784649e-05 0.0
0.24264706               0.013184844 -0.00075858914 0.0
0.25               0.013655671 -0.0015277971 0.0
0.25735294               0.014455702 -0.0022432007 0.0
0.26470588               0.01551872 -0.0027692542 0.0
0.27205882               0.016578693 -0.0032468197 0.0
0.27941176               0.017650442 -0.0035146001 0.0
0.28676471               0.019058406 -0.0036269532 0.0
0.29411765               0.020148285 -0.0036736361 0.0
0.30147059               0.021323413 -0.0036450635 0.0
0.30882353               0.022494699 -0.0035227464 0.0
0.31617647               0.023682532 -0.0033152882 0.0
0.32352941               0.024897175 -0.0028901083 0.0
0.33088235               0.025949922 -0.0023379419 0.0
0.33823529               0.027077291 -0.0015325009 0.0
0.34558824               0.027931601 -0.00059811451 0.0
0.35294118               0.028454855 0.00066929392 0.0
0.36029412               0.028694936 0.0017674189 0.0
0.36764706               0.028553784 0.0029901202 0.0
0.375               0.027919722 0.0039280261 0.0
0.38235294               0.027218127 0.0042847358 0.0
0.38970588               0.026449661 0.0041671794 0.0
0.39705882               0.026036969 0.0036046247 0.0
0.40441176               0.026080189 0.0028572072 0.0
0.41176471               0.026209189 0.0019308983 0.0
0.41911765               0.027018274 0.0011992426 0.0
0.42647059               0.02775977 0.00039081964 0.0
0.43382353               0.028657381 -0.00023111528 0.0
0.44117647               0.029608145 -0.00064407612 0.0
0.44852941               0.030663337 -0.0010914793 0.0
0.45588235               0.031690387 -0.0012851671 0.0
0.46323529               0.032745531 -0.0014427872 0.0
0.47058824               0.033738278 -0.0015741861 0.0
0.47794118               0.034789519 -0.0016052709 0.0
0.48529412               0.03569123 -0.0014337832 0.0
0.49264706               0.036725734 -0.0011075172 0.0
0.5               0.037783228 -0.00072044837 0.0
0.50735294               0.038473548 -0.00010599862 0.0
0.51470588               0.039235735 0.00073123154 0.0
0.52205882               0.03955776 0.0016755717 0.0
0.52941176               0.039839881 0.0023959979 0.0
0.53676471               0.039395883 0.0035406669 0.0
0.54411765               0.038615982 0.0040776758 0.0
0.55147059               0.037916679 0.004128316 0.0
0.55882353               0.037147617 0.0037792196 0.0
0.56617647               0.036998979 0.0031187771 0.0
0.57352941               0.037083475 0.0022553603 0.0
0.58088235               0.037402635 0.0013181858 0.0
0.58823529               0.037894658 0.00051089719 0.0
0.59558824               0.038716822 -0.00015845001 0.0
0.60294118               0.039646072 -0.0006803884 0.0
0.61029412               0.040385107 -0.0010847018 0.0
0.61764706               0.041297846 -0.0013507379 0.0
0.625               0.042275578 -0.0015490507 0.0
0.63235294               0.0431879 -0.0016227455 0.0
0.63970588               0.043978421 -0.0017428287 0.0
0.64705882               0.04488729 -0.001666512 0.0
0.65441176               0.045794019 -0.0015311237 0.0
0.66176471               0.046545468 -0.0011567792 0.0
0.66911765               0.047292625 -0.00056471296 0.0
0.67647059               0.047906209 -5.7389402e-05 0.0
0.68382353               0.048360574 0.00085772068 0.0
0.69117647               0.048520191 0.0017449241 0.0
0.69852941               0.048435441 0.0026285068 0.0
0.70588235               0.04789555 0.0034052457 0.0
0.71323529               0.047114686 0.0038292917 0.0
0.72058824               0.04636144 0.0037465997 0.0
0.72794118               0.045595073 0.0033167489 0.0
0.73529412               0.045271659 0.0025401252 0.0
0.74264706               0.045244758 0.0017263036 0.0
0.75               0.045656742 0.00092406635 0.0
0.75735294               0.046240292 0.0001298739 0.0
0.76470588               0.046844774 -0.00044927182 0.0
0.77205882               0.047644155 -0.00087982895 0.0
0.77941176               0.048637385 -0.0011064716 0.0
0.78676471               0.049253744 -0.0014108845 0.0
0.79411765               0.050075565 -0.0015841953 0.0
0.80147059               0.050811347 -0.0016554336 0.0
0.80882353               0.051679474 -0.0017242911 0.0
0.81617647               0.052377671 -0.001575258 0.0
0.82352941               0.053038164 -0.0012857758 0.0
0.83088235               0.053840925 -0.00096678927 0.0
0.83823529               0.054358186 -0.00040595422 0.0
0.84558824               0.054904424 0.00025191538 0.0
0.85294118               0.055164754 0.0011271471 0.0
0.86029412               0.055149981 0.0019240829 0.0
0.86764706               0.054614056 0.0028495546 0.0
0.875               0.054050749 0.0034747276 0.0
0.88235294               0.053172049 0.0037616776 0.0
0.88970588               0.052336199 0.0035384641 0.0
0.89705882               0.051657661 0.0029925096 0.0
0.90441176               0.051522352 0.0023023859 0.0
0.91176471               0.051636911 0.0014075516 0.0
0.91911765               0.051934319 0.00060925875 0.0
0.92647059               0.052634177 -2.9344812e-05 0.0
0.93382353               0.053260453 -0.00056625807 0.0
0.94117647               0.053917252 -0.0009735894 0.0
0.94852941               0.054635534 -0.0012482065 0.0
0.95588235               0.055375339 -0.0014232942 0.0
0.96323529               0.0561164 -0.0015539166 0.0
0.97058824               0.056824379 -0.0016183858 0.0
0.97794118               0.057521514 -0.0016005395 0.0
0.98529412               0.058165798 -0.0014001784 0.0
0.99264706               0.058831083 -0.0011349128 0.0
1.0               0.05943433 -0.00068002389 0.0
1.0073529               0.060000123 -0.00014952939 0.0
1.0147059               0.060362082 0.0005657364 0.0
1.0220588               0.060304822 0.0014350819 0.0
1.0294118               0.060163868 0.0022738405 0.0
1.0367647               0.059721582 0.003038904 0.0
1.0441176               0.058902307 0.0035688366 0.0
1.0514706               0.057901336 0.0036831561 0.0
1.0588235               0.057270206 0.0034325001 0.0
1.0661765               0.056680679 0.0028449965 0.0
1.0735294               0.056509901 0.00200267 0.0
1.0808824               0.05657011 0.001246397 0.0
1.0882353               0.056974411 0.00044342571 0.0
1.0955882               0.057546848 -0.0001599895 0.0
1.1029412               0.0582884 -0.00063337601 0.0
1.1102941               0.058887325 -0.00096000673 0.0
1.1176471               0.059681663 -0.0012264444 0.0
1.125               0.060246729 -0.0014427605 0.0
1.1323529               0.060971694 -0.0014991153 0.0
1.1397059               0.061600599 -0.001526833 0.0
1.1470588               0.062268159 -0.0014780197 0.0
1.1544118               0.062875982 -0.0013610735 0.0
1.1617647               0.063527617 -0.00096608448 0.0
1.1691176               0.064065766 -0.00053517028 0.0
1.1764706               0.064357475 0.00011460907 0.0
1.1838235               0.064639581 0.00089685823 0.0
1.1911765               0.064721338 0.0016481844 0.0
1.1985294               0.064186935 0.0025692383 0.0
1.2058824               0.063658612 0.0032471325 0.0
1.2132353               0.062635013 0.0036340203 0.0
1.2205882               0.061791214 0.0035613566 0.0
1.2279412               0.061086718 0.003129985 0.0
1.2352941               0.060675911 0.0024295721 0.0
1.2426471               0.060680176 0.0016745709 0.0
1.25               0.060853064 0.00088336713 0.0
1.2573529               0.06128028 0.00017040252 0.0
1.2647059               0.061926849 -0.00038109727 0.0
1.2720588               0.062544662 -0.00086856665 0.0
1.2794118               0.063110309 -0.001187671 0.0
1.2867647               0.063986244 -0.0013351654 0.0
1.2941176               0.064532703 -0.0014505915 0.0
1.3014706               0.065113925 -0.0014826296 0.0
1.3088235               0.065708878 -0.0014522393 0.0
1.3161765               0.0663211 -0.0013721353 0.0
1.3235294               0.066944522 -0.0011355345 0.0
1.3308824               0.067377455 -0.00079319191 0.0
1.3382353               0.067923298 -0.00027424084 0.0
1.3455882               0.068239353 0.00034284693 0.0
1.3529412               0.068298319 0.0012163866 0.0
1.3602941               0.068109702 0.0019639688 0.0
1.3676471               0.067688012 0.0027967572 0.0
1.375               0.066853018 0.0034130674 0.0
1.3823529               0.065971671 0.0036128026 0.0
1.3897059               0.065016904 0.003439078 0.0
1.3970588               0.064444297 0.0029069067 0.0
1.4044118               0.064255637 0.0022204156 0.0
1.4117647               0.064135985 0.0014010638 0.0
1.4191176               0.064641861 0.00073829606 0.0
1.4264706               0.065063974 1.9511778e-05 0.0
1.4338235               0.065632583 -0.00050927898 0.0
1.4411765               0.066218938 -0.00086137843 0.0
1.4485294               0.066866411 -0.0012335616 0.0
1.4558824               0.067473388 -0.0013578691 0.0
1.4632353               0.06811257 -0.0014620183 0.0
1.4705882               0.06867394 -0.0015309602 0.0
1.4779412               0.069273808 -0.0015109478 0.0
1.4852941               0.069718498 -0.0013205462 0.0
1.4926471               0.070286645 -0.0010043489 0.0
1.5               0.070868611 -0.00065581449 0.0
1.5073529               0.071090757 -0.00011767998 0.0
1.5147059               0.07141803 0.00060557419 0.0
1.5220588               0.071334486 0.0014070015 0.0
1.5294118               0.071225755 0.0020266585 0.0
1.5367647               0.070549066 0.0029694817 0.0
1.5441176               0.069533745 0.0034205749 0.0
1.5514706               0.068616665 0.0034436729 0.0
1.5588235               0.067673856 0.0031435 0.0
1.5661765               0.067341017 0.0025584564 0.0
1.5735294               0.067230024 0.0017954215 0.0
1.5808824               0.067354497 0.00096379613 0.0
1.5882353               0.067597068 0.00025440161 0.0
1.5955882               0.068187461 -0.00032137606 0.0
1.6029412               0.068841148 -0.00076006901 0.0
1.6102941               0.069300529 -0.0010850008 0.0
1.6176471               0.069916509 -0.001283972 0.0
1.625               0.070590961 -0.0014262513 0.0
1.6323529               0.071202081 -0.0014532785 0.0
1.6397059               0.071669181 -0.0015005897 0.0
1.6470588               0.072251466 -0.0014006688 0.0
1.6544118               0.072793262 -0.001227493 0.0
1.6617647               0.0732259 -0.00086664735 0.0
1.6691176               0.073643311 -0.00033578838 0.0
1.6764706               0.07390952 0.00012798452 0.0
1.6838235               0.07408892 0.00092785513 0.0
1.6911765               0.073940584 0.0017147297 0.0
1.6985294               0.073652088 0.0024785579 0.0
1.7058824               0.072929421 0.0031450343 0.0
1.7132353               0.072012164 0.0035105331 0.0
1.7205882               0.071117539 0.0034328031 0.0
1.7279412               0.070245083 0.0030227697 0.0
1.7352941               0.069825458 0.0023028064 0.0
1.7426471               0.06965063 0.0015452945 0.0
1.75               0.069936355 0.00081726329 0.0
1.7573529               0.07038039 8.61624e-05 0.0
1.7647059               0.070791953 -0.00043484785 0.0
1.7720588               0.071412312 -0.00082551538 0.0
1.7794118               0.072201944 -0.00098897925 0.0
1.7867647               0.072605419 -0.0012602883 0.0
1.7941176               0.073206941 -0.0014035161 0.0
1.8014706               0.073719855 -0.0014401616 0.0
1.8088235               0.074349509 -0.0014798711 0.0
1.8161765               0.074809204 -0.0013192258 0.0
1.8235294               0.075238266 -0.0010415328 0.0
1.8308824               0.07580232 -0.00075165421 0.0
1.8382353               0.076044566 -0.00023327958 0.0
1.8455882               0.076370076 0.0003753463 0.0
1.8529412               0.07641982 0.0011583669 0.0
1.8602941               0.07620914 0.0018714529 0.0
1.8676471               0.075520724 0.0026889661 0.0
1.875               0.074863733 0.003234357 0.0
1.8823529               0.073888356 0.0034924061 0.0
1.8897059               0.072983159 0.0032722059 0.0
1.8970588               0.072220595 0.0027557703 0.0
1.9044118               0.072003457 0.00211324 0.0
1.9117647               0.072068374 0.0012825905 0.0
1.9191176               0.072240398 0.0005220505 0.0
1.9264706               0.072814722 -7.0104095e-05 0.0
1.9338235               0.073273901 -0.00056701708 0.0
1.9411765               0.073808841 -0.00092648096 0.0
1.9485294               0.074396807 -0.0011443943 0.0
1.9558824               0.074953862 -0.0013117371 0.0
1.9632353               0.075497369 -0.0014159257 0.0
1.9705882               0.076049526 -0.0014596125 0.0
1.9779412               0.076575348 -0.0014334711 0.0
1.9852941               0.077026956 -0.0012319965 0.0
1.9926471               0.077497361 -0.00098265216 0.0
