t               Ux1 Uy1 Uz1
0.0073529412               0.0077195663 0.010560959 1.7651098e-20
0.014705882               0.0069772184 0.013272243 1.0577482e-20
0.022058824               0.0047733377 0.015579353 -2.2594223e-20
0.029411765               0.0023273107 0.017191071 -1.570771e-20
0.036764706               -0.0012971042 0.018131869 -1.1404505e-19
0.044117647               -0.0046730234 0.01796171 4.7341072e-20
0.051470588               -0.0086691838 0.016764074 5.5673045e-21
0.058823529               -0.011241297 0.0151774 9.1538601e-21
0.066176471               -0.013164922 0.012636324 -4.1408582e-20
0.073529412               -0.014535631 0.0097044816 2.2362299e-20
0.080882353               -0.014195854 0.0069456405 -4.9071968e-20
0.088235294               -0.013246938 0.0039880165 1.4026252e-19
0.095588235               -0.011896161 0.001357139 4.248878e-20
0.10294118               -0.010232086 -0.00067497595 -4.4337861e-20
0.11029412               -0.0084629387 -0.0027406434 -2.348897e-21
0.11764706               -0.0064521899 -0.004480453 -8.6156012e-23
0.125               -0.004205678 -0.0059166492 7.6956448e-20
0.13235294               -0.0019688573 -0.0072302499 -5.2173405e-20
0.13970588               0.00053391313 -0.0082434679 -8.4610584e-20
0.14705882               0.003133057 -0.0088430377 -6.109908e-21
0.15441176               0.0057291252 -0.0092652558 1.2828241e-19
0.16176471               0.0080729863 -0.0092964402 2.1570093e-20
0.16911765               0.010700922 -0.0088785585 -8.43306e-20
0.17647059               0.012668593 -0.0079691208 7.3556879e-21
0.18382353               0.01440865 -0.0065996571 5.2870802e-20
0.19117647               0.015897588 -0.0052602021 -1.028016e-20
0.19852941               0.01666685 -0.003494401 3.4279557e-20
0.20588235               0.017101048 -0.0019899858 -1.2829187e-20
0.21323529               0.016891036 -0.00071416607 4.6430091e-20
0.22058824               0.015870594 0.00014563198 3.8708113e-20
0.22794118               0.015188954 0.00027928301 -5.8016733e-20
0.23529412               0.014678011 -5.1106249e-05 -6.9311744e-20
0.24264706               0.014677423 -0.00086429806 5.0897638e-20
0.25               0.01489968 -0.0020392364 -1.6150239e-20
0.25735294               0.015762959 -0.002914742 4.8254431e-20
0.26470588               0.016832962 -0.003627325 3.3842828e-20
0.27205882               0.018376711 -0.0040188349 -6.0877463e-21
0.27941176               0.019486935 -0.004418548 1.324785e-19
0.28676471               0.020925648 -0.0047300716 -1.0003839e-19
0.29411765               0.022207671 -0.0047177665 -4.4415153e-20
0.30147059               0.023614388 -0.0046904756 -2.8973641e-21
0.30882353               0.02476205 -0.0045784359 -8.1204121e-20
0.31617647               0.025992059 -0.0042166923 4.2650164e-20
0.32352941               0.027275309 -0.0038294114 -4.2222653e-20
0.33088235               0.028533681 -0.0032248185 5.5412115e-20
0.33823529               0.029591624 -0.0024644156 2.7083794e-20
0.34558824               0.030498891 -0.0015159323 -9.6956985e-20
0.35294118               0.031160643 -0.00017012776 9.5103009e-20
0.36029412               0.032003044 0.00085714818 1.3647956e-20
0.36764706               0.031703009 0.002218866 4.068657e-20
0.375               0.031046384 0.0031741167 -8.9398867e-20
0.38235294               0.030209136 0.003706179 1.3048783e-20
0.38970588               0.029403627 0.0040388898 -4.4772841e-20
0.39705882               0.028894298 0.003701054 5.8971672e-21
0.40441176               0.028067748 0.0028145979 -1.3161062e-19
0.41176471               0.02858467 0.001870773 -8.3706397e-21
0.41911765               0.029083546 0.00063127018 4.3821977e-20
0.42647059               0.029901171 -0.00028379327 4.6945714e-20
0.43382353               0.031072691 -0.0008593629 1.2010104e-19
0.44117647               0.032245369 -0.0015707887 -2.2780063e-20
0.44852941               0.033296495 -0.0020265161 -8.4901735e-20
0.45588235               0.034263374 -0.0021219323 -5.1166088e-20
0.46323529               0.03533246 -0.0022409888 -2.4020806e-20
0.47058824               0.036637015 -0.0022482717 -7.1342706e-20
0.47794118               0.037553705 -0.0022903103 -1.0702695e-19
0.48529412               0.038580061 -0.0021473664 -3.1183988e-20
0.49264706               0.039676285 -0.0018473591 -8.154214e-21
0.5               0.040626636 -0.0012998543 3.4191673e-21
0.50735294               0.04151714 -0.00077608056 9.3393233e-20
0.51470588               0.0422373 8.2241492e-05 6.4531727e-21
0.52205882               0.042745866 0.0010513841 8.2344507e-21
0.52941176               0.042973309 0.0020262315 -9.2431744e-20
0.53676471               0.042611989 0.0029390874 4.2001479e-20
0.54411765               0.042189746 0.0035618022 3.2727913e-20
0.55147059               0.041284877 0.0038421121 1.2255354e-20
0.55882353               0.040508581 0.0038589285 -2.5319516e-20
0.56617647               0.040007488 0.003217382 -2.2977236e-21
0.57352941               0.039392451 0.0023103939 -3.7636562e-20
0.58088235               0.039777228 0.0014184376 -2.6416364e-21
0.58823529               0.040551237 0.00039656764 1.4167903e-19
0.59558824               0.041393766 -0.0005028503 3.3193243e-20
0.60294118               0.042204027 -0.0010783834 -1.3158556e-21
0.61029412               0.043136428 -0.0016712981 6.1642395e-21
0.61764706               0.044133305 -0.0019506139 1.0076428e-20
0.625               0.045129732 -0.0021634076 5.3724039e-20
0.63235294               0.045933639 -0.0023295325 -9.1391171e-21
0.63970588               0.04691082 -0.0022751651 7.1232357e-20
0.64705882               0.047848269 -0.002186122 -5.3599811e-21
0.65441176               0.04873631 -0.0020699005 -1.5000322e-20
0.66176471               0.04959159 -0.0018146389 1.8222349e-20
0.66911765               0.050444783 -0.0013807071 3.289949e-20
0.67647059               0.051063836 -0.0007351191 3.8257359e-20
0.68382353               0.051368787 0.00010502574 -2.1880038e-20
0.69117647               0.051651815 0.0010330202 -2.722206e-20
0.69852941               0.051748176 0.0019256219 2.1426908e-20
0.70588235               0.051294726 0.0027964843 2.4870289e-20
0.71323529               0.050799674 0.0031614464 -1.6453012e-20
0.72058824               0.049309785 0.0035290388 -1.7581599e-21
0.72794118               0.048771168 0.0032258558 2.6212646e-20
0.73529412               0.048142494 0.0025240231 -1.5958107e-20
0.74264706               0.048228083 0.0016416536 5.0213155e-21
0.75               0.048305014 0.0005402996 9.9749994e-21
0.75735294               0.048935145 -0.0002635584 -5.9659273e-20
0.76470588               0.049583828 -0.00099880242 -2.7884616e-20
0.77205882               0.050644248 -0.0014507707 4.4867984e-20
0.77941176               0.051408832 -0.0018470117 2.0470216e-20
0.78676471               0.052230116 -0.0022036413 1.7041375e-20
0.79411765               0.053086794 -0.0022648467 -2.3907076e-20
0.80147059               0.053946578 -0.0022498802 7.5667512e-20
0.80882353               0.054689362 -0.0023686761 -3.5137619e-20
0.81617647               0.055421566 -0.002213368 -7.7081002e-20
0.82352941               0.056157071 -0.0020145202 2.1803392e-20
0.83088235               0.056873299 -0.001577724 1.0554997e-19
0.83823529               0.057562366 -0.0011418655 -4.9448505e-20
0.84558824               0.05806537 -0.00046152605 -1.4724242e-20
0.85294118               0.05833359 0.00046431648 6.8734274e-20
0.86029412               0.058617612 0.0011892143 -2.3599237e-20
0.86764706               0.058231213 0.0021167966 -1.1412361e-19
0.875               0.057212563 0.0028751114 4.6330235e-21
0.88235294               0.056498662 0.0032239772 2.9597675e-20
0.88970588               0.0553619 0.0033948919 5.0461218e-21
0.89705882               0.054796631 0.002956309 3.1886141e-21
0.90441176               0.054210706 0.002217608 -4.1084328e-20
0.91176471               0.054427603 0.0013516408 3.0251706e-20
0.91911765               0.054600632 0.00013557606 -1.0162044e-19
0.92647059               0.055340977 -0.00063719794 1.8013113e-20
0.93382353               0.056057393 -0.0012472423 -1.2315454e-20
0.94117647               0.056920073 -0.0018157494 -6.2911576e-20
0.94852941               0.057524371 -0.0021827091 -1.0999013e-19
0.95588235               0.058202024 -0.0023490455 -2.2740284e-20
0.96323529               0.058996454 -0.0024548083 9.4689388e-21
0.97058824               0.059989306 -0.0023847478 -2.6982963e-20
0.97794118               0.060544328 -0.0023965673 -1.2457401e-20
0.98529412               0.06127391 -0.0022352677 2.8113933e-20
0.99264706               0.061843329 -0.0019567331 6.8509205e-20
1.0               0.062496116 -0.0015012829 8.2389836e-21
1.0073529               0.062982108 -0.0010126745 4.3221641e-22
1.0147059               0.063392769 -0.00027344384 -3.5105398e-20
1.0220588               0.063519767 0.0005980889 2.3710879e-20
1.0294118               0.063562252 0.0014902938 -3.5057375e-21
1.0367647               0.062878979 0.002256372 -8.9987036e-20
1.0441176               0.062236154 0.0028560526 2.5931403e-20
1.0514706               0.061102119 0.0031174131 -1.5284288e-21
1.0588235               0.060421875 0.0031037221 -1.2910823e-20
1.0661765               0.059742309 0.0025588952 -3.2319931e-20
1.0735294               0.059148917 0.0017562119 3.8699147e-20
1.0808824               0.059322676 0.00089963742 -4.5126499e-20
1.0882353               0.059780308 -6.2898627e-05 1.235881e-19
1.0955882               0.060565151 -0.00082074691 2.8504598e-20
1.1029412               0.061199158 -0.0013327268 -3.9156581e-20
1.1102941               0.061831718 -0.0018539908 -4.9465957e-21
1.1176471               0.062546066 -0.0021259733 -1.6980826e-20
1.125               0.063347032 -0.0022224738 3.0443541e-20
1.1323529               0.063886171 -0.0023435086 -7.4513532e-20
1.1397059               0.064602796 -0.0023732552 -8.4028504e-20
1.1470588               0.065359599 -0.0021976954 -7.599813e-21
1.1544118               0.065973762 -0.0020335381 8.7172332e-20
1.1617647               0.066525403 -0.0017738787 2.2671683e-21
1.1691176               0.067303107 -0.0013303352 -4.3751199e-20
1.1764706               0.067521837 -0.00065915023 2.4724144e-21
1.1838235               0.067689455 0.00013014918 5.3576266e-20
1.1911765               0.067763547 0.00090251408 1.7763772e-20
1.1985294               0.067401468 0.0018066078 1.9302789e-20
1.2058824               0.066992096 0.0025438967 1.4238737e-20
1.2132353               0.066254867 0.0029755188 -5.4347325e-21
1.2205882               0.064911892 0.0031943458 3.551489e-20
1.2279412               0.064088094 0.0028946286 -4.3427649e-20
1.2352941               0.063467957 0.0022999998 -8.2288059e-20
1.2426471               0.063276357 0.0013617264 6.7613912e-20
1.25               0.063242865 0.00027252022 -3.3437971e-20
1.2573529               0.063763152 -0.00055282911 8.0967978e-21
1.2647059               0.064380069 -0.0012437095 2.3487098e-20
1.2720588               0.065405275 -0.0016099013 1.2707952e-20
1.2794118               0.065947703 -0.0020389544 8.3105632e-20
1.2867647               0.066746291 -0.0023521668 -8.8338913e-20
1.2941176               0.067422886 -0.0024002128 -6.7566407e-20
1.3014706               0.068175395 -0.0023893735 -4.1899587e-20
1.3088235               0.068669136 -0.0024015101 -9.1001151e-20
1.3161765               0.069234981 -0.0021818587 5.1527316e-20
1.3235294               0.06983347 -0.0019899364 -7.0579821e-20
1.3308824               0.07043066 -0.0016059792 5.0332486e-20
1.3382353               0.070894056 -0.0011244845 1.6334235e-20
1.3455882               0.071185516 -0.00053968081 -1.3640348e-19
1.3529412               0.071289702 0.00040529855 9.4223922e-20
1.3602941               0.071605353 0.0010272944 1.2939999e-20
1.3676471               0.070967409 0.0019809234 1.358193e-20
1.375               0.06998538 0.002618644 -6.3493733e-20
1.3823529               0.0690216 0.0029168118 -8.0013981e-22
1.3897059               0.068098983 0.0030122023 -3.6556954e-20
1.3970588               0.067440188 0.00259408 -2.4672012e-20
1.4044118               0.066555186 0.0017842969 -9.1120917e-20
1.4117647               0.066737186 0.00089358124 -3.2549425e-20
1.4191176               0.067041691 -0.00010973793 5.4327414e-20
1.4264706               0.067602819 -0.00091338743 1.4013692e-20
1.4338235               0.068303536 -0.0014376756 1.4700796e-19
1.4411765               0.069007607 -0.0020222072 -1.922049e-20
1.4485294               0.06966486 -0.0023600777 -9.6435082e-20
1.4558824               0.070155764 -0.0024073327 -2.5576224e-20
1.4632353               0.070802022 -0.0024650699 -3.916836e-20
1.4705882               0.071609897 -0.0024257384 -6.2903323e-20
1.4779412               0.072093158 -0.0024247097 -9.7233168e-20
1.4852941               0.07261368 -0.0022548376 -5.643241e-20
1.4926471               0.073192177 -0.0019575108 2.634668e-20
1.5               0.0736899 -0.0014857026 -3.9399962e-21
1.5073529               0.074066004 -0.0010135503 4.4096241e-20
1.5147059               0.074310184 -0.00028580374 -8.4717768e-21
1.5220588               0.074374131 0.00055606901 -4.0038969e-20
1.5294118               0.074261179 0.001361946 -8.721668e-20
1.5367647               0.073541696 0.0021238841 4.0365149e-20
1.5441176               0.072861025 0.0026350665 1.7597754e-20
1.5514706               0.071764821 0.0028708336 4.3762415e-20
1.5588235               0.070720204 0.0028439201 2.1843938e-20
1.5661765               0.070173652 0.0022226605 -1.3414749e-20
1.5735294               0.069667097 0.001381648 -2.1838806e-20
1.5808824               0.069843011 0.00062434402 -4.5757915e-20
1.5882353               0.070317554 -0.00020546953 1.5113752e-19
1.5955882               0.071006839 -0.00091603792 -2.4174743e-20
1.6029412               0.07145693 -0.0014063195 -4.6485134e-20
1.6102941               0.07205438 -0.0018877968 4.1770854e-21
1.6176471               0.072718673 -0.002080607 -2.1443906e-21
1.625               0.073410408 -0.0022488657 4.0417752e-20
1.6323529               0.073830328 -0.002334864 3.3792537e-20
1.6397059               0.074481257 -0.0022344193 5.839044e-20
1.6470588               0.075024218 -0.0021324486 -2.3898046e-20
1.6544118               0.075610045 -0.0019790356 -3.2326132e-20
1.6617647               0.076136907 -0.0017275796 1.4177742e-20
1.6691176               0.076615575 -0.0013243145 2.3907324e-20
1.6764706               0.076895085 -0.00074197651 1.6828951e-20
1.6838235               0.076864504 -2.5695226e-06 -1.4271295e-20
1.6911765               0.076831481 0.00084796013 7.1856788e-21
1.6985294               0.076642259 0.0016088065 1.3893786e-20
1.7058824               0.076017958 0.0023677628 4.4091739e-20
1.7132353               0.075252432 0.0026669965 1.0798387e-20
1.7205882               0.073776632 0.0029465622 -2.266851e-20
1.7279412               0.073120761 0.0026079447 2.4065772e-20
1.7352941               0.072430106 0.0019552516 -2.9752459e-20
1.7426471               0.072353339 0.0011051622 -4.7338018e-20
1.75               0.072364584 0.00019495576 1.3883483e-20
1.7573529               0.072843766 -0.00058287215 -5.0782068e-20
1.7647059               0.073330536 -0.0012569679 -3.3127912e-20
1.7720588               0.074148522 -0.0016440697 9.166589e-20
1.7794118               0.074693973 -0.0019858922 2.5601034e-20
1.7867647               0.075349535 -0.0022818096 -1.0667245e-20
1.7941176               0.075924758 -0.0022996771 -9.4343116e-22
1.8014706               0.07656739 -0.0022456565 7.2809602e-20
1.8088235               0.07708178 -0.0023434943 -5.2287262e-20
1.8161765               0.077602892 -0.0021765653 -6.8773043e-20
1.8235294               0.078031593 -0.0019704654 1.4437084e-20
1.8308824               0.078521256 -0.0015587022 1.014583e-19
1.8382353               0.078985833 -0.0011561656 -5.3439663e-20
1.8455882               0.079181933 -0.00053421187 -9.9804734e-21
1.8529412               0.079241195 0.00027735438 4.8891516e-20
1.8602941               0.079330116 0.00092366366 -5.6993402e-21
1.8676471               0.078779599 0.0017613058 -1.076954e-19
1.875               0.077603627 0.0024568804 2.6581707e-20
1.8823529               0.076858708 0.0027378598 2.5259613e-20
1.8897059               0.075684549 0.0028559291 2.3291938e-21
1.8970588               0.075027585 0.0023923974 -4.0094563e-21
1.9044118               0.074444053 0.0017274459 -5.0384154e-20
1.9117647               0.07477358 0.00091533114 -1.7991265e-20
1.9191176               0.07485627 -0.00014910028 -7.0859545e-20
1.9264706               0.075517037 -0.00078348863 -2.6458403e-21
1.9338235               0.075970259 -0.0013721733 -4.7220978e-20
1.9411765               0.076659918 -0.0018410223 -5.4872341e-20
1.9485294               0.07707364 -0.0021775896 -1.0906177e-19
1.9558824               0.077581615 -0.0023066955 -2.5528863e-20
1.9632353               0.078187885 -0.0023841032 1.6846723e-20
1.9705882               0.078929535 -0.002341261 -4.8001166e-20
1.9779412               0.079328194 -0.0023527948 -7.1685347e-20
1.9852941               0.079839223 -0.0021511481 1.6819077e-20
1.9926471               0.080262002 -0.0019007432 7.3911761e-20
