t               Ux1 Uy1 Uz1
0.0073529412               0.0082676054 0.012815783 1.2631477e-26
0.014705882               0.0069009581 0.015316132 9.3126131e-27
0.022058824               0.0045710884 0.018322765 -6.9293711e-27
0.029411765               0.0013939591 0.020430262 5.8532541e-27
0.036764706               -0.0017026344 0.021078356 -2.2180336e-21
0.044117647               -0.0057567358 0.020984861 -2.4207826e-21
0.051470588               -0.008755517 0.019046328 -3.922054e-22
0.058823529               -0.010971512 0.015997809 -1.766372e-26
0.066176471               -0.01118337 0.012178738 -2.1811104e-27
0.073529412               -0.010250062 0.0077649909 -3.8886251e-27
0.080882353               -0.0075272042 0.0039662524 -4.9942045e-22
0.088235294               -0.0043998761 0.00095172865 -5.1367147e-27
0.095588235               -0.0007503151 -0.0014615569 -2.4068648e-27
0.10294118               0.0028602565 -0.0033242939 5.3474177e-21
0.11029412               0.0065674779 -0.0044199753 -8.9391219e-28
0.11764706               0.0092961904 -0.0056552286 4.0266254e-28
0.125               0.012517184 -0.0061287651 1.3238006e-27
0.13235294               0.0156135 -0.0063557125 1.889344e-27
0.13970588               0.018284193 -0.0064994059 4.2519642e-27
0.14705882               0.020738821 -0.0064080606 6.2125368e-27
0.15441176               0.023111007 -0.0058356841 4.8681555e-27
0.16176471               0.025138872 -0.0048708513 3.1807717e-27
0.16911765               0.027015612 -0.0037769306 2.8228391e-27
0.17647059               0.028550382 -0.0023637279 4.7496981e-27
0.18382353               0.029635588 -0.00059356624 9.2952947e-27
0.19117647               0.030133906 0.0013929292 1.0827342e-26
0.19852941               0.030169275 0.0031884366 3.530508e-27
0.20588235               0.029557412 0.0044858661 1.4398223e-26
0.21323529               0.027900722 0.0052767704 5.9595468e-27
0.22058824               0.027286686 0.0051526072 6.2348507e-27
0.22794118               0.026380195 0.0040369337 5.9753077e-27
0.23529412               0.026674761 0.0024168446 3.4346767e-27
0.24264706               0.027133115 0.00034135415 -6.434276e-21
0.25               0.029414455 -0.0012300762 3.6105461e-27
0.25735294               0.031110501 -0.002723924 3.687746e-27
0.26470588               0.03325941 -0.0035882602 2.0008024e-27
0.27205882               0.034979324 -0.0042158979 3.8878458e-27
0.27941176               0.036858836 -0.0045872452 1.5645624e-27
0.28676471               0.038112932 -0.0048091172 4.6715532e-27
0.29411765               0.039790435 -0.0047853769 3.6865139e-27
0.30147059               0.04136695 -0.0044119456 4.5288237e-27
0.30882353               0.04295208 -0.0039711297 3.1849643e-27
0.31617647               0.044207566 -0.0036719978 4.0141388e-27
0.32352941               0.045302886 -0.0029964443 -7.7064471e-21
0.33088235               0.04639531 -0.0020982328 7.4638082e-27
0.33823529               0.047083072 -0.00067660624 1.0798023e-26
0.34558824               0.047541724 0.00046909657 4.8366084e-27
0.35294118               0.047695753 0.0020960449 6.8927885e-27
0.36029412               0.046902776 0.003926868 3.5959631e-27
0.36764706               0.046523878 0.0051666088 3.0422822e-27
0.375               0.045474038 0.0059407515 4.5120419e-27
0.38235294               0.043877175 0.0063381473 1.9501282e-28
0.38970588               0.042626091 0.0056774299 4.0961114e-27
0.39705882               0.042271883 0.0043320178 1.0741808e-27
0.40441176               0.042689203 0.0026875453 2.4066995e-27
0.41176471               0.043346831 0.00080500707 1.5468146e-27
0.41911765               0.044415903 -0.00072934995 1.3124017e-27
0.42647059               0.046036111 -0.0018087203 9.8014702e-27
0.43382353               0.048188224 -0.0025345747 2.578473e-27
0.44117647               0.04960258 -0.0030251762 4.2558915e-27
0.44852941               0.051025961 -0.0033846228 4.1186082e-28
0.45588235               0.052432498 -0.0030909577 -9.7745252e-28
0.46323529               0.053627987 -0.0032277291 2.5072226e-27
0.47058824               0.054698173 -0.0030498577 4.2288463e-27
0.47794118               0.055765396 -0.0026275244 1.5915433e-27
0.48529412               0.056629937 -0.0021462611 -6.782139e-21
0.49264706               0.057583497 -0.001382482 2.6894104e-27
0.5               0.05826592 -0.00047062125 3.2844455e-27
0.50735294               0.058859611 0.00062610706 2.1853606e-27
0.51470588               0.058707363 0.0019410691 9.8748561e-27
0.52205882               0.058760557 0.0035170939 -1.9239678e-20
0.52941176               0.057880372 0.0048780075 3.3671797e-27
0.53676471               0.056871883 0.0058800129 6.5329168e-27
0.54411765               0.055498255 0.0065736594 9.157486e-28
0.55147059               0.054233855 0.0063775875 5.2195985e-27
0.55882353               0.053437154 0.005573566 -1.4310853e-20
0.56617647               0.052868809 0.0041057165 2.0832619e-27
0.57352941               0.052990062 0.0022010506 1.1115515e-27
0.58088235               0.054135121 0.00058760762 2.9359833e-27
0.58823529               0.055114451 -0.00079923253 -8.7094198e-22
0.59558824               0.056702294 -0.0018188362 4.2035904e-27
0.60294118               0.058138975 -0.0023178967 2.2709454e-27
0.61029412               0.059581636 -0.0026048124 4.2550314e-29
0.61764706               0.060526902 -0.0029749144 3.2575471e-27
0.625               0.061881316 -0.0028438025 -1.6673223e-21
0.63235294               0.063111699 -0.0026295212 -1.2056731e-27
0.63970588               0.063769288 -0.0024937921 3.4839247e-27
0.64705882               0.064620636 -0.0020750573 -8.0964229e-21
0.65441176               0.06527083 -0.0014942777 1.4423684e-27
0.66176471               0.065882539 -0.00068685963 1.5478232e-27
0.66911765               0.066494943 0.00017020689 1.4445698e-27
0.67647059               0.06673005 0.0013112567 5.7433182e-27
0.68382353               0.066478553 0.0028946101 2.6271016e-27
0.69117647               0.066216672 0.0041433591 7.1859234e-27
0.69852941               0.065407457 0.0052952066 -1.9816617e-28
0.70588235               0.064053165 0.0061186083 1.154456e-26
0.71323529               0.062337406 0.0065047117 1.4035718e-27
0.72058824               0.06149539 0.0060791623 2.0866448e-27
0.72794118               0.060443896 0.0050300232 -1.4576771e-20
0.73529412               0.060407775 0.0034819696 -7.2266942e-21
0.74264706               0.060653234 0.0017920026 -6.0930972e-21
0.75               0.061697236 0.0002374814 1.4412294e-27
0.75735294               0.063115277 -0.00097584023 1.8046195e-27
0.76470588               0.064598942 -0.001673353 1.0360028e-27
0.77205882               0.065705325 -0.0021671334 3.737517e-27
0.77941176               0.067032837 -0.0025544348 1.8150471e-27
0.78676471               0.067782173 -0.0028431138 -6.2784795e-22
0.79411765               0.068619283 -0.0027837628 -4.7149439e-21
0.80147059               0.069600365 -0.0024491822 -2.7584106e-21
0.80882353               0.070565626 -0.0020664793 3.7424434e-27
0.81617647               0.071052818 -0.0018185654 -2.5654257e-23
0.82352941               0.071745057 -0.0011876703 1.6133055e-27
0.83088235               0.072219559 -0.00040333396 3.8872112e-27
0.83823529               0.072420785 0.00078542123 -8.7100243e-23
0.84558824               0.072353757 0.0017499523 9.3123751e-27
0.85294118               0.072173076 0.0030512654 3.4299531e-27
0.86029412               0.071234515 0.0044929719 -2.6871857e-21
0.86764706               0.070658023 0.0054028841 3.9441044e-27
0.875               0.069236848 0.0061326986 3.7106929e-27
0.88235294               0.06772188 0.0063493463 8.4818397e-27
0.88970588               0.066393343 0.0054917881 -2.8616797e-21
0.89705882               0.065696469 0.0043160083 1.4511336e-27
0.90441176               0.065864422 0.0026691879 -8.4474009e-21
0.91176471               0.066235729 0.00099659004 -1.0699681e-20
0.91911765               0.067150785 -0.00032959036 3.7471024e-27
0.92647059               0.068505322 -0.0013661112 -6.5658886e-22
0.93382353               0.069980114 -0.002006726 -3.757785e-27
0.94117647               0.070770329 -0.0023868835 -9.4641948e-21
0.94852941               0.072052777 -0.0026873777 2.3269526e-27
0.95588235               0.073200119 -0.0024895348 -1.0686097e-20
0.96323529               0.073916881 -0.0025813306 3.2093807e-27
0.97058824               0.074584911 -0.0023496171 3.7941989e-27
0.97794118               0.075056373 -0.0019928994 2.0906194e-28
0.98529412               0.075988694 -0.0015492209 3.8955613e-27
0.99264706               0.076162235 -0.00069350075 2.3673393e-27
1.0               0.076779126 0.0001094306 9.0963731e-27
1.0073529               0.076839438 0.0011431962 4.5510696e-27
1.0147059               0.076686692 0.0022030129 5.0808809e-27
1.0220588               0.07624414 0.0035244818 3.1622169e-27
1.0294118               0.075385481 0.0047385091 2.3149101e-27
1.0367647               0.0742346 0.0056140278 6.3661874e-27
1.0441176               0.072816642 0.0061542347 1.0450651e-26
1.0514706               0.071538234 0.0059465142 -1.0513773e-20
1.0588235               0.070407458 0.0051266095 6.635717e-28
1.0661765               0.070055805 0.0037332882 2.8118468e-27
1.0735294               0.06990047 0.0021221093 -1.3579234e-20
1.0808824               0.070919169 0.0005523706 2.5294266e-27
1.0882353               0.07171343 -0.00070189985 1.6910933e-27
1.0955882               0.072885724 -0.0016318595 -1.1273309e-21
1.1029412               0.074038099 -0.0022352682 1.4402498e-27
1.1102941               0.075332419 -0.0023708449 1.0773718e-27
1.1176471               0.075843757 -0.0027483739 1.4001953e-27
1.125               0.0767708 -0.0026181804 8.9854848e-28
1.1323529               0.077789588 -0.0023761594 2.8824925e-27
1.1397059               0.0784048 -0.0021696405 -8.3367796e-21
1.1470588               0.078968422 -0.0018352123 3.3613968e-27
1.1544118               0.079528937 -0.0012645359 -5.1469058e-29
1.1617647               0.079871488 -0.00042393174 -4.7224688e-21
1.1691176               0.080088954 0.00044424228 1.9681122e-27
1.1764706               0.080054549 0.0014940972 1.6736608e-27
1.1838235               0.079736063 0.0027352198 1.087596e-26
1.1911765               0.079173821 0.0039525783 6.1006582e-27
1.1985294               0.078169145 0.0050976618 1.6113747e-27
1.2058824               0.077004307 0.0058435802 -6.3929261e-21
1.2132353               0.075001945 0.0061830978 -4.5639546e-21
1.2205882               0.074288051 0.0056802961 4.3837516e-27
1.2279412               0.073100675 0.0045489171 -1.1105622e-20
1.2352941               0.073124465 0.003138911 -1.9464095e-20
1.2426471               0.073378608 0.0013518925 -4.2467078e-27
1.25               0.074630745 6.607901e-05 -1.4061293e-21
1.2573529               0.075628992 -0.0011851152 -1.0247171e-20
1.2647059               0.076871471 -0.0017651022 5.6488643e-28
1.2720588               0.077814764 -0.0022824455 1.9805429e-27
1.2794118               0.078801635 -0.0025271281 2.4172613e-27
1.2867647               0.079353263 -0.0027296781 -1.2968087e-20
1.2941176               0.080097394 -0.0026716795 3.7935091e-28
1.3014706               0.080883049 -0.0023024448 9.2937969e-28
1.3088235               0.081601373 -0.0018887036 -6.7799514e-21
1.3161765               0.082103675 -0.0015803532 -6.8885868e-21
1.3235294               0.082423486 -0.0010122684 -7.8773918e-21
1.3308824               0.08278535 -0.00036895275 2.7075418e-27
1.3382353               0.082763002 0.0006830792 2.9860911e-27
1.3455882               0.082617315 0.0016816237 -2.4497605e-21
1.3529412               0.082093285 0.0029559292 6.1481954e-27
1.3602941               0.081077256 0.0043002305 1.9801659e-27
1.3676471               0.080323509 0.0052247283 -3.6180614e-21
1.375               0.079121095 0.0057674723 4.5724232e-27
1.3823529               0.07751127 0.005875069 5.0464049e-27
1.3897059               0.076087027 0.0051698795 -6.771257e-21
1.3970588               0.075660088 0.0039178875 -3.4668013e-27
1.4044118               0.075802657 0.0024561297 5.6659394e-28
1.4117647               0.076155639 0.00075925109 1.3932564e-27
1.4191176               0.076865449 -0.00049744799 -6.830849e-22
1.4264706               0.078082942 -0.0015815345 -3.754271e-21
1.4338235               0.079468316 -0.0020160097 -1.7195583e-20
1.4411765               0.08027747 -0.0023731449 -6.8540732e-22
1.4485294               0.081184339 -0.0026748783 -4.1813941e-21
1.4558824               0.082056195 -0.002421986 7.3260271e-28
1.4632353               0.08274637 -0.0024983066 2.0435685e-27
1.4705882               0.083344443 -0.0023151879 -3.7358783e-24
1.4779412               0.083817376 -0.001944384 1.3716272e-27
1.4852941               0.084298528 -0.0014853476 -3.5388307e-21
1.4926471               0.084664644 -0.00080701078 5.9514833e-28
1.5               0.084976793 2.2923336e-05 3.9907656e-27
1.5073529               0.084986163 0.0010526779 2.1730791e-27
1.5147059               0.084616552 0.0021446679 5.9949676e-27
1.5220588               0.084133311 0.0033416669 5.4965231e-27
1.5294118               0.083145553 0.0045094252 5.7022661e-27
1.5367647               0.081915693 0.0052328843 -7.2342182e-27
1.5441176               0.080671748 0.0057340059 3.6815483e-27
1.5514706               0.079302631 0.0054977758 1.5227785e-27
1.5588235               0.07827644 0.0047158466 3.9711757e-27
1.5661765               0.077800621 0.0034412622 -1.3525807e-20
1.5735294               0.077815343 0.001747215 -3.8005725e-27
1.5808824               0.078580624 0.00025089864 -6.2551152e-21
1.5882353               0.079223285 -0.00090530188 -1.5222345e-21
1.5955882               0.080471718 -0.0017141534 4.6994248e-28
1.6029412               0.081590443 -0.0022871254 -5.2776801e-21
1.6102941               0.082595667 -0.0025448386 2.629006e-27
1.6176471               0.083250426 -0.0028698161 9.6867167e-28
1.625               0.084084889 -0.0026693632 -1.2351214e-20
1.6323529               0.084979864 -0.002420348 1.3760935e-27
1.6397059               0.08517474 -0.0022263046 6.0148602e-28
1.6470588               0.085851883 -0.001955474 2.3718624e-27
1.6544118               0.086136069 -0.0013060425 3.0927484e-27
1.6617647               0.086409527 -0.00058093879 1.4361624e-27
1.6691176               0.086631354 0.00025081733 6.8060785e-28
1.6764706               0.086570449 0.0012631108 -1.2442423e-20
1.6838235               0.08586189 0.0025991121 8.6238051e-27
1.6911765               0.085621919 0.0035866329 4.5666292e-27
1.6985294               0.084511303 0.0047518497 6.7253954e-27
1.7058824               0.083216879 0.0054253805 2.8087532e-27
1.7132353               0.081357727 0.0057777667 6.6496279e-27
1.7205882               0.080519931 0.0052465205 -5.7362755e-22
1.7279412               0.079442464 0.0042330509 -9.5788148e-21
1.7352941               0.07944234 0.0027813752 -1.2791713e-20
1.7426471               0.079547875 0.0012491064 2.1362814e-27
1.75               0.08032393 -0.00018354676 1.5959157e-27
1.7573529               0.081411157 -0.0012826407 -3.3698362e-21
1.7647059               0.082655371 -0.0018299532 -1.3420411e-20
1.7720588               0.083513374 -0.0022931854 -6.7899219e-21
1.7794118               0.084559682 -0.0025292215 -1.0017723e-20
1.7867647               0.08483393 -0.0028281819 -7.1695575e-21
1.7941176               0.085561322 -0.002810572 1.870886e-27
1.8014706               0.086330078 -0.0023370675 -7.3313455e-21
1.8088235               0.086909504 -0.0019105863 -3.8924191e-21
1.8161765               0.087307055 -0.0017282308 -8.5617789e-21
1.8235294               0.087653604 -0.0012026661 -4.0173704e-21
1.8308824               0.087910455 -0.00045103206 5.2897751e-27
1.8382353               0.088033712 0.00051732106 -4.8879423e-27
1.8455882               0.087663681 0.0014827593 -3.9824e-21
1.8529412               0.087197342 0.0026933101 -8.0901122e-21
1.8602941               0.08608202 0.0041045017 5.7274796e-27
1.8676471               0.085662508 0.0048163865 8.754493e-28
1.875               0.084037346 0.005555334 -1.2337092e-20
1.8823529               0.082692599 0.0055626355 1.1346381e-27
1.8897059               0.081298438 0.0049342044 1.7236814e-27
1.8970588               0.080446421 0.0037896529 -1.3657727e-21
1.9044118               0.08061261 0.0020766109 -6.393333e-27
1.9117647               0.080893491 0.00059186376 -1.6494756e-20
1.9191176               0.081632451 -0.00063462729 -9.1513189e-21
1.9264706               0.082720969 -0.0016644718 -2.6104756e-21
1.9338235               0.084152327 -0.0022107831 -1.5517063e-20
1.9411765               0.084526735 -0.0024985869 6.6903791e-28
1.9485294               0.085613503 -0.0027247698 1.6375812e-27
1.9558824               0.086638956 -0.0025995982 -7.0967109e-21
1.9632353               0.08719164 -0.0026452829 3.4818571e-27
1.9705882               0.087642264 -0.0024681277 -2.8109737e-21
1.9779412               0.088024271 -0.0020750494 1.3915111e-27
1.9852941               0.088625787 -0.0015847965 6.5518712e-27
1.9926471               0.08862181 -0.00075258081 -1.0885683e-20
