t               Ux1 Uy1 Uz1
0.0073529412               0.0071193687 0.012054335 1.0741728e-26
0.014705882               0.0056382673 0.013882875 7.6100248e-27
0.022058824               0.003321004 0.01623514 -1.606065e-26
0.029411765               0.00023402798 0.017571075 2.8055509e-27
0.036764706               -0.0026611684 0.017746119 -1.3594474e-20
0.044117647               -0.0065458773 0.017317722 -5.8788909e-22
0.051470588               -0.0097613028 0.015553166 -3.2561516e-21
0.058823529               -0.012777778 0.013093614 -2.0476514e-26
0.066176471               -0.014408474 0.010484043 -2.2564775e-27
0.073529412               -0.015690776 0.00736412 -5.0737156e-27
0.080882353               -0.015812191 0.0046666472 -7.4239889e-28
0.088235294               -0.015577249 0.0022670209 -8.0486029e-27
0.095588235               -0.014919738 0.00013237785 -5.8667198e-27
0.10294118               -0.013978948 -0.0018960614 -4.8585119e-27
0.11029412               -0.012620455 -0.0036010143 -5.4135165e-27
0.11764706               -0.011717965 -0.0055785654 -4.7304222e-27
0.125               -0.0098681172 -0.0070984008 -5.1832411e-27
0.13235294               -0.0078258367 -0.008473156 -3.4690566e-27
0.13970588               -0.0057971678 -0.0097807898 9.240246e-22
0.14705882               -0.0036630846 -0.010860044 1.0529011e-27
0.15441176               -0.0012443797 -0.011186653 6.8554909e-22
0.16176471               0.0010461471 -0.011065183 -2.7684983e-27
0.16911765               0.0033826553 -0.010646124 -3.5465215e-27
0.17647059               0.0054527944 -0.009809775 4.9678463e-21
0.18382353               0.0073561974 -0.0083101062 5.26351e-27
0.19117647               0.0088000402 -0.0065075191 6.6930179e-27
0.19852941               0.0095891638 -0.004779667 8.503635e-21
0.20588235               0.0098884941 -0.0032463358 1.1368041e-26
0.21323529               0.009030078 -0.001805321 3.5183627e-27
0.22058824               0.0088805374 -0.00097955218 -4.9778006e-21
0.22794118               0.0080131384 -0.0010079699 4.7223761e-27
0.23529412               0.0078021209 -0.001242957 2.8172853e-27
0.24264706               0.0073739038 -0.0020282213 -1.3432444e-27
0.25               0.0083158191 -0.0024264874 2.2304548e-27
0.25735294               0.0087071338 -0.0030646712 2.679676e-27
0.26470588               0.009513786 -0.0032953494 -1.7099575e-21
0.27205882               0.010146271 -0.0034128834 1.3035136e-27
0.27941176               0.010997713 -0.0035769893 -2.5954161e-21
0.28676471               0.01151576 -0.0037348171 -8.9248119e-22
0.29411765               0.0124886 -0.0037321295 8.2896098e-28
0.30147059               0.01350775 -0.0035644262 1.9555805e-27
0.30882353               0.01463408 -0.003368029 2.9719951e-28
0.31617647               0.015603556 -0.0034387996 2.1889917e-27
0.32352941               0.01652465 -0.0030529328 -6.8560831e-27
0.33088235               0.017553928 -0.0025776366 4.8565304e-27
0.33823529               0.018420035 -0.0016285606 8.1365221e-27
0.34558824               0.019162971 -0.00088276428 1.6701674e-27
0.35294118               0.019748407 0.00037748787 3.5283212e-27
0.36029412               0.019631405 0.0017579466 -1.9469087e-29
0.36764706               0.019910415 0.0028567374 -9.1821935e-29
0.375               0.019613051 0.0037259957 8.804729e-28
0.38235294               0.018658044 0.0042645692 -2.3771978e-27
0.38970588               0.017745363 0.0042063872 3.4973049e-27
0.39705882               0.017377928 0.0037961182 3.0969242e-28
0.40441176               0.017206907 0.0030460075 2.1286172e-27
0.41176471               0.017081583 0.0021361726 1.2390746e-27
0.41911765               0.017275281 0.001495339 2.5390618e-28
0.42647059               0.017937516 0.00080717539 8.4982931e-27
0.43382353               0.019066259 0.0003870826 -1.6962318e-21
0.44117647               0.019646049 -5.0469832e-06 2.5002256e-27
0.44852941               0.020485285 -0.00039384332 -1.306244e-27
0.45588235               0.021384985 -0.00037048349 5.582282e-22
0.46323529               0.022215008 -0.00082445418 -1.3012867e-29
0.47058824               0.023061407 -0.0010231905 2.115297e-27
0.47794118               0.02392038 -0.0011506711 -1.2809533e-21
0.48529412               0.024843185 -0.0012070293 -3.6054653e-27
0.49264706               0.025936749 -0.0010300589 -2.3514295e-21
0.5               0.026870827 -0.000669569 6.0128449e-28
0.50735294               0.027896341 -0.00023656023 -1.2011202e-21
0.51470588               0.028272744 0.00048880564 7.3446352e-27
0.52205882               0.029030313 0.0014124892 -5.899883e-27
0.52941176               0.029097145 0.0023245852 -2.0118473e-21
0.53676471               0.029026078 0.0030087883 4.4578521e-27
0.54411765               0.028652611 0.0036473692 9.4629684e-22
0.55147059               0.02813545 0.0037298709 -1.3627911e-21
0.55882353               0.027742253 0.00357107 -4.0380141e-27
0.56617647               0.027129964 0.0029739103 1.2928252e-27
0.57352941               0.026836585 0.0020050365 8.5234084e-28
0.58088235               0.027195796 0.0012102588 2.6302803e-27
0.58823529               0.027442151 0.00044911053 -4.0310282e-27
0.59558824               0.028228224 -0.00023772995 2.9577475e-27
0.60294118               0.028940991 -0.00061066957 8.7230085e-28
0.61029412               0.02976879 -0.00095837852 6.2877569e-21
0.61764706               0.030317178 -0.0014086773 1.3980573e-27
0.625               0.031287511 -0.0015526393 -1.6630591e-27
0.63235294               0.032356077 -0.0016986017 -3.0236291e-27
0.63970588               0.032846921 -0.001961685 1.7871899e-27
0.64705882               0.033768648 -0.002007369 -1.2343536e-20
0.65441176               0.034576262 -0.0018907154 -4.3955731e-28
0.66176471               0.035396446 -0.001675847 -4.9212891e-28
0.66911765               0.036272369 -0.0012728471 -5.8233409e-21
0.67647059               0.037023824 -0.00070307546 3.6184886e-27
0.68382353               0.037309957 0.00023305034 7.0021506e-28
0.69117647               0.037895689 0.0010457785 5.0124667e-27
0.69852941               0.038053686 0.0018333634 -3.0948444e-27
0.70588235               0.037606219 0.0025938155 8.8879216e-27
0.71323529               0.036812146 0.0031506881 -2.5947883e-21
0.72058824               0.0365136 0.0031581616 -3.7451267e-21
0.72794118               0.035695732 0.0028073641 -5.0837224e-27
0.73529412               0.035531956 0.0021634101 -6.8092039e-21
0.74264706               0.035261942 0.0013697096 -2.8284176e-27
0.75               0.035500399 0.00064373638 8.1055465e-28
0.75735294               0.036132744 3.1485353e-05 1.1385615e-27
0.76470588               0.036837005 -0.00037397305 3.556011e-28
0.77205882               0.037331086 -0.00065810172 2.1673242e-27
0.77941176               0.038195101 -0.0010291553 -9.5284408e-22
0.78676471               0.038571749 -0.0014438224 -5.6276614e-21
0.79411765               0.039185806 -0.0017139133 -3.0809687e-27
0.80147059               0.039986081 -0.0015657684 -1.0181329e-20
0.80882353               0.040930791 -0.0015190447 1.6856069e-27
0.81617647               0.041457987 -0.0016923799 -6.2040336e-21
0.82352941               0.042223053 -0.0015015049 -4.3016413e-21
0.83088235               0.043000627 -0.0012574882 2.6020883e-27
0.83823529               0.043572887 -0.00061066219 -6.2522013e-21
0.84558824               0.043973408 -0.00012037611 7.2917345e-27
0.85294118               0.044465173 0.00074172598 -7.1127196e-22
0.86029412               0.044348823 0.0016762002 -5.6064009e-27
0.86764706               0.044663088 0.0023769927 2.0361048e-27
0.875               0.044039141 0.0030139503 1.4969229e-27
0.88235294               0.043329484 0.0034768518 8.4750953e-27
0.88970588               0.042481161 0.0031744135 -6.0581113e-27
0.89705882               0.041808907 0.0028440696 1.2762894e-27
0.90441176               0.041694277 0.0019804735 -4.4242215e-21
0.91176471               0.041455588 0.0012452671 -6.4097785e-21
0.91911765               0.04165972 0.00066474576 3.5508294e-27
0.92647059               0.042277622 0.00014028122 -5.4783919e-21
0.93382353               0.043046845 -0.00036435263 -5.1055479e-27
0.94117647               0.043246267 -0.00066265143 -1.3493633e-20
0.94852941               0.04415149 -0.00097150781 1.5029321e-27
0.95588235               0.045023872 -0.00096284204 -5.2040253e-21
0.96323529               0.045597899 -0.0012399229 1.9914171e-27
0.97058824               0.046185831 -0.0012673163 2.424544e-27
0.97794118               0.046682 -0.0012996757 -1.1968825e-21
0.98529412               0.047641161 -0.0012665976 2.5622989e-27
0.99264706               0.048023783 -0.00089750335 -1.9052242e-21
1.0               0.048899641 -0.00066422273 8.033006e-27
1.0073529               0.049416911 -0.00010831628 2.9201187e-27
1.0147059               0.049832598 0.00045670168 3.2792058e-27
1.0220588               0.050027489 0.0013114559 1.2200493e-27
1.0294118               0.04994588 0.0021516342 2.7243142e-28
1.0367647               0.049711234 0.0028748736 4.6963188e-27
1.0441176               0.049072989 0.0033888414 9.7840778e-27
1.0514706               0.048410324 0.0035639432 -5.2344988e-22
1.0588235               0.047667501 0.0033842916 4.26855e-21
1.0661765               0.047284523 0.0027805609 2.3751028e-27
1.0735294               0.046745427 0.0021474839 -1.0679617e-20
1.0808824               0.046997712 0.0013593405 2.5297612e-27
1.0882353               0.04716058 0.000713914 9.9371935e-28
1.0955882               0.047633599 0.00016201029 -6.8706746e-27
1.1029412               0.048081027 -0.00024748387 7.9701471e-28
1.1102941               0.049024182 -0.00041889953 6.6059902e-22
1.1176471               0.04918579 -0.00081754041 2.3317594e-28
1.125               0.049820536 -0.00084989575 -2.5500093e-21
1.1323529               0.050676325 -0.00091664222 2.0143296e-27
1.1397059               0.051282218 -0.0010816553 -3.3679813e-27
1.1470588               0.051933511 -0.0011276634 2.0365138e-27
1.1544118               0.05257996 -0.0010009484 3.806156e-21
1.1617647               0.053220317 -0.0006397948 -3.2689672e-27
1.1691176               0.053802745 -0.000301082 1.8243729e-28
1.1764706               0.054166063 0.00024240382 -1.7914286e-28
1.1838235               0.054495645 0.00099592525 9.7865943e-27
1.1911765               0.054624583 0.0017539118 4.1396905e-27
1.1985294               0.054520325 0.0025444781 -7.804279e-28
1.2058824               0.054151158 0.0031828852 -6.0476488e-27
1.2132353               0.052985488 0.003655797 -1.1763755e-20
1.2205882               0.052711114 0.0036164318 2.8727065e-27
1.2279412               0.051757286 0.003234686 -1.3075091e-20
1.2352941               0.051499159 0.00269275 -2.075173e-20
1.2426471               0.051158856 0.0017105801 -5.0163273e-27
1.25               0.051719168 0.0011841969 -1.8966008e-21
1.2573529               0.052012274 0.0004558152 -2.8527024e-27
1.2647059               0.052639252 0.00013255004 -8.9197874e-29
1.2720588               0.053057401 -0.00018063412 6.7425105e-28
1.2794118               0.053678801 -0.00051889201 -3.0044577e-22
1.2867647               0.053964149 -0.00081912765 -3.6409897e-27
1.2941176               0.054565103 -0.00093636642 -2.2248192e-21
1.3014706               0.055265612 -0.0008486033 -4.9157473e-22
1.3088235               0.056004229 -0.00083598892 -4.6652354e-27
1.3161765               0.05657903 -0.00094833474 -3.2789807e-27
1.3235294               0.057020468 -0.00071962613 -2.7250541e-27
1.3308824               0.057591385 -0.00052367365 1.6780784e-27
1.3382353               0.05800356 6.5201738e-05 1.4398073e-27
1.3455882               0.05835972 0.00050322909 -2.4543335e-27
1.3529412               0.05847146 0.0013263554 4.2930459e-27
1.3602941               0.058175445 0.0022857716 6.3352443e-29
1.3676471               0.058269798 0.0028583876 -3.4448206e-27
1.375               0.05787832 0.003360618 2.7511315e-27
1.3823529               0.056950704 0.0037122468 3.8254816e-27
1.3897059               0.055991919 0.0034512732 -1.2413126e-20
1.3970588               0.055557613 0.0029444237 -3.3922341e-27
1.4044118               0.055333127 0.0023702417 8.3105028e-28
1.4117647               0.055121501 0.0015232016 1.113568e-27
1.4191176               0.055060371 0.0009332178 -3.2398791e-21
1.4264706               0.055605978 0.00020751743 -4.5962064e-21
1.4338235               0.056448236 -4.9136229e-05 -1.9440772e-20
1.4411765               0.056782821 -0.00035870066 -2.8435971e-21
1.4485294               0.057377547 -0.00075373603 -5.9959373e-21
1.4558824               0.058042386 -0.00062813222 -1.7544048e-21
1.4632353               0.058568461 -0.00095070816 4.6882547e-28
1.4705882               0.059140037 -0.0010337805 -1.900517e-27
1.4779412               0.059624306 -0.0010188144 -4.2408716e-21
1.4852941               0.060244729 -0.0010158698 -7.200406e-21
1.4926471               0.060756329 -0.00076051049 -4.6427862e-21
1.5               0.061402995 -0.00036867182 2.6811328e-27
1.5073529               0.061825639 9.1559618e-05 3.8384071e-28
1.5147059               0.061999216 0.00078482849 4.1955193e-27
1.5220588               0.062235655 0.0014836811 3.8071354e-27
1.5294118               0.061920017 0.0023465114 4.1553773e-27
1.5367647               0.06152327 0.0027503347 -9.6162147e-27
1.5441176               0.060986726 0.0033097798 2.7282067e-27
1.5514706               0.060219046 0.0033757151 -2.1151148e-21
1.5588235               0.059454184 0.0031720475 3.5622331e-27
1.5661765               0.058888242 0.0027129403 -8.0071285e-21
1.5735294               0.058504816 0.00196867 -5.0213883e-27
1.5808824               0.058606627 0.0011599033 -2.6687084e-27
1.5882353               0.058596017 0.00061902678 -5.7546043e-21
1.5955882               0.059138463 0.00011519405 -2.9426443e-28
1.6029412               0.059677486 -0.00026371949 -7.0533602e-21
1.6102941               0.060239088 -0.00047176493 2.0123917e-27
1.6176471               0.060644399 -0.00081914306 -5.764497e-29
1.625               0.061281869 -0.00089179999 -4.1821329e-27
1.6323529               0.062112434 -0.0008836625 1.5148628e-28
1.6397059               0.062323499 -0.0010433962 6.0110673e-29
1.6470588               0.063054016 -0.0010279641 1.2513038e-27
1.6544118               0.063448167 -0.00076503536 2.3404197e-27
1.6617647               0.063946739 -0.00051399855 -5.8823799e-21
1.6691176               0.064452214 -0.00015309379 -1.7293202e-21
1.6764706               0.064844105 0.00034644843 -4.7030353e-27
1.6838235               0.064714458 0.0012474841 6.3516494e-27
1.6911765               0.065168938 0.0018320527 -5.0461456e-21
1.6985294               0.064901424 0.0025507404 4.6298905e-27
1.7058824               0.064253197 0.0031926753 1.0891933e-27
1.7132353               0.063262057 0.003517102 5.0348794e-27
1.7205882               0.06278896 0.0034592166 -6.8816724e-21
1.7279412               0.061881691 0.0030694341 -1.2173435e-20
1.7352941               0.061601126 0.0024060383 -1.054356e-20
1.7426471               0.061221858 0.0017333507 1.9309279e-27
1.75               0.061294271 0.0010006768 1.3088206e-27
1.7573529               0.061744624 0.00043208938 -6.3511672e-21
1.7647059               0.062377686 0.00015106213 -6.7211745e-21
1.7720588               0.062792908 -0.00016684501 -4.5492821e-27
1.7794118               0.063445338 -0.00054741275 -1.2311448e-20
1.7867647               0.063602019 -0.00079893794 -1.1925798e-20
1.7941176               0.064160831 -0.0010837128 -1.0894484e-21
1.8014706               0.06485797 -0.00092184682 -1.4834758e-21
1.8088235               0.065379529 -0.00074000514 -1.011871e-20
1.8161765               0.065864671 -0.00091343742 -3.7075375e-27
1.8235294               0.066398461 -0.00084572678 -9.1719503e-21
1.8308824               0.066888076 -0.00056116996 3.9942962e-27
1.8382353               0.067347668 -0.00011760698 -6.7565449e-27
1.8455882               0.067395887 0.00047780595 -4.0646622e-21
1.8529412               0.067649313 0.0012234985 -2.8138569e-21
1.8602941               0.067293445 0.0020443516 3.8398897e-27
1.8676471               0.067536711 0.0025632668 -1.0791934e-27
1.875               0.066766657 0.0031354586 -5.0930082e-27
1.8823529               0.065986462 0.0034467203 -7.8634798e-22
1.8897059               0.064922174 0.0033044834 4.9662662e-28
1.8970588               0.064182993 0.0028468611 -1.3233135e-21
1.9044118               0.063979951 0.0020530373 -7.4027183e-27
1.9117647               0.063735891 0.001343616 -5.6516212e-21
1.9191176               0.063798541 0.00081644771 -2.2430915e-27
1.9264706               0.064227528 0.0002790612 -4.7923027e-21
1.9338235               0.065007829 -0.00018827208 -3.3583842e-27
1.9411765               0.06502892 -0.00030462332 3.6954323e-29
1.9485294               0.065770767 -0.00063996454 8.5156729e-28
1.9558824               0.066550672 -0.00066667614 -2.8998093e-27
1.9632353               0.067011447 -0.00089014423 2.3613051e-27
1.9705882               0.067385839 -0.00096570727 -2.2155406e-27
1.9779412               0.067764803 -0.00090474346 -6.8701051e-22
1.9852941               0.068536513 -0.00085884922 5.5127364e-27
1.9926471               0.068635633 -0.00044700416 -3.4484621e-27
