t               Ux1 Uy1 Uz1
0.0073529412               0.0087889022 0.0096959426 0.0
0.014705882               0.0078793804 0.012229787 0.0
0.022058824               0.0061947239 0.014502652 0.0
0.029411765               0.0038180028 0.016375347 0.0
0.036764706               0.0008600525 0.017662558 0.0
0.044117647               -0.0025429857 0.018170727 0.0
0.051470588               -0.0060031692 0.017699139 0.0
0.058823529               -0.0090936377 0.016190495 0.0
0.066176471               -0.011378282 0.01384939 0.0
0.073529412               -0.01254386 0.01099652 0.0
0.080882353               -0.012629212 0.0080101356 0.0
0.088235294               -0.011769326 0.0051493397 0.0
0.095588235               -0.010301867 0.0026405467 0.0
0.10294118               -0.0084334011 0.00041599855 0.0
0.11029412               -0.0062938327 -0.0014901995 0.0
0.11764706               -0.0040556502 -0.0031690751 0.0
0.125               -0.0017075376 -0.0046268797 0.0
0.13235294               0.00070947154 -0.0058438678 0.0
0.13970588               0.0031901009 -0.0068069987 0.0
0.14705882               0.005683254 -0.0074690049 0.0
0.15441176               0.0081824123 -0.0077914411 0.0
0.16176471               0.010624743 -0.0077781089 0.0
0.16911765               0.012947529 -0.0073782396 0.0
0.17647059               0.015073425 -0.0066009129 0.0
0.18382353               0.016903722 -0.0054707541 0.0
0.19117647               0.018341918 -0.0040334531 0.0
0.19852941               0.019272491 -0.0024306311 0.0
0.20588235               0.019620321 -0.00081836064 0.0
0.21323529               0.019427004 0.000592551 0.0
0.22058824               0.018772556 0.0015649471 0.0
0.22794118               0.017966977 0.0019212678 0.0
0.23529412               0.017322964 0.0016942588 0.0
0.24264706               0.017021197 0.0010308396 0.0
0.25               0.017155335 3.2554271e-05 0.0
0.25735294               0.017791841 -0.0011614489 0.0
0.26470588               0.01890133 -0.0022595648 0.0
0.27205882               0.020262245 -0.0031032027 0.0
0.27941176               0.021660138 -0.0037039556 0.0
0.28676471               0.023054721 -0.004158857 0.0
0.29411765               0.024447562 -0.0044839461 0.0
0.30147059               0.025811375 -0.0046930875 0.0
0.30882353               0.027156045 -0.0047656185 0.0
0.31617647               0.028512649 -0.0046923148 0.0
0.32352941               0.029843283 -0.0044560014 0.0
0.33088235               0.031147629 -0.004025935 0.0
0.33823529               0.032369276 -0.0033817457 0.0
0.34558824               0.033437728 -0.0025045859 0.0
0.35294118               0.034266459 -0.0014291878 0.0
0.36029412               0.034783406 -0.0002162265 0.0
0.36764706               0.034899399 0.0010423433 0.0
0.375               0.034568104 0.0021626456 0.0
0.38235294               0.033868104 0.0029384136 0.0
0.38970588               0.032979892 0.003212952 0.0
0.39705882               0.032176895 0.0029241686 0.0
0.40441176               0.031709366 0.0021763465 0.0
0.41176471               0.031768987 0.0011315105 0.0
0.41911765               0.032323781 6.2227974e-05 0.0
0.42647059               0.033231055 -0.00086890611 0.0
0.43382353               0.034333055 -0.0016076052 0.0
0.44117647               0.03548615 -0.002155396 0.0
0.44852941               0.03663306 -0.0025638432 0.0
0.45588235               0.037755268 -0.002860225 0.0
0.46323529               0.038855406 -0.0030482391 0.0
0.47058824               0.039918517 -0.0031465459 0.0
0.47794118               0.040984556 -0.0031370858 0.0
0.48529412               0.042035705 -0.0030008344 0.0
0.49264706               0.043056961 -0.0027275047 0.0
0.5               0.044058609 -0.0022943729 0.0
0.50735294               0.044924002 -0.0016760567 0.0
0.51470588               0.045641251 -0.00085492812 0.0
0.52205882               0.046116302 0.0001265692 0.0
0.52941176               0.046287501 0.0011954299 0.0
0.53676471               0.046072355 0.0022626578 0.0
0.54411765               0.045461055 0.0031109781 0.0
0.55147059               0.044533718 0.0036025913 0.0
0.55882353               0.043517481 0.0035804073 0.0
0.56617647               0.042712814 0.0030233214 0.0
0.57352941               0.042360927 0.0020685637 0.0
0.58088235               0.042515745 0.00095413698 0.0
0.58823529               0.043111804 -0.0001082447 0.0
0.59558824               0.043981105 -0.00099039202 0.0
0.60294118               0.044965245 -0.0016829581 0.0
0.61029412               0.046001929 -0.0021971202 0.0
0.61764706               0.047011075 -0.0025595324 0.0
0.625               0.047981058 -0.0028122688 0.0
0.63235294               0.048924037 -0.0029686786 0.0
0.63970588               0.049841867 -0.0030262312 0.0
0.64705882               0.05073376 -0.0029802681 0.0
0.65441176               0.051601099 -0.0028016717 0.0
0.66176471               0.052436438 -0.0024839164 0.0
0.66911765               0.053197654 -0.0020068684 0.0
0.67647059               0.053847019 -0.0013638602 0.0
0.68382353               0.054345303 -0.00056446425 0.0
0.69117647               0.054576247 0.00038878445 0.0
0.69852941               0.054496459 0.0013732625 0.0
0.70588235               0.05403345 0.0023058887 0.0
0.71323529               0.053225637 0.0030214511 0.0
0.72058824               0.052167847 0.0033069826 0.0
0.72794118               0.051166896 0.0030629515 0.0
0.73529412               0.050469078 0.0023575997 0.0
0.74264706               0.050246042 0.001346494 0.0
0.75               0.050561279 0.0002687513 0.0
0.75735294               0.051181493 -0.00068962054 0.0
0.76470588               0.052003389 -0.001451554 0.0
0.77205882               0.052907983 -0.0020344121 0.0
0.77941176               0.053821293 -0.002457729 0.0
0.78676471               0.054708871 -0.0027536335 0.0
0.79411765               0.055578931 -0.002959403 0.0
0.80147059               0.056396199 -0.0030614645 0.0
0.80882353               0.057170876 -0.0030495875 0.0
0.81617647               0.057946185 -0.0029346672 0.0
0.82352941               0.058694912 -0.0027028108 0.0
0.83088235               0.059408336 -0.0023251949 0.0
0.83823529               0.060042777 -0.0017879347 0.0
0.84558824               0.060537582 -0.0010738642 0.0
0.85294118               0.060818507 -0.00020763168 0.0
0.86029412               0.060836442 0.00074773931 0.0
0.86764706               0.060518588 0.0017294049 0.0
0.875               0.05982471 0.0025810307 0.0
0.88235294               0.058841609 0.0031217275 0.0
0.88970588               0.057741388 0.0032159527 0.0
0.89705882               0.056764466 0.002813083 0.0
0.90441176               0.056146722 0.0020059973 0.0
0.91176471               0.056039035 0.00096073189 0.0
0.91911765               0.056385784 -8.1605043e-05 0.0
0.92647059               0.057048269 -0.00098084703 0.0
0.93382353               0.057877403 -0.0016880671 0.0
0.94117647               0.058732779 -0.0022010705 0.0
0.94852941               0.059576269 -0.0025831741 0.0
0.95588235               0.060382003 -0.0028520993 0.0
0.96323529               0.061156236 -0.0030122876 0.0
0.97058824               0.061893533 -0.0030995677 0.0
0.97794118               0.062630033 -0.0030698822 0.0
0.98529412               0.063340673 -0.0029389567 0.0
0.99264706               0.06402607 -0.0026851813 0.0
1.0               0.064698318 -0.0022915351 0.0
1.0073529               0.065226311 -0.0017343793 0.0
1.0147059               0.065618298 -0.00099657058 0.0
1.0220588               0.065790514 -0.0001178194 0.0
1.0294118               0.065692109 0.00083741927 0.0
1.0367647               0.065244557 0.0017976645 0.0
1.0441176               0.064453343 0.0025509292 0.0
1.0514706               0.063385571 0.002986616 0.0
1.0588235               0.062256489 0.0029558777 0.0
1.0661765               0.06135199 0.0024282914 0.0
1.0735294               0.060889718 0.0015390069 0.0
1.0808824               0.060901127 0.00051056939 0.0
1.0882353               0.061316331 -0.00046867544 0.0
1.0955882               0.061978259 -0.0012799807 0.0
1.1029412               0.062739504 -0.0019132934 0.0
1.1102941               0.063548455 -0.0023820322 0.0
1.1176471               0.064332147 -0.0027050427 0.0
1.125               0.065075366 -0.0029223027 0.0
1.1323529               0.065794155 -0.0030477169 0.0
1.1397059               0.066488054 -0.0030788246 0.0
1.1470588               0.06715415 -0.0030153536 0.0
1.1544118               0.06780411 -0.0028316353 0.0
1.1617647               0.068422034 -0.0025141434 0.0
1.1691176               0.068969285 -0.0020530592 0.0
1.1764706               0.069413037 -0.0014385937 0.0
1.1838235               0.069719571 -0.00067847803 0.0
1.1911765               0.069774326 0.00022742921 0.0
1.1985294               0.069555076 0.0011627847 0.0
1.2058824               0.068988372 0.0020652687 0.0
1.2132353               0.068118089 0.002795969 0.0
1.2205882               0.067034036 0.0031601502 0.0
1.2279412               0.065983646 0.0031020637 0.0
1.2352941               0.065145593 0.0026254689 0.0
1.2426471               0.064641101 0.0018283728 0.0
1.25               0.064581799 0.0007773814 0.0
1.2573529               0.06492766 -0.00033821135 0.0
1.2647059               0.065603992 -0.0012627082 0.0
1.2720588               0.066398361 -0.0019415599 0.0
1.2794118               0.067189035 -0.0024196797 0.0
1.2867647               0.067937005 -0.0027593813 0.0
1.2941176               0.068670174 -0.0030163057 0.0
1.3014706               0.069351965 -0.0031698202 0.0
1.3088235               0.069994394 -0.0032077371 0.0
1.3161765               0.070643764 -0.0031497532 0.0
1.3235294               0.071275594 -0.0029798362 0.0
1.3308824               0.071877043 -0.0026679208 0.0
1.3382353               0.072406594 -0.0022021826 0.0
1.3455882               0.07280871 -0.0015681364 0.0
1.3529412               0.073009432 -0.00078106876 0.0
1.3602941               0.072967473 9.3469965e-05 0.0
1.3676471               0.072612508 0.001002587 0.0
1.375               0.071904035 0.0017979477 0.0
1.3823529               0.070931721 0.002306251 0.0
1.3897059               0.069860663 0.0023997323 0.0
1.3970588               0.068913981 0.0020286326 0.0
1.4044118               0.068317495 0.0012836847 0.0
1.4117647               0.068197439 0.00032944779 0.0
1.4191176               0.068487768 -0.00062072763 0.0
1.4264706               0.069059285 -0.0014316898 0.0
1.4338235               0.069776972 -0.0020638738 0.0
1.4411765               0.070502642 -0.0025124824 0.0
1.4485294               0.071215384 -0.0028440313 0.0
1.4558824               0.071884872 -0.0030688867 0.0
1.4632353               0.072518954 -0.0031915495 0.0
1.4705882               0.073119034 -0.0032538717 0.0
1.4779412               0.073717419 -0.0031968473 0.0
1.4852941               0.074286805 -0.0030551577 0.0
1.4926471               0.074833623 -0.0027977812 0.0
1.5               0.075370897 -0.0024119192 0.0
1.5073529               0.075757585 -0.0018732782 0.0
1.5147059               0.076012456 -0.0011665278 0.0
1.5220588               0.076056204 -0.0003302524 0.0
1.5294118               0.075842563 0.00057321586 0.0
1.5367647               0.075295375 0.0014748842 0.0
1.5441176               0.074435232 0.0021642414 0.0
1.5514706               0.073329667 0.0025431345 0.0
1.5588235               0.072187001 0.0024734349 0.0
1.5661765               0.071289812 0.0019247864 0.0
1.5735294               0.070841574 0.0010382607 0.0
1.5808824               0.070856215 3.4444708e-05 0.0
1.5882353               0.071253797 -0.00090385141 0.0
1.5955882               0.071872791 -0.001667383 0.0
1.6029412               0.072568538 -0.0022490991 0.0
1.6102941               0.073294622 -0.002672587 0.0
1.6176471               0.073986978 -0.0029543423 0.0
1.625               0.074629125 -0.003134691 0.0
1.6323529               0.075241567 -0.0032310822 0.0
1.6397059               0.075825081 -0.0032403755 0.0
1.6470588               0.076377017 -0.0031644388 0.0
1.6544118               0.076913986 -0.0029783113 0.0
1.6617647               0.077414331 -0.0026643417 0.0
1.6691176               0.077843128 -0.0022212306 0.0
1.6764706               0.078167943 -0.0016365831 0.0
1.6838235               0.07835798 -0.00091997868 0.0
1.6911765               0.078295735 -6.9739608e-05 0.0
1.6985294               0.077969871 0.00079211324 0.0
1.7058824               0.077304154 0.0016040831 0.0
1.7132353               0.07634703 0.0022194657 0.0
1.7205882               0.075210942 0.0024264417 0.0
1.7279412               0.074167738 0.0021817796 0.0
1.7352941               0.0734195 0.0015055889 0.0
1.7426471               0.073133877 0.00055868976 0.0
1.75               0.073352363 -0.00042989933 0.0
1.7573529               0.073815978 -0.0012961796 0.0
1.7647059               0.074447813 -0.001971687 0.0
1.7720588               0.075137486 -0.0024778683 0.0
1.7794118               0.075827899 -0.0028339153 0.0
1.7867647               0.076477563 -0.0030643066 0.0
1.7941176               0.077108375 -0.0032261127 0.0
1.8014706               0.077679852 -0.003290493 0.0
1.8088235               0.078204654 -0.0032455947 0.0
1.8161765               0.078730147 -0.0031180913 0.0
1.8235294               0.079234359 -0.002889243 0.0
1.8308824               0.079701391 -0.0025287137 0.0
1.8382353               0.080090619 -0.0020271127 0.0
1.8455882               0.080347588 -0.0013730251 0.0
1.8529412               0.080401902 -0.00057724361 0.0
1.8602941               0.08021706 0.00028574813 0.0
1.8676471               0.079731536 0.0011704027 0.0
1.875               0.078910561 0.0019309337 0.0
1.8823529               0.077850042 0.0023993475 0.0
1.8897059               0.076714557 0.0024532609 0.0
1.8970588               0.075722312 0.0020457751 0.0
1.9044118               0.075097673 0.0012690621 0.0
1.9117647               0.074955999 0.00029319891 0.0
1.9191176               0.075222499 -0.00067165728 0.0
1.9264706               0.075764847 -0.0014922421 0.0
1.9338235               0.076446417 -0.0021296973 0.0
1.9411765               0.077129297 -0.0025825666 0.0
1.9485294               0.077799093 -0.002918959 0.0
1.9558824               0.078421689 -0.0031472883 0.0
1.9632353               0.079007613 -0.0032731339 0.0
1.9705882               0.079560153 -0.0033407796 0.0
1.9779412               0.080107671 -0.0032848042 0.0
1.9852941               0.080625682 -0.0031504433 0.0
1.9926471               0.081121377 -0.0029006654 0.0
