t               Ux1 Uy1 Uz1
0.0073529412               0.010069403 0.010742981 0.0
0.014705882               0.009607148 0.013977305 0.0
0.022058824               0.0081088778 0.016997893 0.0
0.029411765               0.005806268 0.019547857 0.0
0.036764706               0.0029894374 0.021307213 0.0
0.044117647               9.101587e-05 0.02182569 0.0
0.051470588               -0.0022295777 0.020822367 0.0
0.058823529               -0.0033966793 0.018204344 0.0
0.066176471               -0.0030274244 0.014391103 0.0
0.073529412               -0.00099882363 0.0099785457 0.0
0.080882353               0.0023212123 0.0056755709 0.0
0.088235294               0.0064159369 0.0019673073 0.0
0.095588235               0.010747744 -0.00094280096 0.0
0.10294118               0.014947468 -0.0031239398 0.0
0.11029412               0.018880197 -0.0046385105 0.0
0.11764706               0.022454566 -0.0056560099 0.0
0.125               0.025718994 -0.0062841263 0.0
0.13235294               0.028708984 -0.0065671343 0.0
0.13970588               0.03144818 -0.0065278555 0.0
0.14705882               0.033951454 -0.0061742339 0.0
0.15441176               0.036221804 -0.0054931625 0.0
0.16176471               0.0382453 -0.0044941874 0.0
0.16911765               0.039959636 -0.0031665287 0.0
0.17647059               0.041311029 -0.0015364471 0.0
0.18382353               0.042233479 0.00034761487 0.0
0.19117647               0.042613978 0.0024018958 0.0
0.19852941               0.04244581 0.0043765019 0.0
0.20588235               0.041724723 0.0061033144 0.0
0.21323529               0.040660127 0.0072623573 0.0
0.22058824               0.03949333 0.0075345528 0.0
0.22794118               0.038694773 0.0067772385 0.0
0.23529412               0.03854614 0.0051747249 0.0
0.24264706               0.039132547 0.0029331395 0.0
0.25               0.04053895 0.00036067898 0.0
0.25735294               0.042585046 -0.002042891 0.0
0.26470588               0.044942862 -0.0038412558 0.0
0.27205882               0.047234728 -0.0050031968 0.0
0.27941176               0.049303372 -0.0056784165 0.0
0.28676471               0.051159273 -0.0060586458 0.0
0.29411765               0.0528691 -0.0062029667 0.0
0.30147059               0.054411511 -0.0061287512 0.0
0.30882353               0.055809466 -0.0058130222 0.0
0.31617647               0.057113746 -0.005285192 0.0
0.32352941               0.058278595 -0.0045279199 0.0
0.33088235               0.059284668 -0.0035158336 0.0
0.33823529               0.060061498 -0.0022464822 0.0
0.34558824               0.06052526 -0.00072728404 0.0
0.35294118               0.060591367 0.00096938092 0.0
0.36029412               0.060216501 0.0026924909 0.0
0.36764706               0.059397881 0.0042812854 0.0
0.375               0.058175246 0.0054462175 0.0
0.38235294               0.056808663 0.0058883303 0.0
0.38970588               0.055615602 0.00546172 0.0
0.39705882               0.05493875 0.0041751145 0.0
0.40441176               0.055006709 0.0022744874 0.0
0.41176471               0.055882447 0.00012804147 0.0
0.41911765               0.057333463 -0.0018219964 0.0
0.42647059               0.059079047 -0.0033749561 0.0
0.43382353               0.060865798 -0.0044714514 0.0
0.44117647               0.062524349 -0.0051467183 0.0
0.44852941               0.064023145 -0.0055293056 0.0
0.45588235               0.065349378 -0.0056641057 0.0
0.46323529               0.066538728 -0.0055778737 0.0
0.47058824               0.067601756 -0.0053414796 0.0
0.47794118               0.068565625 -0.00486908 0.0
0.48529412               0.069416109 -0.0042338038 0.0
0.49264706               0.070137615 -0.003383906 0.0
0.5               0.0707242 -0.0023104581 0.0
0.50735294               0.071027411 -0.0010089753 0.0
0.51470588               0.07103615 0.00051055809 0.0
0.52205882               0.070663911 0.0021382439 0.0
0.52941176               0.069911111 0.0037344582 0.0
0.53676471               0.068751301 0.0051045231 0.0
0.54411765               0.067331661 0.0059076192 0.0
0.55147059               0.065876804 0.0059670303 0.0
0.55882353               0.064728697 0.0051491548 0.0
0.56617647               0.064221463 0.0035524781 0.0
0.57352941               0.064500577 0.0015126734 0.0
0.58088235               0.065470407 -0.00055024079 0.0
0.58823529               0.066880419 -0.0023201068 0.0
0.59558824               0.0684551 -0.0036535749 0.0
0.60294118               0.069982554 -0.0045677831 0.0
0.61029412               0.07139708 -0.0051172367 0.0
0.61764706               0.072651016 -0.0053746461 0.0
0.625               0.073736991 -0.0054154773 0.0
0.63235294               0.074707338 -0.0052762056 0.0
0.63970588               0.075551421 -0.0049520407 0.0
0.64705882               0.076292042 -0.0044698241 0.0
0.65441176               0.076929224 -0.0037832729 0.0
0.66176471               0.077424252 -0.0028842086 0.0
0.66911765               0.077735064 -0.0017899321 0.0
0.67647059               0.077816705 -0.00049676179 0.0
0.68382353               0.077626945 0.00094717673 0.0
0.69117647               0.07705131 0.0024809836 0.0
0.69852941               0.07612725 0.0038795984 0.0
0.70588235               0.074841099 0.0049971975 0.0
0.71323529               0.073381023 0.0055638558 0.0
0.72058824               0.071987208 0.0053002956 0.0
0.72794118               0.071037839 0.0042040761 0.0
0.73529412               0.070756348 0.0024609187 0.0
0.74264706               0.071228333 0.00041212564 0.0
0.75               0.072347961 -0.0015134009 0.0
0.75735294               0.07370964 -0.0030654721 0.0
0.76470588               0.075132922 -0.0041706739 0.0
0.77205882               0.076474934 -0.0048995238 0.0
0.77941176               0.077686375 -0.0052874141 0.0
0.78676471               0.078732604 -0.0054316465 0.0
0.79411765               0.079669036 -0.0054071216 0.0
0.80147059               0.080458632 -0.0051984078 0.0
0.80882353               0.08112163 -0.0047836739 0.0
0.81617647               0.081713651 -0.004215607 0.0
0.82352941               0.082195319 -0.0034627803 0.0
0.83088235               0.082542684 -0.0025017009 0.0
0.83823529               0.082693454 -0.0013351535 0.0
0.84558824               0.082582955 2.2512032e-05 0.0
0.85294118               0.082142427 0.0015092437 0.0
0.86029412               0.081357575 0.0029671151 0.0
0.86764706               0.080241043 0.0042683196 0.0
0.875               0.078831801 0.0051581904 0.0
0.88235294               0.077366562 0.0053835417 0.0
0.88970588               0.076110075 0.0048333744 0.0
0.89705882               0.075334412 0.0035324069 0.0
0.90441176               0.075243334 0.0017187759 0.0
0.91176471               0.075852806 -0.00026645197 0.0
0.91911765               0.076947562 -0.0020508756 0.0
0.92647059               0.078277046 -0.0034545641 0.0
0.93382353               0.079624281 -0.0044358785 0.0
0.94117647               0.080842281 -0.0050368155 0.0
0.94852941               0.08192365 -0.0053768776 0.0
0.95588235               0.082844605 -0.0054907755 0.0
0.96323529               0.083642628 -0.0054041568 0.0
0.97058824               0.084336118 -0.0051873502 0.0
0.97794118               0.084937495 -0.0047458893 0.0
0.98529412               0.085446582 -0.0041705105 0.0
0.99264706               0.08584154 -0.0033918404 0.0
1.0               0.086124263 -0.0024123779 0.0
1.0073529               0.086145353 -0.0012279534 0.0
1.0147059               0.0859097 0.0001528061 0.0
1.0220588               0.08534389 0.0016242496 0.0
1.0294118               0.084455918 0.0030559427 0.0
1.0367647               0.083227019 0.0042739578 0.0
1.0441176               0.081792136 0.004963395 0.0
1.0514706               0.080340838 0.0049755901 0.0
1.0588235               0.079174678 0.0041967537 0.0
1.0661765               0.078590405 0.002715906 0.0
1.0735294               0.078712483 0.00084725461 0.0
1.0808824               0.079434028 -0.0010272634 0.0
1.0882353               0.080536464 -0.002634203 0.0
1.0955882               0.081779945 -0.0038424987 0.0
1.1029412               0.082975181 -0.0046691 0.0
1.1102941               0.084072148 -0.00517435 0.0
1.1176471               0.085033972 -0.005407954 0.0
1.125               0.085846751 -0.0054397397 0.0
1.1323529               0.086561821 -0.0053041121 0.0
1.1397059               0.08716532 -0.0049944239 0.0
1.1470588               0.087678677 -0.0045401364 0.0
1.1544118               0.088107714 -0.0038907624 0.0
1.1617647               0.088405245 -0.0030359591 0.0
1.1691176               0.088538483 -0.0019984986 0.0
1.1764706               0.088465813 -0.00076965609 0.0
1.1838235               0.08815462 0.00060014231 0.0
1.1911765               0.087497839 0.0020611069 0.0
1.1985294               0.086541316 0.0034052549 0.0
1.2058824               0.085268633 0.0045036161 0.0
1.2132353               0.083855792 0.0051329701 0.0
1.2205882               0.082496329 0.0050440063 0.0
1.2279412               0.081480579 0.0042419328 0.0
1.2352941               0.080974779 0.002805244 0.0
1.2426471               0.081032236 0.0009327571 0.0
1.25               0.081731663 -0.0011258558 0.0
1.2573529               0.082856374 -0.0029282125 0.0
1.2647059               0.08414384 -0.0041913781 0.0
1.2720588               0.08534566 -0.0049946978 0.0
1.2794118               0.086399404 -0.0054361117 0.0
1.2867647               0.087285943 -0.0056345049 0.0
1.2941176               0.088071429 -0.0056717756 0.0
1.3014706               0.088719255 -0.0055285316 0.0
1.3088235               0.08925007 -0.0051807813 0.0
1.3161765               0.089720267 -0.0046834226 0.0
1.3235294               0.090092725 -0.0040037439 0.0
1.3308824               0.090342992 -0.0031186622 0.0
1.3382353               0.090411682 -0.0020311652 0.0
1.3455882               0.090239107 -0.00075680572 0.0
1.3529412               0.089758546 0.00064977003 0.0
1.3602941               0.088958738 0.0020304455 0.0
1.3676471               0.087852501 0.0032665951 0.0
1.375               0.086471061 0.0041148676 0.0
1.3823529               0.085042687 0.0043335901 0.0
1.3897059               0.083811437 0.003823171 0.0
1.3970588               0.083030654 0.0026113783 0.0
1.4044118               0.082883944 0.00092906318 0.0
1.4117647               0.083379032 -0.00090408414 0.0
1.4191176               0.084312567 -0.0025486962 0.0
1.4264706               0.085455903 -0.0038384174 0.0
1.4338235               0.086613812 -0.004732914 0.0
1.4411765               0.087647867 -0.0052726504 0.0
1.4485294               0.088558868 -0.0055710048 0.0
1.4558824               0.089318761 -0.0056547448 0.0
1.4632353               0.089963609 -0.005548751 0.0
1.4705882               0.090514524 -0.0053217214 0.0
1.4779412               0.090978996 -0.0048770516 0.0
1.4852941               0.091359544 -0.0043093692 0.0
1.4926471               0.091631659 -0.0035439139 0.0
1.5               0.091802088 -0.0025869264 0.0
1.5073529               0.091717584 -0.00143416 0.0
1.5147059               0.091388591 -9.5403604e-05 0.0
1.5220588               0.090748166 0.0013236518 0.0
1.5294118               0.089807029 0.0026925925 0.0
1.5367647               0.088548863 0.0038424637 0.0
1.5441176               0.087110839 0.0044668153 0.0
1.5514706               0.085673051 0.0044309195 0.0
1.5588235               0.084520909 0.0036365196 0.0
1.5661765               0.083937735 0.0021732996 0.0
1.5735294               0.084037173 0.00035151304 0.0
1.5808824               0.084708047 -0.0014600172 0.0
1.5882353               0.085732976 -0.002998209 0.0
1.5955882               0.086881856 -0.004140773 0.0
1.6029412               0.087971697 -0.0049084312 0.0
1.6102941               0.088957853 -0.0053675473 0.0
1.6176471               0.089809731 -0.0055647584 0.0
1.625               0.090510189 -0.0055708063 0.0
1.6323529               0.091115695 -0.0054202601 0.0
1.6397059               0.091612067 -0.005104422 0.0
1.6470588               0.092021489 -0.0046536963 0.0
1.6544118               0.092350227 -0.0040164105 0.0
1.6617647               0.09254992 -0.0031832981 0.0
1.6691176               0.09259048 -0.0021787965 0.0
1.6764706               0.092430674 -0.0009944825 0.0
1.6838235               0.092039589 0.00031598313 0.0
1.6911765               0.091310362 0.001700995 0.0
1.6985294               0.090291296 0.0029486668 0.0
1.7058824               0.088967991 0.0039196934 0.0
1.7132353               0.087516712 0.0043795623 0.0
1.7205882               0.08615471 0.0040735237 0.0
1.7279412               0.085201921 0.0030420361 0.0
1.7352941               0.084845217 0.0014252186 0.0
1.7426471               0.085157217 -0.00044441891 0.0
1.75               0.086036866 -0.0021856531 0.0
1.7573529               0.087107192 -0.0035783719 0.0
1.7647059               0.08822025 -0.0045564859 0.0
1.7720588               0.089253059 -0.0051908285 0.0
1.7794118               0.090168182 -0.0055190688 0.0
1.7867647               0.090933592 -0.0056234327 0.0
1.7941176               0.091603227 -0.005582054 0.0
1.8014706               0.092138387 -0.0053702204 0.0
1.8088235               0.092559759 -0.0049643081 0.0
1.8161765               0.092921618 -0.0044189609 0.0
1.8235294               0.093186959 -0.0037024211 0.0
1.8308824               0.093330992 -0.0027918442 0.0
1.8382353               0.093296307 -0.0016921529 0.0
1.8455882               0.093025139 -0.00041955548 0.0
1.8529412               0.09245643 0.00096853217 0.0
1.8602941               0.09158306 0.0023147914 0.0
1.8676471               0.090422013 0.0035047762 0.0
1.875               0.08900776 0.0043015071 0.0
1.8823529               0.087562769 0.0044725191 0.0
1.8897059               0.086322852 0.0039231 0.0
1.8970588               0.085532827 0.0026803923 0.0
1.9044118               0.085375786 0.00097402686 0.0
1.9117647               0.085856092 -0.00087434433 0.0
1.9191176               0.086770014 -0.0025259155 0.0
1.9264706               0.087885703 -0.0038173131 0.0
1.9338235               0.089009814 -0.0047127991 0.0
1.9411765               0.090007212 -0.0052553162 0.0
1.9485294               0.090881572 -0.00555815 0.0
1.9558824               0.09160442 -0.0056479445 0.0
1.9632353               0.092212906 -0.005549766 0.0
1.9705882               0.092728756 -0.0053314024 0.0
1.9779412               0.093158357 -0.0048973951 0.0
1.9852941               0.093506326 -0.0043429243 0.0
1.9926471               0.09374774 -0.003591708 0.0
