t               Ux1 Uy1 Uz1
0.0073529412               0.010446551 0.014085748 -1.283234e-27
0.014705882               0.0098332297 0.018117576 4.2453606e-21
0.022058824               0.008615954 0.021696308 1.4616376e-20
0.029411765               0.007560445 0.023082086 1.5039081e-21
0.036764706               0.0067697657 0.023854311 -3.5813939e-28
0.044117647               0.0069206396 0.022516388 6.2610188e-21
0.051470588               0.008125521 0.01913752 2.1701656e-21
0.058823529               0.011138045 0.015120597 1.8165825e-20
0.066176471               0.014288543 0.0094214055 1.1740537e-20
0.073529412               0.019209614 0.0042997885 9.255686e-21
0.080882353               0.024157743 0.00034732898 2.3937461e-20
0.088235294               0.029326151 -0.0031191711 2.6927416e-20
0.095588235               0.034372171 -0.0056407129 2.3123671e-20
0.10294118               0.038848643 -0.0068828057 2.4694895e-20
0.11029412               0.042961797 -0.0074556723 2.6071956e-20
0.11764706               0.046373299 -0.0075048486 1.5943418e-20
0.125               0.049151965 -0.0071854274 1.5281193e-20
0.13235294               0.051634724 -0.0065073543 2.6223265e-20
0.13970588               0.053696962 -0.005499208 1.5242145e-20
0.14705882               0.055652008 -0.0041591519 4.0258167e-21
0.15441176               0.056978751 -0.0025236535 3.5050244e-22
0.16176471               0.058007418 -0.00048997948 1.2140537e-20
0.16911765               0.058851236 0.0018293806 1.4814967e-20
0.17647059               0.059144846 0.0040196863 7.2993888e-22
0.18382353               0.058974881 0.0064316639 2.664399e-20
0.19117647               0.05863426 0.00861749 1.1808937e-21
0.19852941               0.057275679 0.010180384 1.3325398e-20
0.20588235               0.056462338 0.010964572 1.3404308e-20
0.21323529               0.055706258 0.010682401 5.1774637e-21
0.22058824               0.055559107 0.0088818141 1.4152321e-20
0.22794118               0.055671459 0.0060309852 8.9283227e-21
0.23529412               0.056936053 0.0029143965 2.1510921e-20
0.24264706               0.059053015 1.7300759e-05 2.4074435e-20
0.25               0.061170764 -0.0023089492 9.0170691e-21
0.25735294               0.063694292 -0.0043427487 9.5611463e-21
0.26470588               0.066055626 -0.0057425926 2.8210908e-20
0.27205882               0.068363108 -0.0062743683 1.8905333e-20
0.27941176               0.07055395 -0.0062019152 1.7939748e-20
0.28676471               0.071881943 -0.006007042 1.7257515e-20
0.29411765               0.073416131 -0.0055405848 1.7236157e-20
0.30147059               0.074303536 -0.0046598896 2.623274e-20
0.30882353               0.075355273 -0.0036850708 1.6198025e-20
0.31617647               0.075809671 -0.0024223945 2.1709173e-20
0.32352941               0.076451319 -0.0010243357 9.4135631e-21
0.33088235               0.076443361 0.00072317038 1.3888938e-20
0.33823529               0.076519116 0.0026680169 1.0456779e-20
0.34558824               0.076172355 0.0047701855 9.2594308e-21
0.35294118               0.07551932 0.0067576232 6.9423129e-21
0.36029412               0.074535961 0.0084833616 2.0704802e-20
0.36764706               0.073129267 0.0095837717 3.2710846e-20
0.375               0.072022427 0.0099528546 1.1572087e-20
0.38235294               0.07099148 0.0091449364 2.5900651e-20
0.38970588               0.070681042 0.007144583 1.2012804e-20
0.39705882               0.071065562 0.0043153943 1.9391564e-20
0.40441176               0.071820846 0.0016733835 1.7740501e-20
0.41176471               0.073387826 -0.00082852196 1.900327e-20
0.41911765               0.075476667 -0.0026532898 2.3403726e-20
0.42647059               0.077136511 -0.0043165033 2.561329e-20
0.43382353               0.079061146 -0.0053275258 2.568319e-20
0.44117647               0.080498037 -0.005806707 1.2109684e-20
0.44852941               0.081680775 -0.0057290663 1.5572922e-20
0.45588235               0.082915552 -0.0053255889 2.6379701e-20
0.46323529               0.08365985 -0.0048432346 1.5619794e-20
0.47058824               0.084288019 -0.0039551264 1.6776502e-20
0.47794118               0.084599659 -0.0029338025 2.0747233e-20
0.48529412               0.084767643 -0.0017420905 1.5178568e-20
0.49264706               0.085102567 -0.00027389005 5.5499968e-21
0.5               0.08526616 0.0013681481 1.2168693e-21
0.50735294               0.084987585 0.0032047566 7.9357118e-21
0.51470588               0.084188968 0.0051039524 8.4568921e-21
0.52205882               0.083108531 0.0069490572 1.5111939e-20
0.52941176               0.08207416 0.0080799176 1.7974305e-20
0.53676471               0.080653695 0.0090483615 1.3892409e-20
0.54411765               0.079488218 0.0089970366 1.3198406e-20
0.55147059               0.078622634 0.0076855874 1.2104922e-20
0.55882353               0.07835213 0.0059719467 1.6944233e-20
0.56617647               0.078252821 0.0029746463 1.9116264e-20
0.57352941               0.07968084 0.0003189738 2.1762344e-20
0.58088235               0.080394493 -0.0019173809 1.7984333e-20
0.58823529               0.082339683 -0.0036030649 1.8795549e-20
0.59558824               0.084106012 -0.0050517005 2.0544113e-20
0.60294118               0.085381408 -0.0056284994 1.4332727e-20
0.61029412               0.086593853 -0.0056543529 1.9118498e-20
0.61764706               0.087716383 -0.0055595697 3.0546808e-20
0.625               0.088558141 -0.0050172299 2.2746054e-20
0.63235294               0.089176356 -0.0044779703 1.1287316e-20
0.63970588               0.089439716 -0.0036802798 2.5955962e-20
0.64705882               0.089884064 -0.0026229656 1.5668464e-20
0.65441176               0.08995985 -0.0012932889 2.096256e-20
0.66176471               0.089810434 0.00031021071 9.6555324e-21
0.66911765               0.089553622 0.0020230726 3.6916183e-21
0.67647059               0.089007526 0.0036449288 1.3170133e-21
0.68382353               0.08820026 0.0054089839 8.42645e-21
0.69117647               0.087160237 0.0071421416 6.3957637e-21
0.69852941               0.085690847 0.008129646 1.8365881e-20
0.70588235               0.084510772 0.0086873786 9.9536856e-21
0.71323529               0.083274166 0.0083787816 1.2373008e-20
0.72058824               0.082457562 0.0068830241 7.7370461e-21
0.72794118               0.081952494 0.0044838118 7.1785653e-21
0.73529412               0.082463879 0.0018980871 1.5562359e-20
0.74264706               0.083442215 -0.00062096779 1.4223118e-20
0.75               0.084702612 -0.0024168181 2.1972481e-20
0.75735294               0.08642821 -0.0040175156 2.3543717e-20
0.76470588               0.087639926 -0.0052799674 3.0245002e-20
0.77205882               0.08902476 -0.0055210847 2.4847799e-20
0.77941176               0.090149042 -0.0055699059 2.061711e-20
0.78676471               0.090824662 -0.0053047828 3.0061045e-20
0.79411765               0.091699467 -0.0049517468 1.6248324e-20
0.80147059               0.091912704 -0.0041499859 2.2197442e-20
0.80882353               0.092292603 -0.0032029527 2.4239506e-20
0.81617647               0.092225373 -0.0021022784 1.7128322e-20
0.82352941               0.092356247 -0.00090805277 1.1027973e-20
0.83088235               0.092114466 0.00060580085 9.0547907e-21
0.83823529               0.091614542 0.0024169171 1.7646694e-20
0.84558824               0.091034411 0.0040847054 1.3609168e-20
0.85294118               0.090072915 0.0059022389 2.0484508e-20
0.86029412               0.089026704 0.0072233107 1.5227363e-20
0.86764706               0.087330559 0.0082266311 2.6720798e-21
0.875               0.086024144 0.0084919568 9.7190199e-21
0.88235294               0.08505289 0.0078345979 1.1580084e-20
0.88970588               0.084321153 0.0059004576 1.0290328e-20
0.89705882               0.084416886 0.0032701249 9.5595599e-21
0.90441176               0.084618527 0.00088002971 1.4409871e-20
0.91176471               0.08602017 -0.0012962382 1.7784787e-20
0.91911765               0.087656103 -0.0030522546 1.7016607e-20
0.92647059               0.088666376 -0.0044607968 1.2600029e-20
0.93382353               0.090184774 -0.0052089103 2.2898764e-20
0.94117647               0.091112156 -0.0054619099 1.2111883e-20
0.94852941               0.09210265 -0.0055240669 4.967402e-21
0.95588235               0.092675853 -0.0051031721 1.2340407e-20
0.96323529               0.093072164 -0.0046185433 2.1116958e-20
0.97058824               0.093449734 -0.0039126872 2.4500794e-20
0.97794118               0.093530172 -0.0028660124 2.4465983e-20
0.98529412               0.093460838 -0.0017415266 7.8918947e-22
0.99264706               0.093424468 -0.00034314424 1.1306913e-20
1.0               0.093367184 0.0011883767 1.0223575e-20
1.0073529               0.093009733 0.0028835505 1.086081e-20
1.0147059               0.091988696 0.0046529898 6.4814444e-21
1.0220588               0.09083957 0.0064342359 1.4509978e-20
1.0294118               0.089788465 0.0073497679 2.233017e-20
1.0367647               0.088394987 0.008172798 1.155603e-20
1.0441176               0.087044755 0.0081609521 1.4124561e-20
1.0514706               0.085928331 0.0070329347 1.1892705e-20
1.0588235               0.085792932 0.0054282334 1.4735809e-20
1.0661765               0.085435206 0.0026249248 1.7047574e-20
1.0735294               0.086366515 0.00015401277 5.4089025e-21
1.0808824               0.08711257 -0.0020078032 2.5531273e-20
1.0882353               0.088635113 -0.0036741731 1.8106863e-20
1.0955882               0.089924853 -0.0049340387 2.7312337e-20
1.1029412               0.09118586 -0.0054725257 1.7331877e-20
1.1102941               0.092166049 -0.005441692 2.3175689e-20
1.1176471               0.093063639 -0.0053569756 1.7569569e-20
1.125               0.093834719 -0.0048883921 1.0519138e-20
1.1323529               0.094084787 -0.0042967597 1.1287704e-20
1.1397059               0.094341077 -0.0034996242 1.6918034e-20
1.1470588               0.094663085 -0.0024930599 2.0027059e-20
1.1544118               0.094529392 -0.0013773361 1.4267841e-20
1.1617647               0.094266137 0.0001727952 6.5581418e-21
1.1691176               0.094126915 0.0018874018 1.4956503e-20
1.1764706               0.093117482 0.0035057276 6.2745405e-21
1.1838235               0.092389974 0.0052688568 4.5072096e-21
1.1911765               0.091244816 0.006934901 1.2031767e-20
1.1985294               0.089799524 0.0079024098 3.0823786e-20
1.2058824               0.088257878 0.0084393604 1.2398768e-20
1.2132353               0.087022024 0.0079892487 1.3374704e-20
1.2205882               0.086600506 0.0063741716 1.1356601e-20
1.2279412               0.085886164 0.0041688385 1.1243194e-20
1.2352941               0.086263672 0.001516181 1.1491969e-20
1.2426471               0.087401791 -0.00057163342 1.7336772e-20
1.25               0.088394053 -0.0026956919 1.5246913e-20
1.2573529               0.089841186 -0.0041022417 2.0146659e-20
1.2647059               0.091001082 -0.0052436995 1.486149e-20
1.2720588               0.092243281 -0.0054925533 1.924504e-20
1.2794118               0.093462058 -0.0053813239 1.2422734e-20
1.2867647               0.093885 -0.0051543069 1.1342019e-20
1.2941176               0.094277744 -0.0047672858 2.2620354e-20
1.3014706               0.094604795 -0.0039125782 1.861382e-20
1.3088235               0.095056984 -0.0031005185 1.6262566e-20
1.3161765               0.094840148 -0.0019627525 1.6553626e-20
1.3235294               0.094937744 -0.00079296476 1.0774315e-20
1.3308824               0.094460996 0.00072199884 1.8467511e-20
1.3382353               0.094049715 0.0024344437 1.9782147e-20
1.3455882               0.093368852 0.0042008582 2.9714169e-21
1.3529412               0.092494356 0.0058780427 1.5476399e-20
1.3602941               0.091423758 0.0072226374 1.1810179e-20
1.3676471               0.089537707 0.0081938277 1.1686465e-20
1.375               0.088524852 0.0083188209 1.6820281e-20
1.3823529               0.087141572 0.0076347404 1.3166768e-20
1.3897059               0.086752342 0.0059235622 1.7058207e-20
1.3970588               0.086733597 0.0033725622 2.5092785e-20
1.4044118               0.086992659 0.00091519689 2.4779548e-20
1.4117647               0.08828607 -0.001181155 1.7414058e-20
1.4191176               0.08976203 -0.0030520199 2.037688e-20
1.4264706               0.090860393 -0.0043949221 2.8734301e-20
1.4338235               0.092143855 -0.005043067 2.0973977e-20
1.4411765               0.093207984 -0.0053552095 2.2079084e-20
1.4485294               0.093741671 -0.0053908962 1.8573262e-20
1.4558824               0.094369675 -0.0050808685 9.3047896e-21
1.4632353               0.09474796 -0.0044933501 1.0807351e-20
1.4705882               0.095044659 -0.003665925 1.8044232e-20
1.4779412               0.095082221 -0.0027641876 1.3151061e-20
1.4852941               0.094777955 -0.001578912 1.9451271e-20
1.4926471               0.094749927 -0.00021123639 2.0728261e-20
1.5               0.09472602 0.001351784 1.5056318e-20
1.5073529               0.094356901 0.0029340731 8.2269522e-21
1.5147059               0.093413567 0.004704563 1.5778438e-20
1.5220588               0.092034969 0.0064617165 2.1601692e-20
1.5294118               0.09095562 0.0074375568 1.5993801e-20
1.5367647               0.089439633 0.0081055782 2.4711528e-20
1.5441176               0.088264587 0.0080936239 6.000275e-21
1.5514706               0.087379018 0.0069451168 1.0789631e-20
1.5588235               0.086819332 0.0051475317 1.8085111e-20
1.5661765               0.086569996 0.0024286338 1.5491438e-20
1.5735294               0.087466769 -9.767335e-05 6.3817657e-21
1.5808824               0.088233258 -0.002070241 1.4367571e-20
1.5882353               0.090025648 -0.0036005514 1.7931352e-20
1.5955882               0.091225256 -0.0048000399 2.7068482e-20
1.6029412               0.092313686 -0.005350622 2.1510473e-20
1.6102941               0.093169739 -0.0052955768 1.8358643e-20
1.6176471               0.094145342 -0.0052374678 1.5311828e-20
1.625               0.094661374 -0.0048156848 2.3852194e-20
1.6323529               0.095123214 -0.0042200482 2.6122878e-20
1.6397059               0.095396829 -0.0034262393 5.0225529e-21
1.6470588               0.09552177 -0.0024444464 2.5675962e-21
1.6544118               0.095430203 -0.0013737348 6.5675777e-21
1.6617647               0.095206816 0.00032621038 1.1207401e-20
1.6691176               0.09485648 0.0019983348 1.6022506e-20
1.6764706               0.093983038 0.0035330807 1.8379329e-20
1.6838235               0.093175171 0.0051234362 7.4654296e-21
1.6911765               0.091982527 0.0068372305 7.6308655e-21
1.6985294               0.09056936 0.0078381659 1.4596478e-20
1.7058824               0.089200351 0.0083388571 1.1736325e-20
1.7132353               0.087689087 0.0079678783 1.3954448e-20
1.7205882               0.087176585 0.0063871123 1.3930326e-20
1.7279412               0.086480192 0.004047289 1.7495164e-20
1.7352941               0.087354998 0.0014222914 1.7266834e-20
1.7426471               0.088134847 -0.00075296267 1.7203264e-20
1.75               0.089125206 -0.0027610588 5.302561e-21
1.7573529               0.090733682 -0.0040444009 8.7245365e-21
1.7647059               0.091704983 -0.0051461413 2.5263465e-20
1.7720588               0.092807857 -0.0054370948 3.0265273e-20
1.7794118               0.093956245 -0.0053547738 2.2072635e-20
1.7867647               0.094518501 -0.0051253612 1.8920219e-20
1.7941176               0.094965148 -0.0046362245 1.9495501e-20
1.8014706               0.095278109 -0.003837897 2.0460152e-20
1.8088235               0.095586702 -0.0030320067 7.9927694e-21
1.8161765               0.095475065 -0.0019827285 1.760812e-20
1.8235294               0.095480151 -0.00078807455 1.1506217e-20
1.8308824               0.095059554 0.00075549256 1.7785153e-20
1.8382353               0.094625614 0.0024203133 1.9443481e-20
1.8455882               0.093933986 0.0041719984 1.6545315e-20
1.8529412               0.09296962 0.0058207912 1.3253823e-20
1.8602941               0.091788253 0.0072565232 2.0448065e-20
1.8676471               0.090211562 0.0081676146 2.011321e-20
1.875               0.089011464 0.0084093772 4.1875392e-21
1.8823529               0.087831408 0.007674078 9.8723273e-21
1.8897059               0.08735731 0.0058941643 1.6729436e-20
1.8970588               0.087167558 0.003381104 2.3875705e-20
1.9044118               0.087438524 0.00094005004 2.4855851e-20
1.9117647               0.088664235 -0.0011756806 2.0489123e-20
1.9191176               0.090152725 -0.002968266 2.153944e-20
1.9264706               0.091269517 -0.0044517265 4.9247373e-22
1.9338235               0.092521378 -0.0050744846 2.0021834e-20
1.9411765               0.093462966 -0.0052818385 6.3058753e-21
1.9485294               0.094137397 -0.005361245 2.4155028e-20
1.9558824               0.09479725 -0.0050030439 1.4765756e-20
1.9632353               0.095137594 -0.0044040455 2.4709668e-20
1.9705882               0.095350985 -0.0036944754 1.6682429e-20
1.9779412               0.095405128 -0.0027183986 1.4869989e-20
1.9852941               0.095165266 -0.0015026694 1.7633266e-20
1.9926471               0.095182575 -9.6718552e-05 7.9788285e-21
