t               Ux1 Uy1 Uz1
0.0073529412               0.0082645072 0.01092169 1.547912e-20
0.014705882               0.007628905 0.01385211 3.4845916e-21
0.022058824               0.0054241807 0.016438228 -1.6557859e-20
0.029411765               0.002991364 0.018283788 -1.3064663e-20
0.036764706               -0.00072630474 0.019439018 -1.1372743e-19
0.044117647               -0.0041625634 0.019392415 4.585216e-20
0.051470588               -0.0080778687 0.018183722 6.5743378e-21
0.058823529               -0.010444706 0.016435155 8.3389559e-21
0.066176471               -0.011788895 0.013509623 -4.1425616e-20
0.073529412               -0.012272991 0.010133803 2.0824065e-20
0.080882353               -0.010791708 0.0069188149 -4.6758631e-20
0.088235294               -0.0085402002 0.0035942499 1.3220634e-19
0.095588235               -0.0059009687 0.00075966184 4.0308246e-20
0.10294118               -0.0030599567 -0.0013089736 -4.3431552e-20
0.11029412               -0.00026000026 -0.0032666612 -6.8316582e-21
0.11764706               0.00256775 -0.004746659 3.158744e-21
0.125               0.0054547399 -0.0058167783 7.4783154e-20
0.13235294               0.0081477436 -0.0066953017 -5.0418537e-20
0.13970588               0.010968734 -0.0072489131 -8.0903583e-20
0.14705882               0.013707765 -0.0074156482 -3.240246e-21
0.15441176               0.016326514 -0.0074063456 1.238653e-19
0.16176471               0.018593277 -0.0070597255 2.2897805e-20
0.16911765               0.021056178 -0.006308785 -8.3844499e-20
0.17647059               0.022783397 -0.0051310703 9.1309574e-21
0.18382353               0.024209427 -0.0035552496 5.0333961e-20
0.19117647               0.025347237 -0.002044625 -8.8575322e-21
0.19852941               0.025718158 -0.00024065831 2.9927853e-20
0.20588235               0.025744908 0.0012134732 -1.2924082e-20
0.21323529               0.025200007 0.0022895065 4.3163771e-20
0.22058824               0.023900391 0.0028102015 3.6024917e-20
0.22794118               0.02315389 0.0025613895 -5.7698449e-20
0.23529412               0.022766356 0.0017254738 -6.8391637e-20
0.24264706               0.023082396 0.00038997117 4.8957526e-20
0.25               0.023805941 -0.0012743375 -1.6293753e-20
0.25735294               0.025234501 -0.0025741803 4.3991679e-20
0.26470588               0.026847399 -0.0036090513 3.0649765e-20
0.27205882               0.028889906 -0.0042204944 -4.8407748e-21
0.27941176               0.03041715 -0.0047655931 1.2962522e-19
0.28676471               0.032198969 -0.005146029 -9.7556303e-20
0.29411765               0.033754057 -0.0051361139 -4.2776168e-20
0.30147059               0.03537118 -0.0050673155 -4.0100649e-21
0.30882353               0.036684782 -0.0048758205 -7.8724208e-20
0.31617647               0.038013065 -0.0044136345 4.1843664e-20
0.32352941               0.039357804 -0.0039002126 -4.0886423e-20
0.33088235               0.040622002 -0.0031395153 5.4890103e-20
0.33823529               0.04162971 -0.0022198969 2.499433e-20
0.34558824               0.042425164 -0.0011026057 -9.4054448e-20
0.35294118               0.042902548 0.00041966496 9.3329032e-20
0.36029412               0.043505443 0.0015877344 1.0196059e-20
0.36764706               0.042896483 0.0030541985 3.9585839e-20
0.375               0.041908165 0.0040363508 -8.7247755e-20
0.38235294               0.040782405 0.0044735227 1.2150019e-20
0.38970588               0.03974552 0.0046245574 -4.3574066e-20
0.39705882               0.039185672 0.0039962161 4.2659225e-21
0.40441176               0.038450739 0.0027352958 -1.2915905e-19
0.41176471               0.039234649 0.0013964823 -9.0457272e-21
0.41911765               0.040133381 -0.000186131 4.1936363e-20
0.42647059               0.041340125 -0.0013874329 4.4274148e-20
0.43382353               0.042890357 -0.0021430383 1.1545486e-19
0.44117647               0.044399774 -0.0029405825 -2.2966674e-20
0.44852941               0.045697552 -0.0034222899 -8.2895918e-20
0.45588235               0.046858886 -0.0034804903 -4.8270811e-20
0.46323529               0.048063768 -0.0035014254 -2.2991941e-20
0.47058824               0.049460821 -0.0033742674 -6.7639312e-20
0.47794118               0.050421594 -0.003260872 -1.0244917e-19
0.48529412               0.051445203 -0.0029281446 -3.0758033e-20
0.49264706               0.052503147 -0.0024233889 -8.6236537e-21
0.5               0.053342939 -0.0016317656 3.6616314e-21
0.50735294               0.05408151 -0.00086311426 9.1026437e-20
0.51470588               0.054588308 0.00024674745 5.0631499e-21
0.52205882               0.054784306 0.0014824201 5.9782651e-21
0.52941176               0.054669048 0.0026646835 -8.9289675e-20
0.53676471               0.053887392 0.0037355885 3.8988889e-20
0.54411765               0.053042959 0.0044099925 3.1985529e-20
0.55147059               0.051785771 0.0046194852 1.201611e-20
0.55882353               0.050768524 0.0044653352 -2.6666151e-20
0.56617647               0.050223141 0.0035244971 -2.4905419e-21
0.57352941               0.049722021 0.0022662521 -3.7250512e-20
0.58088235               0.05038894 0.0010445967 -2.2311706e-21
0.58823529               0.05149127 -0.00026481363 1.3743035e-19
0.59558824               0.052675814 -0.0013572507 3.0830298e-20
0.60294118               0.053768038 -0.0020561453 -1.5907276e-21
0.61029412               0.054948337 -0.0027026736 7.0004854e-21
0.61764706               0.056124194 -0.0029721463 9.0906415e-21
0.625               0.057246184 -0.0031192435 5.2143839e-20
0.63235294               0.058133047 -0.0031727538 -8.9548382e-21
0.63970588               0.059166128 -0.0029747043 7.0053303e-20
0.64705882               0.06010501 -0.0027332263 -5.7179721e-21
0.65441176               0.060965317 -0.002422595 -1.4857661e-20
0.66176471               0.061740629 -0.0019633151 1.8213072e-20
0.66911765               0.062467185 -0.0012967705 3.0627695e-20
0.67647059               0.062899876 -0.00041229941 3.74222e-20
0.68382353               0.062960086 0.00067381672 -2.3123885e-20
0.69117647               0.062920874 0.0018471746 -2.7433576e-20
0.69852941               0.062650588 0.0029222304 1.9586505e-20
0.70588235               0.061790781 0.0039133869 2.3987833e-20
0.71323529               0.060924467 0.0042721528 -1.6183068e-20
0.72058824               0.059108366 0.0045222975 -2.4422618e-21
0.72794118               0.058422276 0.0039938657 2.3992701e-20
0.73529412               0.057824557 0.0029547036 -1.5524641e-20
0.74264706               0.058102693 0.0017152908 5.4342816e-21
0.75               0.058458673 0.00029363422 8.9903867e-21
0.75735294               0.059414735 -0.00079037543 -5.9313512e-20
0.76470588               0.060366766 -0.001717797 -2.9422081e-20
0.77205882               0.061696545 -0.0022666385 4.0886123e-20
0.77941176               0.06266589 -0.0027117513 1.8692886e-20
0.78676471               0.063644003 -0.0030549799 1.5650306e-20
0.79411765               0.06460459 -0.0030419778 -2.2956782e-20
0.80147059               0.065537486 -0.0029265074 7.3214626e-20
0.80882353               0.066313849 -0.0029169394 -3.4458522e-20
0.81617647               0.067038377 -0.0026093692 -7.5474761e-20
0.82352941               0.067736502 -0.0022406089 2.0980591e-20
0.83088235               0.06836646 -0.0016010615 1.0239899e-19
0.83823529               0.068920471 -0.00095100908 -4.8795543e-20
0.84558824               0.069232526 -4.7653427e-05 -1.5441772e-20
0.85294118               0.069236796 0.0011207041 6.6968407e-20
0.86029412               0.069208683 0.002055679 -2.491762e-20
0.86764706               0.068447195 0.0031462757 -1.1217401e-19
0.875               0.067042032 0.0039832611 4.1135323e-21
0.88235294               0.066010565 0.004280747 2.8323966e-20
0.88970588               0.064612129 0.0043068037 2.976419e-21
0.89705882               0.063978198 0.0035998331 2.7882486e-21
0.90441176               0.063485507 0.0025026226 -4.0842753e-20
0.91176471               0.063958798 0.0012926598 2.930822e-20
0.91911765               0.064435982 -0.00023411251 -1.009711e-19
0.92647059               0.065500026 -0.0012318197 1.6965827e-20
0.93382353               0.06649877 -0.0019975474 -1.3417018e-20
0.94117647               0.067598293 -0.0026420445 -6.2507434e-20
0.94852941               0.068371511 -0.0030390675 -1.0845999e-19
0.95588235               0.069176016 -0.0031738901 -2.1071338e-20
0.96323529               0.070056186 -0.0031994861 8.9156166e-21
0.97058824               0.071104595 -0.0030194972 -2.6591989e-20
0.97794118               0.071673922 -0.0029070131 -1.1644175e-20
0.98529412               0.072377003 -0.0025923051 2.6890383e-20
0.99264706               0.072891116 -0.0021441385 6.6566674e-20
1.0               0.073431729 -0.0014820977 8.0972179e-21
1.0073529               0.073770614 -0.00079023558 -5.054231e-22
1.0147059               0.073976867 0.00017517878 -3.5441025e-20
1.0220588               0.073815962 0.0012807107 2.2415516e-20
1.0294118               0.073546474 0.0023620486 -3.4702186e-21
1.0367647               0.072491734 0.0032576422 -8.9112751e-20
1.0441176               0.071486652 0.0038924995 2.3495882e-20
1.0514706               0.07006367 0.0040669083 -1.5573091e-21
1.0588235               0.069198866 0.0038691707 -1.4108304e-20
1.0661765               0.068516034 0.0030185612 -3.2457254e-20
1.0735294               0.068046076 0.0018608903 3.5969939e-20
1.0808824               0.068473704 0.0006718836 -4.4705059e-20
1.0882353               0.069237989 -0.00057733435 1.1842022e-19
1.0955882               0.070330184 -0.0015376668 2.5880853e-20
1.1029412               0.071214902 -0.0021746427 -3.9572812e-20
1.1102941               0.072060102 -0.0027583712 -6.5114534e-21
1.1176471               0.072922676 -0.0030359988 -1.685544e-20
1.125               0.073830097 -0.0030904142 2.8211072e-20
1.1323529               0.074434984 -0.0031233228 -7.4307311e-20
1.1397059               0.075198143 -0.0030366513 -8.2803497e-20
1.1470588               0.075950843 -0.0027325656 -8.0378752e-21
1.1544118               0.076535708 -0.0024078393 8.3486799e-20
1.1617647               0.077016259 -0.0019720686 1.9489641e-21
1.1691176               0.077676073 -0.0013174966 -4.4566254e-20
1.1764706               0.077722792 -0.00043364189 5.6400633e-22
1.1838235               0.077662106 0.00058126496 5.0809771e-20
1.1911765               0.077449082 0.0015815853 1.7039642e-20
1.1985294               0.076752355 0.0026586574 1.6556528e-20
1.2058824               0.075992904 0.0034957854 1.3430629e-20
1.2132353               0.074946726 0.0039077344 -7.4376399e-21
1.2205882               0.073340974 0.0039961806 3.2996109e-20
1.2279412               0.07242759 0.0034768388 -4.3762911e-20
1.2352941               0.071854165 0.0025566141 -8.0914801e-20
1.2426471               0.0718309 0.001274537 6.5773545e-20
1.25               0.072077196 -0.00012664442 -3.3859273e-20
1.2573529               0.072907148 -0.00120841 5.0900488e-21
1.2647059               0.073805918 -0.0020661831 2.1451369e-20
1.2720588               0.075063609 -0.0025197286 1.2523315e-20
1.2794118               0.075777618 -0.0029858142 8.036007e-20
1.2867647               0.076700611 -0.0032815769 -8.7001915e-20
1.2941176               0.077456533 -0.0032661311 -6.6277445e-20
1.3014706               0.078256586 -0.0031641344 -4.3155202e-20
1.3088235               0.078770525 -0.0030575295 -8.9122108e-20
1.3161765               0.079315259 -0.0026990065 4.9635198e-20
1.3235294               0.079868249 -0.0023508955 -7.0144205e-20
1.3308824               0.080376751 -0.0017768611 4.9271009e-20
1.3382353               0.080708334 -0.0010960939 1.4826934e-20
1.3455882               0.080811597 -0.0002959405 -1.3309496e-19
1.3529412               0.08066685 0.00087761813 9.2101881e-20
1.3602941               0.080694825 0.0016972696 8.8593495e-21
1.3676471               0.079710162 0.0028064494 1.2237564e-20
1.375               0.0783831 0.0035112702 -6.2630609e-20
1.3823529               0.077141942 0.0037534687 -1.4343857e-21
1.3897059               0.076016953 0.0037016419 -3.5544198e-20
1.3970588               0.075317345 0.0030219311 -2.5651805e-20
1.4044118               0.074510502 0.0018791978 -8.9710693e-20
1.4117647               0.074925841 0.00065613117 -3.2314026e-20
1.4191176               0.075523709 -0.00063874109 5.1240427e-20
1.4264706               0.076364194 -0.0016658071 1.1941139e-20
1.4338235               0.077321214 -0.0023297117 1.4100325e-19
1.4411765               0.078239062 -0.0029767637 -1.9877253e-20
1.4485294               0.079039422 -0.0033348611 -9.5203591e-20
1.4558824               0.079636538 -0.0033515368 -2.3925544e-20
1.4632353               0.080346801 -0.0033367487 -3.7556696e-20
1.4705882               0.081195859 -0.0031958145 -6.0866555e-20
1.4779412               0.081682258 -0.0030767345 -9.3449708e-20
1.4852941               0.082175182 -0.0027642705 -5.6067434e-20
1.4926471               0.082695311 -0.002304874 2.4259471e-20
1.5               0.083081509 -0.001635367 -4.1106561e-21
1.5073529               0.083313562 -0.00096207338 4.2772178e-20
1.5147059               0.083365325 -1.8149686e-05 -9.6977165e-21
1.5220588               0.08315491 0.0010549809 -3.9948129e-20
1.5294118               0.08275455 0.002040579 -8.4501912e-20
1.5367647               0.081693588 0.0029318429 3.7412558e-20
1.5441176               0.080687741 0.0034665111 1.6092287e-20
1.5514706               0.07934395 0.0036120353 4.2228902e-20
1.5588235               0.078160401 0.0033991676 1.8983117e-20
1.5661765               0.077638312 0.0024801743 -1.3726482e-20
1.5735294               0.077277337 0.0013050671 -2.2236471e-20
1.5808824               0.077711048 0.00024736462 -4.5237121e-20
1.5882353               0.078462145 -0.00084394183 1.460122e-19
1.5955882               0.079413019 -0.0017398305 -2.5949132e-20
1.6029412               0.080080131 -0.0023365778 -4.6053677e-20
1.6102941               0.080855628 -0.0028745166 4.0655156e-21
1.6176471               0.081640799 -0.003067299 -3.5223053e-21
1.625               0.082414376 -0.0031898563 3.8726916e-20
1.6323529               0.082881893 -0.0031937344 3.2477336e-20
1.6397059               0.083564724 -0.0029862865 5.6463339e-20
1.6470588               0.084094258 -0.0027671509 -2.3451999e-20
1.6544118               0.084646581 -0.0024627931 -3.2217762e-20
1.6617647               0.085097289 -0.0020422429 1.4207331e-20
1.6691176               0.085459134 -0.0014413916 2.1824251e-20
1.6764706               0.085574333 -0.00065137182 1.5755763e-20
1.6838235               0.08533152 0.00030898202 -1.5779069e-20
1.6911765               0.085021317 0.0013830606 5.711485e-21
1.6985294               0.084524662 0.0023118531 1.1951068e-20
1.7058824               0.083571467 0.0031747887 4.2795475e-20
1.7132353               0.082522137 0.0034597983 9.5852094e-21
1.7205882               0.080807788 0.0036239675 -2.3271715e-20
1.7279412               0.080072685 0.0030695771 2.2482797e-20
1.7352941               0.079454583 0.0021021109 -2.9029426e-20
1.7426471               0.079569655 0.00092546936 -4.6026879e-20
1.75               0.079832268 -0.00027335795 1.1351007e-20
1.7573529               0.080588002 -0.001287556 -5.0971019e-20
1.7647059               0.081318968 -0.0021238837 -3.4585008e-20
1.7720588               0.082343611 -0.0025905138 8.7559704e-20
1.7794118               0.08303876 -0.0029723919 2.2981293e-20
1.7867647               0.083805526 -0.0032577904 -1.1417177e-20
1.7941176               0.084446434 -0.0032120319 -4.015344e-22
1.8014706               0.085132457 -0.0030730499 6.9887966e-20
1.8088235               0.085660368 -0.0030622758 -5.1248422e-20
1.8161765               0.08616041 -0.0027636524 -6.7910495e-20
1.8235294               0.086544202 -0.0024065687 1.3244029e-20
1.8308824               0.08694731 -0.0018115809 9.8352165e-20
1.8382353               0.08728412 -0.0012145986 -5.2692121e-20
1.8455882               0.087304977 -0.00038183951 -1.0780823e-20
1.8529412               0.087126939 0.00065920377 4.7645823e-20
1.8602941               0.086940719 0.0015054709 -6.9632443e-21
1.8676471               0.086066551 0.0024990037 -1.0511454e-19
1.875               0.084565794 0.0032656766 2.5171239e-20
1.8823529               0.083573827 0.0034950041 2.3515006e-20
1.8897059               0.082203571 0.0034728742 3.4182998e-22
1.8970588               0.081518694 0.0027539164 -4.5550583e-21
1.9044118               0.081044883 0.0017630514 -4.9273589e-20
1.9117647               0.081613841 0.00063502819 -1.7302606e-20
1.9191176               0.081957989 -0.00070656503 -7.1046802e-20
1.9264706               0.082883595 -0.0015437281 -3.327842e-21
1.9338235               0.083564607 -0.0022687914 -4.7518473e-20
1.9411765               0.084442619 -0.0028010292 -5.4760514e-20
1.9485294               0.084984183 -0.0031618637 -1.0704676e-19
1.9558824               0.085582789 -0.00326168 -2.4325933e-20
1.9632353               0.086248538 -0.0032687095 1.6164112e-20
1.9705882               0.087024064 -0.00312818 -4.7093951e-20
1.9779412               0.087423362 -0.0030293074 -6.9279048e-20
1.9852941               0.087901814 -0.0026893258 1.5289917e-20
1.9926471               0.088265987 -0.002283347 7.1671364e-20
