t               Ux1 Uy1 Uz1
0.0073529412               0.0081885644 0.0091635739 0.0
0.014705882               0.0071034508 0.011354429 0.0
0.022058824               0.0053774059 0.01329205 0.0
0.029411765               0.0030883112 0.014837328 0.0
0.036764706               0.00033002221 0.015832017 0.0
0.044117647               -0.0027450679 0.016124131 0.0
0.051470588               -0.0058514372 0.015605216 0.0
0.058823529               -0.0086759939 0.014294395 0.0
0.066176471               -0.010981816 0.012397136 0.0
0.073529412               -0.012616261 0.010181192 0.0
0.080882353               -0.013697347 0.007886141 0.0
0.088235294               -0.014277802 0.0056371615 0.0
0.095588235               -0.014480329 0.0034581314 0.0
0.10294118               -0.014346141 0.0013316854 0.0
0.11029412               -0.013872425 -0.00074470023 0.0
0.11764706               -0.013096416 -0.0027866893 0.0
0.125               -0.011979095 -0.0047667283 0.0
0.13235294               -0.010540125 -0.0066198492 0.0
0.13970588               -0.0087708286 -0.0082852853 0.0
0.14705882               -0.0067413695 -0.0096582946 0.0
0.15441176               -0.0044709903 -0.010670437 0.0
0.16176471               -0.0020679633 -0.011287591 0.0
0.16911765               0.00037864629 -0.011424859 0.0
0.17647059               0.0027601968 -0.011074545 0.0
0.18382353               0.0049235221 -0.010242573 0.0
0.19117647               0.006781556 -0.0089792856 0.0
0.19852941               0.0081601058 -0.0074012466 0.0
0.20588235               0.0089624133 -0.005685218 0.0
0.21323529               0.0091841849 -0.0040423181 0.0
0.22058824               0.0088838755 -0.0027156982 0.0
0.22794118               0.0083135916 -0.001884046 0.0
0.23529412               0.0077490703 -0.0015388148 0.0
0.24264706               0.007345266 -0.001522784 0.0
0.25               0.0071305778 -0.0017152026 0.0
0.25735294               0.0071278945 -0.0020833383 0.0
0.26470588               0.0074018836 -0.0024787442 0.0
0.27205882               0.007875937 -0.0027871076 0.0
0.27941176               0.0084389932 -0.0030068514 0.0
0.28676471               0.0090717745 -0.0031760202 0.0
0.29411765               0.0097662752 -0.0033051524 0.0
0.30147059               0.010512769 -0.0033998768 0.0
0.30882353               0.011323316 -0.0034368686 0.0
0.31617647               0.012217803 -0.0033917703 0.0
0.32352941               0.01316505 -0.0032370621 0.0
0.33088235               0.014163183 -0.0029328658 0.0
0.33823529               0.015160445 -0.0024435958 0.0
0.34558824               0.016090639 -0.0017382536 0.0
0.35294118               0.016869332 -0.00083087915 0.0
0.36029412               0.017416223 0.00023857342 0.0
0.36764706               0.017643034 0.0013892605 0.0
0.375               0.017496631 0.0024662564 0.0
0.38235294               0.017020929 0.0032903528 0.0
0.38970588               0.016348793 0.0037248665 0.0
0.39705882               0.01567565 0.0037200667 0.0
0.40441176               0.0151688 0.0033577186 0.0
0.41176471               0.014962394 0.0027676296 0.0
0.41911765               0.015065997 0.0021358724 0.0
0.42647059               0.015390322 0.0015639975 0.0
0.43382353               0.015865041 0.0010836184 0.0
0.44117647               0.016403518 0.00068549566 0.0
0.44852941               0.016986264 0.00033712511 0.0
0.45588235               0.017607962 1.1212849e-05 0.0
0.46323529               0.018279546 -0.00028942334 0.0
0.47058824               0.018993167 -0.00055540501 0.0
0.47794118               0.019767498 -0.00079554294 0.0
0.48529412               0.020620764 -0.00096397045 0.0
0.49264706               0.021514902 -0.0010340062 0.0
0.5               0.022467002 -0.00098716632 0.0
0.50735294               0.023395671 -0.00077904482 0.0
0.51470588               0.024279924 -0.00037579521 0.0
0.52205882               0.025037835 0.00021522135 0.0
0.52941176               0.025583772 0.00094254736 0.0
0.53676471               0.025859005 0.0017314072 0.0
0.54411765               0.02581075 0.0024337787 0.0
0.55147059               0.025468568 0.0029068732 0.0
0.55882353               0.024969294 0.0030284821 0.0
0.56617647               0.024519589 0.0027723174 0.0
0.57352941               0.024283168 0.0022292029 0.0
0.58088235               0.024306473 0.0015578071 0.0
0.58823529               0.024576451 0.00088998558 0.0
0.59558824               0.025010337 0.00030645711 0.0
0.60294118               0.025533216 -0.00018841833 0.0
0.61029412               0.026130276 -0.00060468845 0.0
0.61764706               0.026749544 -0.00095770292 0.0
0.625               0.027393669 -0.0012695239 0.0
0.63235294               0.028071421 -0.001545733 0.0
0.63970588               0.028788371 -0.0017773086 0.0
0.64705882               0.0295402 -0.0019507785 0.0
0.65441176               0.030332232 -0.0020315727 0.0
0.66176471               0.031151795 -0.0020123129 0.0
0.66911765               0.031973216 -0.0018580692 0.0
0.67647059               0.032761651 -0.0015507494 0.0
0.68382353               0.033481838 -0.0010874851 0.0
0.69117647               0.034043607 -0.00045961836 0.0
0.69852941               0.034388609 0.00027060049 0.0
0.70588235               0.034445795 0.0010116032 0.0
0.71323529               0.034208672 0.0016422235 0.0
0.72058824               0.033717674 0.0020105078 0.0
0.72794118               0.033165561 0.0020041696 0.0
0.73529412               0.032737746 0.0016739722 0.0
0.74264706               0.032533015 0.0011390529 0.0
0.75               0.032618153 0.00053933691 0.0
0.75735294               0.032861235 -1.1507629e-05 0.0
0.76470588               0.033235866 -0.00047171388 0.0
0.77205882               0.033688195 -0.0008473841 0.0
0.77941176               0.034177731 -0.0011685192 0.0
0.78676471               0.034712616 -0.0014449224 0.0
0.79411765               0.035284426 -0.0016829648 0.0
0.80147059               0.035870935 -0.0018814827 0.0
0.80882353               0.036477558 -0.0020233636 0.0
0.81617647               0.037135298 -0.0021016949 0.0
0.82352941               0.037823709 -0.0021031846 0.0
0.83088235               0.038538708 -0.0019935235 0.0
0.83823529               0.039248328 -0.0017508898 0.0
0.84558824               0.039906061 -0.0013490421 0.0
0.85294118               0.04044409 -0.00079702799 0.0
0.86029412               0.040821436 -0.00012248978 0.0
0.86764706               0.040956946 0.00062060364 0.0
0.875               0.040804511 0.0013190119 0.0
0.88235294               0.040395679 0.0018344828 0.0
0.88970588               0.039828219 0.0020577014 0.0
0.89705882               0.039248224 0.0019415312 0.0
0.90441176               0.038808217 0.0015495256 0.0
0.91176471               0.038619187 0.00098319027 0.0
0.91911765               0.038684112 0.00039377919 0.0
0.92647059               0.038935655 -0.00013107159 0.0
0.93382353               0.039315133 -0.00056788333 0.0
0.94117647               0.039738721 -0.00091361573 0.0
0.94852941               0.040197837 -0.001206946 0.0
0.95588235               0.040681022 -0.0014626458 0.0
0.96323529               0.04119219 -0.0016788719 0.0
0.97058824               0.041721745 -0.0018562808 0.0
0.97794118               0.042297945 -0.0019898536 0.0
0.98529412               0.042916704 -0.0020542695 0.0
0.99264706               0.043555771 -0.0020336964 0.0
1.0               0.044242082 -0.0019148515 0.0
1.0073529               0.04487205 -0.0016614984 0.0
1.0147059               0.045454721 -0.0012467414 0.0
1.0220588               0.045918119 -0.00068272865 0.0
1.0294118               0.046203563 -1.4658924e-05 0.0
1.0367647               0.046253904 0.00070502345 0.0
1.0441176               0.04602861 0.001336486 0.0
1.0514706               0.045543312 0.0017772042 0.0
1.0588235               0.044918031 0.0019181459 0.0
1.0661765               0.044342288 0.0017275183 0.0
1.0735294               0.043965327 0.0012820351 0.0
1.0808824               0.043827009 0.00072234331 0.0
1.0882353               0.043919926 0.00016382159 0.0
1.0955882               0.044169743 -0.00032216799 0.0
1.1029412               0.044508196 -0.0007330663 0.0
1.1102941               0.044925537 -0.0010710852 0.0
1.1176471               0.045369768 -0.0013475595 0.0
1.125               0.04583433 -0.0015814635 0.0
1.1323529               0.046328412 -0.0017798539 0.0
1.1397059               0.046854047 -0.0019344697 0.0
1.1470588               0.04740379 -0.0020379691 0.0
1.1544118               0.04798695 -0.0020609407 0.0
1.1617647               0.048591672 -0.001995216 0.0
1.1691176               0.049192124 -0.0018166859 0.0
1.1764706               0.049760036 -0.0015082685 0.0
1.1838235               0.050270508 -0.001070719 0.0
1.1911765               0.050634773 -0.00048631595 0.0
1.1985294               0.05081661 0.00017221631 0.0
1.2058824               0.050751701 0.00084196879 0.0
1.2132353               0.050437344 0.0014271814 0.0
1.2205882               0.04990403 0.0017996669 0.0
1.2279412               0.049314613 0.0018840974 0.0
1.2352941               0.048793316 0.0016999755 0.0
1.2426471               0.048415159 0.0013335232 0.0
1.25               0.048239353 0.0008336211 0.0
1.2573529               0.048231896 0.00025105062 0.0
1.2647059               0.048451171 -0.00028480288 0.0
1.2720588               0.048806538 -0.0007138475 0.0
1.2794118               0.049206584 -0.0010554549 0.0
1.2867647               0.049637667 -0.0013388005 0.0
1.2941176               0.050101583 -0.0015893412 0.0
1.3014706               0.050572769 -0.0017967376 0.0
1.3088235               0.051055823 -0.0019462726 0.0
1.3161765               0.051588128 -0.0020383076 0.0
1.3235294               0.052150173 -0.0020619132 0.0
1.3308824               0.052733849 -0.0019844109 0.0
1.3382353               0.053311647 -0.0017882984 0.0
1.3455882               0.053841425 -0.0014491331 0.0
1.3529412               0.054260922 -0.0009732923 0.0
1.3602941               0.054538196 -0.00038998569 0.0
1.3676471               0.054599034 0.00025872175 0.0
1.375               0.054396189 0.00087159809 0.0
1.3823529               0.053962487 0.0013212389 0.0
1.3897059               0.053385215 0.0015110057 0.0
1.3970588               0.052795856 0.0013942716 0.0
1.4044118               0.052345573 0.0010311833 0.0
1.4117647               0.052132348 0.00051779008 0.0
1.4191176               0.052151836 -1.4115427e-05 0.0
1.4264706               0.052346988 -0.00048549708 0.0
1.4338235               0.052662995 -0.00087371541 0.0
1.4411765               0.053014986 -0.0011753904 0.0
1.4485294               0.053399921 -0.0014297973 0.0
1.4558824               0.053802613 -0.0016469454 0.0
1.4632353               0.054224598 -0.0018236183 0.0
1.4705882               0.054658144 -0.0019680605 0.0
1.4779412               0.055135825 -0.0020642344 0.0
1.4852941               0.055641288 -0.0021006131 0.0
1.4926471               0.056163148 -0.0020598775 0.0
1.5               0.056729911 -0.0019312323 0.0
1.5073529               0.057224266 -0.0016810539 0.0
1.5147059               0.057669728 -0.0012860022 0.0
1.5220588               0.058000819 -0.00076157409 0.0
1.5294118               0.058165878 -0.00014663733 0.0
1.5367647               0.058107895 0.0005095826 0.0
1.5441176               0.057797825 0.0010679383 0.0
1.5514706               0.057248958 0.0014447133 0.0
1.5588235               0.056576937 0.0015411671 0.0
1.5661765               0.055969126 0.0013240692 0.0
1.5735294               0.05557101 0.00087328281 0.0
1.5808824               0.055414179 0.00032648528 0.0
1.5882353               0.055485635 -0.00020581348 0.0
1.5955882               0.055708689 -0.00065791747 0.0
1.6029412               0.056008683 -0.0010259839 0.0
1.6102941               0.056378964 -0.0013227613 0.0
1.6176471               0.056769643 -0.0015567985 0.0
1.625               0.05717006 -0.0017480767 0.0
1.6323529               0.057591308 -0.0019054055 0.0
1.6397059               0.058035785 -0.0020212703 0.0
1.6470588               0.058494687 -0.0020913752 0.0
1.6544118               0.058980883 -0.0020882137 0.0
1.6617647               0.059481888 -0.0020018673 0.0
1.6691176               0.059970162 -0.0018144007 0.0
1.6764706               0.060421308 -0.0015105438 0.0
1.6838235               0.060814595 -0.0010928368 0.0
1.6911765               0.061057495 -0.00054143392 0.0
1.6985294               0.061125153 6.4832029e-05 0.0
1.7058824               0.060950163 0.00067148994 0.0
1.7132353               0.060532403 0.00117982 0.0
1.7205882               0.05990967 0.0014522175 0.0
1.7279412               0.059261651 0.0014228725 0.0
1.7352941               0.058719103 0.001114814 0.0
1.7426471               0.058393358 0.00062541564 0.0
1.75               0.058362517 8.5829689e-05 0.0
1.7573529               0.058459422 -0.00040433475 0.0
1.7647059               0.058686529 -0.00080709742 0.0
1.7720588               0.058991994 -0.0011303741 0.0
1.7794118               0.059337839 -0.0013988191 0.0
1.7867647               0.059716357 -0.0016149293 0.0
1.7941176               0.060125067 -0.0018039323 0.0
1.8014706               0.060532402 -0.0019488885 0.0
1.8088235               0.060940758 -0.0020367607 0.0
1.8161765               0.061390808 -0.0020722945 0.0
1.8235294               0.061864929 -0.0020451857 0.0
1.8308824               0.0623515 -0.0019229147 0.0
1.8382353               0.062823587 -0.0016914982 0.0
1.8455882               0.063240219 -0.0013296968 0.0
1.8529412               0.063541145 -0.00084480725 0.0
1.8602941               0.063703047 -0.0002682211 0.0
1.8676471               0.063655472 0.00036091326 0.0
1.875               0.063352611 0.00094740086 0.0
1.8823529               0.062830627 0.001368978 0.0
1.8897059               0.062176402 0.001533807 0.0
1.8970588               0.061516929 0.0013974725 0.0
1.9044118               0.061007881 0.0010189581 0.0
1.9117647               0.060744306 0.00049658163 0.0
1.9191176               0.0607184 -4.2275143e-05 0.0
1.9264706               0.060872794 -0.00051765258 0.0
1.9338235               0.061151476 -0.00090979995 0.0
1.9411765               0.061465452 -0.0012116595 0.0
1.9485294               0.061815752 -0.0014664448 0.0
1.9558824               0.062181662 -0.0016806842 0.0
1.9632353               0.06256439 -0.0018515538 0.0
1.9705882               0.062956474 -0.001991816 0.0
1.9779412               0.063391495 -0.0020775886 0.0
1.9852941               0.063847604 -0.0021071449 0.0
1.9926471               0.06431842 -0.0020607937 0.0
