t               Ux1 Uy1 Uz1
0.0073529412               0.007492136 0.012194379 1.1833038e-26
0.014705882               0.0059616362 0.014261791 7.7898165e-27
0.022058824               0.0036392589 0.01680215 -1.295514e-26
0.029411765               0.00050775084 0.018327904 3.358443e-27
0.036764706               -0.0025371347 0.018676208 -1.1252579e-20
0.044117647               -0.0065910554 0.018382809 -4.7345675e-21
0.051470588               -0.0099655266 0.016606208 -6.6516315e-21
0.058823529               -0.0130115 0.014043433 -2.0204017e-26
0.066176471               -0.014589907 0.011149999 -2.4733451e-27
0.073529412               -0.015579243 0.0076750154 -5.5014326e-27
0.080882353               -0.01506957 0.0046327454 -1.0443407e-27
0.088235294               -0.014053093 0.0019973284 -7.5453952e-27
0.095588235               -0.012458543 -0.00021853979 -4.8951196e-27
0.10294118               -0.010603073 -0.0022378396 -3.7947427e-27
0.11029412               -0.0084021405 -0.0037870096 -4.183607e-27
0.11764706               -0.00674905 -0.0055512652 -3.1712171e-27
0.125               -0.0042757459 -0.0066835116 -2.9090453e-27
0.13235294               -0.0016950504 -0.0076723787 1.923564e-21
0.13970588               0.00068738348 -0.0085376608 4.9851462e-21
0.14705882               0.0030085806 -0.0091688815 2.6802024e-27
0.15441176               0.0054638747 -0.0091681235 1.3812192e-27
0.16176471               0.007722375 -0.0087094517 4.1021445e-21
0.16911765               0.0099427427 -0.0080628627 -1.5214085e-27
0.17647059               0.011881558 -0.0070935219 1.0282445e-27
0.18382353               0.013582011 -0.0055480309 6.2482437e-27
0.19117647               0.014726425 -0.0037680424 7.9437125e-27
0.19852941               0.015373843 -0.0020878993 7.3677254e-28
0.20588235               0.015471899 -0.00072574971 1.2110306e-26
0.21323529               0.014416131 0.00048596382 4.1771497e-27
0.22058824               0.014134214 0.00097569036 -2.572097e-22
0.22794118               0.013193001 0.00065420815 5.2198379e-27
0.23529412               0.013078504 2.5441928e-06 2.9067149e-27
0.24264706               0.012850272 -0.001146488 -4.2779844e-22
0.25               0.014144486 -0.0019577204 2.653036e-27
0.25735294               0.014952377 -0.002876084 2.8789936e-27
0.26470588               0.016236874 -0.0033597639 -2.5280851e-22
0.27205882               0.017289539 -0.0037121436 1.8709211e-27
0.27941176               0.018600645 -0.0039951969 -4.7687044e-21
0.28676471               0.01950571 -0.0042520245 3.0751174e-27
0.29411765               0.020824852 -0.0043002207 1.725893e-27
0.30147059               0.022140584 -0.0041229423 2.7085393e-27
0.30882353               0.023565038 -0.0038896647 1.0651695e-27
0.31617647               0.024767043 -0.0038806833 2.7169558e-27
0.32352941               0.025875242 -0.0034379581 -5.9459866e-27
0.33088235               0.027024448 -0.0028551129 5.6993477e-27
0.33823529               0.02799212 -0.0017696953 8.9677259e-27
0.34558824               0.02876116 -0.00093305679 2.8702785e-27
0.35294118               0.029325501 0.00042593175 4.4096913e-27
0.36029412               0.029110619 0.0019068452 1.1752436e-27
0.36764706               0.029308798 0.003019647 6.2697782e-28
0.375               0.028853111 0.0038617351 2.0936911e-27
0.38235294               0.027715656 0.0043691314 -1.4082464e-27
0.38970588               0.02668455 0.0041702395 3.6543146e-27
0.39705882               0.026255766 0.0035364463 7.6712882e-28
0.40441176               0.026144327 0.0025635642 2.2312788e-27
0.41176471               0.026226658 0.0013950024 1.1136243e-27
0.41911765               0.026704065 0.00048764821 4.5770575e-28
0.42647059               0.027698859 -0.00033803526 9.0300388e-27
0.43382353               0.029207181 -0.00089054713 1.3541077e-27
0.44117647               0.030157234 -0.0013184523 2.9983495e-27
0.44852941               0.031298958 -0.0016963782 -8.4434241e-28
0.45588235               0.032454472 -0.0016175392 3.4232456e-21
0.46323529               0.033481318 -0.0019670919 7.5596604e-28
0.47058824               0.034503228 -0.0020121083 2.8903685e-27
0.47794118               0.035512697 -0.0019653462 1.6324145e-28
0.48529412               0.036506316 -0.0018270489 -2.6521643e-27
0.49264706               0.037636117 -0.0014169389 1.209685e-27
0.5               0.038547283 -0.00086121603 1.428017e-27
0.50735294               0.039518728 -0.00017289153 5.6494063e-28
0.51470588               0.039781622 0.00068194355 8.1144469e-27
0.52205882               0.040393515 0.0018528296 -5.030852e-27
0.52941176               0.040191836 0.0029435504 1.2806753e-27
0.53676471               0.039867616 0.0037340952 5.1756332e-27
0.54411765               0.039129878 0.0044224758 -2.7269529e-28
0.55147059               0.038320025 0.0044783926 -1.3172929e-22
0.55882353               0.037647993 0.0041430118 -3.9021368e-22
0.56617647               0.036922081 0.0033996641 1.6149221e-27
0.57352941               0.036618541 0.0021981657 8.7896414e-28
0.58088235               0.037111309 0.0012098504 2.4968476e-27
0.58823529               0.037574705 0.00021135541 -3.5238524e-27
0.59558824               0.03865212 -0.00058195876 3.225021e-27
0.60294118               0.039622704 -0.00099867399 1.2991586e-27
0.61029412               0.040717281 -0.0013684653 6.1314245e-21
0.61764706               0.041480546 -0.0017953472 1.9871208e-27
0.625               0.042646781 -0.0018354034 -5.7133593e-21
0.63235294               0.043817178 -0.0018829154 4.7695438e-22
0.63970588               0.044412635 -0.0020277048 2.4235935e-27
0.64705882               0.045364473 -0.0019294788 -1.2177918e-20
0.65441176               0.046204618 -0.0016801525 2.7633597e-28
0.66176471               0.047001369 -0.0012544737 2.3941627e-28
0.66911765               0.047836532 -0.00069860988 -3.3187594e-21
0.67647059               0.048460385 1.1030461e-05 4.119586e-27
0.68382353               0.048628919 0.0011587527 1.1354642e-27
0.69117647               0.048969837 0.0020924323 5.6186148e-27
0.69852941               0.048876432 0.0030005084 -2.1774555e-21
0.70588235               0.048125727 0.003782308 9.7851237e-27
0.71323529               0.046968119 0.0042939735 -1.8777188e-21
0.72058824               0.046408356 0.0041864778 -9.0153269e-22
0.72794118               0.045378874 0.0036689425 -4.3832067e-27
0.73529412               0.045112832 0.0028125859 -7.2210338e-21
0.74264706               0.044905428 0.0017601993 -2.7801556e-27
0.75               0.045316881 0.00080529274 9.2981706e-28
0.75735294               0.046220173 -3.5909145e-05 1.2386592e-27
0.76470588               0.047210369 -0.00056778917 5.2891302e-28
0.77205882               0.047955905 -0.00096050812 2.7451962e-27
0.77941176               0.049060331 -0.0013811156 8.3938271e-28
0.78676471               0.049648987 -0.0017342228 -5.4236603e-21
0.79411765               0.050359987 -0.0019372187 -2.6383603e-27
0.80147059               0.051253685 -0.0017592519 -7.9500404e-21
0.80882353               0.05228167 -0.0016308353 2.2069248e-27
0.81617647               0.052871344 -0.0016794201 -4.2241626e-21
0.82352941               0.053669575 -0.0013490535 -2.3304904e-21
0.83088235               0.05439397 -0.00093134482 2.9232832e-27
0.83823529               0.05489413 -0.00014084171 -4.6550503e-21
0.84558824               0.055211314 0.00049590703 7.8729031e-27
0.85294118               0.055539955 0.0015237321 1.8565586e-27
0.86029412               0.055185795 0.0025262616 -5.0332786e-27
0.86764706               0.055232692 0.0032972998 2.4191511e-27
0.875               0.054300508 0.0039766591 2.0803184e-27
0.88235294               0.053273414 0.0044018927 8.4987036e-27
0.88970588               0.052138299 0.0039337126 -5.4736651e-27
0.89705882               0.051321791 0.0034089835 1.3374433e-27
0.90441176               0.051182681 0.0023686037 -6.4963504e-21
0.91176471               0.051033925 0.0013643407 -9.8447167e-21
0.91911765               0.051408241 0.00053085231 3.4416171e-27
0.92647059               0.052272021 -0.00018490203 -4.6850297e-21
0.93382353               0.053333495 -0.00076548082 -4.8459913e-27
0.94117647               0.053763617 -0.0010977173 -1.2325585e-20
0.94852941               0.054860179 -0.0014500481 1.7939132e-27
0.95588235               0.055920773 -0.0013708096 -1.027317e-20
0.96323529               0.056601482 -0.0016086181 2.2417157e-27
0.97058824               0.057279656 -0.0015841799 2.747342e-27
0.97794118               0.057796007 -0.0014550529 -3.4179546e-21
0.98529412               0.058812985 -0.001326742 3.0955988e-27
0.99264706               0.05918517 -0.00083113763 -9.8611559e-22
1.0               0.060043447 -0.00041001943 8.4273442e-27
1.0073529               0.060417604 0.00027338371 3.5342888e-27
1.0147059               0.060675331 0.0010120326 3.7517273e-27
1.0220588               0.060721429 0.0020129176 1.7877769e-27
1.0294118               0.06038281 0.0029484282 7.0991432e-28
1.0367647               0.059877322 0.0037888117 4.9021677e-27
1.0441176               0.058894888 0.0042914955 9.7705676e-27
1.0514706               0.057969387 0.0043518175 -8.8309462e-21
1.0588235               0.056978769 0.0040137997 4.4853814e-28
1.0661765               0.056480266 0.0031951038 2.4932471e-27
1.0735294               0.055909016 0.0023231515 -1.3394724e-20
1.0808824               0.056323899 0.0013048073 2.3613854e-27
1.0882353               0.056685845 0.00043420432 1.0878374e-27
1.0955882               0.057407912 -0.00026216918 -6.6131248e-27
1.1029412               0.058119107 -0.00075744418 9.3011967e-28
1.1102941               0.059259268 -0.00096837191 -5.3205652e-29
1.1176471               0.059565625 -0.0013524134 5.4248531e-28
1.125               0.06033996 -0.0013653413 -1.7948195e-21
1.1323529               0.061319267 -0.0013195509 2.1548719e-27
1.1397059               0.061994085 -0.0013865269 -3.0853685e-27
1.1470588               0.06267354 -0.0013160821 2.3056995e-27
1.1544118               0.06336319 -0.0010512748 -9.1150874e-28
1.1617647               0.063951477 -0.00054252432 -2.630485e-27
1.1691176               0.064472174 -1.6970312e-06 6.9736402e-28
1.1764706               0.064735747 0.00069027016 2.7576053e-28
1.1838235               0.064870269 0.0015796943 9.8140063e-27
1.1911765               0.064813166 0.002480786 4.5395031e-27
1.1985294               0.064423207 0.0033665018 -1.6649762e-28
1.2058824               0.063733469 0.0040587767 -5.656629e-27
1.2132353               0.062249225 0.0044506183 -9.9165572e-21
1.2205882               0.061698816 0.0043297584 3.272935e-27
1.2279412               0.060549573 0.00378805 -1.2477615e-20
1.2352941               0.06025278 0.0030276239 -2.0745412e-20
1.2426471               0.060004121 0.0018018899 -4.8035042e-27
1.25               0.060760568 0.0010482686 -2.7806679e-21
1.2573529               0.061287225 0.00012470195 -4.7610611e-22
1.2647059               0.062171123 -0.0002869905 -1.4215834e-29
1.2720588               0.062816455 -0.00069385622 9.3733151e-28
1.2794118               0.063609423 -0.001062389 1.6063336e-27
1.2867647               0.064047562 -0.0013435083 -3.3103102e-27
1.2941176               0.064730712 -0.0014181092 -1.8553115e-21
1.3014706               0.065534491 -0.0012564525 -3.3047596e-22
1.3088235               0.066321987 -0.0011319106 -3.9905083e-27
1.3161765               0.066929199 -0.0011151538 -2.9101096e-27
1.3235294               0.067373226 -0.00074190518 -7.0580105e-21
1.3308824               0.067902218 -0.00042146552 1.8436244e-27
1.3382353               0.068242385 0.00026623764 1.750047e-27
1.3455882               0.06846168 0.00086377237 -6.2069867e-21
1.3529412               0.068436586 0.0018480192 4.8367064e-27
1.3602941               0.067929297 0.00293195 3.7826618e-28
1.3676471               0.067736884 0.0036149374 -3.0833255e-27
1.375               0.067030787 0.0041470118 3.2419419e-27
1.3823529               0.065803482 0.004437614 4.169266e-27
1.3897059               0.064588506 0.0040812773 -1.0997241e-20
1.3970588               0.064016704 0.003412932 -3.5807444e-27
1.4044118               0.063786769 0.0026069796 7.003343e-28
1.4117647               0.063688032 0.0014912875 1.0056186e-27
1.4191176               0.063849895 0.00069891223 -2.991944e-21
1.4264706               0.06463931 -0.00015284053 -6.1116478e-21
1.4338235               0.065718071 -0.00050010025 -1.9216122e-20
1.4411765               0.066262934 -0.00084517773 -2.4162109e-21
1.4485294               0.067022563 -0.0012403936 -6.0996387e-21
1.4558824               0.067818756 -0.0010955193 -1.3600651e-21
1.4632353               0.068456237 -0.0013408381 8.2857229e-28
1.4705882               0.069089347 -0.0013263244 -3.9503294e-21
1.4779412               0.069611761 -0.0012244335 -3.03132e-21
1.4852941               0.070217915 -0.0010656929 -6.7011322e-21
1.4926471               0.070745378 -0.00070879564 -3.9555528e-21
1.5               0.071335052 -0.00017707257 2.9522581e-27
1.5073529               0.071653758 0.00048201808 8.8620279e-28
1.5147059               0.071691645 0.0012506667 4.6168276e-27
1.5220588               0.071748373 0.0020946748 4.0083777e-27
1.5294118               0.071206141 0.0030621478 4.238996e-27
1.5367647               0.070495395 0.0035742445 -9.2707387e-27
1.5441176               0.069683391 0.0040909898 3.0440982e-27
1.5514706               0.068633299 0.004156904 -1.8360513e-21
1.5588235               0.067664709 0.0038084104 3.5802595e-27
1.5661765               0.066995181 0.003183432 -1.1255505e-20
1.5735294               0.066624416 0.002146508 -4.7281027e-27
1.5808824               0.066896035 0.0011189692 -2.4905948e-27
1.5882353               0.067078475 0.00036499192 -5.0197721e-21
1.5955882               0.067870637 -0.00027704391 -5.7328167e-29
1.6029412               0.068680749 -0.00072868605 -6.5852027e-21
1.6102941               0.0694266 -0.00096199551 1.8957366e-27
1.6176471               0.069995505 -0.001355788 9.3657902e-29
1.625               0.070769884 -0.0013566855 -3.8946339e-27
1.6323529               0.071668745 -0.0012759865 3.8886627e-28
1.6397059               0.071931026 -0.001360793 2.1520493e-28
1.6470588               0.072664831 -0.0012635715 1.4721716e-27
1.6544118               0.073076932 -0.00088318379 2.2656945e-27
1.6617647               0.073526154 -0.00051639641 -4.1434001e-21
1.6691176               0.073994194 5.1192655e-06 -1.1966701e-22
1.6764706               0.074290265 0.00063800401 -4.3415745e-27
1.6838235               0.074017558 0.001675632 6.8611549e-27
1.6911765               0.074275025 0.0023940793 -2.9984713e-21
1.6985294               0.073727135 0.0032654491 5.1711962e-27
1.7058824               0.072819515 0.0038816307 1.6280791e-27
1.7132353               0.071506212 0.0042572187 5.6683003e-27
1.7205882               0.070812908 0.0041125717 -5.7584984e-21
1.7279412               0.069730322 0.0035754394 -1.1771702e-20
1.7352941               0.069431396 0.0027320013 -1.4111824e-20
1.7426471               0.069102709 0.0018053919 1.8824944e-27
1.75               0.069391777 0.00082139689 1.2447227e-27
1.7573529               0.070077719 7.7466254e-05 -5.4750365e-21
1.7647059               0.070936277 -0.00031123736 -1.0047992e-20
1.7720588               0.071547207 -0.00071127797 -4.1511529e-27
1.7794118               0.07237112 -0.0010564122 -1.3233454e-20
1.7867647               0.072641969 -0.0013497463 -1.2118603e-20
1.7941176               0.073304718 -0.0015698185 -4.5194471e-22
1.8014706               0.074069392 -0.0012977155 -6.1126747e-21
1.8088235               0.074664149 -0.0010710694 -8.9010247e-21
1.8161765               0.075160708 -0.0011741593 -3.2821015e-27
1.8235294               0.075661761 -0.0009440795 -8.2529818e-21
1.8308824               0.07615141 -0.00053704784 4.3927702e-27
1.8382353               0.076547992 8.2298946e-05 -6.3451282e-27
1.8455882               0.076480894 0.00077003976 -1.0000379e-20
1.8529412               0.076551941 0.0016653359 -8.7199723e-21
1.8602941               0.075952641 0.0026483631 4.2963653e-27
1.8676471               0.075988935 0.0032726635 -7.9705006e-28
1.875               0.074908198 0.0038518615 -4.3504295e-27
1.8823529               0.073846623 0.0041471538 -9.5074142e-29
1.8897059               0.072573513 0.0039042305 8.4720453e-28
1.8970588               0.071647644 0.0033207018 -2.3921182e-21
1.9044118               0.071467338 0.0022467164 -7.2114258e-27
1.9117647               0.071331937 0.0013018624 -8.1853323e-21
1.9191176               0.071601773 0.00056002924 -1.977776e-21
1.9264706               0.072273669 -0.00017303109 -5.3674035e-21
1.9338235               0.073277777 -0.00071483932 -2.6495425e-21
1.9411765               0.073474274 -0.00088855585 6.7218258e-29
1.9485294               0.074392129 -0.0012412583 8.899098e-28
1.9558824               0.075273301 -0.0012420696 -1.1624028e-22
1.9632353               0.075831743 -0.0014158003 2.551845e-27
1.9705882               0.076269274 -0.0014052973 -2.251178e-21
1.9779412               0.076696981 -0.0012422468 -4.0634555e-22
1.9852941               0.077459522 -0.001099057 5.7834437e-27
1.9926471               0.077551987 -0.00054020978 -2.3232249e-22
