t               Ux1 Uy1 Uz1
0.0073529412               0.011621195 0.01193842 0.0
0.014705882               0.011819217 0.016023531 0.0
0.022058824               0.01114515 0.019615492 0.0
0.029411765               0.010354734 0.022111148 0.0
0.036764706               0.0097892478 0.023166141 0.0
0.044117647               0.0096982547 0.022481731 0.0
0.051470588               0.010410329 0.020057286 0.0
0.058823529               0.012199164 0.016042187 0.0
0.066176471               0.015172573 0.011058646 0.0
0.073529412               0.019271051 0.0058207625 0.0
0.080882353               0.024087568 0.0010716169 0.0
0.088235294               0.029143363 -0.0027292822 0.0
0.095588235               0.034005115 -0.0054441026 0.0
0.10294118               0.038406764 -0.0072338199 0.0
0.11029412               0.042306299 -0.0082123062 0.0
0.11764706               0.045692982 -0.008590295 0.0
0.125               0.048623149 -0.0084974293 0.0
0.13235294               0.051190185 -0.0080206183 0.0
0.13970588               0.053404941 -0.0071640047 0.0
0.14705882               0.055321246 -0.0060045748 0.0
0.15441176               0.056949662 -0.0044997095 0.0
0.16176471               0.058258699 -0.0026766997 0.0
0.16911765               0.059221683 -0.00059456397 0.0
0.17647059               0.05981471 0.0016931851 0.0
0.18382353               0.060021698 0.0040675407 0.0
0.19117647               0.059779162 0.0063751818 0.0
0.19852941               0.059183291 0.0082751638 0.0
0.20588235               0.058300153 0.0095797358 0.0
0.21323529               0.057394175 0.0099691866 0.0
0.22058824               0.056692057 0.0091983438 0.0
0.22794118               0.056560493 0.0072583022 0.0
0.23529412               0.057121058 0.0044804412 0.0
0.24264706               0.058433553 0.0011765864 0.0
0.25               0.060479353 -0.0021420195 0.0
0.25735294               0.06295287 -0.0048521406 0.0
0.26470588               0.065454029 -0.0066317547 0.0
0.27205882               0.067693045 -0.0076432866 0.0
0.27941176               0.069618043 -0.0080627317 0.0
0.28676471               0.071254832 -0.0080901272 0.0
0.29411765               0.072683024 -0.0078074274 0.0
0.30147059               0.073871517 -0.0072313385 0.0
0.30882353               0.074848507 -0.0063283651 0.0
0.31617647               0.075679518 -0.0051860963 0.0
0.32352941               0.076320039 -0.0037738136 0.0
0.33088235               0.076751983 -0.0021017706 0.0
0.33823529               0.076918608 -0.0002127269 0.0
0.34558824               0.076776764 0.0018213699 0.0
0.35294118               0.076281645 0.0038711097 0.0
0.36029412               0.075460693 0.0056880696 0.0
0.36764706               0.074391703 0.0070721845 0.0
0.375               0.073146772 0.0077377037 0.0
0.38235294               0.072006596 0.0074099486 0.0
0.38970588               0.071245235 0.0060753353 0.0
0.39705882               0.071087859 0.0038552108 0.0
0.40441176               0.071675557 0.0011293635 0.0
0.41176471               0.072976602 -0.0016459206 0.0
0.41911765               0.074703722 -0.0040175995 0.0
0.42647059               0.076577059 -0.0057827886 0.0
0.43382353               0.078360819 -0.0069186489 0.0
0.44117647               0.079917738 -0.0074947928 0.0
0.44852941               0.081253591 -0.0076741397 0.0
0.45588235               0.082342906 -0.0075041329 0.0
0.46323529               0.083240475 -0.007040739 0.0
0.47058824               0.08397215 -0.00635837 0.0
0.47794118               0.084543358 -0.0053741912 0.0
0.48529412               0.084976342 -0.0041957697 0.0
0.49264706               0.085229838 -0.0027611942 0.0
0.5               0.085323163 -0.0011095751 0.0
0.50735294               0.085120155 0.00072143732 0.0
0.51470588               0.08463884 0.0026647727 0.0
0.52205882               0.083849284 0.0045306836 0.0
0.52941176               0.082802725 0.0061310649 0.0
0.53676471               0.081533148 0.0072098 0.0
0.54411765               0.080216824 0.0074479327 0.0
0.55147059               0.079060763 0.0067330617 0.0
0.55882353               0.078341901 0.0050552359 0.0
0.56617647               0.078300753 0.0026423018 0.0
0.57352941               0.078991172 -7.4355945e-05 0.0
0.58088235               0.080255145 -0.0026160488 0.0
0.58823529               0.081817479 -0.0046695513 0.0
0.59558824               0.083418772 -0.0061116664 0.0
0.60294118               0.084864194 -0.0069915163 0.0
0.61029412               0.086113997 -0.0073990223 0.0
0.61764706               0.087160964 -0.0074145467 0.0
0.625               0.087973428 -0.0071279767 0.0
0.63235294               0.08863881 -0.006614643 0.0
0.63970588               0.089128155 -0.005837053 0.0
0.64705882               0.089485983 -0.0048802078 0.0
0.65441176               0.089717412 -0.0036633484 0.0
0.66176471               0.089765528 -0.0022172326 0.0
0.66911765               0.089613367 -0.00059749451 0.0
0.67647059               0.089240365 0.0011592087 0.0
0.68382353               0.088633055 0.0029491489 0.0
0.69117647               0.087716076 0.0046536736 0.0
0.69852941               0.086573965 0.0059840309 0.0
0.70588235               0.085234058 0.006773287 0.0
0.71323529               0.083908962 0.006756244 0.0
0.72058824               0.082816579 0.0057382721 0.0
0.72794118               0.082258687 0.0038289869 0.0
0.73529412               0.082371278 0.0013303686 0.0
0.74264706               0.083180836 -0.0013306019 0.0
0.75               0.084525025 -0.0036705572 0.0
0.75735294               0.085983298 -0.0054476649 0.0
0.76470588               0.087387065 -0.0066112258 0.0
0.77205882               0.088622296 -0.0072680445 0.0
0.77941176               0.089661586 -0.0074709982 0.0
0.78676471               0.090492981 -0.0073391465 0.0
0.79411765               0.09116598 -0.006970948 0.0
0.80147059               0.091649367 -0.0063598555 0.0
0.80882353               0.091969761 -0.00547142 0.0
0.81617647               0.092191077 -0.0043934314 0.0
0.82352941               0.092273831 -0.003094574 0.0
0.83088235               0.092198102 -0.0015840226 0.0
0.83823529               0.091914064 9.6922158e-05 0.0
0.84558824               0.091386908 0.0018798741 0.0
0.85294118               0.09057498 0.0036551263 0.0
0.86029412               0.089509886 0.0051928108 0.0
0.86764706               0.088258765 0.0063295235 0.0
0.875               0.086870487 0.006820848 0.0
0.88235294               0.085592117 0.0064229338 0.0
0.88970588               0.084649518 0.0051316608 0.0
0.89705882               0.084243218 0.0030530951 0.0
0.90441176               0.084514235 0.0005310301 0.0
0.91176471               0.085418687 -0.0020179955 0.0
0.91911765               0.086702764 -0.00418278 0.0
0.92647059               0.088114706 -0.0057821897 0.0
0.93382353               0.089445006 -0.0068042887 0.0
0.94117647               0.090568882 -0.0073155088 0.0
0.94852941               0.091504084 -0.0074662598 0.0
0.95588235               0.092220108 -0.0072962987 0.0
0.96323529               0.09277109 -0.0068560798 0.0
0.97058824               0.093182769 -0.0062160771 0.0
0.97794118               0.093455431 -0.0052952378 0.0
0.98529412               0.093618599 -0.0041989293 0.0
0.99264706               0.093625828 -0.0028625343 0.0
1.0               0.093502028 -0.0013275249 0.0
1.0073529               0.093111776 0.00037129842 0.0
1.0147059               0.092477748 0.0021756803 0.0
1.0220588               0.091569786 0.0039065463 0.0
1.0294118               0.09043432 0.005393546 0.0
1.0367647               0.089098123 0.0064020572 0.0
1.0441176               0.087716558 0.0066264378 0.0
1.0514706               0.08647306 0.0059656564 0.0
1.0588235               0.085626583 0.0044081109 0.0
1.0661765               0.085411696 0.0021487797 0.0
1.0735294               0.085876725 -0.0003955891 0.0
1.0808824               0.086877008 -0.0027772544 0.0
1.0882353               0.088159291 -0.0047057824 0.0
1.0955882               0.089485807 -0.0060627971 0.0
1.1029412               0.090673114 -0.0068926005 0.0
1.1102941               0.091685973 -0.0072839426 0.0
1.1176471               0.092520876 -0.0073019301 0.0
1.125               0.093143912 -0.0070285735 0.0
1.1323529               0.093639361 -0.0065348661 0.0
1.1397059               0.093974318 -0.0057832138 0.0
1.1470588               0.094192412 -0.0048606964 0.0
1.1544118               0.094301134 -0.0036824721 0.0
1.1617647               0.09424149 -0.0022787734 0.0
1.1691176               0.093999304 -0.00070282151 0.0
1.1764706               0.093555537 0.0010121605 0.0
1.1838235               0.0928989 0.0027688028 0.0
1.1911765               0.09195534 0.0044614173 0.0
1.1985294               0.090809877 0.0058180619 0.0
1.2058824               0.089477941 0.0066931041 0.0
1.2132353               0.088155702 0.0068481367 0.0
1.2205882               0.087023028 0.0060846015 0.0
1.2279412               0.086325736 0.0044679902 0.0
1.2352941               0.086172939 0.0021829033 0.0
1.2426471               0.086593489 -0.00048413473 0.0
1.25               0.087636736 -0.0031251139 0.0
1.2573529               0.089000215 -0.0052301792 0.0
1.2647059               0.09038071 -0.0065802201 0.0
1.2720588               0.09157128 -0.0073347595 0.0
1.2794118               0.092541935 -0.0076088313 0.0
1.2867647               0.093295484 -0.0075449421 0.0
1.2941176               0.093895685 -0.0072404301 0.0
1.3014706               0.094311796 -0.0066893769 0.0
1.3088235               0.094571068 -0.0058570536 0.0
1.3161765               0.094738256 -0.0048330106 0.0
1.3235294               0.094775499 -0.003585807 0.0
1.3308824               0.094662891 -0.0021236117 0.0
1.3382353               0.094350405 -0.00048515848 0.0
1.3455882               0.093802565 0.0012624084 0.0
1.3529412               0.09297639 0.003013032 0.0
1.3602941               0.091899878 0.0045393926 0.0
1.3676471               0.090638772 0.0056812461 0.0
1.375               0.089233487 0.0061966751 0.0
1.3823529               0.087931991 0.0058400326 0.0
1.3897059               0.086955649 0.0046126329 0.0
1.3970588               0.086499098 0.0026191566 0.0
1.4044118               0.086701617 0.00019262585 0.0
1.4117647               0.087516368 -0.0022620982 0.0
1.4191176               0.088697297 -0.0043513784 0.0
1.4264706               0.090006712 -0.0058969178 0.0
1.4338235               0.091244279 -0.006881113 0.0
1.4411765               0.092284717 -0.0073663214 0.0
1.4485294               0.093145339 -0.0074995567 0.0
1.4558824               0.093794492 -0.0073173262 0.0
1.4632353               0.094284249 -0.0068692464 0.0
1.4705882               0.094639399 -0.0062241635 0.0
1.4779412               0.094859934 -0.0053015105 0.0
1.4852941               0.094975194 -0.0042072396 0.0
1.4926471               0.09493727 -0.0028755597 0.0
1.5               0.09477387 -0.0013490495 0.0
1.5073529               0.094346422 0.00033785407 0.0
1.5147059               0.093678605 0.0021257405 0.0
1.5220588               0.092742267 0.0038356967 0.0
1.5294118               0.091583563 0.0052961944 0.0
1.5367647               0.090228172 0.0062732188 0.0
1.5441176               0.088835004 0.0064662628 0.0
1.5514706               0.087586265 0.0057781356 0.0
1.5588235               0.086736426 0.0042052533 0.0
1.5661765               0.086514858 0.001947128 0.0
1.5735294               0.086969471 -0.0005840978 0.0
1.5808824               0.087955259 -0.0029470544 0.0
1.5882353               0.089215818 -0.0048525291 0.0
1.5955882               0.090515831 -0.0061836866 0.0
1.6029412               0.091672425 -0.0069864155 0.0
1.6102941               0.09265125 -0.007351715 0.0
1.6176471               0.093449796 -0.0073474427 0.0
1.625               0.094031881 -0.0070566716 0.0
1.6323529               0.094485145 -0.006554916 0.0
1.6397059               0.094778587 -0.0058011556 0.0
1.6470588               0.094955978 -0.0048818927 0.0
1.6544118               0.095024675 -0.0037132033 0.0
1.6617647               0.094925112 -0.0023264944 0.0
1.6691176               0.094643458 -0.00077636322 0.0
1.6764706               0.094159717 0.00090313796 0.0
1.6838235               0.093461817 0.0026110273 0.0
1.6911765               0.092473421 0.004236067 0.0
1.6985294               0.091277422 0.0054993237 0.0
1.7058824               0.08989267 0.0062423951 0.0
1.7132353               0.088524877 0.0062126013 0.0
1.7205882               0.087380632 0.0052199017 0.0
1.7279412               0.086746969 0.0033831345 0.0
1.7352941               0.086752124 0.00097793288 0.0
1.7426471               0.087421726 -0.0015798577 0.0
1.75               0.088607973 -0.0038279212 0.0
1.7573529               0.089901204 -0.0055322076 0.0
1.7647059               0.091144163 -0.0066427658 0.0
1.7720588               0.092227321 -0.0072643753 0.0
1.7794118               0.093126315 -0.0074482558 0.0
1.7867647               0.093828172 -0.0073071907 0.0
1.7941176               0.094381093 -0.0069403007 0.0
1.8014706               0.094753127 -0.006337626 0.0
1.8088235               0.094971128 -0.0054636597 0.0
1.8161765               0.095098215 -0.004406772 0.0
1.8235294               0.095095796 -0.0031354107 0.0
1.8308824               0.094944115 -0.0016585671 0.0
1.8382353               0.094593675 -1.6371412e-05 0.0
1.8455882               0.094011086 0.0017228958 0.0
1.8529412               0.093154594 0.0034538588 0.0
1.8602941               0.092055325 0.004950076 0.0
1.8676471               0.09077864 0.0060539668 0.0
1.875               0.089368337 0.0065279006 0.0
1.8823529               0.088066263 0.0061319316 0.0
1.8897059               0.087090435 0.0048640642 0.0
1.8970588               0.086637373 0.002826879 0.0
1.9044118               0.086847477 0.00035607626 0.0
1.9117647               0.087675555 -0.0021381671 0.0
1.9191176               0.088873753 -0.0042557881 0.0
1.9264706               0.090197287 -0.0058185288 0.0
1.9338235               0.091442215 -0.0068150981 0.0
1.9411765               0.092485843 -0.0073103358 0.0
1.9485294               0.093347042 -0.0074526122 0.0
1.9558824               0.093994872 -0.007279949 0.0
1.9632353               0.094482711 -0.0068412375 0.0
1.9705882               0.094836296 -0.0062060362 0.0
1.9779412               0.095054909 -0.0052938529 0.0
1.9852941               0.095168732 -0.0042102327 0.0
1.9926471               0.095131079 -0.0028893304 0.0
