t               Ux1 Uy1 Uz1
0.0073529412               0.0075462956 0.010442209 1.8229238e-20
0.014705882               0.0067659037 0.013084441 1.4243031e-20
0.022058824               0.0045683409 0.015308288 -2.5176079e-20
0.029411765               0.002121389 0.016849382 -1.6458526e-20
0.036764706               -0.0014602268 0.017722416 -1.1366003e-19
0.044117647               -0.0047832547 0.017500739 4.7855457e-20
0.051470588               -0.0087472974 0.016289612 5.2469939e-21
0.058823529               -0.011296598 0.0147326 9.6045458e-21
0.066176471               -0.013299662 0.01229356 -4.1136414e-20
0.073529412               -0.014852764 0.0094875672 2.2988941e-20
0.080882353               -0.01479577 0.0068662873 -5.0025979e-20
0.088235294               -0.014216796 0.0040249638 1.4306974e-19
0.095588235               -0.013270885 0.001460812 4.3338198e-20
0.10294118               -0.01201177 -0.00055488628 -4.4641419e-20
0.11029412               -0.010623299 -0.0026556454 -4.944866e-22
0.11764706               -0.008927496 -0.0044851412 -1.2584546e-21
0.125               -0.0069447873 -0.0060546482 7.7593878e-20
0.13235294               -0.0048999827 -0.0075255377 -5.2803707e-20
0.13970588               -0.0025430659 -0.0087110543 -8.5872494e-20
0.14705882               -2.4406178e-05 -0.009467303 -7.3576474e-21
0.15441176               0.0025398102 -0.010047183 1.298856e-19
0.16176471               0.0049006746 -0.010216912 2.1017699e-20
0.16911765               0.00758148 -0.0099070514 -8.4477447e-20
0.17647059               0.0096233065 -0.0090736856 6.4806912e-21
0.18382353               0.011455751 -0.0077516245 5.376146e-20
0.19117647               0.013046266 -0.0064494853 -1.0886764e-20
0.19852941               0.013927105 -0.0046656464 3.6077418e-20
0.20588235               0.014475555 -0.0031163639 -1.266121e-20
0.21323529               0.014351992 -0.0017502588 4.7679961e-20
0.22058824               0.013405447 -0.00075693375 3.9508203e-20
0.22794118               0.012743767 -0.00049141811 -5.8090531e-20
0.23529412               0.012208818 -0.00065862043 -6.9586968e-20
0.24264706               0.012124635 -0.0013026559 5.1485317e-20
0.25               0.012196497 -0.0023248936 -1.6371624e-20
0.25735294               0.012876766 -0.0030583008 5.0048364e-20
0.26470588               0.013760226 -0.0036563393 3.5034407e-20
0.27205882               0.01511701 -0.0039572803 -6.5166642e-21
0.27941176               0.016055677 -0.0042879696 1.3382819e-19
0.28676471               0.017340153 -0.0045534745 -1.0073809e-19
0.29411765               0.018485194 -0.0045162518 -4.4834285e-20
0.30147059               0.019774651 -0.0044810731 -2.4797744e-21
0.30882353               0.020818974 -0.0043768412 -8.2040393e-20
0.31617647               0.021971739 -0.0040331656 4.2883492e-20
0.32352941               0.023190731 -0.0036721886 -4.280207e-20
0.33088235               0.024405848 -0.0031060654 5.5522027e-20
0.33823529               0.025440783 -0.0023866127 2.7822857e-20
0.34558824               0.026344163 -0.0014825198 -9.7929576e-20
0.35294118               0.027025657 -0.00018168133 9.5731865e-20
0.36029412               0.027907638 0.00081041961 1.4837559e-20
0.36764706               0.027668214 0.0021483206 4.0955833e-20
0.375               0.027086294 0.0030984205 -9.0018119e-20
0.38235294               0.026319035 0.0036576183 1.3329129e-20
0.38970588               0.025583417 0.0040393445 -4.5158068e-20
0.39705882               0.025099612 0.0037787327 6.4838129e-21
0.40441176               0.024260024 0.0029995449 -1.322016e-19
0.41176471               0.024712598 0.0021729653 -8.2231393e-21
0.41911765               0.025089963 0.0010366834 4.4339857e-20
0.42647059               0.025776178 0.00021548292 4.7828639e-20
0.43382353               0.026806313 -0.00029227402 1.2149357e-19
0.44117647               0.027842449 -0.00096933972 -2.2646909e-20
0.44852941               0.028778139 -0.0014096589 -8.5561173e-20
0.45588235               0.029643058 -0.0015111058 -5.20571e-20
0.46323529               0.03062685 -0.0016596263 -2.4486112e-20
0.47058824               0.031863714 -0.0017119859 -7.2857133e-20
0.47794118               0.032729944 -0.0018090961 -1.0864628e-19
0.48529412               0.03372683 -0.0017334887 -3.1404667e-20
0.49264706               0.034807471 -0.0015082746 -8.1069325e-21
0.5               0.035768202 -0.0010494332 3.2308203e-21
0.50735294               0.036684575 -0.0006152374 9.4141796e-20
0.51470588               0.037453291 0.00015163067 6.7904974e-21
0.52205882               0.038045556 0.001026609 8.9600874e-21
0.52941176               0.038369312 0.0019270786 -9.3451107e-20
0.53676471               0.038136742 0.0027794548 4.2920804e-20
0.54411765               0.03785528 0.0033708891 3.2776812e-20
0.55147059               0.037080777 0.0036553597 1.2256811e-20
0.55882353               0.036413661 0.0037051054 -2.4809722e-20
0.56617647               0.035966712 0.0031372577 -2.2855533e-21
0.57352941               0.035354672 0.0023240481 -3.7804081e-20
0.58088235               0.035680271 0.0015229962 -2.7871552e-21
0.58823529               0.03636764 0.00058912669 1.4294943e-19
0.59558824               0.037101242 -0.00025055986 3.3924919e-20
0.60294118               0.03781277 -0.00078322521 -1.2387871e-21
0.61029412               0.038645297 -0.0013559072 5.759263e-21
0.61764706               0.039561523 -0.0016341921 1.0334138e-20
0.625               0.040492446 -0.0018652206 5.4081457e-20
0.63235294               0.041246628 -0.0020676525 -9.2873888e-21
0.63970588               0.042183897 -0.0020594814 7.1470681e-20
0.64705882               0.043101237 -0.0020207752 -5.2735369e-21
0.65441176               0.043978919 -0.0019687511 -1.5173187e-20
0.66176471               0.044842805 -0.0017816149 1.8119557e-20
0.66911765               0.04572149 -0.0014256053 3.3620554e-20
0.67647059               0.046386699 -0.0008593121 3.8489355e-20
0.68382353               0.04675645 -9.847934e-05 -2.1437916e-20
0.69117647               0.047132104 0.00075152817 -2.7230139e-20
0.69852941               0.047340779 0.0015842626 2.1944197e-20
0.70588235               0.047020426 0.0024122032 2.5131748e-20
0.71323529               0.046659357 0.0027701218 -1.6543531e-20
0.72058824               0.04529825 0.0031644457 -1.4022259e-21
0.72794118               0.044845915 0.002917324 2.699946e-20
0.73529412               0.044249205 0.002310435 -1.5991842e-20
0.74264706               0.04431299 0.001536646 4.8564265e-21
0.75               0.044324554 0.00053482538 1.020909e-20
0.75735294               0.044861108 -0.00017488473 -5.9688266e-20
0.76470588               0.045408928 -0.0008421405 -2.7356501e-20
0.77205882               0.046367148 -0.0012536847 4.6167685e-20
0.77941176               0.047044596 -0.0016219405 2.1009495e-20
0.78676471               0.047793235 -0.0019708764 1.7430594e-20
0.79411765               0.048594131 -0.0020472978 -2.4275719e-20
0.80147059               0.049408628 -0.0020555723 7.6298791e-20
0.80882353               0.050119418 -0.0022106587 -3.5360727e-20
0.81617647               0.050834794 -0.0021002802 -7.7490208e-20
0.82352941               0.051564091 -0.0019518009 2.2049891e-20
0.83088235               0.052291093 -0.0015773554 1.0646263e-19
0.83823529               0.053008572 -0.0012079076 -4.9639334e-20
0.84558824               0.053558731 -0.00059548606 -1.4496175e-20
0.85294118               0.053899047 0.00025492522 6.9232131e-20
0.86029412               0.054275232 0.00091315214 -2.3195441e-20
0.86764706               0.054007121 0.0017872704 -1.1447238e-19
0.875               0.053120845 0.0025142114 4.8254128e-21
0.88235294               0.052529599 0.0028694351 2.9959959e-20
0.88970588               0.051511715 0.0030729848 5.7831065e-21
0.89705882               0.051010031 0.0027051836 3.469115e-21
0.90441176               0.050436753 0.0020703174 -4.1013898e-20
0.91176471               0.050604705 0.00131147 3.0585804e-20
0.91911765               0.0506995 0.00019601883 -1.0184802e-19
0.92647059               0.051340134 -0.0004975014 1.8261821e-20
0.93382353               0.051957895 -0.0010479565 -1.1963168e-20
0.94117647               0.052726884 -0.0015806803 -6.2951165e-20
0.94852941               0.053256079 -0.0019258208 -1.104631e-19
0.95588235               0.053871229 -0.0020916826 -2.329847e-20
0.96323529               0.054615121 -0.0022159079 9.6204723e-21
0.97058824               0.055569886 -0.0021754217 -2.7081969e-20
0.97794118               0.056100766 -0.0022241738 -1.2650624e-20
0.98529412               0.05682101 -0.0021098806 2.8383803e-20
0.99264706               0.057392115 -0.0018826664 6.9091915e-20
1.0               0.058066647 -0.001493354 8.2499044e-21
1.0073529               0.058585925 -0.0010699854 7.3757345e-22
1.0147059               0.059050712 -0.00040134144 -3.4951506e-20
1.0220588               0.059262256 0.00039483259 2.4042882e-20
1.0294118               0.059400596 0.0012236015 -3.4988398e-21
1.0367647               0.058840926 0.0019426579 -9.0186518e-20
1.0441176               0.058331763 0.0025221681 2.6809067e-20
1.0514706               0.057318638 0.002797226 -1.5034569e-21
1.0588235               0.056737361 0.0028268523 -1.2385794e-20
1.0661765               0.056102136 0.0023666275 -3.2276063e-20
1.0735294               0.055507066 0.0016695751 3.964411e-20
1.0808824               0.055627695 0.0009192445 -4.5161316e-20
1.0882353               0.056000966 5.2990249e-05 1.2527376e-19
1.0955882               0.056685793 -0.00063228384 2.9320765e-20
1.1029412               0.057227747 -0.0010927449 -3.8948197e-20
1.1102941               0.057773288 -0.0015827219 -4.3796628e-21
1.1176471               0.058418536 -0.0018427328 -1.7010374e-20
1.125               0.059164475 -0.0019444965 3.1146616e-20
1.1323529               0.059662026 -0.0020886295 -7.457572e-20
1.1397059               0.060343257 -0.0021514656 -8.4369009e-20
1.1470588               0.06108442 -0.0020145687 -7.4857055e-21
1.1544118               0.061692114 -0.0019005641 8.8206538e-20
1.1617647               0.062251587 -0.0016963047 2.3980415e-21
1.1691176               0.063054533 -0.0013208467 -4.3474089e-20
1.1764706               0.06331656 -0.00071814532 3.1296724e-21
1.1838235               0.063547451 -8.3758166e-07 5.4523693e-20
1.1911765               0.063707306 0.00069585468 1.7967055e-20
1.1985294               0.063453163 0.0015412341 2.0270925e-20
1.2058824               0.063167603 0.0022383633 1.4549727e-20
1.2132353               0.062551845 0.0026650031 -4.7548973e-21
1.2205882               0.061328146 0.0029118314 3.6264076e-20
1.2279412               0.060574979 0.0026650391 -4.3177664e-20
1.2352941               0.059980481 0.0021642586 -8.259852e-20
1.2426471               0.059768456 0.0013309552 6.8196388e-20
1.25               0.059663934 0.00034318308 -3.3223261e-20
1.2573529               0.060089872 -0.00039267576 9.1332576e-21
1.2647059               0.060606897 -0.0010189244 2.4247113e-20
1.2720588               0.061541495 -0.0013472443 1.2745724e-20
1.2794118               0.062008271 -0.0017526732 8.4126893e-20
1.2867647               0.062745242 -0.002062581 -8.8715344e-20
1.2941176               0.063374962 -0.0021242601 -6.7945674e-20
1.3014706               0.064093877 -0.0021380305 -4.1429884e-20
1.3088235               0.064562382 -0.0021854201 -9.1559618e-20
1.3161765               0.065118511 -0.0020075006 5.2152517e-20
1.3235294               0.065716305 -0.0018648326 -7.0691496e-20
1.3308824               0.066328548 -0.0015406354 5.0800824e-20
1.3382353               0.066821296 -0.0011234865 1.6836989e-20
1.3455882               0.067162146 -0.00060720952 -1.3738981e-19
1.3529412               0.067338501 0.00026579636 9.4905727e-20
1.3602941               0.067744095 0.00082025667 1.4448144e-20
1.3676471               0.067221989 0.0017200989 1.4093873e-20
1.375               0.066365165 0.002324498 -6.366189e-20
1.3823529               0.065517439 0.0026272616 -5.1369574e-22
1.3897059               0.064697131 0.0027552862 -3.6812107e-20
1.3970588               0.064092502 0.0024083849 -2.4192674e-20
1.4044118               0.063219881 0.001698053 -9.1394263e-20
1.4117647               0.063354996 0.0009117373 -3.2533682e-20
1.4191176               0.06357867 7.3589724e-06 5.5355092e-20
1.4264706               0.064049079 -0.00071476265 1.476635e-20
1.4338235               0.064656968 -0.0011837007 1.488635e-19
1.4411765               0.065273555 -0.0017378021 -1.8818196e-20
1.4485294               0.065864169 -0.0020578894 -9.6722179e-20
1.4558824               0.066298345 -0.0021061887 -2.6054681e-20
1.4632353               0.066903123 -0.0021809243 -3.9782995e-20
1.4705882               0.067678768 -0.002170529 -6.3628384e-20
1.4779412               0.068142251 -0.0022044666 -9.8384267e-20
1.4852941               0.068656183 -0.002079391 -5.6413444e-20
1.4926471               0.069237961 -0.0018321971 2.7050349e-20
1.5               0.06975751 -0.0014233205 -3.878877e-21
1.5073529               0.070168449 -0.0010158564 4.4562319e-20
1.5147059               0.070463833 -0.00035692187 -8.0414332e-21
1.5220588               0.070609276 0.00040921161 -3.9947168e-20
1.5294118               0.070587402 0.0011536557 -8.7931268e-20
1.5367647               0.069985207 0.0018682029 4.1423124e-20
1.5441176               0.069429824 0.0023599829 1.8123097e-20
1.5514706               0.068443477 0.002610947 4.4321847e-20
1.5588235               0.067480981 0.0026290048 2.2930933e-20
1.5661765               0.066966037 0.0020892267 -1.3208448e-20
1.5735294               0.066443481 0.0013505945 -2.1590079e-20
1.5808824               0.066558506 0.0006915095 -4.5742954e-20
1.5882353               0.066950467 -4.8349784e-05 1.5280138e-19
1.5955882               0.067549116 -0.00068929554 -2.3515344e-20
1.6029412               0.06791487 -0.001133906 -4.6472964e-20
1.6102941               0.0684347 -0.0015856075 4.2809219e-21
1.6176471               0.0690384 -0.0017686015 -1.6542676e-21
1.625               0.069683235 -0.0019441168 4.0986019e-20
1.6323529               0.070068486 -0.0020519695 3.4192351e-20
1.6397059               0.070690831 -0.0019820548 5.893849e-20
1.6470588               0.071222389 -0.0019152734 -2.4036378e-20
1.6544118               0.071803845 -0.0018090136 -3.2277605e-20
1.6617647               0.072340753 -0.0016106413 1.4219821e-20
1.6691176               0.072844998 -0.0012698036 2.458791e-20
1.6764706               0.073165887 -0.00075397704 1.7232752e-20
1.6838235               0.073193954 -8.5200642e-05 -1.3635019e-20
1.6911765               0.073245194 0.00069168963 7.6426008e-21
1.6985294               0.073156624 0.001394108 1.4615493e-20
1.7058824               0.072649203 0.002111008 4.4626059e-20
1.7132353               0.071999776 0.0024006422 1.1342231e-20
1.7205882               0.070633264 0.002702921 -2.2359762e-20
1.7279412               0.070042554 0.0024185001 2.4710491e-20
1.7352941               0.06936504 0.0018583733 -2.983164e-20
1.7426471               0.069256144 0.0011108972 -4.7657883e-20
1.75               0.069201066 0.0002956988 1.4736243e-20
1.7573529               0.069593657 -0.00039766521 -5.0625793e-20
1.7647059               0.069991878 -0.0010100362 -3.2536606e-20
1.7720588               0.070725931 -0.0013604314 9.300698e-20
1.7794118               0.071202819 -0.0016794054 2.65331e-20
1.7867647               0.071801671 -0.0019701031 -1.0355226e-20
1.7941176               0.072335263 -0.0020009947 -1.0720244e-21
1.8014706               0.072945364 -0.0019694991 7.378012e-20
1.8088235               0.073438195 -0.0020988957 -5.2495788e-20
1.8161765               0.073950636 -0.0019720522 -6.8918453e-20
1.8235294               0.074379488 -0.0018119701 1.491284e-20
1.8308824               0.074883477 -0.0014577566 1.0246113e-19
1.8382353               0.075376885 -0.0011171964 -5.3622386e-20
1.8455882               0.075618317 -0.00056183871 -9.6828048e-21
1.8529412               0.075745832 0.00017547569 4.9319421e-20
1.8602941               0.075921044 0.0007557455 -5.2390141e-21
1.8676471               0.075478124 0.001537479 -1.0833084e-19
1.875               0.074422966 0.0021986123 2.718772e-20
1.8823529               0.073784382 0.0024833356 2.5936399e-20
1.8897059               0.072708572 0.0026309059 3.0967208e-21
1.8970588               0.07209731 0.0022358954 -3.5963984e-21
1.9044118               0.07151358 0.0016687759 -5.065706e-20
1.9117647               0.071789751 0.00095665736 -1.8081468e-20
1.9191176               0.071798919 -1.3656324e-05 -7.0721158e-20
1.9264706               0.07237143 -0.0005734304 -2.3787483e-21
1.9338235               0.072738323 -0.0011067932 -4.7018909e-20
1.9411765               0.073348639 -0.0015448289 -5.4740178e-20
1.9485294               0.073700418 -0.001863323 -1.0962e-19
1.9558824               0.074159036 -0.001993497 -2.5792778e-20
1.9632353               0.074726587 -0.002087741 1.7136884e-20
1.9705882               0.075439909 -0.0020723044 -4.8144815e-20
1.9779412               0.075821728 -0.0021158827 -7.2302664e-20
1.9852941               0.076329186 -0.0019559208 1.7339392e-20
1.9926471               0.076756408 -0.0017531631 7.4669889e-20
