t               Ux1 Uy1 Uz1
0.0073529412               0.0060288033 0.011059878 -5.5753529e-28
0.014705882               0.0053665122 0.013451788 -2.9271655e-21
0.022058824               0.0033323953 0.015515021 3.8516365e-27
0.029411765               0.00072393731 0.016525058 -9.6692654e-28
0.036764706               -0.0026520767 0.017409713 8.1696533e-28
0.044117647               -0.0060362038 0.016972584 4.1057935e-27
0.051470588               -0.009306398 0.015320381 9.8038445e-28
0.058823529               -0.011601927 0.013207576 -2.4761114e-21
0.066176471               -0.013872341 0.009883257 9.3867537e-28
0.073529412               -0.014186906 0.0069140636 -1.665839e-21
0.080882353               -0.01429304 0.0042950492 1.3328575e-27
0.088235294               -0.013716397 0.0015111751 2.2567973e-27
0.095588235               -0.012719428 -0.00090372412 -3.5208374e-21
0.10294118               -0.011284993 -0.0026767009 1.6650728e-27
0.11029412               -0.009639935 -0.0042254929 -1.5250641e-21
0.11764706               -0.0077223777 -0.0059102407 3.0565146e-28
0.125               -0.0057751223 -0.0072199956 -3.0381739e-21
0.13235294               -0.0037152803 -0.0083782364 -4.0251865e-21
0.13970588               -0.0014669172 -0.0093462773 -1.7051697e-21
0.14705882               0.0011685084 -0.0098530807 1.0877168e-21
0.15441176               0.0034363725 -0.01022181 1.7525289e-21
0.16176471               0.0057802729 -0.0099336191 1.8115958e-22
0.16911765               0.0082208152 -0.0092690016 8.6871467e-22
0.17647059               0.010204195 -0.0084236708 3.0375803e-21
0.18382353               0.012060211 -0.0070115632 -2.589303e-27
0.19117647               0.013393374 -0.0053292877 1.7278098e-21
0.19852941               0.013787703 -0.003491208 -1.5741005e-27
0.20588235               0.01406467 -0.0019542729 1.6016137e-21
0.21323529               0.013847089 -0.00076373869 1.6817246e-22
0.22058824               0.013316894 -0.0002589983 3.614105e-21
0.22794118               0.012426554 -0.00045505773 3.584879e-27
0.23529412               0.012052899 -0.00097216107 4.9165697e-22
0.24264706               0.012303705 -0.0014828437 1.2488811e-27
0.25               0.012664614 -0.0021120883 -3.4048573e-27
0.25735294               0.013232225 -0.0028120051 -4.2613549e-28
0.26470588               0.01418586 -0.0034849132 -2.671131e-27
0.27205882               0.015132674 -0.0037060744 1.21223e-21
0.27941176               0.016471948 -0.0036671275 2.6288653e-21
0.28676471               0.017340064 -0.003839109 1.5845469e-21
0.29411765               0.018452216 -0.003801395 4.1450496e-21
0.30147059               0.01948624 -0.0036409193 1.9709531e-21
0.30882353               0.020783892 -0.0034553809 4.259717e-21
0.31617647               0.021646249 -0.0032485388 1.3241632e-21
0.32352941               0.022960844 -0.0029197187 1.8912049e-21
0.33088235               0.023885255 -0.0024289317 5.3399822e-21
0.33823529               0.02501318 -0.0016151001 2.4817555e-22
0.34558824               0.025857675 -0.00056006021 5.5724888e-21
0.35294118               0.026564682 0.00055520657 7.565433e-21
0.36029412               0.026992727 0.0017985792 3.4555696e-21
0.36764706               0.026644968 0.0031036357 7.8447228e-21
0.375               0.026362366 0.003988314 4.9496911e-22
0.38235294               0.025677755 0.004441673 -2.2194279e-21
0.38970588               0.024997123 0.0043916485 2.676301e-21
0.39705882               0.024510346 0.0036749897 6.8687619e-28
0.40441176               0.024094195 0.0030171141 3.2135305e-21
0.41176471               0.024398801 0.0022915442 2.1817705e-27
0.41911765               0.025121251 0.0015766352 2.0486978e-28
0.42647059               0.025658019 0.00062959826 2.5847026e-21
0.43382353               0.026572231 -2.8985457e-05 7.4941483e-28
0.44117647               0.027330587 -0.00058502076 5.4830189e-21
0.44852941               0.028276964 -0.00077052703 2.0945513e-21
0.45588235               0.029390573 -0.00098311329 3.4443878e-28
0.46323529               0.03024235 -0.0011376379 1.7634597e-22
0.47058824               0.031255833 -0.0012150848 5.8096728e-21
0.47794118               0.032080907 -0.0012972763 1.955097e-21
0.48529412               0.032958497 -0.0012489436 4.4397052e-21
0.49264706               0.034103306 -0.00095708027 3.038443e-21
0.5               0.035313983 -0.0006437881 2.6357315e-21
0.50735294               0.036291886 -0.00015820187 5.9120991e-21
0.51470588               0.036929562 0.00060929345 7.7530744e-21
0.52205882               0.037297311 0.0014918549 2.5622359e-27
0.52941176               0.037614631 0.0023100692 -8.6854151e-28
0.53676471               0.037434073 0.003272563 5.0454781e-21
0.54411765               0.037026826 0.0038434553 9.5164923e-22
0.55147059               0.036441423 0.0038899453 4.61451e-27
0.55882353               0.035818237 0.0038896773 3.8609207e-21
0.56617647               0.035033813 0.0028524093 -5.9036641e-28
0.57352941               0.035400454 0.00210503 5.5547754e-21
0.58088235               0.035189079 0.0012438083 3.9890306e-21
0.58823529               0.036085453 0.0004442844 3.8763174e-21
0.59558824               0.036810646 -0.00030020474 2.1584376e-27
0.60294118               0.037474495 -0.00080767475 2.7943326e-21
0.61029412               0.03833153 -0.0010638753 5.657994e-21
0.61764706               0.039283543 -0.001365695 -2.2674903e-21
0.625               0.040314782 -0.0013750913 6.4718705e-21
0.63235294               0.041075421 -0.0015345669 7.1127127e-22
0.63970588               0.041836939 -0.0016916669 5.2002486e-21
0.64705882               0.042859416 -0.0016106124 4.5894873e-21
0.65441176               0.043686228 -0.0014595623 3.3876218e-22
0.66176471               0.044439798 -0.0010940964 4.4543421e-21
0.66911765               0.04522009 -0.00064231562 1.5193574e-21
0.67647059               0.045946499 -0.00029685807 6.2230964e-21
0.68382353               0.0464869 0.00047084766 9.5619581e-21
0.69117647               0.046807636 0.0014531746 3.9980303e-21
0.69852941               0.046564341 0.0022459818 -1.2936433e-21
0.70588235               0.046484475 0.0030693315 1.6885195e-21
0.71323529               0.045789074 0.0036028504 7.6987376e-23
0.72058824               0.045087047 0.0035979144 2.103128e-21
0.72794118               0.044032092 0.0029894798 9.0901622e-22
0.73529412               0.043789921 0.0023652444 3.5377934e-27
0.74264706               0.043721227 0.0015549146 7.1908958e-28
0.75               0.044054161 0.00097369281 2.6696114e-21
0.75735294               0.044715576 0.00018399218 3.0354782e-21
0.76470588               0.045218477 -0.00061872704 -3.9745396e-21
0.77205882               0.04598304 -0.00078745167 9.686381e-22
0.77941176               0.046803849 -0.0010894587 4.0547653e-21
0.78676471               0.047506592 -0.0012916131 -1.3871872e-22
0.79411765               0.048397862 -0.0014773657 3.2386765e-21
0.80147059               0.049029188 -0.0014529391 7.4972417e-21
0.80882353               0.049913933 -0.0014616474 3.4552296e-21
0.81617647               0.050463792 -0.0013200104 2.404335e-21
0.82352941               0.051194179 -0.0011878396 6.4931755e-21
0.83088235               0.051863276 -0.00094032417 3.6965975e-21
0.83823529               0.05255385 -0.00035083728 1.0955945e-21
0.84558824               0.053108441 0.00016828714 4.917347e-21
0.85294118               0.053434698 0.0010069873 6.8150925e-21
0.86029412               0.053650146 0.0017874437 2.742006e-21
0.86764706               0.053138498 0.0027811598 3.8150531e-22
0.875               0.052704797 0.0033408865 1.769856e-21
0.88235294               0.052147651 0.0037647475 -4.2019765e-21
0.88970588               0.051225457 0.0035305978 6.2464369e-21
0.89705882               0.050710624 0.0028395212 -1.1702565e-27
0.90441176               0.05002029 0.0022589062 -2.2331384e-27
0.91176471               0.050406651 0.0016030951 5.996237e-28
0.91911765               0.05097156 0.00087875896 3.0435611e-27
0.92647059               0.05115697 6.0091988e-05 2.3579941e-21
0.93382353               0.051947986 -0.00045731728 9.2327753e-28
0.94117647               0.052526545 -0.00074658313 1.0143171e-21
0.94852941               0.0532121 -0.0010577903 2.8198002e-21
0.95588235               0.053930352 -0.0012222958 -4.0091459e-21
0.96323529               0.054423735 -0.0013904898 1.5612681e-29
0.97058824               0.055247899 -0.0014108801 -1.6037202e-27
0.97794118               0.055870746 -0.0013309355 1.1897012e-22
0.98529412               0.056424695 -0.001231648 1.0356226e-20
0.99264706               0.057084058 -0.0009394203 4.3321933e-21
1.0               0.058023422 -0.00051671201 4.8457066e-21
1.0073529               0.058688413 -8.962199e-05 2.224917e-21
1.0147059               0.058817767 0.00068369824 5.4976492e-22
1.0220588               0.058946273 0.001597098 4.442436e-21
1.0294118               0.05903151 0.0021219665 -1.0690281e-27
1.0367647               0.058784522 0.0030083225 5.7910026e-21
1.0441176               0.058068497 0.0035455534 1.814866e-21
1.0514706               0.057070723 0.0036017514 2.7961733e-21
1.0588235               0.056546204 0.0035967976 4.8384926e-21
1.0661765               0.055627392 0.0027481736 1.3150419e-21
1.0735294               0.055635287 0.0020451482 1.7642574e-21
1.0808824               0.05543258 0.0013402939 -4.6933622e-21
1.0882353               0.055925618 0.000610292 1.4508952e-27
1.0955882               0.056480565 -0.00010155304 5.5115585e-21
1.1029412               0.057102876 -0.00054434582 4.6715701e-21
1.1102941               0.057697044 -0.00072230453 2.2001649e-21
1.1176471               0.058490493 -0.0010239218 2.0822983e-21
1.125               0.059270221 -0.00095030845 1.5298001e-22
1.1323529               0.059829945 -0.0011432014 4.7276193e-21
1.1397059               0.060439513 -0.0012033257 2.4349818e-21
1.1470588               0.061189778 -0.0011104312 8.0258798e-22
1.1544118               0.061701902 -0.001049346 4.6979298e-21
1.1617647               0.062327175 -0.00072885387 3.4536975e-21
1.1691176               0.063094547 -0.00025235593 4.2852694e-22
1.1764706               0.0632173 0.00013663981 3.0606501e-21
1.1838235               0.063731346 0.0008070626 2.8650964e-21
1.1911765               0.063752442 0.0017960441 5.5411849e-21
1.1985294               0.06330866 0.0025669886 3.7100388e-27
1.2058824               0.062773527 0.0032749985 6.2004869e-21
1.2132353               0.061985474 0.0037598838 3.3285093e-21
1.2205882               0.061374043 0.0035640699 3.9939475e-21
1.2279412               0.060318365 0.0030867437 -2.6084408e-27
1.2352941               0.059819075 0.002438652 2.0792476e-21
1.2426471               0.059979818 0.0018777066 1.5193326e-27
1.25               0.06005423 0.0010599701 1.9874598e-27
1.2573529               0.060464089 0.00038331442 2.9585786e-21
1.2647059               0.060948769 -0.00032693608 1.4684289e-21
1.2720588               0.061700956 -0.00052861981 3.9663062e-21
1.2794118               0.062508215 -0.00071101066 1.9942202e-27
1.2867647               0.062957586 -0.0009722943 6.430459e-21
1.2941176               0.063549544 -0.0011297285 3.1917406e-21
1.3014706               0.06415184 -0.0010230986 4.6760129e-21
1.3088235               0.064915194 -0.0010152318 3.1708307e-27
1.3161765               0.065344321 -0.00090279983 4.7384259e-21
1.3235294               0.066076097 -0.00070456738 5.9672099e-21
1.3308824               0.066433246 -0.00054133801 -6.0015561e-27
1.3382353               0.06700675 -6.1781319e-05 3.0644351e-21
1.3455882               0.067418314 0.00054863049 9.0155517e-21
1.3529412               0.067687505 0.0011954661 1.4398102e-27
1.3602941               0.067774814 0.0020109711 1.4876671e-21
1.3676471               0.066996454 0.0028881149 4.5551587e-27
1.375               0.066566311 0.0033730873 3.8848555e-21
1.3823529               0.065538203 0.0036577698 8.0901443e-22
1.3897059               0.064934008 0.003635774 3.3988547e-21
1.3970588               0.064288086 0.0029464921 1.8065333e-21
1.4044118               0.063657975 0.0023814492 1.5059727e-22
1.4117647               0.063848156 0.0017151121 -4.0844437e-27
1.4191176               0.064241328 0.0010411535 4.9683891e-21
1.4264706               0.064542863 0.0003328588 5.1769039e-21
1.4338235               0.065214107 -0.00019327234 9.1873541e-23
1.4411765               0.06574866 -0.00052702699 1.8813394e-27
1.4485294               0.066182686 -0.00085106231 2.099529e-21
1.4558824               0.066826117 -0.00093824708 9.2544181e-28
1.4632353               0.067353115 -0.0010963235 4.5573777e-21
1.4705882               0.068014083 -0.0010177677 5.2983047e-21
1.4779412               0.068421206 -0.0011526695 1.9639764e-21
1.4852941               0.068769925 -0.0009357759 7.4842593e-21
1.4926471               0.069410518 -0.00073112639 2.9318172e-21
1.5               0.07014275 -0.00036488616 1.127819e-21
1.5073529               0.070706803 0.00010866155 4.366306e-21
1.5147059               0.070893799 0.00061185258 1.3074155e-27
1.5220588               0.070820048 0.0015025336 -1.7896679e-23
1.5294118               0.070685345 0.0020817268 3.8167965e-21
1.5367647               0.070225498 0.0028553847 -1.039801e-27
1.5441176               0.069628188 0.0033635037 6.3417865e-21
1.5514706               0.068830203 0.0035127759 2.9073782e-21
1.5588235               0.067775537 0.0033447086 3.0911912e-27
1.5661765               0.066904921 0.0024882294 -1.6682356e-21
1.5735294               0.066819765 0.001829341 -5.7128503e-28
1.5808824               0.066639972 0.0012439298 3.1695347e-28
1.5882353               0.067386875 0.00064699761 4.0062657e-21
1.5955882               0.067787455 -3.8568323e-05 -2.2048843e-22
1.6029412               0.068234756 -0.00053395026 5.3058035e-21
1.6102941               0.068707475 -0.00073541255 1.2879481e-27
1.6176471               0.069520374 -0.00086370157 5.6872155e-21
1.625               0.070096792 -0.0010315253 2.3961407e-28
1.6323529               0.070733478 -0.0010854557 2.3214879e-21
1.6397059               0.071314832 -0.0011197686 8.0422468e-22
1.6470588               0.071819942 -0.0010705831 1.0001566e-21
1.6544118               0.072269269 -0.0010457481 4.3208246e-21
1.6617647               0.072771037 -0.00059400409 4.7851212e-21
1.6691176               0.07336417 -0.00018123961 -2.833837e-27
1.6764706               0.073514665 0.00010762175 -5.5289564e-29
1.6838235               0.073832314 0.00064444094 3.7025068e-21
1.6911765               0.073737638 0.0016701564 2.6081676e-21
1.6985294               0.073338032 0.0024086863 -3.494332e-27
1.7058824               0.072881411 0.0030205233 4.1814628e-21
1.7132353               0.071835829 0.0034591995 -3.4679419e-27
1.7205882               0.0711261 0.0033550092 1.5821862e-21
1.7279412               0.069952649 0.0028337948 -3.3150175e-27
1.7352941               0.069924266 0.002292219 6.0084477e-21
1.7426471               0.069771565 0.0016431616 3.752896e-28
1.75               0.0696835 0.00097758807 2.4176863e-21
1.7573529               0.070287213 0.00038416067 7.3430674e-22
1.7647059               0.070598476 -0.00026131495 1.9850477e-21
1.7720588               0.071091431 -0.00062297358 1.161192e-21
1.7794118               0.071901616 -0.00072604688 -5.0495767e-28
1.7867647               0.072361067 -0.00089881655 7.2712677e-28
1.7941176               0.072910398 -0.0010118682 -2.9461976e-27
1.8014706               0.07347541 -0.00096646353 -3.254055e-21
1.8088235               0.074103513 -0.00095066588 4.0472586e-21
1.8161765               0.074398348 -0.00092542487 6.0189954e-21
1.8235294               0.075031562 -0.00092881074 4.5975196e-21
1.8308824               0.075373026 -0.00057628695 4.049699e-21
1.8382353               0.075806013 -0.00010300345 -1.4821204e-21
1.8455882               0.076157974 0.00043758595 1.5098116e-21
1.8529412               0.076324991 0.0010243228 7.6427569e-22
1.8602941               0.076209084 0.0019116309 -1.6763535e-27
1.8676471               0.075598323 0.0026444258 1.001638e-21
1.875               0.075092125 0.0032788369 4.454988e-21
1.8823529               0.074234874 0.0034633083 6.5522001e-22
1.8897059               0.073455232 0.0033335417 6.4055628e-28
1.8970588               0.072650169 0.0027164933 -1.7517828e-27
1.9044118               0.072027788 0.0021584053 -1.628178e-27
1.9117647               0.072258351 0.0015895242 1.5235707e-27
1.9191176               0.072605978 0.00091729185 -2.2250537e-27
1.9264706               0.072841786 0.00014622718 -2.5607995e-27
1.9338235               0.073392796 -0.00029848882 1.1266858e-28
1.9411765               0.073867459 -0.00052982177 -2.1403901e-27
1.9485294               0.074286921 -0.00084965381 -1.1071004e-28
1.9558824               0.07490187 -0.0010373265 -3.4272622e-27
1.9632353               0.075338968 -0.0010689819 2.8006978e-21
1.9705882               0.075827726 -0.0011564837 2.7331219e-21
1.9779412               0.076270018 -0.0011119105 2.2834817e-21
1.9852941               0.076620333 -0.00096853675 2.8678961e-21
1.9926471               0.077145264 -0.00072942703 5.4269597e-21
