t               Ux1 Uy1 Uz1
0.0073529412               0.0079049434 0.012511727 1.2602808e-26
0.014705882               0.0064316463 0.014822996 8.3618334e-27
0.022058824               0.0040933336 0.017607367 -9.4892246e-27
0.029411765               0.00090394483 0.019459018 4.6489978e-27
0.036764706               -0.0022232178 0.019990068 -7.2614227e-21
0.044117647               -0.0063618574 0.01984193 -7.9112528e-21
0.051470588               -0.0096937197 0.018032978 -3.5189664e-21
0.058823529               -0.012478759 0.015245238 -1.9316218e-26
0.066176471               -0.013526752 0.011878922 -2.4231159e-27
0.073529412               -0.013598861 0.007942633 -4.853892e-27
0.080882353               -0.01192468 0.004455014 -7.9796185e-28
0.088235294               -0.0097028612 0.0015433904 -6.4042161e-27
0.095588235               -0.0068964524 -0.00080850116 -3.5516345e-27
0.10294118               -0.0039421706 -0.0027539804 -2.2948759e-27
0.11029412               -0.00076492427 -0.0040967366 -2.4536154e-27
0.11764706               0.0016251124 -0.0055187337 -1.4020376e-27
0.125               0.0046212225 -0.0062492678 -6.3925307e-28
0.13235294               0.007560126 -0.0067816391 2.7158212e-21
0.13970588               0.010172771 -0.0071821052 2.9038366e-27
0.14705882               0.012615643 -0.0074514231 4.9189488e-27
0.15441176               0.015071909 -0.0070492885 3.227029e-27
0.16176471               0.017228889 -0.0063375669 1.3925772e-27
0.16911765               0.01929519 -0.0054500593 7.5395723e-28
0.17647059               0.021050824 -0.0042607521 3.0555562e-27
0.18382353               0.022447601 -0.0026319065 8.0036253e-27
0.19117647               0.023241457 -0.00074954267 9.4669706e-27
0.19852941               0.023630461 0.00094787277 2.0970107e-27
0.20588235               0.02333087 0.0022533552 1.3263313e-26
0.21323529               0.021919084 0.0032197472 5.3015288e-27
0.22058824               0.021412341 0.0033953627 5.4646302e-27
0.22794118               0.020417559 0.0026958657 5.8424075e-27
0.23529412               0.020478165 0.0015100492 3.1013874e-27
0.24264706               0.020580777 -0.00013798485 -6.8579714e-21
0.25               0.022408685 -0.0014043214 2.9203972e-27
0.25735294               0.02376082 -0.0026454019 3.2707076e-27
0.26470588               0.025583522 -0.0033828492 1.3514509e-27
0.27205882               0.027080358 -0.0039378779 3.051537e-27
0.27941176               0.028779671 -0.0042969947 -8.4453569e-22
0.28676471               0.029945892 -0.0045600434 3.908807e-27
0.29411765               0.031500337 -0.0046224213 2.7727516e-27
0.30147059               0.033026875 -0.004344587 3.7547439e-27
0.30882353               0.034603244 -0.0040079198 2.1876907e-27
0.31617647               0.035871282 -0.0038534287 3.5068385e-27
0.32352941               0.037021896 -0.003315594 -4.6768015e-27
0.33088235               0.038184449 -0.002567364 6.8248286e-27
0.33823529               0.039051764 -0.0012840533 9.9933803e-27
0.34558824               0.039699121 -0.00031365049 3.969192e-27
0.35294118               0.040071833 0.0011758893 5.9331775e-27
0.36029412               0.039587124 0.0028402464 2.4279002e-27
0.36764706               0.039495899 0.0040024853 1.9403693e-27
0.375               0.038703632 0.0048007329 3.5317808e-27
0.38235294               0.037275863 0.0053058094 -8.0779568e-28
0.38970588               0.036053972 0.0048931351 3.9024206e-27
0.39705882               0.035605319 0.0039054246 9.4935769e-28
0.40441176               0.035751074 0.0026017804 2.3434273e-27
0.41176471               0.036119838 0.0010151911 1.2571125e-27
0.41911765               0.036932823 -0.00023038693 9.0332716e-28
0.42647059               0.038317708 -0.0012157725 9.4537323e-27
0.43382353               0.04022411 -0.0018885428 2.0566466e-27
0.44117647               0.041467728 -0.0023724443 3.6613229e-27
0.44852941               0.042807547 -0.0027445014 -1.6561417e-28
0.45588235               0.044161522 -0.0025788402 1.6754833e-21
0.46323529               0.045313768 -0.0028118366 1.6724588e-27
0.47058824               0.046395311 -0.00272367 3.7036548e-27
0.47794118               0.047465756 -0.0024580576 1.0461228e-27
0.48529412               0.048422531 -0.0020961113 -9.6622978e-21
0.49264706               0.049494876 -0.0014996365 1.9771323e-27
0.5               0.050295914 -0.00075174521 2.5001648e-27
0.50735294               0.051090526 0.00018362945 1.3342911e-27
0.51470588               0.051138348 0.0012794874 9.0787794e-27
0.52205882               0.051452197 0.0026785612 -7.6913719e-21
0.52941176               0.050883117 0.0039434967 2.175002e-27
0.53676471               0.050157581 0.004846655 5.7989799e-27
0.54411765               0.049027413 0.0055555269 3.9163261e-28
0.55147059               0.047891938 0.0055088946 4.6158297e-27
0.55882353               0.047061483 0.0049716095 -7.921004e-21
0.56617647               0.046340007 0.0038666511 1.838461e-27
0.57352941               0.046231278 0.0022869382 9.2968799e-28
0.58088235               0.047074433 0.00094650669 2.7652708e-27
0.58823529               0.047858483 -0.00029546881 -2.9953162e-27
0.59558824               0.04926017 -0.0012246209 3.7728897e-27
0.60294118               0.050514978 -0.0016928949 1.7537426e-27
0.61029412               0.051849261 -0.0020210799 -6.2412952e-28
0.61764706               0.052751678 -0.0024208131 2.6727425e-27
0.625               0.054051881 -0.0023778539 -4.0888994e-21
0.63235294               0.055278734 -0.002288374 -1.730613e-27
0.63970588               0.055943299 -0.0022553178 2.9885184e-27
0.64705882               0.056847831 -0.0019933644 -1.0366887e-20
0.65441176               0.057609957 -0.0015538784 1.002464e-27
0.66176471               0.058320886 -0.00092636868 9.3224863e-28
0.66911765               0.059060926 -0.00020719338 6.7368844e-28
0.67647059               0.059513259 0.00071817919 5.0168492e-27
0.68382353               0.059449274 0.0021313724 1.8777069e-27
0.69117647               0.05945261 0.0032248707 6.4506761e-27
0.69852941               0.058981876 0.004253772 -1.3781712e-21
0.70588235               0.057843733 0.0050672299 1.0933074e-26
0.71323529               0.056305378 0.0055501351 -4.8815555e-22
0.72058824               0.055527849 0.0053228989 1.6958812e-27
0.72794118               0.054414773 0.0045473571 -8.8797006e-21
0.73529412               0.054205255 0.0033307642 -8.1209675e-21
0.74264706               0.054218741 0.0019071005 -9.1276414e-22
0.75               0.05498207 0.00063829092 1.2345277e-27
0.75735294               0.056211732 -0.00045028957 1.4735332e-27
0.76470588               0.057508235 -0.001089753 8.4630546e-28
0.77205882               0.058495056 -0.0015470286 3.1723193e-27
0.77941176               0.059760964 -0.0019786667 1.3638565e-27
0.78676471               0.060485463 -0.0023087338 -2.6916539e-21
0.79411765               0.061277787 -0.0023688218 -5.6653531e-21
0.80147059               0.06225166 -0.0021095441 -5.3414968e-21
0.80882353               0.063254518 -0.0018500907 3.0808343e-27
0.81617647               0.063820598 -0.0017254456 -1.8907268e-21
0.82352941               0.064598199 -0.0012254559 -2.2179905e-22
0.83088235               0.065208317 -0.0005927568 3.3418509e-27
0.83823529               0.065559535 0.0004033103 -2.1091623e-21
0.84558824               0.065681476 0.0012092293 8.7277412e-27
0.85294118               0.065737194 0.002400728 2.7178351e-27
0.86029412               0.065063889 0.0036378177 -3.8912441e-27
0.86764706               0.064716595 0.0045174401 3.2784765e-27
0.875               0.063503334 0.005191073 2.8683349e-27
0.88235294               0.062146819 0.0055774479 8.503465e-27
0.88970588               0.060798784 0.0049074598 -4.8204993e-27
0.89705882               0.059990032 0.0040613544 1.3712613e-27
0.90441176               0.059971975 0.0026920058 -8.0990961e-21
0.91176471               0.060078932 0.0013084503 -1.133644e-20
0.91911765               0.060786069 0.000176303 3.6450772e-27
0.92647059               0.061958535 -0.00072630887 -2.6654214e-21
0.93382353               0.063296706 -0.0013399802 -4.3969599e-27
0.94117647               0.0639552 -0.001728011 -1.0735481e-20
0.94852941               0.065189513 -0.0020620114 2.0396854e-27
0.95588235               0.066357585 -0.0019260236 -1.3728701e-20
0.96323529               0.067062654 -0.0021054907 2.7694816e-27
0.97058824               0.067757004 -0.0019705131 3.2893794e-27
0.97794118               0.06827392 -0.0017158632 -9.7250295e-22
0.98529412               0.069269118 -0.0014196511 3.43136e-27
0.99264706               0.069562545 -0.00073729558 1.8885888e-27
1.0               0.070304419 -0.00010760724 8.7831329e-27
1.0073529               0.070508371 0.00075246387 4.0873012e-27
1.0147059               0.070545347 0.0016761692 4.4367203e-27
1.0220588               0.070350204 0.0028602081 2.3876309e-27
1.0294118               0.069683027 0.00397209 1.3922978e-27
1.0367647               0.068782757 0.0047962572 5.7739319e-27
1.0441176               0.067511096 0.005351719 9.9909605e-27
1.0514706               0.066349105 0.0053168147 -1.1603683e-20
1.0588235               0.065184686 0.0047528736 4.2200496e-28
1.0661765               0.064728123 0.0036285448 2.6054766e-27
1.0735294               0.064342363 0.0023642012 -1.507675e-20
1.0808824               0.065093752 0.0010285286 2.3184851e-27
1.0882353               0.065722375 -7.3323851e-05 1.4487379e-27
1.0955882               0.06672615 -0.00094052149 -6.0325198e-27
1.1029412               0.067733873 -0.0015092788 1.1663608e-27
1.1102941               0.069003231 -0.0016922537 4.4519111e-28
1.1176471               0.069434639 -0.0020862666 9.8138961e-28
1.125               0.07033703 -0.0020355647 -7.4068392e-22
1.1323529               0.071349299 -0.0018829592 2.5016856e-27
1.1397059               0.07202268 -0.0018104504 -5.3211257e-21
1.1470588               0.072653131 -0.0015970297 2.8638693e-27
1.1544118               0.073306566 -0.0011594921 -5.2887934e-28
1.1617647               0.07376945 -0.00047247945 -6.7357194e-21
1.1691176               0.074143145 0.00026409157 1.1880384e-27
1.1764706               0.074264064 0.0011461836 1.0881063e-27
1.1838235               0.074167833 0.0022111323 1.0390589e-26
1.1911765               0.073820971 0.0033186029 5.1922739e-27
1.1985294               0.073029666 0.0042956189 7.2374288e-28
1.2058824               0.072065801 0.0050562245 -4.9732251e-27
1.2132353               0.070238485 0.0054706352 -7.50786e-21
1.2205882               0.069532132 0.0051829795 3.8399362e-27
1.2279412               0.068305184 0.0043270089 -1.1835694e-20
1.2352941               0.068149079 0.0032165966 -2.0173516e-20
1.2426471               0.068156664 0.0016669576 -4.6311836e-27
1.25               0.069213669 0.00060347951 -1.7130505e-21
1.2573529               0.070015268 -0.0005109483 -6.4952157e-21
1.2647059               0.071154107 -0.0010302426 1.3056543e-28
1.2720588               0.072000905 -0.0015219962 1.4066445e-27
1.2794118               0.072923491 -0.0018251704 1.9212144e-27
1.2867647               0.073460163 -0.0020825521 -6.5472047e-21
1.2941176               0.074197414 -0.0020937531 -4.891635e-22
1.3014706               0.075017776 -0.0018157141 3.8058818e-28
1.3088235               0.075796272 -0.001530927 -3.7433457e-27
1.3161765               0.076366226 -0.0013612312 -5.0403504e-21
1.3235294               0.076761727 -0.00087621535 -9.8900986e-21
1.3308824               0.077212194 -0.00037707857 2.2682017e-27
1.3382353               0.077362484 0.00049235332 2.4050619e-27
1.3455882               0.077404292 0.0013021762 -4.5189239e-21
1.3529412               0.077125228 0.0024544978 5.3664475e-27
1.3602941               0.076315526 0.0037031581 9.4446435e-28
1.3676471               0.075774093 0.0044870496 -6.4172756e-21
1.375               0.07475525 0.0050630952 3.8981935e-27
1.3823529               0.073241099 0.0053013252 4.5963536e-27
1.3897059               0.071837624 0.0047787345 -9.5150465e-21
1.3970588               0.071300273 0.0038084297 -3.5494445e-27
1.4044118               0.071248723 0.002657789 5.4494967e-28
1.4117647               0.071390388 0.0011994921 1.1298614e-27
1.4191176               0.071874751 0.00013699493 -1.0707039e-21
1.4264706               0.072948708 -0.00085009314 -5.183485e-21
1.4338235               0.074220884 -0.0012760141 -1.8289804e-20
1.4411765               0.0749521 -0.0016370383 -1.7725443e-21
1.4485294               0.07583953 -0.00199158 -5.4302885e-21
1.4558824               0.076697463 -0.0018047338 2.9667633e-28
1.4632353               0.077394879 -0.0019590991 1.3291961e-27
1.4705882               0.078022883 -0.0018664281 -2.2789945e-21
1.4779412               0.078542848 -0.0016149 -9.7217874e-22
1.4852941               0.079101129 -0.0012804701 -5.3230462e-21
1.4926471               0.079562489 -0.00075659464 -2.0368339e-21
1.5               0.080025199 -6.7093679e-05 3.3797783e-27
1.5073529               0.080174253 0.00079575187 1.5560433e-27
1.5147059               0.079982182 0.0017189064 5.4106363e-27
1.5220588               0.079781035 0.0027773019 4.548169e-27
1.5294118               0.078950338 0.0038503536 5.0904294e-27
1.5367647               0.077928625 0.0044801943 -8.1163582e-27
1.5441176               0.076809024 0.0050515816 3.4971147e-27
1.5514706               0.075534451 0.0049766479 -3.8445043e-22
1.5588235               0.074476017 0.0044026655 3.711916e-27
1.5661765               0.073862892 0.0034407032 -1.4209555e-20
1.5735294               0.073677092 0.0020321983 -4.361737e-27
1.5808824               0.074230383 0.00074104295 -4.3412273e-21
1.5882353               0.074681783 -0.00027314702 -2.330091e-21
1.5955882               0.075766161 -0.00099901168 2.5153405e-28
1.6029412               0.076799949 -0.0015601713 -6.1571368e-21
1.6102941               0.077717339 -0.0018041332 2.2619766e-27
1.6176471               0.078360788 -0.0021662153 5.3670101e-28
1.625               0.079202746 -0.0020594721 -5.3899582e-21
1.6323529               0.080124642 -0.0018981036 8.4951326e-28
1.6397059               0.08036508 -0.0018413498 3.7340993e-28
1.6470588               0.08107253 -0.0016638174 1.889322e-27
1.6544118               0.081442492 -0.0011407613 2.6413147e-27
1.6617647               0.081804427 -0.00058126214 -2.1494387e-21
1.6691176               0.082161704 0.00010114045 8.7097705e-29
1.6764706               0.082271765 0.00093784538 -2.1129417e-21
1.6838235               0.081770442 0.0021491338 7.6912104e-27
1.6911765               0.081755394 0.0030201803 3.6408178e-27
1.6985294               0.080872058 0.0040150778 6.1158591e-27
1.7058824               0.079723125 0.0047002334 2.136854e-27
1.7132353               0.078024179 0.005138044 6.1256988e-27
1.7205882               0.077204885 0.0047923838 -3.0952625e-21
1.7279412               0.076061203 0.0040230797 -1.1087279e-20
1.7352941               0.07588648 0.0028510571 -1.3908906e-20
1.7426471               0.07579174 0.0015882659 1.7913073e-27
1.75               0.076360566 0.00034028807 1.4582974e-27
1.7573529               0.077304548 -0.00061584914 -4.3055862e-21
1.7647059               0.078409594 -0.0011155935 -1.4955416e-20
1.7720588               0.079186199 -0.0015735934 -3.4796418e-27
1.7794118               0.080163768 -0.001848918 -1.2114115e-20
1.7867647               0.080462909 -0.0021648765 -9.5181759e-21
1.7941176               0.081172473 -0.0022707396 1.4110757e-27
1.8014706               0.08196869 -0.0018740095 -9.5980012e-21
1.8088235               0.082581021 -0.0015469427 -6.4840895e-21
1.8161765               0.083032518 -0.0014955576 -6.7938335e-21
1.8235294               0.083458989 -0.0010955902 -7.0546532e-21
1.8308824               0.083823096 -0.00050767999 4.8137581e-27
1.8382353               0.084112954 0.00029017905 -5.5449457e-27
1.8455882               0.083896073 0.0011032604 -6.9160626e-21
1.8529412               0.083644822 0.0022176049 -1.2145942e-20
1.8602941               0.082763808 0.0034186453 5.1591859e-27
1.8676471               0.08252941 0.0040763609 1.342703e-28
1.875               0.081130393 0.0048073947 -7.7660988e-21
1.8823529               0.079833227 0.0049868992 4.7917505e-28
1.8897059               0.078428916 0.0045386763 1.2908092e-27
1.8970588               0.077480237 0.0036675122 -1.8117688e-21
1.9044118               0.077473549 0.0022423687 -6.8581609e-27
1.9117647               0.077570415 0.00097070453 -1.229663e-20
1.9191176               0.078116782 -3.0510734e-05 -7.6869978e-21
1.9264706               0.079051697 -0.00094093918 -4.2992837e-21
1.9338235               0.080329777 -0.0015279705 -9.5618405e-21
1.9411765               0.080649919 -0.0017583592 2.8124401e-28
1.9485294               0.081678128 -0.0020606243 1.1717617e-27
1.9558824               0.082661297 -0.0019755918 -8.2275963e-21
1.9632353               0.083232503 -0.0020900633 2.8722925e-27
1.9705882               0.083694251 -0.0020052962 -5.4906364e-21
1.9779412               0.084119037 -0.0017119692 7.2681884e-28
1.9852941               0.084808108 -0.0014145418 6.1273479e-27
1.9926471               0.084872017 -0.00067281327 -1.0195465e-20
