t               Ux1 Uy1 Uz1
0.0073529412               0.008795664 0.012721514 -6.3814116e-28
0.014705882               0.0078908578 0.015796182 -3.1459067e-27
0.022058824               0.0057013484 0.018896978 6.0734665e-21
0.029411765               0.0030023856 0.020582509 -1.4154865e-27
0.036764706               -0.00028725675 0.022005248 2.8140799e-29
0.044117647               -0.0031041726 0.021688634 3.340686e-27
0.051470588               -0.0049851599 0.019487856 2.9552068e-22
0.058823529               -0.0050843752 0.016374859 -7.6805431e-22
0.066176471               -0.0043877625 0.011622727 1.8442461e-27
0.073529412               -0.0012105133 0.0071841697 -3.5144748e-22
0.080882353               0.0023031563 0.0034137888 1.1388378e-27
0.088235294               0.0066017462 -0.00012240442 2.2048229e-27
0.095588235               0.011023206 -0.0027378239 1.4041222e-20
0.10294118               0.015404018 -0.0042992493 1.5426075e-20
0.11029412               0.019524037 -0.0052992649 1.257313e-20
0.11764706               0.02321741 -0.0059173075 1.0723304e-20
0.125               0.026470407 -0.0062746799 4.0069861e-21
0.13235294               0.029430958 -0.006355356 1.4890793e-20
0.13970588               0.032112495 -0.0060865132 1.21355e-20
0.14705882               0.034711603 -0.0054711574 4.5497818e-21
0.15441176               0.036793703 -0.0046267409 2.630848e-21
0.16176471               0.038594446 -0.0033425952 1.0978008e-20
0.16911765               0.040282881 -0.0017421551 1.0186506e-20
0.17647059               0.041302941 -7.5702804e-05 1.2258004e-21
0.18382353               0.041942632 0.0020571934 1.5542501e-20
0.19117647               0.042056725 0.004112203 1.1597677e-21
0.19852941               0.041058573 0.005976884 1.1376643e-20
0.20588235               0.040257476 0.0073325509 8.1682859e-21
0.21323529               0.039182664 0.0079324739 1.0923045e-20
0.22058824               0.038330194 0.007210722 1.2561426e-20
0.22794118               0.037692958 0.005421692 3.5102182e-27
0.23529412               0.038307604 0.0032183135 1.3312485e-20
0.24264706               0.039919503 0.0010221671 7.5960203e-21
0.25               0.041715378 -0.00097753755 2.7053465e-21
0.25735294               0.043887204 -0.0028016507 8.5572231e-21
0.26470588               0.046147335 -0.0040996724 1.4975585e-20
0.27205882               0.048415758 -0.0047483656 1.2024907e-20
0.27941176               0.050726256 -0.0048915535 1.0441053e-20
0.28676471               0.052337843 -0.0050138754 7.9580242e-21
0.29411765               0.054147987 -0.0049155422 1.2725479e-20
0.30147059               0.055478602 -0.0044669693 1.6218125e-20
0.30882353               0.056937815 -0.0039521548 1.1842327e-20
0.31617647               0.057937042 -0.0032996843 1.1841018e-20
0.32352941               0.059076459 -0.0024462553 8.709785e-21
0.33088235               0.059707196 -0.0012757883 6.3575981e-21
0.33823529               0.060376249 0.0001427537 8.6545955e-21
0.34558824               0.060561778 0.0018542934 2.5707977e-21
0.35294118               0.060421714 0.0036393187 8.4428845e-21
0.36029412               0.059724131 0.005386123 1.6591367e-20
0.36764706               0.058433889 0.0068283776 3.135476e-20
0.375               0.057213804 0.0077369421 7.5737647e-21
0.38235294               0.055836981 0.0077048043 1.1257969e-20
0.38970588               0.0550165 0.0066064469 1.4015362e-20
0.39705882               0.054832558 0.0046253563 6.3416742e-21
0.40441176               0.0552254 0.0028075398 1.4856506e-20
0.41176471               0.05649957 0.00082358658 5.6339561e-21
0.41911765               0.058388168 -0.00079959283 1.4962154e-20
0.42647059               0.059929894 -0.0023711725 1.2439202e-20
0.43382353               0.061828663 -0.0033768883 1.6309511e-20
0.44117647               0.063342623 -0.0040168744 9.8658891e-21
0.44852941               0.064787454 -0.0041243887 8.4084516e-21
0.45588235               0.066309792 -0.0040581897 1.5803027e-20
0.46323529               0.067416826 -0.0039383235 9.108322e-21
0.47058824               0.068381809 -0.0034836672 1.0814049e-20
0.47794118               0.069158306 -0.002936464 1.5447575e-20
0.48529412               0.069848083 -0.0023436915 9.938541e-21
0.49264706               0.070685746 -0.0014385173 4.879638e-21
0.5               0.071355383 -0.00028648456 4.6964344e-22
0.50735294               0.071579813 0.0010797007 7.0754086e-21
0.51470588               0.071245142 0.0026923853 1.4304886e-20
0.52205882               0.070501955 0.0043196135 1.0614575e-20
0.52941176               0.069638296 0.0056373182 1.6278385e-20
0.53676471               0.068329343 0.0069205225 1.1496922e-20
0.54411765               0.066984475 0.0074122977 1.2286578e-20
0.55147059               0.065751835 0.0068314586 4.2858775e-27
0.55882353               0.065047119 0.0059498003 1.170192e-20
0.56617647               0.064586659 0.0036926559 8.4297088e-21
0.57352941               0.065689057 0.0017256482 1.3177093e-20
0.58088235               0.066276476 -0.00015699882 1.4884832e-20
0.58823529               0.068097553 -0.0016665334 6.8587422e-21
0.59558824               0.06977909 -0.0029874838 1.0484825e-20
0.60294118               0.071098336 -0.0036510133 9.5095328e-21
0.61029412               0.072474833 -0.0038548947 4.3479639e-21
0.61764706               0.073824609 -0.0040622899 1.2063984e-20
0.625               0.074985778 -0.0037842387 1.5320836e-20
0.63235294               0.075906302 -0.0036429959 8.2517678e-21
0.63970588               0.076591106 -0.0032554432 1.9636785e-20
0.64705882               0.07742377 -0.0027394225 1.0638239e-20
0.65441176               0.077986844 -0.0019412835 1.2049277e-20
0.66176471               0.078295702 -0.00087016489 8.8224198e-21
0.66911765               0.078557442 0.00032271032 4.5261853e-21
0.67647059               0.078475396 0.0015119172 1.6704982e-21
0.68382353               0.078109011 0.0030074571 1.2419462e-20
0.69117647               0.077356679 0.0046674439 7.2600097e-21
0.69852941               0.076015378 0.0058157956 1.4480311e-20
0.70588235               0.074882458 0.0067710477 6.9845842e-21
0.71323529               0.073391664 0.0070213877 6.0486236e-21
0.72058824               0.0722727 0.0062652251 7.471672e-21
0.72794118               0.071331228 0.0046076601 3.3023665e-21
0.73529412               0.071562322 0.0027920744 3.0171398e-21
0.74264706               0.072292342 0.00079486372 1.5330865e-21
0.75               0.073431528 -0.00070506479 1.2683141e-20
0.75735294               0.075020377 -0.0021131859 1.4165928e-20
0.76470588               0.076204785 -0.003296132 1.0748446e-20
0.77205882               0.077604858 -0.0036296964 1.3793148e-20
0.77941176               0.078908211 -0.0038815485 1.4233114e-20
0.78676471               0.07983199 -0.0039249653 1.8797594e-20
0.79411765               0.080955501 -0.0038678081 1.4943768e-20
0.80147059               0.081520284 -0.0034381798 1.8995724e-20
0.80882353               0.082303795 -0.0030058049 1.6182328e-20
0.81617647               0.082626234 -0.0024185314 1.490738e-20
0.82352941               0.083142207 -0.0017044796 1.1804049e-20
0.83088235               0.083316557 -0.00076004833 8.9132611e-21
0.83823529               0.083341493 0.00058630936 1.2276667e-20
0.84558824               0.083151283 0.0018711839 1.1751926e-20
0.85294118               0.082565533 0.003435864 2.1399731e-20
0.86029412               0.081699218 0.0047313957 1.1774567e-20
0.86764706               0.080124263 0.0059221436 3.8605112e-21
0.875               0.078818224 0.0065960191 1.103647e-20
0.88235294               0.077588949 0.0065675041 -3.5334798e-22
0.88970588               0.076481101 0.0054017329 6.5174576e-21
0.89705882               0.076244909 0.0035207684 7.1850493e-22
0.90441176               0.076196 0.0018211856 9.1809727e-23
0.91176471               0.077356658 0.00013561425 5.0748143e-21
0.91911765               0.078806578 -0.0013280999 2.030442e-21
0.92647059               0.079742949 -0.0026103567 6.5610243e-21
0.93382353               0.081188222 -0.0033434993 1.0050235e-20
0.94117647               0.082202179 -0.0036809526 6.7161262e-21
0.94852941               0.083306827 -0.0040023768 6.1840726e-21
0.95588235               0.084181637 -0.003915554 -2.5425882e-27
0.96323529               0.084810415 -0.0037895944 7.6650407e-21
0.97058824               0.08554267 -0.0035308603 9.6496344e-21
0.97794118               0.086004394 -0.0029089256 9.6767392e-21
0.98529412               0.086301454 -0.0023037943 7.0367461e-21
0.99264706               0.086644775 -0.0014083343 1.1775022e-20
1.0               0.087030362 -0.00037474293 9.3824497e-21
1.0073529               0.087054546 0.00087091169 8.3672624e-21
1.0147059               0.086346695 0.0022760827 4.1763678e-21
1.0220588               0.085522802 0.0038733865 7.358624e-21
1.0294118               0.084669436 0.00479639 1.276278e-20
1.0367647               0.083365058 0.0058901198 7.4115173e-21
1.0441176               0.081913641 0.0063129497 9.7210283e-21
1.0514706               0.080464335 0.0058722642 3.7091469e-21
1.0588235               0.079980829 0.0049846742 1.1254256e-20
1.0661765               0.079349468 0.0029597969 9.2901383e-21
1.0735294               0.080044851 0.0011391066 7.7727496e-21
1.0808824               0.080619455 -0.00056487305 -2.8514526e-21
1.0882353               0.081946181 -0.0019638259 4.9774043e-21
1.0955882               0.083140831 -0.0031187363 1.8639633e-20
1.1029412               0.084382478 -0.0036675536 1.1160245e-20
1.1102941               0.085387735 -0.0038087974 1.2027798e-20
1.1176471               0.086413083 -0.0039647353 9.7974965e-21
1.125               0.087393882 -0.0037663723 6.5474745e-21
1.1323529               0.087908053 -0.0036173631 5.0880253e-21
1.1397059               0.088443167 -0.003290596 9.5046911e-21
1.1470588               0.089085455 -0.0027508403 1.1101537e-20
1.1544118               0.089280898 -0.0021371589 1.1205282e-20
1.1617647               0.089459428 -0.0011424276 5.22181e-21
1.1691176               0.089663552 5.8817946e-05 4.4606057e-21
1.1764706               0.089054381 0.0012469886 8.139114e-21
1.1838235               0.088693356 0.0026819376 1.8500657e-21
1.1911765               0.087795228 0.0042476965 8.985535e-21
1.1985294               0.086403378 0.0053181453 1.8740049e-20
1.2058824               0.084966572 0.0061903154 1.4138836e-20
1.2132353               0.083501411 0.0062085823 9.377257e-21
1.2205882               0.082733966 0.0053014915 1.0944418e-20
1.2279412               0.081767789 0.0038907541 -2.384061e-27
1.2352941               0.081860218 0.0020851938 9.6365318e-21
1.2426471               0.08277097 0.00053950369 4.4260808e-21
1.25               0.083559982 -0.0011810882 5.1237219e-22
1.2573529               0.08477002 -0.0023755406 1.1789394e-20
1.2647059               0.085869552 -0.0034653301 1.0238729e-20
1.2720588               0.087057366 -0.0037164713 1.3985986e-20
1.2794118               0.088268586 -0.0038583035 1.3256989e-27
1.2867647               0.088881639 -0.0039455225 1.025588e-20
1.2941176               0.089493734 -0.0038552274 1.2789932e-20
1.3014706               0.090070474 -0.0034319142 1.3443784e-20
1.3088235               0.090755302 -0.0030713497 1.8831846e-21
1.3161765               0.090900616 -0.002456917 1.3589656e-20
1.3235294               0.091332527 -0.0017590859 9.0864199e-21
1.3308824               0.091271105 -0.00083831266 5.1744159e-21
1.3382353               0.091208559 0.00041604284 1.6375537e-20
1.3455882               0.09090871 0.0016859089 3.2102819e-21
1.3529412               0.090292037 0.0031231642 7.1056477e-21
1.3602941               0.089426459 0.0044176088 1.0263355e-20
1.3676471               0.087644664 0.0055268624 7.3023605e-21
1.375               0.086495438 0.0060343946 3.2231603e-21
1.3823529               0.084938007 0.0059664048 8.4617017e-21
1.3897059               0.084203159 0.0050817982 1.4183095e-20
1.3970588               0.083906236 0.0033133062 6.2685865e-21
1.4044118               0.083897777 0.0016174079 6.7692971e-21
1.4117647               0.084913532 -2.0789968e-05 4.1302308e-21
1.4191176               0.086157793 -0.0015340453 1.0138931e-20
1.4264706               0.087081703 -0.0027266644 1.3709765e-20
1.4338235               0.088278559 -0.003314935 9.7150191e-21
1.4411765               0.089257292 -0.0037226629 7.5930999e-21
1.4485294               0.089916984 -0.003989493 1.1854927e-20
1.4558824               0.09066748 -0.0039189481 4.3563709e-28
1.4632353               0.091260316 -0.0038259641 8.3478788e-21
1.4705882               0.091815755 -0.0033345914 1.3846081e-20
1.4779412               0.09206281 -0.0029234648 1.2003997e-20
1.4852941               0.092130951 -0.0022856443 1.5593189e-20
1.4926471               0.092435911 -0.0014346069 1.5907186e-20
1.5               0.092720184 -0.00036524116 1.205892e-20
1.5073529               0.092682204 0.00076722404 7.912801e-21
1.5147059               0.092063261 0.0021152965 8.4210677e-21
1.5220588               0.090991299 0.0036374142 1.1216093e-20
1.5294118               0.090002359 0.0046510963 8.8709178e-21
1.5367647               0.08860382 0.0055119362 1.2690328e-20
1.5441176               0.08732989 0.0059381707 5.4377217e-21
1.5514706               0.086160882 0.0054847728 6.2838089e-21
1.5588235               0.085226283 0.0043895707 1.4010783e-20
1.5661765               0.084737522 0.0024319384 5.0154096e-21
1.5735294               0.085353087 0.00068024123 -4.926321e-28
1.5808824               0.085867053 -0.00081511744 3.128926e-28
1.5882353               0.087406985 -0.0020002317 1.256792e-20
1.5955882               0.08845196 -0.0031024027 4.703726e-21
1.6029412               0.089387766 -0.0036350045 1.5583401e-20
1.6102941               0.090240435 -0.0037932428 4.640388e-21
1.6176471               0.091270742 -0.0039398113 1.1970507e-20
1.625               0.09194059 -0.0038851625 5.3155091e-21
1.6323529               0.092610498 -0.0036621686 1.5730054e-20
1.6397059               0.093078143 -0.0032717779 4.2371057e-21
1.6470588               0.093478201 -0.0028074923 2.2584501e-21
1.6544118               0.093678181 -0.0022226476 7.8895518e-21
1.6617647               0.09378293 -0.0010597513 8.1729824e-21
1.6691176               0.093802982 6.336724e-05 7.9573732e-22
1.6764706               0.093231187 0.0011044281 3.1368225e-21
1.6838235               0.092771136 0.0023230999 7.9829332e-21
1.6911765               0.091789834 0.003885479 7.8280139e-21
1.6985294               0.090441919 0.0050109772 4.5160347e-21
1.7058824               0.089149002 0.0057721407 5.4174433e-21
1.7132353               0.087503249 0.0059048727 -4.0750024e-27
1.7205882               0.086634172 0.0050956927 1.0747764e-20
1.7279412               0.08562952 0.0035159592 3.551159e-21
1.7352941               0.086147787 0.0017924989 1.9450793e-20
1.7426471               0.086681626 0.00021446053 9.3001289e-21
1.75               0.087414917 -0.001357028 2.6257155e-22
1.7573529               0.088740737 -0.0024660326 2.4267729e-21
1.7647059               0.089612696 -0.0034520853 1.0525256e-20
1.7720588               0.090611493 -0.0038208689 1.1613664e-20
1.7794118               0.091734861 -0.0039045474 4.0490773e-21
1.7867647               0.092387494 -0.0039834874 9.8129373e-21
1.7941176               0.092998908 -0.00382196 5.2876366e-21
1.8014706               0.093520159 -0.0034343789 2.952781e-21
1.8088235               0.094033166 -0.0030241836 8.504028e-21
1.8161765               0.09414439 -0.0025305317 1.1766476e-20
1.8235294               0.094487482 -0.0018764091 9.3539425e-21
1.8308824               0.094398122 -0.00082770139 1.3472726e-20
1.8382353               0.094270105 0.00027593087 -2.2614708e-27
1.8455882               0.093861522 0.0016581985 9.1457121e-21
1.8529412               0.093230411 0.0029819928 1.0508359e-20
1.8602941               0.092231036 0.0043294214 6.8743305e-21
1.8676471               0.090682717 0.0053352996 6.0534423e-21
1.875               0.089496987 0.0059606908 6.1418892e-21
1.8823529               0.088097418 0.0057367152 8.4951052e-21
1.8897059               0.087271908 0.0047453585 5.6621206e-22
1.8970588               0.086797133 0.0030981844 3.1455449e-21
1.9044118               0.086778027 0.0014383024 2.5416627e-21
1.9117647               0.087711169 -0.00013294527 5.1678758e-21
1.9191176               0.0889274 -0.0015516443 6.9758473e-21
1.9264706               0.089799739 -0.0028470713 6.2539009e-21
1.9338235               0.090903882 -0.0034454779 1.1249119e-20
1.9411765               0.09176347 -0.0036994954 1.0333733e-20
1.9485294               0.092493581 -0.0040124831 5.9296018e-21
1.9558824               0.093234202 -0.0039537868 1.18013e-20
1.9632353               0.093726429 -0.0037215535 1.4870669e-20
1.9705882               0.094149412 -0.0034555602 1.2219772e-20
1.9779412               0.094445615 -0.00299434 6.774879e-21
1.9852941               0.094506056 -0.0022608148 1.2000674e-20
1.9926471               0.094744588 -0.0014366975 7.242984e-21
