t               Ux1 Uy1 Uz1
0.0073529412               0.0072103332 0.012035178 1.1233238e-26
0.014705882               0.005718963 0.013986491 7.7206812e-27
0.022058824               0.003402961 0.016382846 -1.5118889e-26
0.029411765               0.00030534519 0.017752976 2.6542429e-27
0.036764706               -0.0026237786 0.017978925 -1.3357828e-20
0.044117647               -0.0065790237 0.017577421 -2.1441888e-21
0.051470588               -0.0098467878 0.015839855 -6.0905932e-21
0.058823529               -0.012888503 0.013336544 -2.0257698e-26
0.066176471               -0.01453606 0.010661761 -2.3821964e-27
0.073529412               -0.015772411 0.0074368671 -5.3021711e-27
0.080882353               -0.015766737 0.0046417573 -9.2507773e-28
0.088235294               -0.015342789 0.0021930042 -7.9242669e-27
0.095588235               -0.014452713 2.1838759e-05 -5.4938179e-27
0.10294118               -0.013272882 -0.0020217177 -4.5882132e-27
0.11029412               -0.011699789 -0.0036700656 -5.1140871e-27
0.11764706               -0.010605735 -0.0056065862 -4.3762096e-27
0.125               -0.0085855182 -0.0070042888 -4.43525e-27
0.13235294               -0.0063850821 -0.0082556946 -2.9583391e-27
0.13970588               -0.0042434707 -0.0094496086 2.6198465e-21
0.14705882               -0.002058983 -0.010382881 1.3666721e-27
0.15441176               0.00038422386 -0.010624752 1.5635835e-21
0.16176471               0.0026679745 -0.010394565 -2.2528275e-27
0.16911765               0.0049670807 -0.0099396964 -3.0189428e-27
0.17647059               0.0069888295 -0.0090470537 4.7127013e-21
0.18382353               0.008843906 -0.007530055 5.4593478e-27
0.19117647               0.010193862 -0.0057442377 6.9361015e-27
0.19852941               0.010949142 -0.0040526854 5.2581151e-21
0.20588235               0.011206232 -0.0025631678 1.1286103e-26
0.21323529               0.010298534 -0.00120222 3.7258713e-27
0.22058824               0.010131976 -0.00046414862 -3.66444e-21
0.22794118               0.0092552432 -0.00058111925 4.9059891e-27
0.23529412               0.0090659276 -0.00094534559 2.8217e-27
0.24264706               0.0086951383 -0.0018234048 -1.3687354e-27
0.25               0.0097327216 -0.0023306515 2.3186149e-27
0.25735294               0.010223589 -0.0030438191 2.7955532e-27
0.26470588               0.011160071 -0.0033394523 -1.6433049e-21
0.27205882               0.011908527 -0.0035213416 1.4972602e-27
0.27941176               0.012886812 -0.0037248384 -4.155861e-21
0.28676471               0.013515747 -0.0039216433 -7.5257747e-23
0.29411765               0.0146018 -0.0039314213 1.0492302e-27
0.30147059               0.01571322 -0.0037666825 2.2287888e-27
0.30882353               0.016937195 -0.0035610409 4.2516772e-28
0.31617647               0.017987187 -0.0036164859 2.3835592e-27
0.32352941               0.018977097 -0.0032176807 -6.5968965e-27
0.33088235               0.020046307 -0.0027166773 5.1231923e-27
0.33823529               0.020965448 -0.0017398205 8.3709892e-27
0.34558824               0.021726205 -0.00096697534 1.895945e-27
0.35294118               0.022326141 0.00031747985 3.7753026e-27
0.36029412               0.022200341 0.0017259864 2.9859705e-28
0.36764706               0.022475943 0.0028268524 4.2014766e-29
0.375               0.022150679 0.003684282 1.1379899e-27
0.38235294               0.021164514 0.0042196416 -2.0839251e-27
0.38970588               0.020231208 0.0041245185 3.4609729e-27
0.39705882               0.019855702 0.0036516988 5.0455486e-28
0.40441176               0.019704344 0.0028570191 1.9494172e-27
0.41176471               0.019626917 0.0018772488 1.1766503e-27
0.41911765               0.019890153 0.0011796563 3.0810583e-28
0.42647059               0.020641157 0.00044738781 8.7528464e-27
0.43382353               0.021878593 -4.2227809e-06 -1.775956e-21
0.44117647               0.022574194 -0.00040908688 2.646167e-27
0.44852941               0.023505964 -0.00077990778 -1.1619908e-27
0.45588235               0.02448126 -0.00074114289 1.0266014e-21
0.46323529               0.025384727 -0.0011713275 1.7168634e-28
0.47058824               0.026291688 -0.0013248139 2.4307396e-27
0.47794118               0.027192632 -0.001422402 -2.4502832e-28
0.48529412               0.028144841 -0.0014096246 -3.2799317e-27
0.49264706               0.029260447 -0.0011663796 -1.9375709e-21
0.5               0.030194307 -0.00074017408 8.5400839e-28
0.50735294               0.03122131 -0.00024037509 1.7141394e-28
0.51470588               0.031577941 0.0005157921 7.6203334e-27
0.52205882               0.03230339 0.0015185111 -5.5535394e-27
0.52941176               0.032300813 0.0024800242 -1.0182923e-21
0.53676471               0.0321718 0.0031987302 4.6555688e-27
0.54411765               0.031698986 0.0038416681 -8.3439047e-28
0.55147059               0.031107888 0.0039283766 -1.5757108e-21
0.55882353               0.030634825 0.0037161577 -3.9658735e-27
0.56617647               0.029990034 0.0030964891 1.4402039e-27
0.57352941               0.029680987 0.0020664738 8.3706597e-28
0.58088235               0.030061114 0.0012270012 2.6059455e-27
0.58823529               0.030358099 0.0004056277 -3.8800835e-27
0.59558824               0.031215375 -0.0003072422 3.0828972e-27
0.60294118               0.032001302 -0.00067461599 1.0981978e-27
0.61029412               0.032888574 -0.0010262989 7.4749158e-21
0.61764706               0.033501847 -0.0014881288 1.5312495e-27
0.625               0.03453914 -0.0015916245 -2.0418453e-21
0.63235294               0.035633174 -0.0017114724 -2.8218218e-27
0.63970588               0.036157372 -0.0019550855 2.0086956e-27
0.64705882               0.037095718 -0.0019518706 -1.222929e-20
0.65441176               0.037919324 -0.0017971485 -2.032248e-28
0.66176471               0.038747392 -0.0015313432 -3.6103139e-28
0.66911765               0.039606667 -0.0010842075 -5.1219703e-21
0.67647059               0.040343518 -0.00048584248 3.8288221e-27
0.68382353               0.040598766 0.00050360341 8.5710788e-28
0.69117647               0.041116493 0.0013524966 5.0372806e-27
0.69852941               0.041230737 0.0021802387 -2.9736273e-27
0.70588235               0.040691745 0.0029253532 9.0520648e-27
0.71323529               0.039811444 0.0034835597 -2.6165039e-21
0.72058824               0.039446835 0.0034625421 -2.716798e-21
0.72794118               0.038572597 0.003063857 -4.8817895e-27
0.73529412               0.038358379 0.0023602843 -6.9415542e-21
0.74264706               0.03809354 0.0015005755 -2.829196e-27
0.75               0.038369777 0.00072782442 8.2320913e-28
0.75735294               0.039061177 3.960895e-05 1.1760955e-27
0.76470588               0.039839034 -0.00039617131 3.308022e-28
0.77205882               0.04039991 -0.00070826176 2.3308968e-27
0.77941176               0.041335403 -0.0011065722 -6.415651e-22
0.78676471               0.041770793 -0.0014947582 -6.8497599e-21
0.79411765               0.042425141 -0.001758303 -2.9022144e-27
0.80147059               0.043249878 -0.0016120382 -9.0822886e-21
0.80882353               0.044234087 -0.0015439407 1.7353631e-27
0.81617647               0.044778469 -0.0016860733 -5.879214e-21
0.82352941               0.045566121 -0.0014618165 -3.7887231e-21
0.83088235               0.046323084 -0.0011700517 2.6271556e-27
0.83823529               0.046894479 -0.0004900258 -5.8198747e-21
0.84558824               0.047278408 3.9410269e-05 7.492556e-27
0.85294118               0.047734188 0.00094408383 1.6989916e-27
0.86029412               0.047565192 0.0018893247 -5.4649208e-27
0.86764706               0.047805012 0.0026065145 2.0393704e-27
0.875               0.047097366 0.0032550166 1.7625647e-27
0.88235294               0.04630251 0.0037162575 8.2746927e-27
0.88970588               0.045382325 0.0033697191 -6.0476268e-27
0.89705882               0.044673157 0.0029883805 1.2417959e-27
0.90441176               0.044529089 0.0020842427 -5.1025679e-21
0.91176471               0.044301652 0.0012776257 -7.1958736e-21
0.91911765               0.044535512 0.00063666838 3.4497273e-27
0.92647059               0.045205886 6.1631939e-05 -5.6027377e-21
0.93382353               0.046053371 -0.00047074549 -5.1012143e-27
0.94117647               0.046311289 -0.00077901825 -1.3373985e-20
0.94852941               0.04727994 -0.0011118766 1.5105913e-27
0.95588235               0.048204824 -0.0010679078 -6.4145428e-21
0.96323529               0.04881843 -0.0013417876 1.9817367e-27
0.97058824               0.04944079 -0.0013565914 2.484332e-27
0.97794118               0.049941083 -0.0013570432 -2.610505e-21
0.98529412               0.050926056 -0.0013051323 2.7178307e-27
0.99264706               0.051310303 -0.00088990813 -2.078428e-21
1.0               0.052192356 -0.00060913668 8.0641604e-27
1.0073529               0.052673238 -1.9855507e-05 3.1101875e-27
1.0147059               0.053052552 0.00058820613 3.4706484e-27
1.0220588               0.053215542 0.0014861593 1.2955741e-27
1.0294118               0.053068288 0.0023537116 3.1842965e-28
1.0367647               0.052758983 0.0031061669 4.8453654e-27
1.0441176               0.052040723 0.0036136313 9.6335341e-27
1.0514706               0.051312491 0.0037868503 -4.3040381e-21
1.0588235               0.05048142 0.0035492945 3.1100882e-21
1.0661765               0.050069704 0.0028997157 2.4115571e-27
1.0735294               0.049491627 0.0021984434 -1.1210092e-20
1.0808824               0.049775032 0.0013523676 2.4343169e-27
1.0882353               0.049985421 0.00064891896 1.01469e-27
1.0955882               0.050519887 6.2177352e-05 -6.8073361e-27
1.1029412               0.051040118 -0.00037447389 8.757417e-28
1.1102941               0.052035447 -0.00056967614 -3.909519e-28
1.1176471               0.05224281 -0.00095051408 3.7580129e-28
1.125               0.05290987 -0.00098170643 -2.2737509e-21
1.1323529               0.053806354 -0.0010095504 2.0600616e-27
1.1397059               0.054442561 -0.0011559172 -3.3537855e-27
1.1470588               0.055112963 -0.0011729329 2.0551369e-27
1.1544118               0.055769681 -0.0010146235 2.5031925e-21
1.1617647               0.056404995 -0.00060356238 -3.0974974e-27
1.1691176               0.056977205 -0.00020879825 2.5219199e-28
1.1764706               0.057313521 0.00036948289 -1.6062839e-28
1.1838235               0.05759645 0.0011633696 9.8425838e-27
1.1911765               0.057678564 0.0019516462 4.2051379e-27
1.1985294               0.057496216 0.0027715197 -5.2382093e-28
1.2058824               0.05705161 0.003420523 -5.9947394e-27
1.2132353               0.055800823 0.0038947258 -1.1822442e-20
1.2205882               0.055425917 0.0038102522 3.0071837e-27
1.2279412               0.05441474 0.0033887684 -1.3142303e-20
1.2352941               0.054131838 0.0027932057 -2.0050871e-20
1.2426471               0.053822603 0.001753208 -5.0164342e-27
1.25               0.054415619 0.0011777262 -2.1233925e-21
1.2573529               0.054757311 0.00038401593 -2.8183619e-27
1.2647059               0.055462468 5.6646356e-05 -5.644462e-29
1.2720588               0.055937499 -0.00029331475 6.8473046e-28
1.2794118               0.056611526 -0.00065049837 1.3767055e-27
1.2867647               0.056945889 -0.0009425563 -3.5214185e-27
1.2941176               0.057577088 -0.0010570599 -2.5058246e-21
1.3014706               0.05830555 -0.00095290823 -6.1628139e-22
1.3088235               0.059063188 -0.00091274615 -4.526072e-27
1.3161765               0.059662071 -0.00099848892 -3.1849901e-27
1.3235294               0.060098243 -0.00071640448 -1.9831969e-21
1.3308824               0.060656601 -0.0004974542 1.7193618e-27
1.3382353               0.06107177 0.00012142656 1.5344282e-27
1.3455882               0.061397294 0.00059904037 -2.1900158e-27
1.3529412               0.061469285 0.0014831605 4.485268e-27
1.3602941               0.061109609 0.0024767626 3.2749986e-28
1.3676471               0.061128325 0.0030650905 -3.3704382e-27
1.375               0.060657845 0.0035878257 2.8177366e-27
1.3823529               0.059649254 0.0039387907 3.8971236e-27
1.3897059               0.058616074 0.0036241424 -1.2232706e-20
1.3970588               0.058130314 0.0030831818 -3.5531925e-27
1.4044118               0.057889355 0.0024522667 8.3769863e-28
1.4117647               0.057692847 0.0015389359 1.1323619e-27
1.4191176               0.057676485 0.00089113144 -3.1331331e-21
1.4264706               0.058289945 0.00013370338 -5.5897588e-21
1.4338235               0.059200831 -0.00015589561 -1.9142239e-20
1.4411765               0.059593599 -0.00047336213 -2.7258908e-21
1.4485294               0.060236019 -0.00086801537 -6.2980514e-21
1.4558824               0.060945472 -0.00073435551 -1.2435775e-21
1.4632353               0.061503731 -0.0010438294 5.2466671e-28
1.4705882               0.062104098 -0.0011055055 -1.7726126e-27
1.4779412               0.062598339 -0.0010637456 -3.6469638e-21
1.4852941               0.063219374 -0.0010197018 -7.1601575e-21
1.4926471               0.063745991 -0.00074039445 -4.6311309e-21
1.5               0.064381135 -0.00030469839 2.846631e-27
1.5073529               0.064776554 0.00021072573 5.2406617e-28
1.5147059               0.064919238 0.00092584277 4.3174456e-27
1.5220588               0.065103916 0.0016655546 3.6287648e-27
1.5294118               0.064730151 0.0025505084 4.1481761e-27
1.5367647               0.064249174 0.0029752456 -9.4551137e-27
1.5441176               0.06363368 0.0035388848 2.7348295e-27
1.5514706               0.062787189 0.0036105223 -1.668565e-21
1.5588235               0.061962246 0.0033409345 3.4923683e-27
1.5661765               0.06135142 0.0028461906 -8.3625385e-21
1.5735294               0.060946608 0.0020422267 -4.9267904e-27
1.5808824               0.061092472 0.0011773403 -2.6718297e-27
1.5882353               0.061131337 0.00058360316 -5.1465728e-21
1.5955882               0.061734601 3.2652471e-05 -1.6223981e-28
1.6029412               0.062351455 -0.00036003846 -6.1426935e-21
1.6102941               0.062964489 -0.00057747159 1.9215443e-27
1.6176471               0.063421373 -0.00093988194 -1.6242986e-29
1.625               0.064105239 -0.00099925735 -4.16833e-27
1.6323529               0.064961349 -0.00096336521 1.0809632e-28
1.6397059               0.065195894 -0.0011111853 9.054884e-29
1.6470588               0.065938036 -0.0010780353 1.2479223e-27
1.6544118               0.066333004 -0.00077950757 2.2139383e-27
1.6617647               0.066825745 -0.00050185557 -5.2831778e-21
1.6691176               0.067328305 -9.5480159e-05 -8.4238674e-22
1.6764706               0.067692797 0.00043258478 -4.5872674e-27
1.6838235               0.067531588 0.0013635565 6.5555265e-27
1.6911765               0.067936164 0.0019841049 -5.0333336e-21
1.6985294               0.067604142 0.0027416964 4.9416662e-27
1.7058824               0.066884394 0.0033893556 1.1621864e-27
1.7132353               0.065805128 0.0037270463 5.1735359e-27
1.7205882               0.065243648 0.0036329353 -6.0271391e-21
1.7279412               0.0642819 0.0031874066 -1.291599e-20
1.7352941               0.063994349 0.0025022655 -1.1533287e-20
1.7426471               0.063622716 0.0017735313 1.9242168e-27
1.75               0.063747343 0.00097276204 1.3023382e-27
1.7573529               0.064251985 0.00035371788 -6.0299435e-21
1.7647059               0.064943174 3.9498419e-05 -7.7650826e-21
1.7720588               0.065413687 -0.00030201219 -4.4588963e-27
1.7794118               0.066114624 -0.00067003202 -1.3110142e-20
1.7867647               0.066306339 -0.0009351643 -1.2425998e-20
1.7941176               0.066911477 -0.0011953473 -5.3911631e-22
1.8014706               0.067628299 -0.0010057889 -2.4477043e-21
1.8088235               0.068176753 -0.0008188451 -1.0539521e-20
1.8161765               0.068664727 -0.00097934929 -3.5913621e-27
1.8235294               0.069198929 -0.00087185327 -9.7517075e-21
1.8308824               0.069689101 -0.00054847486 4.0854658e-27
1.8382353               0.070135068 -5.0365831e-05 -6.6732163e-27
1.8455882               0.070156394 0.00057247955 -5.9812583e-21
1.8529412               0.07036617 0.0013548396 -5.1552241e-21
1.8602941               0.069955036 0.002215143 3.9500338e-27
1.8676471               0.070136155 0.0027664754 -1.0500747e-27
1.875               0.069279923 0.0033337578 -4.9182289e-27
1.8823529               0.06841934 0.0036503988 -3.764359e-28
1.8897059               0.067286791 0.0034497258 6.1875295e-28
1.8970588               0.066485355 0.0029676886 -1.7203142e-21
1.9044118               0.066281511 0.002121833 -7.3324938e-27
1.9117647               0.066055948 0.0013564853 -6.1616325e-21
1.9191176               0.066170578 0.0007694968 -2.3084887e-27
1.9264706               0.06666314 0.00017801634 -5.5164863e-21
1.9338235               0.067499671 -0.00031389946 -3.362398e-27
1.9411765               0.06756877 -0.00045045572 -1.6575888e-29
1.9485294               0.068368486 -0.00079525314 8.3669632e-28
1.9558824               0.069181937 -0.00081675597 -2.7117385e-27
1.9632353               0.06967333 -0.0010210281 2.23526e-27
1.9705882               0.070070985 -0.0010744866 -2.2048662e-27
1.9779412               0.070462537 -0.00098524917 -3.2817508e-22
1.9852941               0.071235045 -0.00090963667 5.6575942e-27
1.9926471               0.071335379 -0.00047028563 -3.2706068e-27
