t               Ux1 Uy1 Uz1
0.0073529412               0.0065931737 0.010792669 0.0
0.014705882               0.0050617556 0.012890839 0.0
0.022058824               0.0026713273 0.014545004 0.0
0.029411765               9.1032836e-06 0.015410638 0.0
0.036764706               -0.0034272416 0.015935118 0.0
0.044117647               -0.0066824824 0.015429568 0.0
0.051470588               -0.0096015546 0.013783913 0.0
0.058823529               -0.01148845 0.011614181 0.0
0.066176471               -0.012934111 0.0091918661 0.0
0.073529412               -0.013601175 0.0066647397 0.0
0.080882353               -0.013864139 0.0045232702 0.0
0.088235294               -0.013724182 0.0023774621 0.0
0.095588235               -0.013358082 0.00057099213 0.0
0.10294118               -0.012708517 -0.0012205167 0.0
0.11029412               -0.012048841 -0.0029337806 0.0
0.11764706               -0.010887978 -0.0046532921 0.0
0.125               -0.0096899149 -0.006316761 0.0
0.13235294               -0.0080136091 -0.0077347478 0.0
0.13970588               -0.0061952703 -0.0089951457 0.0
0.14705882               -0.0041033285 -0.0099404925 0.0
0.15441176               -0.0018827546 -0.010644939 0.0
0.16176471               0.00042638364 -0.010642199 0.0
0.16911765               0.0027025446 -0.010281549 0.0
0.17647059               0.0046752583 -0.0095143401 0.0
0.18382353               0.0064511279 -0.0081915405 0.0
0.19117647               0.007901395 -0.0067416777 0.0
0.19852941               0.0084167597 -0.0048768853 0.0
0.20588235               0.0086885485 -0.0031653515 0.0
0.21323529               0.0082226411 -0.0019266001 0.0
0.22058824               0.0077842344 -0.0011890461 0.0
0.22794118               0.0073061791 -0.00093492414 0.0
0.23529412               0.0069371465 -0.0010431411 0.0
0.24264706               0.0069269639 -0.0012616832 0.0
0.25               0.0069765661 -0.001607197 0.0
0.25735294               0.007267208 -0.0019464408 0.0
0.26470588               0.0077766866 -0.0021555257 0.0
0.27205882               0.0082559674 -0.0023809465 0.0
0.27941176               0.0087456918 -0.0024649551 0.0
0.28676471               0.0096039892 -0.0024422036 0.0
0.29411765               0.010183125 -0.002426046 0.0
0.30147059               0.010891532 -0.0023886886 0.0
0.30882353               0.011655399 -0.0022987467 0.0
0.31617647               0.012495095 -0.0021713601 0.0
0.32352941               0.013414571 -0.0018600823 0.0
0.33088235               0.014245189 -0.0014520811 0.0
0.33823529               0.015208945 -0.00080250101 0.0
0.34558824               0.015967427 -9.8466899e-06 0.0
0.35294118               0.016461037 0.0011102967 0.0
0.36029412               0.016731107 0.002095772 0.0
0.36764706               0.016654687 0.0032739407 0.0
0.375               0.016138615 0.0041911848 0.0
0.38235294               0.01557003 0.0046066542 0.0
0.38970588               0.014901034 0.0046334602 0.0
0.39705882               0.014497642 0.0042863259 0.0
0.40441176               0.014447598 0.0038125567 0.0
0.41176471               0.014348459 0.0031687602 0.0
0.41911765               0.014816237 0.0027050971 0.0
0.42647059               0.015142773 0.0021158551 0.0
0.43382353               0.015593773 0.0016527028 0.0
0.44117647               0.016085624 0.0013130704 0.0
0.44852941               0.0167087 0.0008768265 0.0
0.45588235               0.01734445 0.00063198509 0.0
0.46323529               0.018051065 0.00036661318 0.0
0.47058824               0.018750221 6.6283758e-05 0.0
0.47794118               0.019570547 -0.00017860277 0.0
0.48529412               0.020300472 -0.00026452243 0.0
0.49264706               0.021230461 -0.00022134375 0.0
0.5               0.022251291 -0.00013465906 0.0
0.50735294               0.022982602 0.00015841675 0.0
0.51470588               0.023859678 0.0006955216 0.0
0.52205882               0.024378674 0.0013594226 0.0
0.52941176               0.024925095 0.0018528258 0.0
0.53676471               0.02480763 0.0028270223 0.0
0.54411765               0.024403206 0.0032731427 0.0
0.55147059               0.024070421 0.0033355839 0.0
0.55882353               0.023602038 0.0031002735 0.0
0.56617647               0.023634159 0.0026344188 0.0
0.57352941               0.023751738 0.0020085779 0.0
0.58088235               0.023974102 0.001325378 0.0
0.58823529               0.024252331 0.00073869105 0.0
0.59558824               0.024799001 0.00023764809 0.0
0.60294118               0.025424824 -0.00017900081 0.0
0.61029412               0.02585923 -0.0005456993 0.0
0.61764706               0.026496777 -0.00081610374 0.0
0.625               0.027231837 -0.0010768141 0.0
0.63235294               0.027945123 -0.001246722 0.0
0.63970588               0.028578395 -0.0014981568 0.0
0.64705882               0.029371508 -0.0015860518 0.0
0.65441176               0.030213322 -0.0016419713 0.0
0.66176471               0.030944665 -0.0014849506 0.0
0.66911765               0.031728122 -0.0011140746 0.0
0.67647059               0.032442718 -0.0008335519 0.0
0.68382353               0.033061061 -0.00013356149 0.0
0.69117647               0.033458828 0.00056404347 0.0
0.69852941               0.033663352 0.0013143622 0.0
0.70588235               0.033480265 0.0020046265 0.0
0.71323529               0.033077927 0.0024209186 0.0
0.72058824               0.032675356 0.0024405141 0.0
0.72794118               0.032171639 0.0022067936 0.0
0.73529412               0.031972076 0.0016939456 0.0
0.74264706               0.031925609 0.0011789158 0.0
0.75               0.03218595 0.00066711532 0.0
0.75735294               0.032524245 0.00012694693 0.0
0.76470588               0.032838578 -0.00026039721 0.0
0.77205882               0.033333441 -0.00056391716 0.0
0.77941176               0.034038476 -0.00071991534 0.0
0.78676471               0.034399294 -0.0010007539 0.0
0.79411765               0.035000286 -0.0011946894 0.0
0.80147059               0.035554978 -0.0013275523 0.0
0.80882353               0.036278902 -0.0014884417 0.0
0.81617647               0.03687927 -0.0014671972 0.0
0.82352941               0.037482301 -0.0013352161 0.0
0.83088235               0.038279145 -0.0011980618 0.0
0.83823529               0.038842449 -0.00083508959 0.0
0.84558824               0.039495592 -0.00037095855 0.0
0.85294118               0.03992986 0.00030925944 0.0
0.86029412               0.040163595 0.00094141598 0.0
0.86764706               0.039933432 0.0017480529 0.0
0.875               0.039735153 0.0023052869 0.0
0.88235294               0.039232208 0.0026116382 0.0
0.88970588               0.038728032 0.0025192068 0.0
0.89705882               0.038271346 0.0021872117 0.0
0.90441176               0.03821472 0.0017761938 0.0
0.91176471               0.038261406 0.0011793458 0.0
0.91911765               0.038375087 0.00065799334 0.0
0.92647059               0.038816574 0.00024899528 0.0
0.93382353               0.039156044 -0.00011987569 0.0
0.94117647               0.039524612 -0.0004295348 0.0
0.94852941               0.039987122 -0.00065132873 0.0
0.95588235               0.040500938 -0.00082959076 0.0
0.96323529               0.041054479 -0.00099330869 0.0
0.97058824               0.041613109 -0.0011379989 0.0
0.97794118               0.042199295 -0.0012270195 0.0
0.98529412               0.042775293 -0.0011661515 0.0
0.99264706               0.043417455 -0.0010714745 0.0
1.0               0.044044939 -0.0008010725 0.0
1.0073529               0.044687108 -0.0004757133 0.0
1.0147059               0.045191842 4.0335113e-05 0.0
1.0220588               0.045345526 0.00071294365 0.0
1.0294118               0.045482659 0.0013921647 0.0
1.0367647               0.045378608 0.0020437975 0.0
1.0441176               0.044946146 0.0025255839 0.0
1.0514706               0.04432155 0.0026903732 0.0
1.0588235               0.043990022 0.002591447 0.0
1.0661765               0.043579786 0.0022394093 0.0
1.0735294               0.043433581 0.0016768284 0.0
1.0808824               0.043381129 0.0012093051 0.0
1.0882353               0.043570092 0.00066164587 0.0
1.0955882               0.043872464 0.00025576238 0.0
1.1029412               0.044333401 -8.1285503e-05 0.0
1.1102941               0.044661494 -0.00034321312 0.0
1.1176471               0.045222217 -0.00058581981 0.0
1.125               0.045589726 -0.00082539302 0.0
1.1323529               0.046154393 -0.00094333262 0.0
1.1397059               0.046663297 -0.0010632945 0.0
1.1470588               0.047247253 -0.0011365143 0.0
1.1544118               0.04781733 -0.0011722826 0.0
1.1617647               0.048466592 -0.00095851695 0.0
1.1691176               0.049055284 -0.00071938817 0.0
1.1764706               0.049457739 -0.00027601412 0.0
1.1838235               0.04990892 0.00029965792 0.0
1.1911765               0.050234758 0.00086297996 0.0
1.1985294               0.050010775 0.0016325657 0.0
1.2058824               0.04985527 0.0022160817 0.0
1.2132353               0.049227203 0.0025776211 0.0
1.2205882               0.048739444 0.0025973202 0.0
1.2279412               0.048294418 0.0023538522 0.0
1.2352941               0.04799477 0.0019152 0.0
1.2426471               0.047967827 0.0014538833 0.0
1.25               0.047982023 0.00094474588 0.0
1.2573529               0.048166225 0.00047093882 0.0
1.2647059               0.048542014 9.8205839e-05 0.0
1.2720588               0.048885542 -0.00027368787 0.0
1.2794118               0.049201121 -0.00053746058 0.0
1.2867647               0.049863532 -0.00066798692 0.0
1.2941176               0.050235253 -0.00081688522 0.0
1.3014706               0.050676185 -0.00091870885 0.0
1.3088235               0.051169758 -0.00098090134 0.0
1.3161765               0.05171652 -0.0010260854 0.0
1.3235294               0.052309358 -0.00094247187 0.0
1.3308824               0.052760705 -0.00077800895 0.0
1.3382353               0.053370741 -0.00045526161 0.0
1.3455882               0.053812062 -3.3583772e-05 0.0
1.3529412               0.054067621 0.00063046254 0.0
1.3602941               0.054142872 0.0011988822 0.0
1.3676471               0.05404304 0.0019021897 0.0
1.375               0.053586506 0.00243449 0.0
1.3823529               0.053088036 0.0026487286 0.0
1.3897059               0.052455108 0.0025947327 0.0
1.3970588               0.052079778 0.0022732648 0.0
1.4044118               0.051952688 0.0018604133 0.0
1.4117647               0.051748362 0.0013287933 0.0
1.4191176               0.052055211 0.00092883527 0.0
1.4264706               0.052220821 0.00042768014 0.0
1.4338235               0.052519079 5.6762635e-05 0.0
1.4411765               0.052841849 -0.00021171619 0.0
1.4485294               0.053259361 -0.00054676542 0.0
1.4558824               0.053674509 -0.00067637021 0.0
1.4632353               0.054156134 -0.0008226233 0.0
1.4705882               0.054596909 -0.00097000932 0.0
1.4779412               0.05511627 -0.0010547776 0.0
1.4852941               0.055514335 -0.0010009766 0.0
1.4926471               0.056074986 -0.00084276444 0.0
1.5               0.056692685 -0.00066988839 0.0
1.5073529               0.057005759 -0.00033256632 0.0
1.5147059               0.05748108 0.00019142435 0.0
1.5220588               0.057616149 0.00079570322 0.0
1.5294118               0.057788266 0.001251218 0.0
1.5367647               0.057456418 0.002067007 0.0
1.5441176               0.056827774 0.0024645374 0.0
1.5514706               0.056276235 0.0025362876 0.0
1.5588235               0.055618734 0.0023881929 0.0
1.5661765               0.055437089 0.0020388004 0.0
1.5735294               0.055326217 0.0015547071 0.0
1.5808824               0.055329296 0.0010102791 0.0
1.5882353               0.055353571 0.00055173971 0.0
1.5955882               0.055688459 0.00017039518 0.0
1.6029412               0.056080248 -0.00013706062 0.0
1.6102941               0.056294903 -0.00039315086 0.0
1.6176471               0.056701557 -0.00056120017 0.0
1.625               0.057199918 -0.00072265645 0.0
1.6323529               0.057672575 -0.00079807164 0.0
1.6397059               0.058036416 -0.00092373396 0.0
1.6470588               0.058545799 -0.0009329367 0.0
1.6544118               0.059053811 -0.00089586279 0.0
1.6617647               0.059487688 -0.00070233135 0.0
1.6691176               0.05995267 -0.00035167454 0.0
1.6764706               0.06032121 -8.1691238e-05 0.0
1.6838235               0.060664435 0.00051739303 0.0
1.6911765               0.060751533 0.0011154558 0.0
1.6985294               0.060753941 0.0017290234 0.0
1.7058824               0.060390591 0.002284643 0.0
1.7132353               0.059852151 0.0026184004 0.0
1.7205882               0.059298999 0.0026197306 0.0
1.7279412               0.058670217 0.0023886404 0.0
1.7352941               0.058347645 0.0019190891 0.0
1.7426471               0.05812875 0.0014456532 0.0
1.75               0.058250995 0.00099144696 0.0
1.7573529               0.05845751 0.00049311319 0.0
1.7647059               0.058607086 0.00014206373 0.0
1.7720588               0.058968938 -0.00014211736 0.0
1.7794118               0.05952754 -0.00025208166 0.0
1.7867647               0.059737633 -0.00051141899 0.0
1.7941176               0.06017978 -0.00068030038 0.0
1.8014706               0.060569942 -0.00077835383 0.0
1.8088235               0.061106748 -0.00090370017 0.0
1.8161765               0.06151265 -0.00086071221 0.0
1.8235294               0.061920459 -0.0007290965 0.0
1.8308824               0.062504325 -0.00060858466 0.0
1.8382353               0.06281378 -0.00027810571 0.0
1.8455882               0.063258469 0.00014065856 0.0
1.8529412               0.063491683 0.00072294827 0.0
1.8602941               0.063535252 0.0012581934 0.0
1.8676471               0.063160739 0.0019336363 0.0
1.875               0.062869833 0.0023898713 0.0
1.8823529               0.062262802 0.0026486552 0.0
1.8897059               0.061670052 0.0025431998 0.0
1.8970588               0.061100145 0.0022301876 0.0
1.9044118               0.06092817 0.0018552939 0.0
1.9117647               0.060897468 0.0013099343 0.0
1.9191176               0.060874528 0.00081097112 0.0
1.9264706               0.061197652 0.00042969522 0.0
1.9338235               0.061395697 8.2847244e-05 0.0
1.9411765               0.061679446 -0.00019370996 0.0
1.9485294               0.062056522 -0.00036883382 0.0
1.9558824               0.062435527 -0.00054220493 0.0
1.9632353               0.062836756 -0.00067781934 0.0
1.9705882               0.063280004 -0.00079353696 0.0
1.9779412               0.063729764 -0.00086199668 0.0
1.9852941               0.064139911 -0.00078455745 0.0
1.9926471               0.064605282 -0.00068787973 0.0
