t               Ux1 Uy1 Uz1
0.0073529412               0.0090401975 0.009911825 0.0
0.014705882               0.0082140345 0.01257962 0.0
0.022058824               0.0065533572 0.015000574 0.0
0.029411765               0.0041603054 0.017013599 0.0
0.036764706               0.001141429 0.018434351 0.0
0.044117647               -0.0023415756 0.019026551 0.0
0.051470588               -0.0058315511 0.018552792 0.0
0.058823529               -0.0088152809 0.01690501 0.0
0.066176471               -0.010796287 0.014321431 0.0
0.073529412               -0.011429248 0.011154462 0.0
0.080882353               -0.010803892 0.0078253695 0.0
0.088235294               -0.0091730009 0.0047789209 0.0
0.095588235               -0.0069132825 0.0021146374 0.0
0.10294118               -0.0043321985 -0.00013501661 0.0
0.11029412               -0.0015980783 -0.0019802157 0.0
0.11764706               0.0011236212 -0.0035186891 0.0
0.125               0.0038409719 -0.0047838086 0.0
0.13235294               0.0065276342 -0.00577724 0.0
0.13970588               0.0091860566 -0.0064998637 0.0
0.14705882               0.011782054 -0.0069197723 0.0
0.15441176               0.014310684 -0.0070040835 0.0
0.16176471               0.016728961 -0.0067680921 0.0
0.16911765               0.018975479 -0.006164068 0.0
0.17647059               0.020980518 -0.0052093841 0.0
0.18382353               0.02265786 -0.0039321438 0.0
0.19117647               0.023901433 -0.0023777543 0.0
0.19852941               0.024612461 -0.00070448283 0.0
0.20588235               0.024723472 0.00093488155 0.0
0.21323529               0.024297961 0.00231944 0.0
0.22058824               0.023445766 0.0031880976 0.0
0.22794118               0.022530679 0.0033528969 0.0
0.23529412               0.021893429 0.0028724479 0.0
0.24264706               0.021708694 0.0018916265 0.0
0.25               0.02208537 0.00053084381 0.0
0.25735294               0.023057341 -0.00098951322 0.0
0.26470588               0.024520859 -0.0023250659 0.0
0.27205882               0.026192213 -0.0033145556 0.0
0.27941176               0.027840169 -0.0039924295 0.0
0.28676471               0.029430757 -0.0044843937 0.0
0.29411765               0.030979945 -0.0048154723 0.0
0.30147059               0.032463094 -0.0050037422 0.0
0.30882353               0.033895413 -0.0050298294 0.0
0.31617647               0.035314028 -0.0048922202 0.0
0.32352941               0.036680797 -0.0045763078 0.0
0.33088235               0.037993098 -0.0040531341 0.0
0.33823529               0.039191862 -0.0033070378 0.0
0.34558824               0.04020215 -0.0023225464 0.0
0.35294118               0.040932938 -0.0011403641 0.0
0.36029412               0.041311284 0.00016996408 0.0
0.36764706               0.041252383 0.0015067809 0.0
0.375               0.04071726 0.00266821 0.0
0.38235294               0.039817792 0.0034253498 0.0
0.38970588               0.038775916 0.0036086255 0.0
0.39705882               0.037904188 0.003156826 0.0
0.40441176               0.037481104 0.0021899954 0.0
0.41176471               0.037686497 0.00090741443 0.0
0.41911765               0.038451557 -0.00037040865 0.0
0.42647059               0.039585488 -0.0014604174 0.0
0.43382353               0.040897583 -0.00230352 0.0
0.44117647               0.042225755 -0.0029023528 0.0
0.44852941               0.043510054 -0.0033243724 0.0
0.45588235               0.044732727 -0.0036003541 0.0
0.46323529               0.045902694 -0.0037394056 0.0
0.47058824               0.047009933 -0.0037750428 0.0
0.47794118               0.048097922 -0.0036738646 0.0
0.48529412               0.049143401 -0.0034363566 0.0
0.49264706               0.050139326 -0.0030476239 0.0
0.5               0.051089467 -0.002484468 0.0
0.50735294               0.051867868 -0.0017267466 0.0
0.51470588               0.052460577 -0.00076038121 0.0
0.52205882               0.052767905 0.0003636754 0.0
0.52941176               0.052734997 0.001562622 0.0
0.53676471               0.052275291 0.0027342972 0.0
0.54411765               0.051409048 0.003628374 0.0
0.55147059               0.050254187 0.0040957566 0.0
0.55882353               0.049083223 0.0039640993 0.0
0.56617647               0.048232377 0.0032218713 0.0
0.57352941               0.047949135 0.0020410334 0.0
0.58088235               0.04826066 0.00070574053 0.0
0.58823529               0.049056952 -0.00053714992 0.0
0.59558824               0.05012814 -0.0015458382 0.0
0.60294118               0.051289651 -0.0023121361 0.0
0.61029412               0.052466724 -0.0028548435 0.0
0.61764706               0.053582108 -0.0032099815 0.0
0.625               0.054625584 -0.0034292799 0.0
0.63235294               0.055616807 -0.0035312593 0.0
0.63970588               0.056557713 -0.0035155295 0.0
0.64705882               0.057451789 -0.0033817625 0.0
0.65441176               0.058302354 -0.0031021842 0.0
0.66176471               0.059097354 -0.0026673009 0.0
0.66911765               0.059791541 -0.0020638416 0.0
0.67647059               0.06034467 -0.0012876274 0.0
0.68382353               0.060711966 -0.00034936026 0.0
0.69117647               0.06076886 0.00073968324 0.0
0.69852941               0.060484589 0.0018350024 0.0
0.70588235               0.059786954 0.002850911 0.0
0.71323529               0.058746049 0.0035948463 0.0
0.72058824               0.057499164 0.0038212229 0.0
0.72794118               0.05639596 0.0034408441 0.0
0.73529412               0.055701996 0.0025340437 0.0
0.74264706               0.05558873 0.0012908443 0.0
0.75               0.056085364 2.6114371e-06 0.0
0.75735294               0.056907883 -0.0011180166 0.0
0.76470588               0.057919531 -0.0019844968 0.0
0.77205882               0.05898092 -0.0026257628 0.0
0.77941176               0.060018682 -0.0030622794 0.0
0.78676471               0.06099145 -0.003340426 0.0
0.79411765               0.06192199 -0.0035090486 0.0
0.80147059               0.062773511 -0.0035543532 0.0
0.80882353               0.063560901 -0.0034654571 0.0
0.81617647               0.064331416 -0.0032625198 0.0
0.82352941               0.065056321 -0.0029287959 0.0
0.83088235               0.065723157 -0.0024362462 0.0
0.83823529               0.066282433 -0.0017724169 0.0
0.84558824               0.066668319 -0.00092548922 0.0
0.85294118               0.066803798 7.8470327e-05 0.0
0.86029412               0.066636913 0.00116065 0.0
0.86764706               0.066104646 0.0022462597 0.0
0.875               0.065181884 0.0031567811 0.0
0.88235294               0.063991761 0.003687209 0.0
0.88970588               0.062745911 0.0036927881 0.0
0.89705882               0.061714991 0.0031283094 0.0
0.90441176               0.061149857 0.0021094212 0.0
0.91176471               0.061183173 0.0008437553 0.0
0.91911765               0.061716643 -0.00039026812 0.0
0.92647059               0.062574387 -0.0014312498 0.0
0.93382353               0.063577086 -0.0022279457 0.0
0.94117647               0.064571604 -0.0027834746 0.0
0.94852941               0.065522017 -0.0031761164 0.0
0.95588235               0.066402009 -0.0034273245 0.0
0.96323529               0.067225251 -0.0035465367 0.0
0.97058824               0.067993293 -0.0035829336 0.0
0.97794118               0.068739385 -0.0034743721 0.0
0.98529412               0.069439952 -0.0032582832 0.0
0.99264706               0.070097229 -0.0029036212 0.0
1.0               0.070717735 -0.0023944637 0.0
1.0073529               0.07116342 -0.0017107162 0.0
1.0147059               0.071438364 -0.00083767326 0.0
1.0220588               0.0714546 0.00017505532 0.0
1.0294118               0.071167742 0.001254163 0.0
1.0367647               0.070501041 0.0023106644 0.0
1.0441176               0.069489366 0.0031032728 0.0
1.0514706               0.068233753 0.0035058705 0.0
1.0588235               0.066992222 0.0033591319 0.0
1.0661765               0.066075747 0.002646653 0.0
1.0735294               0.065700657 0.0015401988 0.0
1.0808824               0.065869217 0.00030468028 0.0
1.0882353               0.066469063 -0.00084181182 0.0
1.0955882               0.067309797 -0.0017708872 0.0
1.1029412               0.068222988 -0.0024728167 0.0
1.1102941               0.069149854 -0.0029709701 0.0
1.1176471               0.070021568 -0.0032919497 0.0
1.125               0.070824808 -0.0034839015 0.0
1.1323529               0.0715825 -0.0035653001 0.0
1.1397059               0.072294171 -0.0035350513 0.0
1.1470588               0.072961122 -0.003397483 0.0
1.1544118               0.073596412 -0.0031256478 0.0
1.1617647               0.074177261 -0.0027028946 0.0
1.1691176               0.074663593 -0.0021264782 0.0
1.1764706               0.075019189 -0.0013881012 0.0
1.1838235               0.075205299 -0.00049473764 0.0
1.1911765               0.075100699 0.00054374149 0.0
1.1985294               0.074695573 0.0015921583 0.0
1.2058824               0.073918246 0.0025794928 0.0
1.2132353               0.072846603 0.003343065 0.0
1.2205882               0.071605378 0.0036622642 0.0
1.2279412               0.070470156 0.0034889009 0.0
1.2352941               0.069633977 0.0028330745 0.0
1.2426471               0.06921035 0.0018078101 0.0
1.25               0.069314431 0.00050891523 0.0
1.2573529               0.069869307 -0.00080300635 0.0
1.2647059               0.070737595 -0.0018428733 0.0
1.2720588               0.07168077 -0.0025802021 0.0
1.2794118               0.072583881 -0.0030739213 0.0
1.2867647               0.073408986 -0.0034021257 0.0
1.2941176               0.074197802 -0.0036297204 0.0
1.3014706               0.074912161 -0.003734879 0.0
1.3088235               0.075568302 -0.0037048554 0.0
1.3161765               0.076215702 -0.0035673813 0.0
1.3235294               0.076827663 -0.0033030094 0.0
1.3308824               0.077387946 -0.0028817985 0.0
1.3382353               0.077849204 -0.002293842 0.0
1.3455882               0.078150903 -0.0015287006 0.0
1.3529412               0.078215628 -0.00060385625 0.0
1.3602941               0.078000264 0.00039659879 0.0
1.3676471               0.077445955 0.0014111998 0.0
1.375               0.076527076 0.0022658309 0.0
1.3823529               0.07536872 0.0027652093 0.0
1.3897059               0.074171028 0.0027736579 0.0
1.3970588               0.073184008 0.0022491818 0.0
1.4044118               0.072640793 0.0013070152 0.0
1.4117647               0.07264822 0.00014997233 0.0
1.4191176               0.07310216 -0.00097242724 0.0
1.4264706               0.073840428 -0.0019138969 0.0
1.4338235               0.074702534 -0.002626157 0.0
1.4411765               0.075541701 -0.0031132995 0.0
1.4485294               0.07633989 -0.0034547819 0.0
1.4558824               0.077066658 -0.0036646201 0.0
1.4632353               0.077736876 -0.0037501987 0.0
1.4705882               0.0783587 -0.0037655208 0.0
1.4779412               0.078958202 -0.0036361549 0.0
1.4852941               0.07951436 -0.0034167068 0.0
1.4926471               0.080030893 -0.0030644013 0.0
1.5               0.080515716 -0.0025685876 0.0
1.5073529               0.080822226 -0.001907936 0.0
1.5147059               0.080964371 -0.0010686694 0.0
1.5220588               0.080858928 -0.00010094821 0.0
1.5294118               0.080466627 0.00092421808 0.0
1.5367647               0.079715527 0.0019190813 0.0
1.5441176               0.078654744 0.0026442753 0.0
1.5514706               0.077385181 0.0029865078 0.0
1.5588235               0.076152833 0.0028006956 0.0
1.5661765               0.075259973 0.0020721838 0.0
1.5735294               0.074903848 0.00097912988 0.0
1.5808824               0.075069056 -0.00021874697 0.0
1.5882353               0.07563602 -0.0013120074 0.0
1.5955882               0.076414805 -0.0021823875 0.0
1.6029412               0.077243246 -0.0028258812 0.0
1.6102941               0.078069413 -0.0032753595 0.0
1.6176471               0.078834535 -0.0035544883 0.0
1.625               0.079524169 -0.0037114752 0.0
1.6323529               0.080165753 -0.0037674558 0.0
1.6397059               0.080759584 -0.0037201002 0.0
1.6470588               0.081307641 -0.0035763903 0.0
1.6544118               0.081826603 -0.0033071178 0.0
1.6617647               0.082287632 -0.0028945245 0.0
1.6691176               0.082655462 -0.0023421612 0.0
1.6764706               0.082893167 -0.0016390622 0.0
1.6838235               0.082966385 -0.00079330245 0.0
1.6911765               0.082751366 0.00018185167 0.0
1.6985294               0.082247127 0.001150832 0.0
1.7058824               0.081384031 0.0020364218 0.0
1.7132353               0.080242743 0.0026686826 0.0
1.7205882               0.078971585 0.0028112037 0.0
1.7279412               0.077870721 0.0024314205 0.0
1.7352941               0.077158516 0.0015631176 0.0
1.7426471               0.076989415 0.00040796255 0.0
1.75               0.077370029 -0.00076454247 0.0
1.7573529               0.078003379 -0.0017692583 0.0
1.7647059               0.078785446 -0.0025317813 0.0
1.7720588               0.079593766 -0.003085384 0.0
1.7794118               0.080373198 -0.0034515869 0.0
1.7867647               0.081081314 -0.0036677988 0.0
1.7941176               0.081751464 -0.0037995993 0.0
1.8014706               0.082343106 -0.0038171871 0.0
1.8088235               0.082871194 -0.0037069466 0.0
1.8161765               0.083386737 -0.0035033823 0.0
1.8235294               0.08386436 -0.003184391 0.0
1.8308824               0.084285112 -0.0027196755 0.0
1.8382353               0.084602827 -0.0021009907 0.0
1.8455882               0.084758115 -0.0013201286 0.0
1.8529412               0.084678863 -0.00039347677 0.0
1.8602941               0.084327147 0.00059143902 0.0
1.8676471               0.083653107 0.0015746955 0.0
1.875               0.082638153 0.002387329 0.0
1.8823529               0.081412651 0.0028402271 0.0
1.8897059               0.080172095 0.0028045274 0.0
1.8970588               0.079158472 0.0022417243 0.0
1.9044118               0.078600024 0.0012691571 0.0
1.9117647               0.07859217 9.3802253e-05 0.0
1.9191176               0.07902291 -0.0010388085 0.0
1.9264706               0.07972866 -0.0019838425 0.0
1.9338235               0.080549094 -0.0026970639 0.0
1.9411765               0.081340217 -0.0031859105 0.0
1.9485294               0.082090428 -0.0035311447 0.0
1.9558824               0.082766488 -0.0037441849 0.0
1.9632353               0.083384692 -0.0038338789 0.0
1.9705882               0.083956551 -0.0038559518 0.0
1.9779412               0.084503662 -0.0037306803 0.0
1.9852941               0.085008338 -0.0035214 0.0
1.9926471               0.085473898 -0.0031794556 0.0
