t               Ux1 Uy1 Uz1
0.0073529412               0.015594048 0.018187207 3.7927138e-22
0.014705882               0.021509172 0.020877026 8.1658917e-21
0.022058824               0.027615773 0.021857438 3.5001352e-20
0.029411765               0.033080273 0.020606654 2.6842752e-20
0.036764706               0.037138166 0.019333833 2.0150806e-20
0.044117647               0.041420812 0.016527059 2.7027505e-20
0.051470588               0.045439687 0.012141755 1.7461683e-20
0.058823529               0.049607108 0.0076873699 1.8245752e-20
0.066176471               0.052945801 0.0020429154 3.1570986e-20
0.073529412               0.057904918 -0.0024474644 4.3804071e-20
0.080882353               0.062475998 -0.005474145 3.143962e-20
0.088235294               0.066571041 -0.0078677129 4.0634672e-20
0.095588235               0.070508865 -0.009338072 4.8816336e-20
0.10294118               0.073890529 -0.0094353777 3.0901917e-20
0.11029412               0.076696653 -0.0087593819 3.261528e-20
0.11764706               0.078755599 -0.0077442894 2.9410809e-20
0.125               0.080246352 -0.0063072487 2.9141884e-20
0.13235294               0.081622505 -0.0045291415 3.4193085e-20
0.13970588               0.082646574 -0.0025000138 2.9849723e-20
0.14705882               0.083710901 -0.00035246944 1.3526787e-20
0.15441176               0.084015975 0.0018813055 1.1154243e-20
0.16176471               0.084263021 0.0043048294 2.5756184e-20
0.16911765               0.084580444 0.0067246832 2.5105759e-20
0.17647059               0.084390667 0.0086514743 4.9777648e-21
0.18382353               0.083951585 0.010587153 3.0146311e-20
0.19117647               0.083434178 0.011784068 1.1825664e-20
0.19852941               0.082075551 0.012177616 2.8064341e-20
0.20588235               0.081372302 0.011614182 7.2385115e-21
0.21323529               0.081093536 0.0099894216 5.8618643e-21
0.22058824               0.080926395 0.0069759746 1.5468895e-20
0.22794118               0.080962859 0.0034825797 3.3556448e-20
0.23529412               0.081799663 -0.00051824758 2.3619108e-20
0.24264706               0.083697725 -0.0034033951 3.1026949e-20
0.25               0.085196864 -0.0053515808 3.7525106e-20
0.25735294               0.087224641 -0.0070954412 2.2421253e-20
0.26470588               0.088641207 -0.008224591 5.4908774e-20
0.27205882               0.09031025 -0.0079445845 2.3414769e-20
0.27941176               0.091586885 -0.007094324 3.2630017e-20
0.28676471               0.091811174 -0.0061123229 2.9647746e-20
0.29411765               0.092388756 -0.0047783351 2.0436231e-20
0.30147059               0.09242248 -0.0029953162 3.3401907e-20
0.30882353               0.092774869 -0.0012983307 2.8811995e-20
0.31617647               0.092431743 0.00065444032 3.1811452e-20
0.32352941               0.092419631 0.0025707311 2.1250905e-20
0.33088235               0.09181622 0.00467689 2.3369e-20
0.33823529               0.091451469 0.0067820726 2.391459e-20
0.34558824               0.090727327 0.0086777141 1.9852799e-20
0.35294118               0.089677397 0.010351282 1.3302172e-20
0.36029412               0.088762299 0.01118714 1.7966176e-20
0.36764706               0.087031977 0.011395441 3.0738146e-20
0.375               0.086134228 0.01075899 3.0296909e-21
0.38235294               0.085293746 0.0086741517 1.7945178e-20
0.38970588               0.084982953 0.0056471131 9.3110435e-21
0.39705882               0.085087732 0.0018685899 2.6062164e-20
0.40441176               0.085805503 -0.0015234371 2.2129114e-20
0.41176471               0.08707567 -0.0039781568 2.9469393e-20
0.41911765               0.089079388 -0.0055813434 2.9757818e-20
0.42647059               0.090330743 -0.0071087625 3.4162779e-20
0.43382353               0.091813504 -0.0077583684 3.4261236e-20
0.44117647               0.092776773 -0.0075102534 1.738143e-20
0.44852941               0.093222151 -0.0067431098 2.8818795e-20
0.45588235               0.093668908 -0.0055626857 3.6557196e-20
0.46323529               0.093798656 -0.0041367373 2.7633631e-20
0.47058824               0.093916695 -0.0024020999 2.8146641e-20
0.47794118               0.093609871 -0.00060839678 2.8962122e-20
0.48529412               0.093224293 0.0012759827 2.621378e-20
0.49264706               0.093108921 0.0033537134 1.8452995e-20
0.5               0.09290467 0.0053649385 1.3849363e-20
0.50735294               0.092350269 0.0073579274 2.480381e-20
0.51470588               0.091336172 0.0091141514 1.6321275e-20
0.52205882               0.090013056 0.010712997 1.0078798e-20
0.52941176               0.08895739 0.010866465 3.2419584e-20
0.53676471               0.087372157 0.011114708 1.2524807e-20
0.54411765               0.086528832 0.0099873858 1.3919307e-20
0.55147059               0.08576083 0.00745235 1.6750666e-20
0.55882353               0.085626723 0.0047521584 1.5365129e-20
0.56617647               0.085288336 0.00069582752 2.4463533e-20
0.57352941               0.086836754 -0.002604728 2.7740136e-20
0.58088235               0.087529843 -0.0048015541 2.491412e-20
0.58823529               0.089561288 -0.0065421633 3.4075436e-20
0.59558824               0.091101484 -0.0078149828 3.7724757e-20
0.60294118               0.09220472 -0.0078330741 3.436227e-20
0.61029412               0.093022315 -0.0071547223 3.7435577e-20
0.61764706               0.093603323 -0.0062713233 4.4730435e-20
0.625               0.093975962 -0.0049870951 3.1168228e-20
0.63235294               0.094139577 -0.0035003064 1.495622e-20
0.63970588               0.093992955 -0.0018708877 3.5286729e-20
0.64705882               0.094080833 -2.034986e-05 1.8136935e-20
0.65441176               0.093786746 0.0019424586 2.5064494e-20
0.66176471               0.093291695 0.0041477473 1.4894675e-20
0.66911765               0.092818618 0.0063147774 1.1644757e-20
0.67647059               0.092011883 0.0080083344 1.8239917e-20
0.68382353               0.091006646 0.0097262559 1.9946637e-20
0.69117647               0.089891545 0.010960906 1.1604108e-20
0.69852941               0.088360871 0.011148249 1.1101692e-20
0.70588235               0.08718136 0.010800572 2.227464e-20
0.71323529               0.086284079 0.0093883302 1.8770383e-20
0.72058824               0.085477695 0.0066188722 4.769703e-21
0.72794118               0.085283699 0.0033220883 1.331272e-20
0.73529412               0.085840084 -0.00049192017 2.5968354e-20
0.74264706               0.087063447 -0.0033838685 3.1283051e-20
0.75               0.088274475 -0.0051578587 2.9072449e-20
0.75735294               0.090318333 -0.0067797437 3.0419746e-20
0.76470588               0.091252864 -0.0079952086 4.1966084e-20
0.77205882               0.092668805 -0.0076074841 3.0808912e-20
0.77941176               0.093472156 -0.0069104144 3.3372866e-20
0.78676471               0.093708943 -0.0058505988 4.0940818e-20
0.79411765               0.094235862 -0.004607316 1.6484251e-20
0.80147059               0.09405613 -0.0028824385 2.8473038e-20
0.80882353               0.094142119 -0.0012063988 3.4263267e-20
0.81617647               0.093775084 0.00076613466 3.0004028e-20
0.82352941               0.09364036 0.0026620884 1.6341301e-20
0.83088235               0.093109802 0.0047100145 1.1108072e-20
0.83823529               0.092543787 0.0068713975 2.3950075e-20
0.84558824               0.091808612 0.0085174053 4.5282172e-21
0.85294118               0.090607346 0.010255541 1.5892781e-20
0.86029412               0.089648881 0.010968915 3.9627741e-21
0.86764706               0.087762916 0.011345072 2.4526515e-20
0.875               0.086684768 0.010535147 2.261191e-20
0.88235294               0.085983156 0.0087194114 2.7316242e-20
0.88970588               0.085510844 0.0056204328 1.4919793e-20
0.89705882               0.085595872 0.0018907566 3.2524275e-20
0.90441176               0.086029559 -0.001469547 3.5058015e-20
0.91176471               0.087719141 -0.0039367282 3.3815399e-20
0.91911765               0.089587261 -0.0058019927 3.4711549e-20
0.92647059               0.090800851 -0.0071578538 2.060175e-20
0.93382353               0.092211512 -0.0076889427 2.8600404e-20
0.94117647               0.093114924 -0.0072500106 3.7358226e-20
0.94852941               0.093793025 -0.0065877506 3.1040571e-21
0.95588235               0.093879555 -0.0054216299 4.3097701e-20
0.96323529               0.09399382 -0.0040227791 3.0108803e-20
0.97058824               0.094146425 -0.0024191128 3.6711793e-20
0.97794118               0.093927439 -0.000566377 3.3783516e-20
0.98529412               0.093589669 0.0013277024 1.5281894e-20
0.99264706               0.093365157 0.0034306865 1.4720122e-20
1.0               0.093105565 0.0054130115 1.6390654e-20
1.0073529               0.092596695 0.0074566646 2.6999257e-20
1.0147059               0.091436393 0.0092673964 1.415109e-20
1.0220588               0.090230238 0.010801689 2.0640902e-20
1.0294118               0.089205509 0.010925699 2.3176649e-20
1.0367647               0.087640754 0.011209001 2.3399033e-20
1.0441176               0.086701268 0.010033738 5.9597646e-21
1.0514706               0.085834989 0.0075976466 1.4755194e-20
1.0588235               0.085912021 0.0049072847 2.9685526e-20
1.0661765               0.085534742 0.0008630666 2.7263674e-20
1.0735294               0.086857833 -0.002388863 1.1822322e-20
1.0808824               0.087937777 -0.0045846359 4.0763178e-20
1.0882353               0.089629399 -0.0064505585 3.4641654e-20
1.0955882               0.091016845 -0.0076072236 3.5554945e-20
1.1029412               0.092371891 -0.0076441659 3.4484322e-20
1.1102941               0.093192729 -0.0069771776 3.9494243e-20
1.1176471               0.093747245 -0.006194026 2.9933998e-20
1.125               0.094178156 -0.0048498922 1.7555285e-20
1.1323529               0.094174864 -0.0034098003 2.3465598e-20
1.1397059               0.094213613 -0.0016912767 2.8151352e-20
1.1470588               0.094268341 0.00016934836 2.9389304e-20
1.1544118               0.093881834 0.0018791407 6.0782538e-21
1.1617647               0.093370656 0.0041332435 2.2768621e-20
1.1691176               0.093208389 0.0062874828 1.0734353e-20
1.1764706               0.092008105 0.0080540029 1.1326064e-20
1.1838235               0.091230416 0.0098468746 2.9512151e-20
1.1911765               0.090071974 0.011112982 2.2839161e-20
1.1985294               0.088579877 0.011410664 3.3719099e-20
1.2058824               0.08713464 0.010970046 1.0490943e-20
1.2132353               0.08621379 0.0094636822 1.2052761e-20
1.2205882               0.085947645 0.0065194228 1.7324929e-20
1.2279412               0.08542784 0.0031912087 2.696696e-20
1.2352941               0.086040936 -0.00055780821 1.4841108e-20
1.2426471               0.087561933 -0.0032237116 2.8794146e-20
1.25               0.088591054 -0.005499439 3.420012e-20
1.2573529               0.090527143 -0.0068785746 3.2022694e-20
1.2647059               0.091457446 -0.0079566046 2.3618839e-20
1.2720588               0.092912088 -0.0075571589 3.0594346e-20
1.2794118               0.093953663 -0.0067071145 3.8340179e-20
1.2867647               0.093967299 -0.0057501907 2.3002185e-20
1.2941176               0.094088107 -0.0044301691 3.369449e-20
1.3014706               0.094134857 -0.0026685492 2.853694e-20
1.3088235               0.094422273 -0.0010287638 2.1650671e-20
1.3161765               0.093955827 0.00089777813 2.4511629e-20
1.3235294               0.093906831 0.0027818933 1.1678964e-20
1.3308824               0.093228904 0.0048437414 1.3021768e-20
1.3382353               0.092750314 0.0069157035 2.213719e-20
1.3455882               0.091954371 0.0088267115 2.2760532e-20
1.3529412               0.090896483 0.010416344 1.6025318e-21
1.3602941               0.089961025 0.011171259 9.6219351e-21
1.3676471               0.087914557 0.011475989 2.6013677e-20
1.375               0.087224463 0.010565839 2.4962358e-20
1.3823529               0.086090079 0.0086170258 2.1233019e-20
1.3897059               0.086005844 0.0056626365 1.1572733e-20
1.3970588               0.085984287 0.0018388808 2.1684828e-20
1.4044118               0.086559725 -0.0014798603 2.4675536e-20
1.4117647               0.088192803 -0.0038721205 3.7700004e-20
1.4191176               0.089908952 -0.0057667555 2.7980335e-20
1.4264706               0.091212 -0.0070156198 3.7770933e-20
1.4338235               0.0924646 -0.0075343407 4.6308958e-20
1.4411765               0.093592681 -0.0071801078 2.7423761e-20
1.4485294               0.093791208 -0.00645939 3.2597166e-20
1.4558824               0.094083302 -0.005340789 3.5172718e-20
1.4632353               0.094255167 -0.0038705479 2.168405e-20
1.4705882               0.094357453 -0.002148629 2.758295e-20
1.4779412               0.094178718 -0.00048389539 1.0635947e-20
1.4852941               0.093550776 0.0015011999 3.0524221e-20
1.4926471               0.093357348 0.0035742265 2.672702e-20
1.5               0.093219992 0.0055747353 1.6876911e-20
1.5073529               0.092771387 0.0074177186 1.0363103e-20
1.5147059               0.091735909 0.0092357354 3.6548118e-21
1.5220588               0.090287595 0.010814473 2.4148866e-20
1.5294118               0.089264088 0.011051823 1.2428169e-20
1.5367647               0.087688929 0.011164589 2.7016208e-20
1.5441176               0.086922394 0.0099935496 3.5527648e-20
1.5514706               0.086225973 0.0075226051 1.628803e-20
1.5588235               0.085905623 0.0047446787 1.9029284e-20
1.5661765               0.085672037 0.00063892087 2.4008023e-20
1.5735294               0.086978997 -0.0025506625 3.782302e-20
1.5808824               0.088004388 -0.0047199312 3.2950141e-20
1.5882353               0.090126904 -0.0064211496 3.0270708e-20
1.5955882               0.091348185 -0.0075350282 4.0695193e-20
1.6029412               0.092556042 -0.0075879346 3.3299885e-20
1.6102941               0.09328157 -0.0068242175 2.8277203e-20
1.6176471               0.093930986 -0.0060570661 3.3923776e-20
1.625               0.094162736 -0.0048058869 3.4501053e-20
1.6323529               0.094356223 -0.0033221795 3.5989165e-20
1.6397059               0.09442546 -0.0016117817 1.539028e-20
1.6470588               0.094363005 0.0001323817 1.0628347e-20
1.6544118               0.094003067 0.0019743269 1.416138e-20
1.6617647               0.093651164 0.0042857618 3.8993071e-21
1.6691176               0.093247426 0.0064053436 2.3783819e-20
1.6764706               0.092198026 0.0081113878 2.1179009e-20
1.6838235               0.091306232 0.0098429599 2.4136478e-20
1.6911765               0.090135249 0.011045198 2.4335392e-20
1.6985294               0.08876005 0.011359462 1.2370248e-20
1.7058824               0.087394222 0.010980054 2.8162632e-20
1.7132353               0.086249853 0.0094326594 1.446021e-20
1.7205882               0.085942742 0.0065671662 1.3539423e-20
1.7279412               0.085354594 0.0031266576 2.7497347e-20
1.7352941               0.086500026 -0.00044694729 1.26003e-20
1.7426471               0.087630184 -0.0032521462 2.1799465e-20
1.75               0.088728421 -0.0054402964 2.9600363e-20
1.7573529               0.090757635 -0.0067241103 3.3324351e-20
1.7647059               0.091588414 -0.0078431977 3.4414613e-20
1.7720588               0.092903156 -0.007443434 4.3158082e-20
1.7794118               0.093924945 -0.0066764163 4.4786232e-20
1.7867647               0.094163071 -0.0056378951 2.6188231e-20
1.7941176               0.094372679 -0.0042923865 3.1936711e-20
1.8014706               0.094434676 -0.0025456026 4.4994873e-20
1.8088235               0.094591707 -0.00095726634 2.044058e-20
1.8161765               0.094155822 0.00086857176 2.6505003e-20
1.8235294               0.094038373 0.002798872 1.0352739e-20
1.8308824               0.093455142 0.0049505267 2.1034745e-20
1.8382353               0.092960429 0.0069928575 2.9519439e-20
1.8455882               0.092143048 0.0087969251 3.1910633e-20
1.8529412               0.09102021 0.010379465 2.9000711e-21
1.8602941               0.089975095 0.011117931 2.0199943e-20
1.8676471               0.088208768 0.011541495 2.896144e-20
1.875               0.087332905 0.010725015 1.7659541e-20
1.8823529               0.086475946 0.0087497678 1.4271916e-20
1.8897059               0.086207148 0.0056788119 1.6576741e-20
1.8970588               0.086055388 0.0018737118 2.0688786e-20
1.9044118               0.086717066 -0.0014272406 2.5439753e-20
1.9117647               0.088273388 -0.0037980616 2.8164805e-20
1.9191176               0.090042191 -0.0057444317 4.0380433e-20
1.9264706               0.091327188 -0.0070727817 2.2730366e-20
1.9338235               0.09253346 -0.0075373418 3.1723624e-20
1.9411765               0.093556914 -0.0070943198 1.4691363e-20
1.9485294               0.09387352 -0.0064415122 3.7705285e-20
1.9558824               0.094243165 -0.0052966254 2.1515086e-20
1.9632353               0.094373958 -0.0037743325 3.5804585e-20
1.9705882               0.094432965 -0.0022124419 2.6488047e-20
1.9779412               0.094252406 -0.00048806151 2.6205385e-20
1.9852941               0.093800817 0.0015779304 2.6102501e-20
1.9926471               0.093648297 0.0036891406 1.1364625e-20
