t               Ux1 Uy1 Uz1
0.0073529412               0.007243879 0.011341079 0.0
0.014705882               0.0057803348 0.013727282 0.0
0.022058824               0.0033841057 0.015751853 0.0
0.029411765               0.00061921883 0.016953836 0.0
0.036764706               -0.003007065 0.017774036 0.0
0.044117647               -0.006629065 0.017477839 0.0
0.051470588               -0.0098693007 0.015854551 0.0
0.058823529               -0.011904561 0.013463847 0.0
0.066176471               -0.013172202 0.01060519 0.0
0.073529412               -0.013253177 0.0075370125 0.0
0.080882353               -0.01255153 0.0048203311 0.0
0.088235294               -0.011150601 0.002221543 0.0
0.095588235               -0.0093629756 0.00012322638 0.0
0.10294118               -0.0072600481 -0.0017364832 0.0
0.11029412               -0.0051991407 -0.0032643252 0.0
0.11764706               -0.002816299 -0.0046419317 0.0
0.125               -0.00059986153 -0.0058279936 0.0
0.13235294               0.0018607101 -0.0066811866 0.0
0.13970588               0.0042398343 -0.0073468619 0.0
0.14705882               0.0066769168 -0.0077131048 0.0
0.15441176               0.0090484238 -0.0078555958 0.0
0.16176471               0.011383623 -0.0073844003 0.0
0.16911765               0.013540458 -0.0066640181 0.0
0.17647059               0.015300091 -0.00562218 0.0
0.18382353               0.016823099 -0.0041741868 0.0
0.19117647               0.017942185 -0.0027026265 0.0
0.19852941               0.018137942 -0.0009794883 0.0
0.20588235               0.018085803 0.00046229327 0.0
0.21323529               0.017339539 0.0013698744 0.0
0.22058824               0.016724676 0.0016024701 0.0
0.22794118               0.016253074 0.0012643288 0.0
0.23529412               0.016118 0.00049613467 0.0
0.24264706               0.016543388 -0.00038625318 0.0
0.25               0.017214687 -0.0013486084 0.0
0.25735294               0.018248746 -0.0022298542 0.0
0.26470588               0.019549677 -0.0028867881 0.0
0.27205882               0.020838391 -0.003458526 0.0
0.27941176               0.02211911 -0.0037842675 0.0
0.28676471               0.023707106 -0.003930003 0.0
0.29411765               0.024949221 -0.003978811 0.0
0.30147059               0.026250992 -0.00393112 0.0
0.30882353               0.027521934 -0.0037760142 0.0
0.31617647               0.028785372 -0.0035190526 0.0
0.32352941               0.030054491 -0.0030323216 0.0
0.33088235               0.031134519 -0.0024096223 0.0
0.33823529               0.03226675 -0.0015291488 0.0
0.34558824               0.033098001 -0.00052498825 0.0
0.35294118               0.033568502 0.00081519851 0.0
0.36029412               0.033727114 0.0019717671 0.0
0.36764706               0.033484196 0.0032265347 0.0
0.375               0.032725396 0.0041800149 0.0
0.38235294               0.031903598 0.0045088595 0.0
0.38970588               0.031048082 0.0043154511 0.0
0.39705882               0.030613754 0.0036360555 0.0
0.40441176               0.030703603 0.0027427379 0.0
0.41176471               0.030947481 0.001666979 0.0
0.41911765               0.031916735 0.00080115191 0.0
0.42647059               0.032834335 -0.00011300588 0.0
0.43382353               0.033902508 -0.00080648819 0.0
0.44117647               0.035010656 -0.0012491698 0.0
0.44852941               0.036197272 -0.0016994052 0.0
0.45588235               0.037330372 -0.001870362 0.0
0.46323529               0.038468616 -0.0019857071 0.0
0.47058824               0.039521618 -0.0020542662 0.0
0.47794118               0.040609341 -0.0020088002 0.0
0.48529412               0.041527225 -0.0017470588 0.0
0.49264706               0.042555311 -0.0013223434 0.0
0.5               0.043583556 -0.00083150595 0.0
0.50735294               0.044216254 -0.00010445973 0.0
0.51470588               0.044893173 0.00084024759 0.0
0.52205882               0.045097031 0.0018872897 0.0
0.52941176               0.045233509 0.0026915709 0.0
0.53676471               0.044616073 0.0039008228 0.0
0.54411765               0.043650053 0.0044649665 0.0
0.55147059               0.04278604 0.004491077 0.0
0.55882353               0.041904396 0.004065677 0.0
0.56617647               0.041719392 0.0032873922 0.0
0.57352941               0.041845484 0.002287155 0.0
0.58088235               0.042263149 0.0012124312 0.0
0.58823529               0.042890374 0.00029083029 0.0
0.59558824               0.043855221 -0.00046085344 0.0
0.60294118               0.0449193 -0.0010300373 0.0
0.61029412               0.045776514 -0.0014483624 0.0
0.61764706               0.046783253 -0.0017082302 0.0
0.625               0.047834454 -0.0018753385 0.0
0.63235294               0.04879868 -0.0019041605 0.0
0.63970588               0.049621737 -0.0019666594 0.0
0.64705882               0.05054643 -0.0018193589 0.0
0.65441176               0.051449656 -0.0016036559 0.0
0.66176471               0.052179534 -0.0011378381 0.0
0.66911765               0.052883053 -0.00045138323 0.0
0.67647059               0.053427022 0.00015288038 0.0
0.68382353               0.053783914 0.001164715 0.0
0.69117647               0.053814041 0.0021400797 0.0
0.69852941               0.053576043 0.0030913195 0.0
0.70588235               0.052857776 0.0039139679 0.0
0.71323529               0.051900449 0.0043432655 0.0
0.72058824               0.051003023 0.0042098428 0.0
0.72794118               0.050154498 0.0036791217 0.0
0.73529412               0.049828245 0.002768462 0.0
0.74264706               0.049868456 0.0018078484 0.0
0.75               0.05039714 0.00087039115 0.0
0.75735294               0.051120249 -3.3738971e-05 0.0
0.76470588               0.051862908 -0.00068753035 0.0
0.77205882               0.052788531 -0.0011578758 0.0
0.77941176               0.053886412 -0.0013973343 0.0
0.78676471               0.054583836 -0.0016935371 0.0
0.79411765               0.055466998 -0.0018411963 0.0
0.80147059               0.056244953 -0.0018705317 0.0
0.80882353               0.057139323 -0.0018871966 0.0
0.81617647               0.057844897 -0.0016731089 0.0
0.82352941               0.058496304 -0.0013076209 0.0
0.83088235               0.059270153 -0.00090498565 0.0
0.83823529               0.059736937 -0.00025329686 0.0
0.84558824               0.060207855 0.00049360048 0.0
0.85294118               0.060363402 0.0014608015 0.0
0.86029412               0.060213312 0.0023370033 0.0
0.86764706               0.059517508 0.0033230708 0.0
0.875               0.058779027 0.0039805094 0.0
0.88235294               0.057736869 0.00425357 0.0
0.88970588               0.056780959 0.0039590103 0.0
0.89705882               0.056053423 0.0032987979 0.0
0.90441176               0.055945434 0.00246612 0.0
0.91176471               0.056149831 0.0014259637 0.0
0.91911765               0.056573442 0.00050086268 0.0
0.92647059               0.057411248 -0.00023450052 0.0
0.93382353               0.058166779 -0.00083486381 0.0
0.94117647               0.058937719 -0.0012702831 0.0
0.94852941               0.059744194 -0.0015531047 0.0
0.95588235               0.060553403 -0.0017122533 0.0
0.96323529               0.061343997 -0.0018162211 0.0
0.97058824               0.062084383 -0.0018359262 0.0
0.97794118               0.062798179 -0.0017643007 0.0
0.98529412               0.063442375 -0.0014989872 0.0
0.99264706               0.064090005 -0.0011572583 0.0
1.0               0.064656467 -0.00062130105 0.0
1.0073529               0.0651645 -1.1580913e-06 0.0
1.0147059               0.065440815 0.00080264632 0.0
1.0220588               0.065268784 0.0017600624 0.0
1.0294118               0.064986285 0.0026715461 0.0
1.0367647               0.064380896 0.0034887341 0.0
1.0441176               0.063390428 0.0040358218 0.0
1.0514706               0.062243453 0.004115368 0.0
1.0588235               0.061523186 0.0037784762 0.0
1.0661765               0.060915251 0.0030645994 0.0
1.0735294               0.060799625 0.0020790458 0.0
1.0808824               0.060966126 0.0011841668 0.0
1.0882353               0.061502759 0.00026659085 0.0
1.0955882               0.062208746 -0.00041836431 0.0
1.1029412               0.063069551 -0.00094123854 0.0
1.1102941               0.063769827 -0.0012838009 0.0
1.1176471               0.064641035 -0.0015487223 0.0
1.125               0.065263498 -0.0017438359 0.0
1.1323529               0.0660284 -0.0017647703 0.0
1.1397059               0.066680263 -0.0017461702 0.0
1.1470588               0.067356652 -0.001640195 0.0
1.1544118               0.067955471 -0.0014554786 0.0
1.1617647               0.068583887 -0.0009808559 0.0
1.1691176               0.069077602 -0.00046604382 0.0
1.1764706               0.069299682 0.00027338212 0.0
1.1838235               0.069487363 0.0011472672 0.0
1.1911765               0.069444098 0.0019829362 0.0
1.1985294               0.068758478 0.0029728395 0.0
1.2058824               0.068061667 0.0036915189 0.0
1.2132353               0.066875852 0.0040803913 0.0
1.2205882               0.065909778 0.0039509407 0.0
1.2279412               0.06514666 0.003415335 0.0
1.2352941               0.064753996 0.002579431 0.0
1.2426471               0.064835471 0.0016812366 0.0
1.25               0.065125584 0.00076104768 0.0
1.2573529               0.065684964 -5.2938888e-05 0.0
1.2647059               0.066454787 -0.00067284616 0.0
1.2720588               0.067180485 -0.0011976603 0.0
1.2794118               0.067832701 -0.0015275548 0.0
1.2867647               0.068774336 -0.0016693681 0.0
1.2941176               0.069367096 -0.001759196 0.0
1.3014706               0.069979476 -0.0017520906 0.0
1.3088235               0.070589943 -0.0016755237 0.0
1.3161765               0.071203693 -0.0015370549 0.0
1.3235294               0.071814993 -0.0012314707 0.0
1.3308824               0.072216263 -0.00081151016 0.0
1.3382353               0.072711942 -0.00020674043 0.0
1.3455882               0.072952324 0.0004965452 0.0
1.3529412               0.072906035 0.00146272 0.0
1.3602941               0.072584883 0.0022903128 0.0
1.3676471               0.072011008 0.0031807893 0.0
1.375               0.071011394 0.0038292462 0.0
1.3823529               0.069984466 0.0040098579 0.0
1.3897059               0.068931435 0.0037638123 0.0
1.3970588               0.068332969 0.0031173319 0.0
1.4044118               0.06818376 0.0022922466 0.0
1.4117647               0.068158556 0.0013355156 0.0
1.4191176               0.068789642 0.00055643407 0.0
1.4264706               0.069339084 -0.0002507954 0.0
1.4338235               0.070021606 -0.00083690969 0.0
1.4411765               0.070705317 -0.001211899 0.0
1.4485294               0.071427138 -0.0015872661 0.0
1.4558824               0.072088885 -0.0016971718 0.0
1.4632353               0.072766821 -0.0017737177 0.0
1.4705882               0.073351844 -0.0018014154 0.0
1.4779412               0.073959568 -0.0017309115 0.0
1.4852941               0.074399211 -0.0014783652 0.0
1.4926471               0.074946874 -0.001091722 0.0
1.5               0.075491448 -0.00066623339 0.0
1.5073529               0.075652921 -4.0458243e-05 0.0
1.5147059               0.075895806 0.0007711089 0.0
1.5220588               0.075698917 0.0016599789 0.0
1.5294118               0.075453869 0.0023519107 0.0
1.5367647               0.07461929 0.0033493266 0.0
1.5441176               0.073443871 0.0038156976 0.0
1.5514706               0.072397524 0.0038012798 0.0
1.5588235               0.071381626 0.0034136538 0.0
1.5661765               0.071047323 0.002704273 0.0
1.5735294               0.07099949 0.0018039135 0.0
1.5808824               0.071226886 0.0008410489 0.0
1.5882353               0.071592364 2.5354897e-05 0.0
1.5955882               0.07230102 -0.00062540245 0.0
1.6029412               0.073058854 -0.0011077623 0.0
1.6102941               0.073603722 -0.0014487535 0.0
1.6176471               0.074283982 -0.0016480949 0.0
1.625               0.075006335 -0.0017708451 0.0
1.6323529               0.075649205 -0.0017676754 0.0
1.6397059               0.076133284 -0.0017746917 0.0
1.6470588               0.076720868 -0.0016223742 0.0
1.6544118               0.077252979 -0.0013874705 0.0
1.6617647               0.077661667 -0.00095234517 0.0
1.6691176               0.078036427 -0.00034175624 0.0
1.6764706               0.078237417 0.00020689931 0.0
1.6838235               0.078325583 0.0010960658 0.0
1.6911765               0.078057547 0.0019666628 0.0
1.6985294               0.077629552 0.002796742 0.0
1.7058824               0.07674874 0.0035073361 0.0
1.7132353               0.075682555 0.0038749017 0.0
1.7205882               0.074677034 0.0037440931 0.0
1.7279412               0.073754829 0.0032332743 0.0
1.7352941               0.073357183 0.002383794 0.0
1.7426471               0.073260515 0.0014897081 0.0
1.75               0.07365883 0.00063979462 0.0
1.7573529               0.074225426 -0.00018674429 0.0
1.7647059               0.074749804 -0.00077046708 0.0
1.7720588               0.075468085 -0.0011932798 0.0
1.7794118               0.076334526 -0.0013660761 0.0
1.7867647               0.076794117 -0.0016300985 0.0
1.7941176               0.077436141 -0.0017521881 0.0
1.8014706               0.077974428 -0.001753792 0.0
1.8088235               0.078617903 -0.0017502714 0.0
1.8161765               0.079076171 -0.0015342623 0.0
1.8235294               0.079490726 -0.0011900567 0.0
1.8308824               0.080024095 -0.00082553279 0.0
1.8382353               0.080215845 -0.00022356933 0.0
1.8455882               0.080469295 0.00046925823 0.0
1.8529412               0.080419926 0.0013421464 0.0
1.8602941               0.080083273 0.0021341962 0.0
1.8676471               0.079247794 0.0030136074 0.0
1.875               0.078435926 0.0035907302 0.0
1.8823529               0.07732346 0.003833684 0.0
1.8897059               0.076327192 0.0035425805 0.0
1.8970588               0.075541145 0.0029149696 0.0
1.9044118               0.075367717 0.0021381926 0.0
1.9117647               0.075526489 0.0011744085 0.0
1.9191176               0.075815561 0.00030097802 0.0
1.9264706               0.07650973 -0.00037426448 0.0
1.9338235               0.077074844 -0.00092387937 0.0
1.9411765               0.077700019 -0.0013048771 0.0
1.9485294               0.078354023 -0.0015278866 0.0
1.9558824               0.078960814 -0.0016804576 0.0
1.9632353               0.079537884 -0.0017611938 0.0
1.9705882               0.080110253 -0.0017657656 0.0
1.9779412               0.080643534 -0.0016925269 0.0
1.9852941               0.081089147 -0.001433094 0.0
1.9926471               0.081539247 -0.0011144927 0.0
