t               Ux1 Uy1 Uz1
0.0073529412               0.01116007 0.012952553 2.0793094e-20
0.014705882               0.011489065 0.017373513 -4.0121534e-21
0.022058824               0.010448067 0.021203617 -4.3802191e-21
0.029411765               0.010151869 0.023338046 -2.5906813e-21
0.036764706               0.0093038147 0.023895533 -9.9840538e-20
0.044117647               0.0097393 0.022362811 3.738061e-20
0.051470588               0.010264785 0.019260124 1.1575926e-20
0.058823529               0.012529238 0.015690098 8.4780829e-21
0.066176471               0.016390334 0.01054984 -3.6757052e-20
0.073529412               0.020446328 0.0053465435 1.5026544e-20
0.080882353               0.026014758 0.00078926558 -3.5748031e-20
0.088235294               0.031417386 -0.0032266835 9.7624786e-20
0.095588235               0.036219356 -0.0061803983 3.1528056e-20
0.10294118               0.040572144 -0.0077539465 -3.7872172e-20
0.11029412               0.044395515 -0.0088041069 -1.5970075e-20
0.11764706               0.047709602 -0.0090539384 9.6262235e-21
0.125               0.050696423 -0.0086628004 5.7795171e-20
0.13235294               0.053115204 -0.0079096615 -4.3096896e-20
0.13970588               0.055454489 -0.0068030349 -6.3970429e-20
0.14705882               0.057373002 -0.0053626757 -1.2187092e-21
0.15441176               0.059014547 -0.0037048884 9.9569631e-20
0.16176471               0.060055553 -0.0017947766 2.5215491e-20
0.16911765               0.061159211 0.00042746135 -7.4479981e-20
0.17647059               0.06135265 0.0028649035 7.9316012e-21
0.18382353               0.061224959 0.0054521786 3.9470971e-20
0.19117647               0.060953913 0.0075688842 -5.157182e-21
0.19852941               0.060070241 0.0093312627 1.6251574e-20
0.20588235               0.059325729 0.010082362 -8.6862704e-21
0.21323529               0.058630671 0.0096862342 2.9765828e-20
0.22058824               0.057485945 0.0083967626 2.4507348e-20
0.22794118               0.05784302 0.0062497908 -5.1976388e-20
0.23529412               0.058887841 0.0032659248 -5.9641065e-20
0.24264706               0.060660829 6.810319e-05 3.9586306e-20
0.25               0.062870885 -0.0030064122 -1.7474539e-20
0.25735294               0.065367491 -0.0053214413 2.7594354e-20
0.26470588               0.067679617 -0.0068575873 1.8250702e-20
0.27205882               0.070163867 -0.0075076977 2.1265411e-22
0.27941176               0.071838298 -0.0078648774 1.0851503e-19
0.28676471               0.073612283 -0.0078063555 -8.1478602e-20
0.29411765               0.074928472 -0.0071463007 -3.3903927e-20
0.30147059               0.076190888 -0.0062995377 -9.7364049e-21
0.30882353               0.077016845 -0.0052132976 -6.4916434e-20
0.31617647               0.077680886 -0.0037947111 3.4663247e-20
0.32352941               0.078270839 -0.0022813821 -3.7077499e-20
0.33088235               0.078626405 -0.00043409459 5.0289599e-20
0.33823529               0.078607185 0.001475061 1.6717905e-20
0.34558824               0.078272805 0.0035208504 -7.7155183e-20
0.35294118               0.07759499 0.0058103015 7.8900232e-20
0.36029412               0.077247852 0.0072845207 -1.8296997e-21
0.36764706               0.075749627 0.0086118102 3.1457704e-20
0.375               0.074291188 0.0088539124 -7.3305396e-20
0.38235294               0.073151946 0.008007436 9.0292234e-21
0.38970588               0.072456103 0.0067743013 -3.4560035e-20
0.39705882               0.072953014 0.0044557694 -2.5818973e-22
0.40441176               0.073211202 0.0014922691 -1.0742555e-19
0.41176471               0.075282474 -0.001244995 -1.0819072e-20
0.41911765               0.077221221 -0.0037809288 3.0097616e-20
0.42647059               0.078911281 -0.0056797225 3.2237719e-20
0.43382353               0.080768209 -0.0066759593 8.6806847e-20
0.44117647               0.082416825 -0.0073635013 -1.9268188e-20
0.44852941               0.083611376 -0.0075356782 -6.9647066e-20
0.45588235               0.084545316 -0.0070610639 -3.5073429e-20
0.46323529               0.085377667 -0.0063846545 -2.0168929e-20
0.47058824               0.086342667 -0.0054281498 -5.2904717e-20
0.47794118               0.086698245 -0.0044438354 -7.9897888e-20
0.48529412               0.087030739 -0.0031418385 -2.7863899e-20
0.49264706               0.087286417 -0.0016221023 -1.331693e-20
0.5               0.08715561 0.00025588123 1.5361317e-21
0.50735294               0.086888284 0.0019944824 7.7420044e-20
0.51470588               0.086372353 0.0039857605 -7.8077859e-22
0.52205882               0.085480468 0.00591696 -1.9210258e-21
0.52941176               0.084524819 0.0073001462 -6.9669691e-20
0.53676471               0.08302647 0.0080987846 2.6644808e-20
0.54411765               0.081889117 0.0079170433 2.5096219e-20
0.55147059               0.080673913 0.006896935 1.0874399e-20
0.55882353               0.080068032 0.0054573655 -2.6424904e-20
0.56617647               0.080535363 0.002870308 -1.4057785e-21
0.57352941               0.081001664 0.00011973548 -3.1335418e-20
0.58088235               0.082679355 -0.0022085823 -4.0139874e-22
0.58823529               0.084433919 -0.0043170772 1.0913155e-19
0.59558824               0.085996545 -0.0058312317 1.865965e-20
0.60294118               0.087195555 -0.0066206762 -3.0467678e-21
0.61029412               0.088390145 -0.0071294387 1.0545279e-20
0.61764706               0.089412504 -0.0070416364 3.9061537e-21
0.625               0.090258044 -0.0066198267 4.1035356e-20
0.63235294               0.090742088 -0.00595558 -7.9290165e-21
0.63970588               0.091330059 -0.0049294491 5.6264459e-20
0.64705882               0.091664849 -0.003832721 -6.0666006e-21
0.65441176               0.091876122 -0.0025420838 -1.4825829e-20
0.66176471               0.091829738 -0.0010702113 1.7688164e-20
0.66911765               0.091676906 0.00062301203 2.0555847e-20
0.67647059               0.0911237 0.0024524024 3.1752761e-20
0.68382353               0.09020862 0.0043603629 -2.3744147e-20
0.69117647               0.089245347 0.0060901495 -2.6242432e-20
0.69852941               0.088212006 0.0072509553 1.1148589e-20
0.70588235               0.086846837 0.00785596 1.9834269e-20
0.71323529               0.08593001 0.0072331671 -1.1428054e-20
0.72058824               0.084071455 0.0063228607 -1.1389679e-21
0.72794118               0.084104911 0.0044112162 1.8634698e-20
0.73529412               0.084560754 0.0017843141 -1.0256536e-20
0.74264706               0.085809847 -0.00077691115 7.1290814e-21
0.75               0.086742909 -0.0031747249 4.5356537e-21
0.75735294               0.088168486 -0.0049691425 -5.3314353e-20
0.76470588               0.089343568 -0.0062529585 -3.2302003e-20
0.77205882               0.090822382 -0.0067606648 2.5320755e-20
0.77941176               0.091737798 -0.0070059345 8.9314089e-21
0.78676471               0.092553654 -0.0069507761 9.2158109e-21
0.79411765               0.093209791 -0.0063032749 -1.78254e-20
0.80147059               0.093787532 -0.0054605047 5.7545317e-20
0.80882353               0.094090137 -0.0046478064 -2.770887e-20
0.81617647               0.094219566 -0.0034455623 -6.2265296e-20
0.82352941               0.09426195 -0.0021296935 1.7731458e-20
0.83088235               0.094101807 -0.00045763557 8.2565429e-20
0.83823529               0.093810987 0.0011469555 -4.099397e-20
0.84558824               0.093223166 0.0029549728 -1.6314896e-20
0.85294118               0.092284148 0.0049130989 5.4779274e-20
0.86029412               0.091508198 0.0062324169 -2.4614716e-20
0.86764706               0.090049594 0.007280412 -8.8933025e-20
0.875               0.08824128 0.0075654608 5.1661031e-21
0.88235294               0.087247844 0.0068163067 2.3392902e-20
0.88970588               0.086006939 0.0057064058 -3.4335216e-21
0.89705882               0.086241156 0.0035361183 5.2360159e-21
0.90441176               0.086758644 0.00092916792 -3.3094402e-20
0.91176471               0.088201522 -0.0014648123 2.5727929e-20
0.91911765               0.089258748 -0.0038679442 -8.9695953e-20
0.92647059               0.090720091 -0.005374151 1.3401368e-20
0.93382353               0.091893123 -0.0063535671 -1.5401218e-20
0.94117647               0.093030833 -0.0069453024 -5.2521537e-20
0.94852941               0.093679212 -0.0070906177 -9.3688572e-20
0.95588235               0.094268255 -0.0067514909 -1.1267575e-20
0.96323529               0.09483337 -0.0061341743 8.5229103e-21
0.97058824               0.095527964 -0.0051802142 -2.0908682e-20
0.97794118               0.09559031 -0.0042624153 -4.404535e-21
0.98529412               0.09570704 -0.0030464383 2.0664675e-20
0.99264706               0.095537874 -0.0016405362 5.6490368e-20
1.0               0.095271657 5.0938669e-05 8.2349937e-21
1.0073529               0.094784929 0.0016440623 -1.6679353e-21
1.0147059               0.094159836 0.003477812 -3.3504643e-20
1.0220588               0.093092103 0.0052861782 1.557129e-20
1.0294118               0.092146848 0.0066099033 -1.3210085e-21
1.0367647               0.090500087 0.0073045078 -7.6154943e-20
1.0441176               0.089262457 0.007195042 1.6147408e-20
1.0514706               0.087848959 0.0062727095 1.5720683e-21
1.0588235               0.08731029 0.0048907704 -1.3334511e-20
1.0661765               0.087501076 0.0025303415 -2.8517588e-20
1.0735294               0.087814893 -3.0639298e-05 2.6230666e-20
1.0808824               0.089150114 -0.0023145683 -3.7273336e-20
1.0882353               0.090542322 -0.0043619699 9.2444553e-20
1.0955882               0.092011485 -0.0057823093 1.72502e-20
1.1029412               0.093041316 -0.0065272644 -3.8266755e-20
1.1102941               0.093951674 -0.0070039368 -9.7787706e-21
1.1176471               0.094712035 -0.0069642903 -1.3347498e-20
1.125               0.095413908 -0.006501882 1.8434412e-20
1.1323529               0.095698104 -0.0058519706 -6.6901945e-20
1.1397059               0.096110153 -0.0049821447 -6.8090906e-20
1.1470588               0.096357896 -0.0038414063 -7.3299251e-21
1.1544118               0.096400658 -0.0025784341 6.3631266e-20
1.1617647               0.096187365 -0.0011628132 5.0613295e-21
1.1691176               0.096107578 0.0005088659 -4.2187638e-20
1.1764706               0.095293361 0.0023158293 -4.4968152e-21
1.1838235               0.094378873 0.0041717167 4.1419592e-20
1.1911765               0.093414993 0.0057159012 1.6624686e-20
1.1985294               0.092031365 0.0069110148 8.7311519e-21
1.2058824               0.090907412 0.0073809887 1.2145312e-20
1.2132353               0.089826963 0.0068532363 -1.0483934e-20
1.2205882               0.088203894 0.0057859156 2.216443e-20
1.2279412               0.087898424 0.004017322 -3.8138859e-20
1.2352941               0.088129893 0.0016180055 -6.7692183e-20
1.2426471               0.088879168 -0.00097897309 5.8320932e-20
1.25               0.089924974 -0.0034010109 -3.1905494e-20
1.2573529               0.091291047 -0.0051940619 -5.0148788e-21
1.2647059               0.092511003 -0.0063891852 1.5376484e-20
1.2720588               0.093953371 -0.0068258775 1.2433623e-20
1.2794118               0.094654526 -0.0071105118 6.6543116e-20
1.2867647               0.095491382 -0.0070142539 -7.281805e-20
1.2941176               0.095990363 -0.0064215698 -5.3413264e-20
1.3014706               0.096503728 -0.0056136068 -4.2586945e-20
1.3088235               0.096619136 -0.0047001446 -7.2649674e-20
1.3161765               0.09664732 -0.0034565422 4.164026e-20
1.3235294               0.096634832 -0.0021811132 -6.0850395e-20
1.3308824               0.096457375 -0.0005759355 4.5938467e-20
1.3382353               0.096046425 0.0010553711 1.1497442e-20
1.3455882               0.095331345 0.002756775 -1.0799296e-19
1.3529412               0.094354588 0.0047375927 8.0900137e-20
1.3602941               0.093750953 0.0059295813 -1.6196127e-21
1.3676471               0.09211654 0.0070472677 9.1929616e-21
1.375               0.090457214 0.0072261296 -5.2216254e-20
1.3823529               0.089204155 0.006456924 -1.5391089e-21
1.3897059               0.088263151 0.0053051578 -2.5959936e-20
1.3970588               0.088310243 0.0032200675 -2.3434847e-20
1.4044118               0.088195991 0.00062205829 -7.4096417e-20
1.4117647               0.089670624 -0.0018122525 -2.6637755e-20
1.4191176               0.091083125 -0.0039779547 3.8606571e-20
1.4264706               0.092300694 -0.0056401867 6.9093308e-21
1.4338235               0.093519087 -0.0065386718 1.0992759e-19
1.4411765               0.094596267 -0.0071212653 -1.5134009e-20
1.4485294               0.095356212 -0.0072375096 -8.0140521e-20
1.4558824               0.095811964 -0.0068013291 -1.403485e-20
1.4632353               0.096268787 -0.0061638098 -2.7952479e-20
1.4705882               0.096841765 -0.0052681174 -4.7610892e-20
1.4779412               0.096897974 -0.0043520357 -6.9409523e-20
1.4852941               0.096899026 -0.003146036 -4.7851312e-20
1.4926471               0.096832312 -0.0017299932 1.625726e-20
1.5               0.096498548 -2.0531239e-05 -2.6191325e-21
1.5073529               0.095984058 0.0015825899 3.9940018e-20
1.5147059               0.095296719 0.0034014216 -1.0416217e-20
1.5220588               0.094265994 0.0051927864 -3.220556e-20
1.5294118               0.09327261 0.0064364684 -6.3329011e-20
1.5367647               0.091666897 0.0071587037 2.7714612e-20
1.5441176               0.090464656 0.0069658738 1.1315863e-20
1.5514706               0.089130667 0.0060312972 3.6623712e-20
1.5588235               0.088264918 0.0046495903 1.3603006e-20
1.5661765               0.088594306 0.0022147209 -1.1689426e-20
1.5735294               0.089118806 -0.00037974789 -1.6251666e-20
1.5808824               0.090366285 -0.0024994596 -3.5538979e-20
1.5882353               0.091664214 -0.0044370908 1.1687744e-19
1.5955882               0.092996551 -0.0058279832 -2.8144337e-20
1.6029412               0.093881527 -0.0065432718 -3.8248931e-20
1.6102941               0.094780717 -0.0070204615 6.9589822e-21
1.6176471               0.095541651 -0.0069215056 -6.8715761e-21
1.625               0.096192816 -0.0065091325 3.2003848e-20
1.6323529               0.096416914 -0.0058581712 2.7409161e-20
1.6397059               0.096831571 -0.0048660694 4.5669958e-20
1.6470588               0.096936209 -0.0038347798 -1.7340616e-20
1.6544118               0.097037396 -0.0025899675 -2.6614475e-20
1.6617647               0.096876554 -0.001179309 1.7924704e-20
1.6691176               0.096574217 0.00043796425 1.5919104e-20
1.6764706               0.095928046 0.0021715741 1.3440614e-20
1.6838235               0.094926389 0.0039969345 -1.5010119e-20
1.6911765               0.093903127 0.0056652465 2.5113899e-21
1.6985294               0.0927945 0.006769258 6.3715647e-21
1.7058824               0.09145769 0.0073299538 3.8391223e-20
1.7132353               0.090391581 0.0067335112 9.4571038e-21
1.7205882               0.088572294 0.005834421 -2.0575357e-20
1.7279412               0.088435528 0.0039851799 2.1505409e-20
1.7352941               0.088798813 0.0014673436 -1.990907e-20
1.7426471               0.089820839 -0.0010255355 -3.4043249e-20
1.75               0.090653513 -0.003252504 2.5780838e-21
1.7573529               0.091942653 -0.0050112164 -4.633217e-20
1.7647059               0.092989062 -0.006262349 -3.4814639e-20
1.7720588               0.094271818 -0.0067460808 6.7527389e-20
1.7794118               0.095044373 -0.0069867753 1.1998542e-20
1.7867647               0.095801295 -0.0069173311 -1.0012778e-20
1.7941176               0.096273329 -0.0062772992 4.6695118e-21
1.8014706               0.096772407 -0.0054384609 5.4457267e-20
1.8088235               0.096987168 -0.0046560259 -3.8834012e-20
1.8161765               0.097060142 -0.0034748976 -5.6565778e-20
1.8235294               0.096956678 -0.0021847621 1.1151171e-20
1.8308824               0.09674407 -0.00055167172 8.1279316e-20
1.8382353               0.096419645 0.0010052053 -4.2259017e-20
1.8455882               0.095711093 0.0027736342 -9.5727364e-21
1.8529412               0.094751089 0.0046654345 4.2604156e-20
1.8602941               0.09396225 0.0059516936 -5.6166073e-21
1.8676471               0.092479978 0.0069891992 -8.0082373e-20
1.875               0.090638414 0.0072821263 2.2017836e-20
1.8823529               0.089690967 0.0065300757 1.9410026e-20
1.8897059               0.088394063 0.0054309632 -4.2475856e-21
1.8970588               0.088466909 0.0032763298 -6.3232623e-22
1.9044118               0.088983484 0.00077531016 -3.8053734e-20
1.9117647               0.090501169 -0.0015844156 -1.0959932e-20
1.9191176               0.09139933 -0.0038982013 -6.3540493e-20
1.9264706               0.092783185 -0.0053420105 -1.8105319e-21
1.9338235               0.093762499 -0.0063602995 -4.0876221e-20
1.9411765               0.094833306 -0.0069034131 -4.5488115e-20
1.9485294               0.095411658 -0.0070535554 -8.9675812e-20
1.9558824               0.095954769 -0.0067159739 -1.4049249e-20
1.9632353               0.096463191 -0.0060996191 1.6490104e-20
1.9705882               0.097043848 -0.0051943465 -3.5034341e-20
1.9779412               0.097095716 -0.0043002482 -4.8929796e-20
1.9852941               0.097149816 -0.0030573819 1.1246297e-20
1.9926471               0.096984187 -0.0016816887 6.208158e-20
