t               Ux1 Uy1 Uz1
0.0073529412               0.006717785 0.011461474 -4.9051747e-28
0.014705882               0.0060138291 0.013888291 -1.5066667e-21
0.022058824               0.003861758 0.016140959 3.9589606e-27
0.029411765               0.001130526 0.01730741 -1.0454781e-27
0.036764706               -0.0023940719 0.018340896 6.1042419e-28
0.044117647               -0.0059097038 0.018023844 4.0136477e-27
0.051470588               -0.0092983203 0.016338443 1.1967189e-27
0.058823529               -0.011603841 0.014108923 -9.1918205e-22
0.066176471               -0.013704654 0.010557639 9.8288236e-28
0.073529412               -0.013511262 0.0072837199 -4.1777093e-21
0.080882353               -0.013002362 0.0043715713 1.205978e-27
0.088235294               -0.011587679 0.0013786322 2.2798282e-27
0.095588235               -0.0097103131 -0.0011388785 -4.3323487e-21
0.10294118               -0.0074032902 -0.002891054 1.4310614e-27
0.11029412               -0.0049465085 -0.0042787481 -1.5372625e-21
0.11764706               -0.0023373607 -0.0056956292 2.520519e-28
0.125               0.00013824661 -0.0067220955 1.827835e-21
0.13235294               0.0025962771 -0.0075980641 -4.6329192e-21
0.13970588               0.0051074373 -0.0082568106 -2.2413029e-27
0.14705882               0.0078809451 -0.008428638 2.3398202e-21
0.15441176               0.010195717 -0.0085022023 3.3167413e-21
0.16176471               0.01252542 -0.0079568374 4.6025392e-21
0.16911765               0.01488569 -0.0071448782 1.0232275e-21
0.17647059               0.016745926 -0.0061166414 2.2851778e-21
0.18382353               0.018410126 -0.0046121023 8.644654e-22
0.19117647               0.019539822 -0.0029800563 1.8841856e-21
0.19852941               0.019687433 -0.0012039904 5.2993501e-22
0.20588235               0.019751231 0.00028918758 3.6786468e-21
0.21323529               0.019351692 0.0013376014 2.2016974e-22
0.22058824               0.018635255 0.0015664834 5.9161657e-21
0.22794118               0.017663399 0.0010936691 3.5681646e-27
0.23529412               0.01740547 0.00021527352 2.3192643e-21
0.24264706               0.017885693 -0.00066759531 1.301579e-27
0.25               0.018553986 -0.0016709129 -3.6580314e-27
0.25735294               0.019551975 -0.0027175307 1.556926e-21
0.26470588               0.020933239 -0.0036169309 -2.7086193e-27
0.27205882               0.022325091 -0.0039524244 3.7053149e-21
0.27941176               0.024051398 -0.0040137009 6.5267932e-21
0.28676471               0.025236911 -0.0042820655 2.937516e-21
0.29411765               0.02665573 -0.0041984499 6.8910321e-21
0.30147059               0.027940808 -0.0040571211 7.0206442e-21
0.30882353               0.029433539 -0.0038597024 6.6616336e-21
0.31617647               0.030470366 -0.0035764373 2.2992155e-21
0.32352941               0.031893768 -0.003149038 9.4748155e-21
0.33088235               0.032896092 -0.002540274 4.2564298e-21
0.33823529               0.034038723 -0.0017023977 5.596051e-21
0.34558824               0.034893799 -0.00052125811 4.6243228e-21
0.35294118               0.035520398 0.00074468534 7.4518154e-21
0.36029412               0.035780267 0.0021573314 7.0971825e-21
0.36764706               0.035265765 0.0035357497 9.0844673e-21
0.375               0.03480374 0.0044118544 1.8472679e-21
0.38235294               0.033920422 0.0048055462 -1.8209172e-21
0.38970588               0.033053838 0.0046058756 9.4694328e-21
0.39705882               0.032517529 0.0037120839 4.529151e-28
0.40441176               0.03217426 0.002828913 5.2121296e-21
0.41176471               0.032647174 0.0017926518 2.1532585e-27
0.41911765               0.033659906 0.00087572035 2.5084078e-21
0.42647059               0.034489586 -0.00024684795 3.4340818e-22
0.43382353               0.035738195 -0.0010530089 7.0216857e-23
0.44117647               0.036795376 -0.0016277951 6.3467007e-21
0.44852941               0.0379927 -0.0017774261 3.1751077e-21
0.45588235               0.039315256 -0.0019715396 3.6442215e-21
0.46323529               0.040347543 -0.0020452513 2.1890452e-21
0.47058824               0.041411999 -0.0020073585 6.6321633e-21
0.47794118               0.042336367 -0.0019291924 3.3304266e-21
0.48529412               0.043278338 -0.0017691876 5.5616913e-21
0.49264706               0.044432026 -0.0013189123 4.0683028e-21
0.5               0.045596114 -0.00086724346 2.2926915e-21
0.50735294               0.046474976 -0.00013777878 1.4007233e-20
0.51470588               0.046964251 0.00084345051 1.0474763e-20
0.52205882               0.04711292 0.0018638799 1.5051767e-21
0.52941176               0.047164236 0.0028581772 -8.4684308e-28
0.53676471               0.046707932 0.0039445763 7.0445742e-21
0.54411765               0.045981874 0.0045489259 3.7943075e-21
0.55147059               0.045080662 0.0045690493 4.596976e-27
0.55882353               0.044255029 0.0044452086 4.8325233e-21
0.56617647               0.043374087 0.0032026854 1.9008162e-21
0.57352941               0.043765903 0.0022314142 7.0469169e-21
0.58088235               0.043675636 0.0011579922 5.937297e-21
0.58823529               0.044823742 0.00013254314 8.0926535e-22
0.59558824               0.045821303 -0.0007315285 3.6672873e-22
0.60294118               0.046719514 -0.0013088898 4.1930059e-21
0.61029412               0.047790699 -0.0015667368 4.6532429e-21
0.61764706               0.048889867 -0.0018667646 -2.1800504e-21
0.625               0.050074872 -0.001831526 8.6120083e-21
0.63235294               0.050930141 -0.0019277175 2.3382534e-21
0.63970588               0.051750409 -0.0019849862 9.0395309e-21
0.64705882               0.052816657 -0.0018125619 6.5844295e-21
0.65441176               0.053630428 -0.0015171542 2.8902916e-21
0.66176471               0.0543518 -0.00099202831 5.2322959e-21
0.66911765               0.055074199 -0.00043733856 2.6366619e-21
0.67647059               0.055688794 5.6470041e-05 5.1715192e-21
0.68382353               0.056096478 0.0010068883 1.6107755e-20
0.69117647               0.056171483 0.0021477054 4.5185881e-21
0.69852941               0.055643234 0.0030718955 3.9065677e-21
0.70588235               0.055289159 0.0039578112 7.0893846e-22
0.71323529               0.054254635 0.0044896826 1.8906931e-21
0.72058824               0.053266461 0.004383568 4.0579456e-21
0.72794118               0.052070562 0.0035996461 4.598092e-21
0.73529412               0.051776632 0.0027567535 3.5083001e-27
0.74264706               0.051832835 0.0016725783 7.4362655e-28
0.75               0.052319954 0.00087193489 3.8652034e-21
0.75735294               0.053245699 -9.890057e-05 5.0791173e-21
0.76470588               0.053996485 -0.00101068 -1.5992416e-21
0.77205882               0.054974779 -0.0012840823 3.5568542e-21
0.77941176               0.055998913 -0.0016008327 6.0680836e-21
0.78676471               0.056850085 -0.0018393116 3.1387202e-21
0.79411765               0.057856162 -0.001947543 5.8637105e-21
0.80147059               0.058538062 -0.0018693221 1.169913e-20
0.80882353               0.059457731 -0.0017703041 6.5362074e-21
0.81617647               0.060013893 -0.0015507799 6.0626982e-21
0.82352941               0.060745986 -0.0012808811 8.5539763e-21
0.83088235               0.0613677 -0.00095893645 4.457602e-21
0.83823529               0.06197582 -0.0001738364 2.4772232e-21
0.84558824               0.062444991 0.00047848771 7.2112461e-21
0.85294118               0.062572057 0.0014400164 1.5090571e-20
0.86029412               0.062546361 0.0023951952 4.3215118e-21
0.86764706               0.061730533 0.0034373933 2.0115198e-21
0.875               0.06101338 0.004098958 3.331429e-21
0.88235294               0.060139079 0.0044966661 -3.2807951e-21
0.88970588               0.058992077 0.00414007 4.9065083e-21
0.89705882               0.058368216 0.0032145548 -1.2556002e-27
0.90441176               0.057707636 0.0024168129 -2.31346e-27
0.91176471               0.058215235 0.0015407342 6.7867769e-28
0.91911765               0.059006185 0.00059926917 3.0594916e-27
0.92647059               0.059418932 -0.00035411231 2.1734774e-22
0.93382353               0.060441854 -0.00095879068 1.2923232e-21
0.94117647               0.061206501 -0.0012783023 8.7695834e-22
0.94852941               0.062070301 -0.0017006637 8.9139567e-21
0.95588235               0.062895073 -0.0017757183 -3.2053083e-21
0.96323529               0.063475228 -0.0019205153 -2.2677446e-29
0.97058824               0.064354804 -0.0019172591 4.8798064e-22
0.97794118               0.065003926 -0.0017057303 2.360141e-21
0.98529412               0.065545187 -0.0015175496 1.0451582e-20
0.99264706               0.066189393 -0.0010912268 6.5747806e-21
1.0               0.067065754 -0.00061754272 5.9677551e-21
1.0073529               0.067647872 5.8209382e-06 2.7609392e-21
1.0147059               0.06764796 0.00092041614 1.0621749e-21
1.0220588               0.067555695 0.0019867749 5.0339288e-21
1.0294118               0.067399114 0.0026240843 2.0209942e-21
1.0367647               0.066831239 0.0036104702 6.6224921e-21
1.0441176               0.065840056 0.0041781193 2.2677782e-21
1.0514706               0.064575373 0.004223462 9.8630995e-22
1.0588235               0.063891289 0.0040691413 7.0746482e-21
1.0661765               0.062887849 0.0029930671 2.086771e-21
1.0735294               0.062996366 0.0020370962 7.1716595e-21
1.0808824               0.062922734 0.0011147895 -5.4360056e-21
1.0882353               0.063656774 0.000174762 1.3640473e-27
1.0955882               0.064438655 -0.00067723798 6.2991829e-21
1.1029412               0.065283944 -0.0011779599 6.5895831e-21
1.1102941               0.066058691 -0.0013771611 3.5841268e-21
1.1176471               0.066971375 -0.0016541062 2.657906e-22
1.125               0.067870867 -0.0015900776 1.7512118e-21
1.1323529               0.068477206 -0.0017085407 2.9456739e-21
1.1397059               0.069123064 -0.0016936829 1.8601577e-21
1.1470588               0.069895857 -0.0015008267 2.3795687e-21
1.1544118               0.0703803 -0.0013500139 7.7273907e-21
1.1617647               0.070976089 -0.00095138238 8.7058492e-21
1.1691176               0.071678936 -0.00032526957 2.0226358e-21
1.1764706               0.071699797 0.00023386553 4.3533118e-21
1.1838235               0.072033572 0.0011095862 1.2869576e-21
1.1911765               0.071848334 0.002215088 7.3419125e-21
1.1985294               0.071137014 0.0030850529 4.085473e-21
1.2058824               0.070306304 0.0038909687 9.2734791e-21
1.2132353               0.069224849 0.0043350639 3.0042093e-21
1.2205882               0.068408837 0.0040229326 4.669121e-21
1.2279412               0.067200028 0.0034171481 -2.5408615e-27
1.2352941               0.066743457 0.0025180832 4.3593285e-21
1.2426471               0.067027691 0.0017640951 1.4402672e-27
1.25               0.067268396 0.00067693218 1.8121978e-27
1.2573529               0.067931334 -0.00013019799 3.92708e-21
1.2647059               0.068634978 -0.0009214642 4.155421e-21
1.2720588               0.069569392 -0.0011661112 6.73635e-21
1.2794118               0.070536298 -0.0013859834 1.7939207e-27
1.2867647               0.071110225 -0.0016650524 7.7368994e-21
1.2941176               0.071761314 -0.0018097111 4.3770156e-21
1.3014706               0.072422045 -0.0016046674 6.2506094e-21
1.3088235               0.073209336 -0.001501548 3.0554773e-27
1.3161765               0.073606814 -0.0013010614 8.3182643e-21
1.3235294               0.074346818 -0.0010546294 7.2633096e-21
1.3308824               0.074680882 -0.00074620313 -5.9538255e-27
1.3382353               0.075170355 -0.00013891433 4.0543749e-21
1.3455882               0.075458 0.00065773779 7.2216319e-21
1.3529412               0.075550767 0.0014853455 1.3494779e-27
1.3602941               0.075391312 0.0024463888 2.7252604e-21
1.3676471               0.074322568 0.0033867527 4.5893672e-27
1.375               0.073609546 0.0039414708 2.9047628e-21
1.3823529               0.072309868 0.0042364329 2.2196292e-21
1.3897059               0.071523738 0.0040750743 3.3547283e-21
1.3970588               0.070811012 0.0031754212 1.3223341e-21
1.4044118               0.070252146 0.0023804577 4.6777279e-22
1.4117647               0.070608187 0.0014807967 -4.1101683e-27
1.4191176               0.071229646 0.00057027537 5.138346e-21
1.4264706               0.071752755 -0.00031262084 5.6127816e-21
1.4338235               0.072617623 -0.00086738903 1.7474993e-21
1.4411765               0.073331231 -0.0012426705 1.7317112e-27
1.4485294               0.073894558 -0.0015757842 3.4728226e-21
1.4558824               0.074607782 -0.0016818392 8.0167318e-28
1.4632353               0.075233293 -0.0017717249 5.9906365e-21
1.4705882               0.075907985 -0.0015881128 7.4764407e-21
1.4779412               0.076320611 -0.0016150744 3.1374427e-21
1.4852941               0.076643847 -0.0013474396 9.7611929e-21
1.4926471               0.077284683 -0.00101786 6.7327181e-21
1.5               0.077964903 -0.00052529039 2.1072507e-21
1.5073529               0.078469559 7.5096704e-05 5.5489747e-21
1.5147059               0.078485703 0.0007842838 4.2130621e-22
1.5220588               0.078192526 0.0018528053 1.7449042e-21
1.5294118               0.077808033 0.0025433789 5.1538607e-21
1.5367647               0.077085331 0.0033825115 2.6625292e-21
1.5441176               0.076204502 0.0039247415 6.0669751e-21
1.5514706               0.075175867 0.004010189 4.9151841e-21
1.5588235               0.07397675 0.0036619119 1.9872653e-21
1.5661765               0.073080143 0.0025875359 -7.8254284e-22
1.5735294               0.073102719 0.0017293206 -5.6546454e-28
1.5808824               0.073094082 0.00093302982 3.3050416e-28
1.5882353               0.074068839 0.00013151175 6.0997581e-21
1.5955882               0.074696639 -0.00069294551 -2.6770092e-21
1.6029412               0.075328054 -0.0011768312 7.391417e-21
1.6102941               0.075956437 -0.0013973069 1.228213e-27
1.6176471               0.076889167 -0.0015993985 7.3236207e-21
1.625               0.077526345 -0.001704686 8.6107522e-29
1.6323529               0.078223955 -0.0017322847 5.251818e-21
1.6397059               0.078802016 -0.001667972 1.8289466e-21
1.6470588               0.079361452 -0.0015626535 5.3921011e-22
1.6544118               0.079786908 -0.0014323245 5.5892943e-21
1.6617647               0.080272512 -0.00084530103 6.5283411e-21
1.6691176               0.080798058 -0.00033513658 -2.9551509e-27
1.6764706               0.080801416 0.00014558738 -5.3534589e-29
1.6838235               0.080964219 0.00086280281 6.148447e-21
1.6911765               0.080665312 0.0019942799 4.5632157e-21
1.6985294               0.080003245 0.0028548519 -3.5152633e-27
1.7058824               0.079257513 0.003538595 6.0393317e-21
1.7132353               0.077938928 0.0039894378 -3.592954e-27
1.7205882               0.077044957 0.0037918627 1.7916089e-21
1.7279412               0.075782245 0.003091587 -3.3760422e-27
1.7352941               0.075787409 0.0023127344 4.9223176e-21
1.7426471               0.075765536 0.0014555562 1.3863491e-21
1.75               0.075879951 0.00052096341 6.1875621e-21
1.7573529               0.076720669 -0.00023381856 1.6314862e-23
1.7647059               0.077241996 -0.00099379569 2.3571845e-21
1.7720588               0.077919397 -0.0013402126 1.5411435e-21
1.7794118               0.078853448 -0.0014846731 6.1633211e-23
1.7867647               0.079424035 -0.0016545566 6.1175744e-28
1.7941176               0.080037303 -0.0017354104 -2.9938373e-27
1.8014706               0.080631117 -0.0015934812 -2.0800793e-21
1.8088235               0.081283158 -0.0015329049 5.6171162e-21
1.8161765               0.081579781 -0.0014333256 7.3111424e-21
1.8235294               0.082206955 -0.0013244265 5.6821949e-21
1.8308824               0.08250212 -0.00081376455 5.4638572e-21
1.8382353               0.082880804 -0.0002487166 -1.0818299e-21
1.8455882               0.083076759 0.00052417587 1.6398543e-21
1.8529412               0.083049376 0.0012849151 6.8628922e-22
1.8602941               0.08273765 0.0022692245 -1.7865407e-27
1.8676471               0.081839259 0.0030670398 1.8782177e-22
1.875               0.081075657 0.0037993711 6.0951891e-21
1.8823529               0.079930901 0.0039401344 1.4233917e-21
1.8897059               0.07901712 0.0036698539 6.3999957e-28
1.8970588               0.078162351 0.002880675 -1.8523332e-27
1.9044118               0.077615705 0.0020958657 -1.5732551e-27
1.9117647               0.077986891 0.0012877691 1.3110025e-27
1.9191176               0.078583896 0.00040973724 -2.3467811e-27
1.9264706               0.079012839 -0.00053937684 4.0246955e-21
1.9338235               0.079771695 -0.0010646022 3.1055256e-29
1.9411765               0.080403815 -0.0013133951 1.074685e-21
1.9485294               0.080949419 -0.0016539605 -1.9987629e-28
1.9558824               0.08162712 -0.0017503285 1.7355716e-21
1.9632353               0.082120746 -0.0017405513 3.2533219e-21
1.9705882               0.082626443 -0.0017793935 4.8816525e-21
1.9779412               0.083099428 -0.0016881497 3.5430287e-21
1.9852941               0.083432502 -0.0014527497 4.506844e-21
1.9926471               0.083945104 -0.001081202 7.1905002e-21
