t               Ux1 Uy1 Uz1
0.0073529412               0.0079465592 0.01071594 1.6652761e-20
0.014705882               0.0072527817 0.013517806 6.8762301e-21
0.022058824               0.0050440559 0.015938175 -1.9793891e-20
0.029411765               0.0026010855 0.017646406 -1.4633702e-20
0.036764706               -0.0010724974 0.01867897 -1.1404022e-19
0.044117647               -0.0044963413 0.018568447 4.6661972e-20
0.051470588               -0.0084952752 0.017378326 5.9688283e-21
0.058823529               -0.011036262 0.015738654 8.716974e-21
0.066176471               -0.012775435 0.013050154 -4.1528094e-20
0.073529412               -0.013827401 0.0099403967 2.1689405e-20
0.080882353               -0.013045266 0.006992954 -4.8014184e-20
0.088235294               -0.011562289 0.0038796593 1.3673174e-19
0.095588235               -0.0096609409 0.0011593969 4.1543818e-20
0.10294118               -0.0074749868 -0.00089179404 -4.4006191e-20
0.11029412               -0.0052350694 -0.0029113475 -4.5075717e-21
0.11764706               -0.0028437728 -0.0045395795 1.281956e-21
0.125               -0.00029149196 -0.0058129407 7.610399e-20
0.13235294               0.0021672538 -0.0069347703 -5.1374847e-20
0.13970588               0.0048347479 -0.0077401964 -8.2933127e-20
0.14705882               0.0075138261 -0.0081484253 -4.7243639e-21
0.15441176               0.010132183 -0.0083788036 1.2634593e-19
0.16176471               0.012451433 -0.0082452845 2.2168788e-20
0.16911765               0.015016439 -0.0076866955 -8.4067131e-20
0.17647059               0.016891817 -0.0066692439 8.2991642e-21
0.18382353               0.018504079 -0.0052209955 5.1680089e-20
0.19117647               0.019853348 -0.0038170591 -9.5933524e-21
0.19852941               0.020464062 -0.0020501815 3.2347149e-20
0.20588235               0.020733531 -0.00058083074 -1.2947762e-20
0.21323529               0.020389886 0.00060067239 4.4963307e-20
0.22058824               0.019252268 0.0013086944 3.756096e-20
0.22794118               0.018540962 0.0012787687 -5.7905326e-20
0.23529412               0.01806634 0.00073812785 -6.89628e-20
0.24264706               0.018185379 -0.00029324453 5.0086442e-20
0.25               0.018613233 -0.0016753329 -1.6108785e-20
0.25735294               0.019717477 -0.0027349005 4.6342404e-20
0.26470588               0.021027104 -0.0035925449 3.2402146e-20
0.27205882               0.022799796 -0.0040893391 -5.5568128e-21
0.27941176               0.024109232 -0.0045634254 1.3133704e-19
0.28676471               0.025717732 -0.0049175845 -9.898456e-20
0.29411765               0.027140973 -0.0049181517 -4.3710091e-20
0.30147059               0.028662014 -0.0048841187 -3.4133223e-21
0.30882353               0.029903969 -0.0047472287 -8.0165435e-20
0.31617647               0.03119812 -0.0043504048 4.2338123e-20
0.32352941               0.032528438 -0.0039167891 -4.1635599e-20
0.33088235               0.033809091 -0.0032522919 5.5165045e-20
0.33823529               0.034864675 -0.0024297406 2.6191715e-20
0.34558824               0.035744486 -0.0014156978 -9.5744278e-20
0.35294118               0.036347652 -2.0108256e-06 9.4267014e-20
0.36029412               0.037107584 0.0010796195 1.2131304e-20
0.36764706               0.036695199 0.0024807097 4.0234723e-20
0.375               0.035910373 0.0034477012 -8.8522926e-20
0.38235294               0.034956154 0.0039431089 1.2665563e-20
0.38970588               0.034048112 0.0042063284 -4.4264105e-20
0.39705882               0.033505665 0.0037554902 5.1798644e-21
0.40441176               0.032702789 0.0027189045 -1.306401e-19
0.41176471               0.033319028 0.0016130811 -8.627338e-21
0.41911765               0.033983144 0.00022965795 4.3096803e-20
0.42647059               0.034970053 -0.00080905963 4.582792e-20
0.43382353               0.036313259 -0.001466361 1.1822156e-19
0.44117647               0.037644273 -0.0022185871 -2.2892227e-20
0.44852941               0.038819494 -0.0026896259 -8.400533e-20
0.45588235               0.039889109 -0.0027738452 -4.993952e-20
0.46323529               0.041034612 -0.0028518896 -2.3557358e-20
0.47058824               0.042395082 -0.0028019649 -6.9656351e-20
0.47794118               0.043346446 -0.0027775693 -1.0495141e-19
0.48529412               0.044384989 -0.0025519086 -3.0976953e-20
0.49264706               0.045478084 -0.0021634139 -8.2502344e-21
0.5               0.046393224 -0.0015094271 3.5527729e-21
0.50735294               0.047230364 -0.00087880075 9.239187e-20
0.51470588               0.047870466 8.8967029e-05 5.8644024e-21
0.52205882               0.048254718 0.0011738972 7.2389451e-21
0.52941176               0.048343048 0.0022394377 -9.1086586e-20
0.53676471               0.047805007 0.0032250184 4.0761905e-20
0.54411765               0.04719744 0.0038778696 3.2491793e-20
0.55147059               0.046128977 0.0041393647 1.2187537e-20
0.55882353               0.045229261 0.0040971687 -2.5907368e-20
0.56617647               0.044684923 0.0033408493 -2.3839182e-21
0.57352941               0.044095105 0.0022939154 -3.7499992e-20
0.58088235               0.044584376 0.0012685209 -2.4546721e-21
0.58823529               0.045490254 0.00012636138 1.399356e-19
0.59558824               0.04648039 -0.00085642338 3.2258494e-20
0.60294118               0.047417775 -0.001486781 -1.4535767e-21
0.61029412               0.04846902 -0.0021051102 6.517659e-21
0.61764706               0.04955435 -0.0023834041 9.5891897e-21
0.625               0.050616455 -0.0025708589 5.3119136e-20
0.63235294               0.051467501 -0.0026904463 -9.0485015e-21
0.63970588               0.052479818 -0.002575569 7.0815341e-20
0.64705882               0.053427483 -0.0024219716 -5.4964919e-21
0.65441176               0.054312959 -0.0022228499 -1.4889237e-20
0.66176471               0.055143542 -0.0018814647 1.8269629e-20
0.66911765               0.055951325 -0.0013480292 3.1976403e-20
0.67647059               0.056498808 -0.00059999503 3.7952364e-20
0.68382353               0.056707346 0.00034333984 -2.242295e-20
0.69117647               0.056858503 0.0013762008 -2.7298135e-20
0.69852941               0.056801656 0.0023462741 2.069452e-20
0.70588235               0.056171323 0.0032723153 2.4517299e-20
0.71323529               0.055507585 0.0036419635 -1.6364692e-20
0.72058824               0.053860888 0.0039693026 -2.1029715e-21
0.72794118               0.053236171 0.0035792603 2.5239433e-20
0.73529412               0.052595646 0.0027435493 -1.5844266e-20
0.74264706               0.052742673 0.001713499 5.2167589e-21
0.75               0.052926461 0.00047781518 9.6121143e-21
0.75735294               0.053693014 -0.00044800905 -5.9554738e-20
0.76470588               0.054475602 -0.0012696256 -2.857544e-20
0.77205882               0.055661127 -0.0017681722 4.3205746e-20
0.77941176               0.056524498 -0.0021920116 1.9738044e-20
0.78676471               0.05742493 -0.0025481964 1.6463743e-20
0.79411765               0.058337761 -0.0025821571 -2.345949e-20
0.80147059               0.059239699 -0.0025279813 7.4711227e-20
0.80882353               0.060007039 -0.002594259 -3.4860106e-20
0.81617647               0.060745457 -0.0023761866 -7.642058e-20
0.82352941               0.061473969 -0.0021078591 2.1455908e-20
0.83088235               0.062161866 -0.0015867318 1.0426611e-19
0.83823529               0.062801472 -0.0010605196 -4.9186045e-20
0.84558824               0.063230372 -0.00028811734 -1.5016494e-20
0.85294118               0.063393264 0.00073898777 6.8035694e-20
0.86029412               0.063548099 0.0015527657 -2.4177433e-20
0.86764706               0.063001615 0.0025510927 -1.1341783e-19
0.875               0.061811613 0.0033479138 4.4279204e-21
0.88235294               0.060947997 0.0036837155 2.9046424e-20
0.88970588               0.059678295 0.0038016542 4.1494612e-21
0.89705882               0.059058638 0.0032584879 2.9454976e-21
0.90441176               0.058489294 0.002374384 -4.1087712e-20
0.91176471               0.058798323 0.0013641131 2.9815949e-20
0.91911765               0.059093162 1.4242731e-05 -1.0135052e-19
0.92647059               0.059972641 -0.00085803778 1.7582237e-20
0.93382353               0.060816455 -0.0015406261 -1.2803619e-20
0.94117647               0.06179142 -0.0021477991 -6.2790984e-20
0.94852941               0.062479444 -0.0025338471 -1.0938255e-19
0.95588235               0.063223731 -0.0026918218 -2.2043059e-20
0.96323529               0.064065814 -0.0027673444 9.2385913e-21
0.97058824               0.065092846 -0.0026529675 -2.6881785e-20
0.97794118               0.065663801 -0.0026138922 -1.2179939e-20
0.98529412               0.066390867 -0.0023890659 2.767568e-20
0.99264706               0.066945043 -0.0020410842 6.7720917e-20
1.0               0.06755737 -0.0014987032 8.1554626e-21
1.0073529               0.067988529 -0.00092444042 5.8663994e-23
1.0147059               0.068318306 -9.0038168e-05 -3.5173961e-20
1.0220588               0.068326905 0.00087903253 2.3181546e-20
1.0294118               0.068238555 0.0018531257 -3.5053011e-21
1.0367647               0.067393624 0.0026779638 -8.9652246e-20
1.0441176               0.066585404 0.0032992345 2.4814141e-20
1.0514706               0.065309881 0.0035334222 -1.5536941e-21
1.0588235               0.06452806 0.003451567 -1.3492977e-20
1.0661765               0.063823754 0.002784543 -3.2440514e-20
1.0735294               0.063264895 0.0018346978 3.7502244e-20
1.0808824               0.063532541 0.00083705129 -4.4997539e-20
1.0882353               0.064116115 -0.00025015037 1.2140377e-19
1.0955882               0.065035421 -0.0010994201 2.7423873e-20
1.1029412               0.065785389 -0.0016710226 -3.9356685e-20
1.1102941               0.066519927 -0.0022246035 -5.6443876e-21
1.1176471               0.067309555 -0.0025044168 -1.6943461e-20
1.125               0.068167105 -0.0025864476 2.9502335e-20
1.1323529               0.06874498 -0.0026734703 -7.4455369e-20
1.1397059               0.069491295 -0.0026560469 -8.3549132e-20
1.1470588               0.07025518 -0.0024272007 -7.794471e-21
1.1544118               0.070864771 -0.002196541 8.5705705e-20
1.1617647               0.071394482 -0.0018636777 2.0817485e-21
1.1691176               0.072128816 -0.0013309191 -4.4094887e-20
1.1764706               0.072280899 -0.00057035396 1.6735969e-21
1.1838235               0.072357455 0.00031321437 5.2363602e-20
1.1911765               0.07231228 0.0011829075 1.7444449e-20
1.1985294               0.07180693 0.0021630039 1.8109757e-20
1.2058824               0.071240662 0.0029482854 1.3901183e-20
1.2132353               0.070357381 0.0033796771 -6.3106144e-21
1.2205882               0.06888225 0.0035534886 3.4454827e-20
1.2279412               0.06799683 0.0031701142 -4.363567e-20
1.2352941               0.067376619 0.0024419134 -8.1817726e-20
1.2426471               0.067240158 0.0013605824 6.6814555e-20
1.25               0.067318026 0.00013690167 -3.3654535e-20
1.2573529               0.067970996 -0.0008023309 6.7953334e-21
1.2647059               0.068715052 -0.0015704425 2.2572165e-20
1.2720588               0.069849609 -0.0019797094 1.2619133e-20
1.2794118               0.070477699 -0.0024303693 8.2018407e-20
1.2867647               0.071340441 -0.0027403083 -8.7819556e-20
1.2941176               0.072061849 -0.0027649142 -6.7055933e-20
1.3014706               0.072844277 -0.0027172189 -4.2470029e-20
1.3088235               0.073355885 -0.002681376 -9.0218512e-20
1.3161765               0.073921355 -0.0024047864 5.0748753e-20
1.3235294               0.07450862 -0.0021479365 -7.0421878e-20
1.3308824               0.075075339 -0.0016846347 4.9888005e-20
1.3382353               0.075489482 -0.0011195367 1.5691116e-20
1.3455882               0.075707187 -0.00044438965 -1.350065e-19
1.3529412               0.075710065 0.0005964714 9.3300516e-20
1.3602941               0.07590373 0.0013041088 1.1115462e-20
1.3676471               0.075115799 0.00232701 1.2983227e-20
1.375               0.073976802 0.0029996477 -6.3184657e-20
1.3823529               0.072878302 0.0032833596 -1.0716934e-21
1.3897059               0.071848805 0.0033262894 -3.6174744e-20
1.3970588               0.071150886 0.0028046233 -2.5169112e-20
1.4044118               0.070280019 0.0018574646 -9.0622227e-20
1.4117647               0.070548206 0.00082510299 -3.2523268e-20
1.4191176               0.070973716 -0.00030505414 5.3007092e-20
1.4264706               0.0716565 -0.0012091853 1.3103581e-20
1.4338235               0.072474395 -0.0017994341 1.4454391e-19
1.4411765               0.073281132 -0.0024159906 -1.9523832e-20
1.4485294               0.07401101 -0.0027678708 -9.5999223e-20
1.4558824               0.074558751 -0.0028070376 -2.4903906e-20
1.4632353               0.075242805 -0.0028368631 -3.8452034e-20
1.4705882               0.076077713 -0.002756129 -6.2045835e-20
1.4779412               0.076571862 -0.0027072057 -9.5708413e-20
1.4852941               0.07708895 -0.0024781381 -5.6244405e-20
1.4926471               0.077650303 -0.0021143047 2.5496497e-20
1.5               0.078107898 -0.0015595923 -4.0295703e-21
1.5073529               0.078429456 -0.001002885 4.3503315e-20
1.5147059               0.078597947 -0.00018436965 -9.0279875e-21
1.5220588               0.078548112 0.0007562073 -4.0060792e-20
1.5294118               0.07831304 0.0016407008 -8.6131277e-20
1.5367647               0.077443405 0.0024619149 3.9071352e-20
1.5441176               0.076611221 0.0029905646 1.694158e-20
1.5514706               0.075392457 0.0031963298 4.3093287e-20
1.5588235               0.074267944 0.0030999661 2.0558433e-20
1.5661765               0.073711081 0.0023594924 -1.3577765e-20
1.5735294               0.073251775 0.0013786312 -2.2079821e-20
1.5808824               0.073528328 0.00049333457 -4.5644954e-20
1.5882353               0.074119674 -0.00045183126 1.4896485e-19
1.5955882               0.074926258 -0.0012464953 -2.4999449e-20
1.6029412               0.075477801 -0.0017880932 -4.6380429e-20
1.6102941               0.076162992 -0.0022995425 4.1132593e-21
1.6176471               0.07689012 -0.0024964848 -2.7383477e-21
1.625               0.077627305 -0.0026487736 3.967989e-20
1.6323529               0.078077491 -0.0027029363 3.3236115e-20
1.6397059               0.07875084 -0.0025596437 5.7614845e-20
1.6470588               0.07929601 -0.0024097162 -2.3745668e-20
1.6544118               0.079875168 -0.002193844 -3.2359063e-20
1.6617647               0.080376748 -0.0018726485 1.4171756e-20
1.6691176               0.080812291 -0.0013869391 2.3023565e-20
1.6764706               0.081028666 -0.00071772477 1.6345633e-20
1.6838235               0.080912923 0.00011519757 -1.4983241e-20
1.6911765               0.080764064 0.0010615056 6.5462294e-21
1.6985294               0.080442116 0.0018959932 1.3034963e-20
1.7058824               0.079670733 0.0027048414 4.3483606e-20
1.7132353               0.078769725 0.0030066847 1.0225646e-20
1.7205882               0.077174478 0.0032458931 -2.2987905e-20
1.7279412               0.07646355 0.0028242465 2.3325964e-20
1.7352941               0.075785259 0.0020435178 -2.9516381e-20
1.7426471               0.075775816 0.0010555049 -4.6826216e-20
1.75               0.075889069 2.167456e-05 1.2788627e-20
1.7573529               0.07648716 -0.00086140394 -5.0923836e-20
1.7647059               0.07708584 -0.0016102996 -3.3814003e-20
1.7720588               0.07800199 -0.0020367821 8.9942874e-20
1.7794118               0.078622756 -0.0024007381 2.4525959e-20
1.7867647               0.079336518 -0.0026963617 -1.103258e-20
1.7941176               0.07994943 -0.0026910822 -7.4662481e-22
1.8014706               0.080619703 -0.0026035323 7.1558493e-20
1.8088235               0.081148328 -0.0026575249 -5.191759e-20
1.8161765               0.081668056 -0.0024364707 -6.8462844e-20
1.8235294               0.082085021 -0.0021680887 1.3900477e-20
1.8308824               0.08254548 -0.0016806998 1.0013885e-19
1.8382353               0.082961923 -0.001197204 -5.3159251e-20
1.8455882               0.083089516 -0.00048697354 -1.0362434e-20
1.8529412               0.083052017 0.00042130947 4.8315004e-20
1.8602941               0.083024672 0.0011535159 -6.2803149e-21
1.8676471               0.08233318 0.0020611203 -1.0674637e-19
1.875               0.081009402 0.0027944135 2.5924254e-20
1.8823529               0.080143695 0.0030617503 2.4453137e-20
1.8897059               0.078866801 0.0031296218 1.4284933e-21
1.8970588               0.078178147 0.0025658142 -4.3672716e-21
1.9044118               0.077623728 0.0017663939 -5.0053573e-20
1.9117647               0.078044423 0.00081981781 -1.7798791e-20
1.9191176               0.078235656 -0.00036511278 -7.0985066e-20
1.9264706               0.07901329 -0.0010907176 -2.9714141e-21
1.9338235               0.079572344 -0.0017431786 -4.7476844e-20
1.9411765               0.080352828 -0.0022439965 -5.4945398e-20
1.9485294               0.080832033 -0.0025963495 -1.0827832e-19
1.9558824               0.081388695 -0.0027165281 -2.5101213e-20
1.9632353               0.082030017 -0.0027674713 1.6517307e-20
1.9705882               0.0827941 -0.0026858645 -4.7738997e-20
1.9779412               0.083201257 -0.0026527005 -7.0722336e-20
1.9852941               0.083705579 -0.0023938384 1.6178663e-20
1.9926471               0.084110766 -0.002079632 7.2946881e-20
