t               Ux1 Uy1 Uz1
0.0073529412               0.0059383797 0.010862286 -8.3461678e-29
0.014705882               0.0051593403 0.013289726 -3.9075949e-21
0.022058824               0.0031555598 0.015304008 3.8576364e-27
0.029411765               0.00058383928 0.016260375 -9.649685e-28
0.036764706               -0.0027113221 0.017089227 8.2998981e-28
0.044117647               -0.0060477567 0.016624954 4.0683144e-27
0.051470588               -0.0092736673 0.01498007 9.3758994e-28
0.058823529               -0.011512287 0.012902206 -3.1831399e-21
0.066176471               -0.01378539 0.0096656606 8.7499932e-28
0.073529412               -0.014177378 0.0067730638 -3.0465474e-22
0.080882353               -0.014433379 0.0042582264 1.4994953e-27
0.088235294               -0.014095497 0.0015725684 2.3343e-27
0.095588235               -0.013378869 -0.00079523878 -2.1206919e-21
0.10294118               -0.012250413 -0.0026177134 1.7612377e-27
0.11029412               -0.010882815 -0.0042033415 -1.5259691e-21
0.11764706               -0.0092035292 -0.0059784753 3.1682758e-28
0.125               -0.0074557133 -0.0073923096 -3.90568e-21
0.13235294               -0.0055641889 -0.0086935658 -3.940859e-21
0.13970588               -0.0034406088 -0.0097596869 -2.5739151e-21
0.14705882               -0.00085294507 -0.010395645 6.6549552e-28
0.15441176               0.0014071768 -0.010865554 1.3439794e-21
0.16176471               0.0037518403 -0.010666201 -8.8854424e-28
0.16911765               0.0062333858 -0.010075422 9.0316719e-22
0.17647059               0.0082671523 -0.0092522719 1.9127952e-21
0.18382353               0.010170557 -0.0078749597 -2.7769183e-27
0.19117647               0.011574463 -0.006179413 1.7367465e-21
0.19852941               0.012040566 -0.0043061385 -1.6310233e-27
0.20588235               0.012370357 -0.0027346968 3.572254e-22
0.21323529               0.012189528 -0.0014677407 1.2560578e-21
0.22058824               0.011688042 -0.00085615816 2.0265438e-21
0.22794118               0.010819481 -0.00092931403 3.3609326e-27
0.23529412               0.010419768 -0.0013230166 4.6220584e-22
0.24264706               0.010592814 -0.0016940416 1.3085486e-27
0.25               0.010874545 -0.0022144562 -3.4174895e-27
0.25735294               0.011304874 -0.002806059 -4.4301024e-28
0.26470588               0.012100234 -0.003385971 -2.649245e-27
0.27205882               0.012882214 -0.0035700789 6.2723718e-22
0.27941176               0.014056863 -0.0034570869 1.213636e-21
0.28676471               0.014796344 -0.0036063456 7.7221577e-22
0.29411765               0.015777303 -0.0035613685 3.0060456e-21
0.30147059               0.01669134 -0.0034069592 4.4361521e-22
0.30882353               0.017886421 -0.0032003589 2.7738305e-21
0.31617647               0.018651626 -0.0029997844 9.1855292e-22
0.32352941               0.019886551 -0.0027024739 -1.1698729e-28
0.33088235               0.02076737 -0.0022408872 3.0765616e-21
0.33823529               0.021843264 -0.0014612442 3.8453866e-22
0.34558824               0.022666902 -0.00044277908 5.8648864e-21
0.35294118               0.023364566 0.00063011388 7.0761113e-21
0.36029412               0.023814252 0.0018181979 3.4152547e-21
0.36764706               0.023503914 0.0030920903 7.5762924e-21
0.375               0.023258381 0.0039869098 2.1025816e-22
0.38235294               0.022608365 0.0044541454 -2.7211392e-21
0.38970588               0.021975498 0.0044593035 4.3499387e-22
0.39705882               0.021496724 0.0038177113 5.703908e-28
0.40441176               0.021053201 0.0032132036 2.0236451e-21
0.41176471               0.021305398 0.002556037 2.1962402e-27
0.41911765               0.021948738 0.0019153353 2.3935489e-28
0.42647059               0.022390908 0.0010329568 3.3686576e-21
0.43382353               0.023160359 0.00042919822 8.065916e-28
0.44117647               0.023810364 -0.00014373516 4.0489841e-21
0.44852941               0.02463571 -0.00032938195 1.8273196e-21
0.45588235               0.02564363 -0.00054153034 3.9654395e-28
0.46323529               0.026398952 -0.00074151371 1.4876267e-21
0.47058824               0.027374571 -0.00087816542 4.4172023e-21
0.47794118               0.028150523 -0.0010175719 1.6067632e-21
0.48529412               0.028984147 -0.0010013602 4.1632269e-21
0.49264706               0.030112104 -0.00079360501 2.3016749e-21
0.5               0.031318767 -0.00054719104 3.0917986e-21
0.50735294               0.032324925 -0.00011396163 3.5712277e-21
0.51470588               0.032987311 0.00054798044 4.539114e-21
0.52205882               0.033416204 0.0013777356 2.4913349e-27
0.52941176               0.033808555 0.0021205306 -8.8727035e-28
0.53676471               0.033722133 0.0030407053 4.5105444e-21
0.54411765               0.033417181 0.00359463 4.2468445e-22
0.55147059               0.032940016 0.003655581 4.5647398e-27
0.55882353               0.032407227 0.0036597788 3.5596731e-21
0.56617647               0.031688184 0.0026912338 -5.011042e-28
0.57352941               0.032060442 0.0020088915 4.4737186e-21
0.58088235               0.031829826 0.0012064521 2.7005874e-21
0.58823529               0.032666112 0.00049424343 4.5489452e-21
0.59558824               0.033306695 -0.00021160852 2.1344381e-27
0.60294118               0.033879674 -0.00070473343 1.9694324e-21
0.61029412               0.034657388 -0.00094406765 3.2449645e-21
0.61764706               0.035549104 -0.00124882 -2.583063e-21
0.625               0.036501663 -0.0012816307 5.1107655e-21
0.63235294               0.03722259 -0.0014448246 3.0612157e-22
0.63970588               0.03794564 -0.0016540998 4.5343175e-21
0.64705882               0.038952972 -0.0016039082 4.0239442e-21
0.65441176               0.039770785 -0.0015074002 5.8879834e-28
0.66176471               0.040524147 -0.001179853 3.8205857e-21
0.66911765               0.041316587 -0.00076598724 1.7630386e-21
0.67647059               0.042074618 -0.0004663629 5.1950337e-21
0.68382353               0.042646008 0.00023087438 6.9192424e-21
0.69117647               0.043019854 0.0011850728 3.0089439e-21
0.69852941               0.042861974 0.0019288994 -1.971828e-21
0.70588235               0.04288651 0.0027165215 3.0294782e-21
0.71323529               0.042299988 0.0032603886 5.8151802e-22
0.72058824               0.041690532 0.0032823106 1.8466027e-21
0.72794118               0.040712684 0.002737818 7.5729189e-22
0.73529412               0.040519214 0.0021810624 3.4905268e-27
0.74264706               0.040438255 0.0014478682 7.5083659e-28
0.75               0.040723027 0.00095111649 1.78259e-21
0.75735294               0.041314249 0.00021802342 2.6840968e-21
0.76470588               0.041732736 -0.00055417845 -3.5531579e-21
0.77205882               0.042408557 -0.00067513937 2.4592368e-22
0.77941176               0.043160209 -0.00098125195 3.5332401e-21
0.78676471               0.04380529 -0.0011467645 -9.6935542e-22
0.79411765               0.044638441 -0.0013436937 2.5258539e-21
0.80147059               0.045231495 -0.0013222752 6.3784898e-21
0.80882353               0.04608147 -0.0013518759 2.6681135e-21
0.81617647               0.046628407 -0.0012423548 1.8768285e-21
0.82352941               0.047343266 -0.0011650259 5.5297403e-21
0.83088235               0.04802544 -0.00092291948 2.8523606e-21
0.83823529               0.048722191 -0.00041398828 1.7127005e-21
0.84558824               0.049304701 6.219069e-05 4.245166e-21
0.85294118               0.049677809 0.00086384098 5.9465853e-21
0.86029412               0.049965728 0.001589831 2.1884353e-21
0.86764706               0.049557651 0.0025397433 3.0113352e-22
0.875               0.049206976 0.0030849245 1.2688232e-21
0.88235294               0.048761883 0.0035125749 -4.0877545e-21
0.88970588               0.047952833 0.0033339888 4.8208684e-21
0.89705882               0.047501182 0.0027088704 -2.203576e-22
0.90441176               0.046829255 0.0021825602 -2.2035952e-27
0.91176471               0.047191701 0.0016002971 5.5953832e-28
0.91911765               0.047697841 0.00095907454 3.0155922e-27
0.92647059               0.047822006 0.00017987562 3.1183919e-21
0.93382353               0.04853101 -0.00027874992 9.4502773e-28
0.94117647               0.049027146 -0.00055119618 1.745482e-21
0.94852941               0.049654089 -0.00082553829 1.4747205e-21
0.95588235               0.050319891 -0.0010072219 -4.3217696e-21
0.96323529               0.050773025 -0.0011883369 7.1035653e-29
0.97058824               0.051560991 -0.0012269093 -1.5605227e-27
0.97794118               0.05217037 -0.0011804105 1.285542e-28
0.98529412               0.052705751 -0.0011027921 9.103003e-21
0.99264706               0.053367591 -0.00085911746 3.4530628e-21
1.0               0.054326882 -0.00046123292 4.1970469e-21
1.0073529               0.055009602 -8.5464959e-05 2.937934e-21
1.0147059               0.05516584 0.0006424195 1.1772528e-21
1.0220588               0.055359537 0.0014862963 3.695421e-21
1.0294118               0.055533803 0.0019761316 -9.7686234e-23
1.0367647               0.055371295 0.0028404673 5.2392591e-21
1.0441176               0.054773646 0.0033378022 1.3435061e-21
1.0514706               0.053876941 0.0033978203 3.4601543e-21
1.0588235               0.053431138 0.0034380293 3.6936531e-21
1.0661765               0.052564194 0.0026526467 1.4368152e-21
1.0735294               0.05258846 0.0020435592 7.0559176e-22
1.0808824               0.052360406 0.0013965363 -5.8409315e-21
1.0882353               0.052787602 0.0007281461 1.5130201e-27
1.0955882               0.053259562 8.9235154e-05 5.4191432e-21
1.1029412               0.053794843 -0.00031150401 4.2032912e-21
1.1102941               0.054308158 -0.00047324523 1.8395052e-21
1.1176471               0.055052257 -0.0007823479 2.5870745e-21
1.125               0.055784778 -0.00071455452 5.5888387e-22
1.1323529               0.056314252 -0.00091380627 5.1818081e-21
1.1397059               0.05690026 -0.0010205814 2.9465634e-21
1.1470588               0.057628803 -0.00096722913 1.6594135e-22
1.1544118               0.058144293 -0.0009333948 2.6536585e-21
1.1617647               0.058777576 -0.00063545644 1.6581074e-21
1.1691176               0.059558824 -0.00022223414 4.0005778e-23
1.1764706               0.059709659 0.00011059481 2.8178096e-21
1.1838235               0.060275809 0.00072516431 3.5309041e-21
1.1911765               0.060362381 0.0016625968 4.7749176e-21
1.1985294               0.060009074 0.0023977844 3.7103456e-27
1.2058824               0.059582317 0.0030667511 5.173473e-21
1.2132353               0.058892038 0.0035713679 4.1681465e-21
1.2205882               0.058388252 0.0034004046 3.7034597e-21
1.2279412               0.057413368 0.0029718901 -2.6925364e-27
1.2352941               0.056919325 0.0023861267 9.7443969e-22
1.2426471               0.057059142 0.0018851493 1.5238426e-27
1.25               0.057095937 0.0011452498 2.0345195e-27
1.2573529               0.057432977 0.00050473816 2.1341384e-21
1.2647059               0.057841215 -0.00010077915 5.7243523e-22
1.2720588               0.058507856 -0.00027752054 3.5492426e-21
1.2794118               0.059248148 -0.00046735339 2.0579135e-27
1.2867647               0.059650672 -0.00070442861 6.0259857e-21
1.2941176               0.060203994 -0.00091068622 2.5847263e-21
1.3014706               0.060774291 -0.00082147684 4.1087454e-21
1.3088235               0.061512862 -0.00084533671 3.2049622e-27
1.3161765               0.061947178 -0.00077377425 3.385316e-21
1.3235294               0.062667191 -0.00060324495 5.5967905e-21
1.3308824               0.063024487 -0.00046004157 -6.0464907e-27
1.3382353               0.063641785 -4.9466672e-05 2.7945628e-21
1.3455882               0.064068207 0.00052729923 9.492444e-21
1.3529412               0.064387686 0.0011115367 1.4281662e-27
1.3602941               0.064553791 0.0018700616 1.4426965e-21
1.3676471               0.063865717 0.002712018 4.5427264e-27
1.375               0.063534421 0.003161324 4.9996426e-21
1.3823529               0.062616742 0.0034506679 3.3343596e-22
1.3897059               0.062100372 0.0034500901 2.6833863e-21
1.3970588               0.061513427 0.0028415284 2.1980145e-21
1.4044118               0.06089501 0.0023465215 -8.8683926e-23
1.4117647               0.061051936 0.0017532912 -4.0323037e-27
1.4191176               0.061374219 0.001155035 4.6221375e-21
1.4264706               0.061606403 0.00050213149 4.7734885e-21
1.4338235               0.062191211 4.0658296e-05 -2.140158e-27
1.4411765               0.062656095 -0.00028352699 1.9738274e-27
1.4485294               0.063020299 -0.00058017522 3.7281063e-21
1.4558824               0.063619902 -0.00073794748 9.4441069e-28
1.4632353               0.06409939 -0.00088106819 3.5651682e-21
1.4705882               0.064751817 -0.00083478916 4.486172e-21
1.4779412               0.065151681 -0.0010003899 1.0081827e-21
1.4852941               0.065498086 -0.00080852185 7.4490571e-21
1.4926471               0.066144563 -0.00065025433 2.2330196e-21
1.5               0.066880879 -0.00032325374 1.1467627e-21
1.5073529               0.067464156 9.8885794e-05 4.1969592e-21
1.5147059               0.067682755 0.0005620098 1.298462e-27
1.5220588               0.067677467 0.0013731818 -4.9497893e-22
1.5294118               0.067616449 0.0019210332 3.9609074e-21
1.5367647               0.067270073 0.0026670502 -1.0460898e-27
1.5441176               0.066772464 0.0031730313 3.85693e-21
1.5514706               0.066073996 0.0033253991 2.3395028e-21
1.5588235               0.065096311 0.0032108421 3.1873066e-27
1.5661765               0.064266502 0.0024197572 -1.493429e-21
1.5735294               0.064165694 0.0018194655 -5.9889767e-28
1.5808824               0.063948864 0.0013096164 3.6986567e-28
1.5882353               0.064614997 0.00075542781 3.1410322e-21
1.5955882               0.064935105 0.00012656654 -8.4770639e-22
1.6029412               0.065307041 -0.00027003365 5.5784064e-21
1.6102941               0.065714936 -0.0004664498 1.3038456e-27
1.6176471               0.066463662 -0.00066954185 5.4653736e-21
1.625               0.067007114 -0.00084210695 2.7508043e-28
1.6323529               0.067613857 -0.00087276397 1.2535835e-21
1.6397059               0.068175735 -0.00094744772 4.8040593e-24
1.6470588               0.068687498 -0.00093132384 1.5887427e-21
1.6544118               0.069139592 -0.0009245034 4.0465043e-21
1.6617647               0.069630221 -0.00052851837 4.5247195e-21
1.6691176               0.070235767 -0.00015983477 -2.8973912e-27
1.6764706               0.07039909 0.00010819436 -4.9713636e-29
1.6838235               0.070771863 0.00057368601 3.552466e-21
1.6911765               0.070743361 0.0015393046 2.3079614e-21
1.6985294               0.07043222 0.0022422252 -3.4825232e-27
1.7058824               0.070068349 0.0028272453 2.6334188e-21
1.7132353               0.069129548 0.0032664779 -3.4113598e-27
1.7205882               0.068526866 0.0031774833 1.444108e-21
1.7279412               0.067404519 0.002715147 -3.3180888e-27
1.7352941               0.067392433 0.0022605118 4.5847792e-21
1.7426471               0.067222211 0.0016722093 4.6332365e-28
1.75               0.067070229 0.0010824433 3.636868e-22
1.7573529               0.067604344 0.00053585631 1.5421649e-21
1.7647059               0.067833439 -6.4060504e-05 1.767724e-21
1.7720588               0.068248329 -0.00032999071 1.6108416e-21
1.7794118               0.069004276 -0.00048140103 -4.7433863e-28
1.7867647               0.069414728 -0.00068182875 8.2491973e-28
1.7941176               0.069909843 -0.00079214125 -2.9108028e-27
1.8014706               0.070458422 -0.0007677015 -3.5371807e-21
1.8088235               0.071068498 -0.00077219216 3.3009991e-21
1.8161765               0.07136602 -0.00077801305 5.5532668e-21
1.8235294               0.071992298 -0.00079702851 4.576832e-21
1.8308824               0.072342659 -0.00049705789 3.6335078e-21
1.8382353               0.072797538 -5.7549578e-05 -1.9445768e-21
1.8455882               0.073170632 0.00044459661 2.1181914e-21
1.8529412               0.073389184 0.00094162657 8.4047607e-22
1.8602941               0.07333687 0.0017881063 -1.7235025e-27
1.8676471               0.072836461 0.0024968014 1.4168383e-21
1.875               0.07241867 0.0030937623 3.9575347e-21
1.8823529               0.071667014 0.003292631 9.0255142e-23
1.8897059               0.070961241 0.0032006518 6.9812723e-28
1.8970588               0.070199181 0.0026314358 -1.7850576e-27
1.9044118               0.069588158 0.0021461483 -1.571568e-27
1.9117647               0.069791981 0.0016516652 1.5466387e-27
1.9191176               0.07006438 0.0010580142 -2.212762e-27
1.9264706               0.070255306 0.00032373141 -2.5062003e-27
1.9338235               0.070702736 -8.4061331e-05 1.3199849e-28
1.9411765               0.071109799 -0.00031000868 -2.1293545e-27
1.9485294               0.071463755 -0.00060913819 -3.4435345e-29
1.9558824               0.072053257 -0.00082072077 -3.4242649e-27
1.9632353               0.072458157 -0.0008637364 2.5291986e-21
1.9705882               0.072927733 -0.00095203171 2.4190172e-21
1.9779412               0.07336086 -0.00093912645 1.8467149e-21
1.9852941               0.073708224 -0.00081963068 2.6380202e-21
1.9926471               0.074236316 -0.00061843884 5.5734891e-21
