t               Ux1 Uy1 Uz1
0.0073529412               0.0072268452 0.010203517 2.0915356e-20
0.014705882               0.0063615439 0.012705507 2.4379456e-20
0.022058824               0.004178174 0.014771252 -3.1459261e-20
0.029411765               0.0017280373 0.016185707 -1.8139567e-20
0.036764706               -0.0017606718 0.016937063 -1.1289351e-19
0.044117647               -0.0049570448 0.016614458 4.855918e-20
0.051470588               -0.008812019 0.015365667 4.9304356e-21
0.058823529               -0.011219505 0.013853478 1.0584796e-20
0.066176471               -0.01324657 0.011593887 -4.0359483e-20
0.073529412               -0.015009506 0.0090224102 2.4037921e-20
0.080882353               -0.015338329 0.0066554217 -5.1798367e-20
0.088235294               -0.01533963 0.0040331588 1.4917019e-19
0.095588235               -0.015086491 0.0015999375 4.5374805e-20
0.10294118               -0.014562652 -0.00038635509 -4.5347912e-20
0.11029412               -0.01390628 -0.0025504401 3.7880445e-21
0.11764706               -0.01285808 -0.0045177385 -3.8624447e-21
0.125               -0.011421432 -0.0063729873 7.8771287e-20
0.13235294               -0.0097780069 -0.0082243107 -5.403027e-20
0.13970588               -0.0077173899 -0.0097886155 -8.8677724e-20
0.14705882               -0.0053546685 -0.010894977 -1.0301592e-20
0.15441176               -0.00284377 -0.01180674 1.3374238e-19
0.16176471               -0.00043323975 -0.012263084 1.9882506e-20
0.16911765               0.0023759796 -0.012167969 -8.4069298e-20
0.17647059               0.0045891663 -0.011460963 4.0762986e-21
0.18382353               0.0066286924 -0.010185947 5.561873e-20
0.19117647               0.0084320704 -0.0089186129 -1.2633598e-20
0.19852941               0.0095175313 -0.0070321837 4.0355084e-20
0.20588235               0.010264349 -0.0053375632 -1.2065022e-20
0.21323529               0.010264551 -0.0037280496 5.0528735e-20
0.22058824               0.0094079174 -0.0024192926 4.0961592e-20
0.22794118               0.0087311637 -0.0018642349 -5.8247213e-20
0.23529412               0.0081172368 -0.0017003545 -7.0095718e-20
0.24264706               0.0078603088 -0.0020079898 5.2616777e-20
0.25               0.007635819 -0.002737037 -1.7176552e-20
0.25735294               0.007962033 -0.0032047993 5.42799e-20
0.26470588               0.0084870681 -0.0035759552 3.7940227e-20
0.27205882               0.0094645196 -0.0036936809 -7.6381708e-21
0.27941176               0.010035814 -0.0038693099 1.3605604e-19
0.28676471               0.010965617 -0.0040217084 -1.0236353e-19
0.29411765               0.011773208 -0.0039088263 -4.5538856e-20
0.30147059               0.012755308 -0.003832929 -1.5623345e-21
0.30882353               0.013510244 -0.0037161 -8.3800169e-20
0.31617647               0.014423283 -0.0033850488 4.3212116e-20
0.32352941               0.015428159 -0.0030559285 -4.4436999e-20
0.33088235               0.016473847 -0.0025483019 5.5799871e-20
0.33823529               0.017382284 -0.0018922378 2.9423495e-20
0.34558824               0.018198663 -0.0010565616 -1.0016855e-19
0.35294118               0.018840902 0.00017258532 9.7034581e-20
0.36029412               0.019723827 0.0011151144 1.7217945e-20
0.36764706               0.019515259 0.0024259714 4.137177e-20
0.375               0.018990158 0.0033827019 -9.1278742e-20
0.38235294               0.018280399 0.0040045295 1.3861762e-20
0.38970588               0.017615184 0.0044850423 -4.5933683e-20
0.39705882               0.017136117 0.0043628321 7.6464645e-21
0.40441176               0.01624272 0.0037803658 -1.3301205e-19
0.41176471               0.01656797 0.003165967 -8.0907592e-21
0.41911765               0.016694301 0.0022093078 4.4988959e-20
0.42647059               0.017118278 0.001563615 4.9665289e-20
0.43382353               0.017845322 0.0011885684 1.240412e-19
0.44117647               0.018568864 0.00058439312 -2.229713e-20
0.44852941               0.019216925 0.00018848423 -8.6973366e-20
0.45588235               0.019805502 8.2372544e-05 -5.3873165e-20
0.46323529               0.020537087 -0.00012055516 -2.5828302e-20
0.47058824               0.021551977 -0.00026759264 -7.6786551e-20
0.47794118               0.022230965 -0.00048835004 -1.1266221e-19
0.48529412               0.023083962 -0.00057228562 -3.2143422e-20
0.49264706               0.02405244 -0.00052403545 -8.4106961e-21
0.5               0.024965479 -0.00027767949 2.5649973e-21
0.50735294               0.025872643 -6.046911e-05 9.5685832e-20
0.51470588               0.026685662 0.0004897155 7.2941219e-21
0.52205882               0.027398014 0.0011444214 1.0288059e-20
0.52941176               0.027870677 0.0018690037 -9.5425697e-20
0.53676471               0.027857954 0.0025787252 4.4679409e-20
0.54411765               0.027827593 0.0030840179 3.2717116e-20
0.55147059               0.027295204 0.0033514259 1.2047288e-20
0.55882353               0.026845214 0.0034400371 -2.3787283e-20
0.56617647               0.026534006 0.0029786997 -2.4907702e-21
0.57352941               0.025968615 0.0023093663 -3.8381291e-20
0.58088235               0.026228542 0.0016526174 -3.2667126e-21
0.58823529               0.026789488 0.00085390577 1.4510798e-19
0.59558824               0.027339366 0.00010826898 3.5341532e-20
0.60294118               0.027872974 -0.00035509307 -1.1681103e-21
0.61029412               0.028508914 -0.00089824967 4.882345e-21
0.61764706               0.029250442 -0.0011780699 1.0737475e-20
0.625               0.030024899 -0.0014473973 5.472209e-20
0.63235294               0.030646173 -0.0017253797 -9.7386171e-21
0.63970588               0.031465069 -0.0018153365 7.1320772e-20
0.64705882               0.032304856 -0.0018811358 -4.9489358e-21
0.65441176               0.033125848 -0.0019633561 -1.583524e-20
0.66176471               0.033971582 -0.0019128827 1.7678005e-20
0.66911765               0.034871863 -0.0017151506 3.4879252e-20
0.67647059               0.035600779 -0.0013071029 3.8906859e-20
0.68382353               0.036073668 -0.00069963542 -2.0478851e-20
0.69117647               0.036606512 2.168654e-06 -2.75293e-20
0.69852941               0.037010677 0.0007292134 2.2808787e-20
0.70588235               0.036930989 0.0014834387 2.5719984e-20
0.71323529               0.036822484 0.0018330317 -1.6856321e-20
0.72058824               0.035710556 0.0022896485 -4.3770486e-22
0.72794118               0.035448425 0.0021432314 2.8688916e-20
0.73529412               0.03495334 0.001709029 -1.5931556e-20
0.74264706               0.035022087 0.0011361526 4.3491416e-21
0.75               0.034954624 0.00031924027 1.060327e-20
0.75735294               0.035352801 -0.00020869517 -5.9682288e-20
0.76470588               0.035732297 -0.000731941 -2.6232653e-20
0.77205882               0.03649758 -0.0010490433 4.8770842e-20
0.77941176               0.036995757 -0.0013433482 2.1944834e-20
0.78676471               0.037579387 -0.0016525121 1.8125289e-20
0.79411765               0.038238219 -0.0017303158 -2.5042499e-20
0.80147059               0.038927637 -0.0017631997 7.7443737e-20
0.80882353               0.039533203 -0.0019645871 -3.5908766e-20
0.81617647               0.040176161 -0.0019200059 -7.825354e-20
0.82352941               0.040851892 -0.0018539413 2.2582142e-20
0.83088235               0.041559526 -0.0015877096 1.0813454e-19
0.83823529               0.042291025 -0.0013343662 -5.0088524e-20
0.84558824               0.042897838 -0.00084761818 -1.4143683e-20
0.85294118               0.043346486 -0.00013373819 6.9891819e-20
0.86029412               0.043873451 0.0004034139 -2.269067e-20
0.86764706               0.043805945 0.0011864082 -1.1473801e-19
0.875               0.04315901 0.0018588942 5.0263977e-21
0.88235294               0.042803135 0.0022267476 3.0609576e-20
0.88970588               0.042029637 0.0024827999 7.3325376e-21
0.89705882               0.041689511 0.0022358832 4.2683114e-21
0.90441176               0.041193363 0.0017879856 -4.0565954e-20
0.91176471               0.041324458 0.0012194096 3.127154e-20
0.91911765               0.041315003 0.00028642459 -1.0242977e-19
0.92647059               0.041798244 -0.00025288981 1.8700358e-20
0.93382353               0.042240816 -0.00067986802 -1.131314e-20
0.94117647               0.04283112 -0.0011338863 -6.2877307e-20
0.94852941               0.043203276 -0.0014185981 -1.112141e-19
0.95588235               0.043673777 -0.0015633974 -2.4332005e-20
0.96323529               0.044288313 -0.0017060277 9.8427724e-21
0.97058824               0.045131418 -0.0017101152 -2.6992991e-20
0.97794118               0.045577442 -0.0018185289 -1.3083621e-20
0.98529412               0.046243812 -0.0017870606 2.8556691e-20
0.99264706               0.04678108 -0.001658637 7.006988e-20
1.0               0.047464534 -0.0013966709 8.1227156e-21
1.0073529               0.048020687 -0.001108168 1.4177129e-21
1.0147059               0.048561832 -0.00057664759 -3.4733807e-20
1.0220588               0.048918674 6.8973481e-05 2.4610461e-20
1.0294118               0.049226591 0.00077278687 -3.440607e-21
1.0367647               0.048895845 0.001397921 -9.0488999e-20
1.0441176               0.048647008 0.001930584 2.8639375e-20
1.0514706               0.047885308 0.0022218635 -1.4229147e-21
1.0588235               0.047531516 0.0023202681 -1.1318291e-20
1.0661765               0.047035051 0.0019980529 -3.2264848e-20
1.0735294               0.046497021 0.0014861375 4.1595368e-20
1.0808824               0.046580166 0.00092520564 -4.515914e-20
1.0882353               0.046838948 0.00023935211 1.2848917e-19
1.0955882               0.047360452 -0.00030426566 3.0944085e-20
1.1029412               0.047738576 -0.0006566719 -3.8461573e-20
1.1102941               0.048110494 -0.0010752581 -3.1692814e-21
1.1176471               0.048606379 -0.0012965921 -1.7014333e-20
1.125               0.049219632 -0.0013923475 3.2449369e-20
1.1323529               0.049605617 -0.0015670445 -7.4826979e-20
1.1397059               0.050185048 -0.0016868802 -8.5018754e-20
1.1470588               0.050861881 -0.0016175376 -7.240984e-21
1.1544118               0.051424174 -0.001599729 9.0041799e-20
1.1617647               0.05196759 -0.0015004278 2.6185963e-21
1.1691176               0.052793174 -0.0012618375 -4.3048457e-20
1.1764706               0.053114458 -0.00079625879 4.372329e-21
1.1838235               0.053447503 -0.00022284914 5.6399819e-20
1.1911765               0.053755563 0.00032211806 1.8303955e-20
1.1985294               0.053698675 0.0010501102 2.2114776e-20
1.2058824               0.053650577 0.0016638804 1.5278461e-20
1.2132353               0.053282327 0.0020739444 -3.2706493e-21
1.2205882               0.052316406 0.0023614543 3.7558831e-20
1.2279412               0.051748256 0.0021987257 -4.2594859e-20
1.2352941               0.051263756 0.0018561388 -8.309647e-20
1.2426471               0.051075334 0.0012153203 6.9326626e-20
1.25               0.050889482 0.00041173133 -3.2887686e-20
1.2573529               0.05117081 -0.00015529872 1.1292108e-20
1.2647059               0.051518527 -0.00065094909 2.5919351e-20
1.2720588               0.052277788 -0.00089263546 1.2666684e-20
1.2794118               0.052583874 -0.0012403022 8.5456015e-20
1.2867647               0.053177406 -0.0015271498 -8.9363556e-20
1.2941176               0.053686162 -0.0015977946 -6.8650319e-20
1.3014706               0.054306507 -0.0016488003 -4.0417459e-20
1.3088235               0.054691101 -0.0017558712 -9.2678072e-20
1.3161765               0.055197831 -0.0016546936 5.3322396e-20
1.3235294               0.055764547 -0.0016030039 -7.0862898e-20
1.3308824               0.056376435 -0.0013944605 5.1619735e-20
1.3382353               0.056901533 -0.0011037192 1.7912831e-20
1.3455882               0.057315351 -0.00072506054 -1.3919146e-19
1.3529412               0.057611872 1.2319845e-06 9.5953106e-20
1.3602941               0.058178667 0.00042681837 1.7560187e-20
1.3676471               0.057872251 0.0012182955 1.5182587e-20
1.375               0.057264404 0.0017536025 -6.3831019e-20
1.3823529               0.05666086 0.0020563342 2.8305043e-22
1.3897059               0.056076893 0.0022350835 -3.7382974e-20
1.3970588               0.055629702 0.0020019403 -2.3085943e-20
1.4044118               0.054838641 0.0014693089 -9.1650621e-20
1.4117647               0.054948562 0.00087322116 -3.2393131e-20
1.4191176               0.055060619 0.00015388868 5.740042e-20
1.4264706               0.055387452 -0.000407061 1.6356163e-20
1.4338235               0.055828239 -0.00075586152 1.522668e-19
1.4411765               0.056270142 -0.001234474 -1.7975452e-20
1.4485294               0.056712367 -0.001502573 -9.7187275e-20
1.4558824               0.057008995 -0.0015365672 -2.6955648e-20
1.4632353               0.057500987 -0.001630709 -4.0995829e-20
1.4705882               0.058178414 -0.0016647393 -6.5348314e-20
1.4779412               0.058570884 -0.0017618021 -1.0078636e-19
1.4852941               0.05903893 -0.0017205119 -5.6379553e-20
1.4926471               0.059597953 -0.0015702198 2.8419206e-20
1.5               0.060132927 -0.0012833855 -3.8310556e-21
1.5073529               0.060585935 -0.0010060938 4.5531335e-20
1.5147059               0.060960626 -0.0004831658 -7.0449451e-21
1.5220588               0.061247026 0.00013437479 -3.9435429e-20
1.5294118               0.061389044 0.00075312221 -8.9131634e-20
1.5367647               0.061012659 0.0013708761 4.3603242e-20
1.5441176               0.060710695 0.0018178779 1.9118212e-20
1.5514706               0.059964811 0.0020846601 4.5377028e-20
1.5588235               0.059206367 0.0021751588 2.5386884e-20
1.5661765               0.058811906 0.0017752821 -1.2781828e-20
1.5735294               0.058319055 0.0012212171 -2.1005481e-20
1.5808824               0.058367004 0.00074436688 -4.5451621e-20
1.5882353               0.058640359 0.00017743379 1.5606015e-19
1.5955882               0.059084645 -0.00032156278 -2.1960816e-20
1.6029412               0.059287273 -0.00066329325 -4.614129e-20
1.6102941               0.059644134 -0.0010451383 4.5869757e-21
1.6176471               0.060105014 -0.001189601 -7.1416015e-22
1.625               0.060627845 -0.0013660001 4.2077984e-20
1.6323529               0.060911803 -0.0015046674 3.4634157e-20
1.6397059               0.061444529 -0.0014854413 5.9859958e-20
1.6470588               0.061921256 -0.0014822188 -2.4114499e-20
1.6544118               0.062464874 -0.0014677692 -3.2036322e-20
1.6617647               0.062993786 -0.0013724693 1.4283527e-20
1.6691176               0.063521369 -0.0011568804 2.5961848e-20
1.6764706               0.063900953 -0.00077495441 1.8083169e-20
1.6838235               0.064024486 -0.00024455095 -1.2245821e-20
1.6911765               0.064225802 0.00038452191 8.7122913e-21
1.6985294               0.064323455 0.00096788634 1.5969607e-20
1.7058824               0.064048215 0.0015950498 4.5611182e-20
1.7132353               0.063643529 0.0018575679 1.2537588e-20
1.7205882               0.062521956 0.0021903521 -2.1452766e-20
1.7279412               0.062106768 0.0019924754 2.6099433e-20
1.7352941               0.061516946 0.0015934408 -2.9770831e-20
1.7426471               0.06140555 0.0010342695 -4.8277542e-20
1.75               0.061272732 0.00039761958 1.6468426e-20
1.7573529               0.061530527 -0.00012919057 -5.0223266e-20
1.7647059               0.061770125 -0.0006096765 -3.1453937e-20
1.7720588               0.062336514 -0.00087394007 9.5386419e-20
1.7794118               0.062660169 -0.001131231 2.8318862e-20
1.7867647               0.063120834 -0.001396179 -9.6245423e-21
1.7941176               0.063541591 -0.0014401882 -1.2851053e-21
1.8014706               0.064054618 -0.0014427916 7.5634197e-20
1.8088235               0.064470855 -0.0016272874 -5.2839251e-20
1.8161765               0.064933846 -0.0015736811 -6.9090434e-20
1.8235294               0.065332849 -0.0015044066 1.6039237e-20
1.8308824               0.065838713 -0.0012617213 1.0432244e-19
1.8382353               0.066363569 -0.0010443099 -5.3786372e-20
1.8455882               0.066672007 -0.00062337943 -9.1383105e-21
1.8529412               0.066915359 -3.1084439e-05 5.0120591e-20
1.8602941               0.067245744 0.00041339441 -4.3108804e-21
1.8676471               0.067007034 0.001083497 -1.09187e-19
1.875               0.066192471 0.0016728078 2.8503108e-20
1.8823529               0.0657838 0.001953769 2.7344638e-20
1.8897059               0.064941661 0.0021420955 4.8865969e-21
1.8970588               0.064474816 0.0018602162 -2.4177065e-21
1.9044118               0.063950432 0.0014689237 -5.0920071e-20
1.9117647               0.064181848 0.00094336448 -1.8116949e-20
1.9191176               0.064086602 0.00015478422 -7.0357709e-20
1.9264706               0.064515692 -0.00025514855 -1.8164878e-21
1.9338235               0.064718702 -0.00066615532 -4.6401139e-20
1.9411765               0.06516232 -0.0010282821 -5.4281499e-20
1.9485294               0.065371147 -0.0012931832 -1.1045048e-19
1.9558824               0.06570239 -0.0014099146 -2.6196378e-20
1.9632353               0.066161907 -0.0015236672 1.7810702e-20
1.9705882               0.066783712 -0.0015532255 -4.8198186e-20
1.9779412               0.067100602 -0.0016541791 -7.3378213e-20
1.9852941               0.06757007 -0.0015745328 1.8457518e-20
1.9926471               0.067978631 -0.0014635826 7.6258555e-20
