t               Ux1 Uy1 Uz1
0.0073529412               0.0087318479 0.011223654 1.5267647e-20
0.014705882               0.0081851271 0.014355914 6.9878759e-22
0.022058824               0.0060058823 0.0171963 -1.3007718e-20
0.029411765               0.0036141221 0.019248745 -1.0944291e-20
0.036764706               -8.4073102e-05 0.020557199 -1.1247303e-19
0.044117647               -0.0033790093 0.02053502 4.4433074e-20
0.051470588               -0.0069452813 0.019207218 7.2620293e-21
0.058823529               -0.0087856346 0.017212206 7.9361536e-21
0.066176471               -0.0093026785 0.013882975 -4.1098907e-20
0.073529412               -0.008794349 0.010090854 1.952288e-20
0.080882353               -0.0062155718 0.0064916174 -4.4962959e-20
0.088235294               -0.0029043921 0.0028866559 1.259365e-19
0.095588235               0.00066649856 -8.0299142e-05 3.8627055e-20
0.10294118               0.004264446 -0.0021485922 -4.2367562e-20
0.11029412               0.007672084 -0.00399964 -9.5091241e-21
0.11764706               0.010936348 -0.0052751497 5.3225864e-21
0.125               0.014131247 -0.0060712736 7.2516075e-20
0.13235294               0.017009759 -0.0066293633 -4.9075669e-20
0.13970588               0.019929267 -0.0068522222 -7.7940283e-20
0.14705882               0.022659938 -0.0067016595 -1.7051008e-21
0.15441176               0.025207463 -0.0063725881 1.2042198e-19
0.16176471               0.027342521 -0.0057292754 2.3713201e-20
0.16911765               0.029614808 -0.0046995229 -8.2747103e-20
0.17647059               0.031089952 -0.0032786711 9.6834983e-21
0.18382353               0.032207539 -0.0014881212 4.8482941e-20
0.19117647               0.033002523 0.00020580869 -8.0890705e-21
0.19852941               0.033000521 0.0020989707 2.7016939e-20
0.20588235               0.032678965 0.0035495882 -1.2506127e-20
0.21323529               0.031873864 0.0044735691 4.0713847e-20
0.22058824               0.03039908 0.0047152166 3.3835068e-20
0.22794118               0.029685155 0.0041230909 -5.739878e-20
0.23529412               0.029503738 0.0028508504 -6.7192669e-20
0.24264706               0.030157833 0.0010750604 4.7355295e-20
0.25               0.03131123 -0.00097551286 -1.6732808e-20
0.25735294               0.033161679 -0.0025829357 4.0882023e-20
0.26470588               0.035132749 -0.0038182547 2.8406243e-20
0.27205882               0.03746404 -0.0045377146 -3.8547113e-21
0.27941176               0.039197553 -0.0051335031 1.2671484e-19
0.28676471               0.041129715 -0.0055036313 -9.5234863e-20
0.29411765               0.042777201 -0.0054372419 -4.1392836e-20
0.30147059               0.044444418 -0.0052855447 -5.0144756e-21
0.30882353               0.045776352 -0.0049835718 -7.6548994e-20
0.31617647               0.04708115 -0.0043980685 4.0964387e-20
0.32352941               0.04837606 -0.0037462434 -4.0055007e-20
0.33088235               0.049545856 -0.0028211055 5.4513107e-20
0.33823529               0.050414632 -0.0017350333 2.3463209e-20
0.34558824               0.051018648 -0.00044186038 -9.1658062e-20
0.35294118               0.051248879 0.001260731 9.1312258e-20
0.36029412               0.051576673 0.0025680889 7.6056936e-21
0.36764706               0.050652591 0.0041283499 3.8455852e-20
0.375               0.049378523 0.0051101831 -8.5373288e-20
0.38235294               0.048052595 0.0054195032 1.1390482e-20
0.38970588               0.046907353 0.0053648139 -4.2372607e-20
0.39705882               0.046412407 0.0044364119 3.2567838e-21
0.40441176               0.045850086 0.0028270139 -1.2651197e-19
0.41176471               0.046920741 0.0011454555 -9.6364447e-21
0.41911765               0.048157422 -0.00070813543 4.0075019e-20
0.42647059               0.04963851 -0.0021170651 4.199439e-20
0.43382353               0.051421739 -0.0029888777 1.1110187e-19
0.44117647               0.053106412 -0.0038270306 -2.2835032e-20
0.44852941               0.05450383 -0.0043013813 -8.1210523e-20
0.45588235               0.055728953 -0.0043031667 -4.5989772e-20
0.46323529               0.056959018 -0.0042292439 -2.2422519e-20
0.47058824               0.05835698 -0.0039836086 -6.5048908e-20
0.47794118               0.059281177 -0.0037376646 -9.8766955e-20
0.48529412               0.060238934 -0.0032488805 -3.050021e-20
0.49264706               0.061200935 -0.0025741932 -9.4331604e-21
0.5               0.061892661 -0.0015846508 3.4175406e-21
0.50735294               0.062450962 -0.00061832972 8.8864385e-20
0.51470588               0.06273367 0.00069721498 3.8736827e-21
0.52205882               0.062641399 0.0021417846 4.2093962e-21
0.52941176               0.062234275 0.0034742958 -8.6442907e-20
0.53676471               0.061136028 0.0046328539 3.6557551e-20
0.54411765               0.06002373 0.0052845945 3.0838807e-20
0.55147059               0.058593957 0.0053581922 1.1704974e-20
0.55882353               0.057521446 0.0049921695 -2.7449075e-20
0.56617647               0.057080973 0.003741672 -2.6522073e-21
0.57352941               0.056784662 0.0021609879 -3.6859599e-20
0.58088235               0.057740921 0.00065775186 -1.9787343e-21
0.58823529               0.059115266 -0.00087812553 1.3348238e-19
0.59558824               0.060536867 -0.0021095147 2.8693795e-20
0.60294118               0.061792828 -0.0028835963 -2.0226871e-21
0.61029412               0.063096947 -0.0035509848 7.6300522e-21
0.61764706               0.064346445 -0.0037912897 8.2434426e-21
0.625               0.065505548 -0.0038695187 5.0409687e-20
0.63235294               0.066397082 -0.003819722 -8.9382305e-21
0.63970588               0.067420256 -0.0034979649 6.8543322e-20
0.64705882               0.068308094 -0.0031256952 -5.9516721e-21
0.65441176               0.069099348 -0.0026529783 -1.4991384e-20
0.66176471               0.069761633 -0.0020191544 1.8068261e-20
0.66911765               0.070341285 -0.0011572034 2.866635e-20
0.67647059               0.070581661 -7.3439343e-05 3.6584797e-20
0.68382353               0.070409975 0.0012160109 -2.3924173e-20
0.69117647               0.070095198 0.0025823583 -2.7756455e-20
0.69852941               0.069538953 0.0037888601 1.785283e-20
0.70588235               0.068403362 0.0048346334 2.3218523e-20
0.71323529               0.067338319 0.0051269736 -1.5876342e-20
0.72058824               0.065383146 0.0052160575 -2.6725865e-21
0.72794118               0.064719219 0.0044453045 2.2419767e-20
0.73529412               0.06427697 0.0030889127 -1.5043665e-20
0.74264706               0.064801736 0.0015449487 5.6331474e-21
0.75               0.06541213 -0.00012909558 7.9945363e-21
0.75735294               0.066610594 -0.0014127118 -5.8836714e-20
0.76470588               0.067750374 -0.0024642514 -3.0598921e-20
0.77205882               0.069228419 -0.0030570155 3.7615572e-20
0.77941176               0.07029029 -0.0035097302 1.6994722e-20
0.78676471               0.071326161 -0.0038172321 1.4471182e-20
0.79411765               0.072308969 -0.003722761 -2.2238875e-20
0.80147059               0.073244275 -0.0035087874 7.0866174e-20
0.80882353               0.073995857 -0.0033814418 -3.3854146e-20
0.81617647               0.074665931 -0.0029366133 -7.3982523e-20
0.82352941               0.075285764 -0.0024157596 2.0295214e-20
0.83088235               0.075800139 -0.0015979555 9.9510987e-20
0.83823529               0.07620375 -0.00076376213 -4.804171e-20
0.84558824               0.076324772 0.00033437091 -1.6073062e-20
0.85294118               0.076091092 0.0017024772 6.522919e-20
0.86029412               0.075810127 0.0028023548 -2.5682717e-20
0.86764706               0.07477318 0.0039959852 -1.096483e-19
0.875               0.073125185 0.0048486892 3.8787216e-21
0.88235294               0.071950498 0.0050425401 2.7392297e-20
0.88970588               0.070473397 0.0048893082 1.4167943e-21
0.89705882               0.069917546 0.0039151559 2.7459467e-21
0.90441176               0.069611543 0.0025040439 -4.0150428e-20
0.91176471               0.070356175 0.0010142434 2.8617458e-20
0.91911765               0.0710829 -0.00074138362 -1.0011491e-19
0.92647059               0.07236816 -0.0018886405 1.6086901e-20
0.93382353               0.073529765 -0.0027424072 -1.4264464e-20
0.94117647               0.074745534 -0.0034177303 -6.1648197e-20
0.94852941               0.075582675 -0.0038061948 -1.0685571e-19
0.95588235               0.076421826 -0.0038928967 -1.9597765e-20
0.96323529               0.077311408 -0.003834552 8.4894149e-21
0.97058824               0.078350655 -0.0035496017 -2.6153733e-20
0.97794118               0.078879901 -0.0033220981 -1.085215e-20
0.98529412               0.079516212 -0.0028710788 2.57246e-20
0.99264706               0.079939137 -0.0022697814 6.4828449e-20
1.0               0.080347473 -0.0014287677 7.8955026e-21
1.0073529               0.080527189 -0.00056145599 -1.2205404e-21
1.0147059               0.080539569 0.00059446355 -3.5652431e-20
1.0220588               0.080132445 0.0018916893 2.117227e-20
1.0294118               0.07962212 0.0031074874 -3.3956759e-21
1.0367647               0.078312585 0.0040740359 -8.7939451e-20
1.0441176               0.077104038 0.0046782929 2.1714829e-20
1.0514706               0.075564998 0.0047211842 -1.3275754e-21
1.0588235               0.074679854 0.0043167146 -1.4677577e-20
1.0661765               0.074108955 0.003180818 -3.2383555e-20
1.0735294               0.073819251 0.0017272306 3.3818806e-20
1.0808824               0.07449408 0.00027824099 -4.4023489e-20
1.0882353               0.075495699 -0.0011749329 1.1409498e-19
1.0955882               0.076786524 -0.0022633121 2.4010223e-20
1.1029412               0.077805509 -0.0029654978 -3.983704e-20
1.1102941               0.078750558 -0.0035696241 -7.4619412e-21
1.1176471               0.079665356 -0.0038253644 -1.6633556e-20
1.125               0.080596745 -0.0038225231 2.6303462e-20
1.1323529               0.081198428 -0.0037670472 -7.3853183e-20
1.1397059               0.081947231 -0.0035720046 -8.1368415e-20
1.1470588               0.082649491 -0.0031502955 -8.2757477e-21
1.1544118               0.083166849 -0.0026826363 8.0154133e-20
1.1617647               0.083544769 -0.0020874418 2.0069477e-21
1.1691176               0.084070506 -0.0012522863 -4.511116e-20
1.1764706               0.08394279 -0.0001859253 -8.5624232e-22
1.1838235               0.08367177 0.0010208026 4.8779624e-20
1.1911765               0.083223829 0.0021946954 1.6499421e-20
1.1985294               0.082280415 0.0033865235 1.4513342e-20
1.2058824               0.081305118 0.0042596148 1.287928e-20
1.2132353               0.080111127 0.0045925837 -8.7042755e-21
1.2205882               0.078410602 0.004516177 3.0884873e-20
1.2279412               0.077543787 0.0037712936 -4.3694817e-20
1.2352941               0.077100737 0.0025637206 -7.9023345e-20
1.2426471               0.077274409 0.001001052 6.4491114e-20
1.25               0.077757106 -0.00063526507 -3.4023784e-20
1.2573529               0.078804092 -0.0018904645 2.9011902e-21
1.2647059               0.079873101 -0.0028484901 1.9961314e-20
1.2720588               0.081248497 -0.0033391081 1.2378435e-20
1.2794118               0.082030523 -0.0038092039 7.8212937e-20
1.2867647               0.082993554 -0.0040670161 -8.5518576e-20
1.2941176               0.083756113 -0.0039807051 -6.4700489e-20
1.3014706               0.084545027 -0.0037893329 -4.3848788e-20
1.3088235               0.085026289 -0.003571273 -8.7269059e-20
1.3161765               0.085510394 -0.0030856456 4.8117226e-20
1.3235294               0.085982674 -0.0025947966 -6.9504743e-20
1.3308824               0.086378431 -0.0018524501 4.8546221e-20
1.3382353               0.086566604 -0.00099674748 1.3659168e-20
1.3455882               0.086486792 -1.259753e-05 -1.3005221e-19
1.3529412               0.086125484 0.0013500637 9.0438257e-20
1.3602941               0.085929432 0.0023137807 5.9673233e-21
1.3676471               0.084699213 0.0035184403 1.1444444e-20
1.375               0.083168608 0.0042279789 -6.155726e-20
1.3823529               0.081808459 0.0043629268 -1.8066295e-21
1.3897059               0.080636526 0.0041369582 -3.4352881e-20
1.3970588               0.080011098 0.0032074543 -2.583261e-20
1.4044118               0.079345625 0.0017791876 -8.8122075e-20
1.4117647               0.079994944 0.00029263205 -3.1820415e-20
1.4191176               0.080826619 -0.0012124152 4.8829539e-20
1.4264706               0.081853303 -0.0023876742 1.0551006e-20
1.4338235               0.082957328 -0.0031276646 1.3588075e-19
1.4411765               0.083978787 -0.0037969164 -1.9836399e-20
1.4485294               0.084830428 -0.0041443309 -9.3634906e-20
1.4558824               0.085453378 -0.004114068 -2.2436475e-20
1.4632353               0.086160484 -0.0040213625 -3.6237533e-20
1.4705882               0.086994586 -0.0037824505 -5.9034172e-20
1.4779412               0.087436952 -0.0035534567 -9.0007121e-20
1.4852941               0.087864577 -0.0031105554 -5.5542121e-20
1.4926471               0.088295953 -0.0025037216 2.266623e-20
1.5               0.088552728 -0.0016599518 -4.1845344e-21
1.5073529               0.088633185 -0.0008130342 4.1909122e-20
1.5147059               0.088502947 0.00031446912 -1.04175e-20
1.5220588               0.088064386 0.0015713449 -3.9593854e-20
1.5294118               0.087446443 0.0026835872 -8.1742382e-20
1.5367647               0.086157731 0.0036410677 3.5276666e-20
1.5441176               0.084975217 0.0041392571 1.4965187e-20
1.5514706               0.083534743 0.0041541107 4.1066903e-20
1.5588235               0.08234673 0.0037405774 1.7209781e-20
1.5661765               0.081938501 0.0025481104 -1.3759336e-20
1.5735294               0.081757377 0.0010944817 -2.2069006e-20
1.5808824               0.082421467 -0.00019391782 -4.4303256e-20
1.5882353               0.083371695 -0.0014733388 1.4166042e-19
1.5955882               0.084485305 -0.0024896658 -2.7010673e-20
1.6029412               0.085265547 -0.0031411693 -4.5297572e-20
1.6102941               0.086121248 -0.0036992975 4.3037597e-21
1.6176471               0.086946856 -0.0038702321 -4.381103e-21
1.625               0.087734878 -0.0039340493 3.7397659e-20
1.6323529               0.088193727 -0.003854215 3.1395221e-20
1.6397059               0.088858709 -0.0035432311 5.4810683e-20
1.6470588               0.08933629 -0.0032120354 -2.2818002e-20
1.6544118               0.08982327 -0.0027697167 -3.1805795e-20
1.6617647               0.090173128 -0.0021945931 1.4457761e-20
1.6691176               0.090406502 -0.0014187034 2.0336625e-20
1.6764706               0.090357774 -0.00044959257 1.5102805e-20
1.6838235               0.089923214 0.00069625545 -1.6569905e-20
1.6911765               0.089390184 0.0019413333 4.6662537e-21
1.6985294               0.088670678 0.0029836807 1.0497615e-20
1.7058824               0.087512217 0.0038861785 4.1945137e-20
1.7132353               0.086326316 0.0041017722 8.9649465e-21
1.7205882               0.084520136 0.0041189656 -2.3314507e-20
1.7279412               0.083826035 0.0033438973 2.1586197e-20
1.7352941               0.083349605 0.0020935503 -2.7938335e-20
1.7426471               0.083673856 0.00065154012 -4.4523537e-20
1.75               0.084139756 -0.00076774001 9.5162973e-21
1.7573529               0.085087075 -0.001946347 -5.0812888e-20
1.7647059               0.085960431 -0.0028848395 -3.5440022e-20
1.7720588               0.087091432 -0.0033882754 8.4065632e-20
1.7794118               0.087848749 -0.0037772025 2.0965571e-20
1.7867647               0.088652449 -0.0040306402 -1.1683261e-20
1.7941176               0.08929785 -0.0039151433 2.5788962e-22
1.8014706               0.089977469 -0.0036893751 6.7433206e-20
1.8088235               0.090475072 -0.0035753207 -4.9881684e-20
1.8161765               0.090919251 -0.0031531065 -6.6766522e-20
1.8235294               0.091229478 -0.0026576471 1.2546662e-20
1.8308824               0.091525219 -0.0018970071 9.5719783e-20
1.8382353               0.091727288 -0.001128412 -5.1643833e-20
1.8455882               0.091580401 -0.00011404911 -1.1094799e-20
1.8529412               0.091196371 0.0011172622 4.6796586e-20
1.8602941               0.090798736 0.0021124181 -7.5678664e-21
1.8676471               0.089697939 0.0032027032 -1.0209467e-19
1.875               0.088003429 0.0039767823 2.4381641e-20
1.8823529               0.086906248 0.0041063316 2.2419995e-20
1.8897059               0.08547945 0.00391904 -9.5315664e-22
1.8970588               0.084867033 0.0029525964 -4.3562201e-21
1.9044118               0.084556714 0.0016800977 -4.7737239e-20
1.9117647               0.085355216 0.00030029472 -1.6399038e-20
1.9191176               0.085900154 -0.0012494385 -7.06543e-20
1.9264706               0.086999694 -0.0022243916 -3.6503563e-21
1.9338235               0.087809231 -0.0030306514 -4.7200806e-20
1.9411765               0.088779527 -0.0035920033 -5.3970773e-20
1.9485294               0.089368719 -0.0039476003 -1.049162e-19
1.9558824               0.089992466 -0.0040036707 -2.2950883e-20
1.9632353               0.090662098 -0.0039340276 1.5935114e-20
1.9705882               0.091425863 -0.0036971487 -4.579224e-20
1.9779412               0.091787317 -0.0034922871 -6.6451961e-20
1.9852941               0.092204546 -0.0030232519 1.4268085e-20
1.9926471               0.092484905 -0.0024716991 6.9987836e-20
