t               Ux1 Uy1 Uz1
0.0073529412               0.008428157 0.012481006 0.0
0.014705882               0.0073189931 0.015598794 0.0
0.022058824               0.0050409058 0.018417785 0.0
0.029411765               0.0023484841 0.020260874 0.0
0.036764706               -0.0010026482 0.021461219 0.0
0.044117647               -0.003947303 0.021118791 0.0
0.051470588               -0.0057436392 0.018891039 0.0
0.058823529               -0.00553643 0.01543501 0.0
0.066176471               -0.0039744761 0.011263546 0.0
0.073529412               -0.00094260374 0.0069175495 0.0
0.080882353               0.002851463 0.0031269996 0.0
0.088235294               0.0071149606 -0.00016715016 0.0
0.095588235               0.011380483 -0.0025782667 0.0
0.10294118               0.015522963 -0.0043677898 0.0
0.11029412               0.0192403 -0.0054365077 0.0
0.11764706               0.022831654 -0.0061837732 0.0
0.125               0.025896751 -0.0065614787 0.0
0.13235294               0.028874033 -0.0065155662 0.0
0.13970588               0.031483631 -0.0062544811 0.0
0.14705882               0.033906221 -0.0056846996 0.0
0.15441176               0.036028506 -0.0048885705 0.0
0.16176471               0.037947903 -0.0035174784 0.0
0.16911765               0.039486343 -0.0019741021 0.0
0.17647059               0.040451857 -0.00017375813 0.0
0.18382353               0.041059738 0.0019061414 0.0
0.19117647               0.041132182 0.003839878 0.0
0.19852941               0.04027717 0.0057525105 0.0
0.20588235               0.03928142 0.0070506468 0.0
0.21323529               0.037893968 0.0074459954 0.0
0.22058824               0.037151323 0.0067003302 0.0
0.22794118               0.037119668 0.0050960485 0.0
0.23529412               0.037887628 0.0029592163 0.0
0.24264706               0.039447338 0.00079599164 0.0
0.25               0.04131632 -0.0012312622 0.0
0.25735294               0.043478669 -0.0028996182 0.0
0.26470588               0.045727985 -0.0040659365 0.0
0.27205882               0.047785415 -0.0048989283 0.0
0.27941176               0.049664837 -0.0052678608 0.0
0.28676471               0.05167742 -0.0053321576 0.0
0.29411765               0.053195999 -0.0051392479 0.0
0.30147059               0.054649071 -0.0047543887 0.0
0.30882353               0.055942322 -0.0042182327 0.0
0.31617647               0.057111544 -0.0034988734 0.0
0.32352941               0.058168635 -0.0024817168 0.0
0.33088235               0.058888034 -0.0012882131 0.0
0.33823529               0.059528993 0.00019839105 0.0
0.34558824               0.059706396 0.0017768851 0.0
0.35294118               0.059376074 0.003684401 0.0
0.36029412               0.058638467 0.0052525045 0.0
0.36764706               0.057530645 0.0066610349 0.0
0.375               0.056009788 0.0075163366 0.0
0.38235294               0.054749709 0.0073458279 0.0
0.38970588               0.053886604 0.0062999848 0.0
0.39705882               0.053914038 0.0045662058 0.0
0.40441176               0.054744041 0.0025741093 0.0
0.41176471               0.055873012 0.00052119822 0.0
0.41911765               0.057718557 -0.0010993545 0.0
0.42647059               0.059389834 -0.002533498 0.0
0.43382353               0.061049729 -0.0035171382 0.0
0.44117647               0.062626645 -0.0039947684 0.0
0.44852941               0.064113957 -0.0043489637 0.0
0.45588235               0.0654271 -0.0042895917 0.0
0.46323529               0.066632156 -0.0040938039 0.0
0.47058824               0.067650585 -0.0037477944 0.0
0.47794118               0.068589356 -0.0032220585 0.0
0.48529412               0.069255678 -0.002411197 0.0
0.49264706               0.069913316 -0.0013844203 0.0
0.5               0.07045361 -0.00026204948 0.0
0.50735294               0.070445243 0.0011506699 0.0
0.51470588               0.070352577 0.002743835 0.0
0.52205882               0.069668122 0.0043678955 0.0
0.52941176               0.068891577 0.0055534816 0.0
0.53676471               0.067383198 0.0069327946 0.0
0.54411765               0.065711331 0.0073163494 0.0
0.55147059               0.064525389 0.0067669573 0.0
0.55882353               0.063764507 0.0054781355 0.0
0.56617647               0.064082147 0.0036938875 0.0
0.57352941               0.06493131 0.0017216381 0.0
0.58088235               0.066121799 -0.00018718613 0.0
0.58823529               0.067472124 -0.0017159214 0.0
0.59558824               0.06903492 -0.0028393119 0.0
0.60294118               0.070562101 -0.0035593277 0.0
0.61029412               0.071751056 -0.0039450581 0.0
0.61764706               0.072953305 -0.0040714342 0.0
0.625               0.074104724 -0.0039693143 0.0
0.63235294               0.075066838 -0.003661614 0.0
0.63970588               0.075786686 -0.0033302654 0.0
0.64705882               0.076523234 -0.0027026657 0.0
0.65441176               0.077137541 -0.0019567127 0.0
0.66176471               0.07747443 -0.00088587917 0.0
0.66911765               0.07766328 0.00042966321 0.0
0.67647059               0.077563141 0.0016638955 0.0
0.68382353               0.077154557 0.0032891469 0.0
0.69117647               0.076327328 0.0047658311 0.0
0.69852941               0.075243685 0.0060040754 0.0
0.70588235               0.073752955 0.0068667355 0.0
0.71323529               0.072274183 0.0069917387 0.0
0.72058824               0.07123879 0.006185328 0.0
0.72794118               0.070654319 0.0047374793 0.0
0.73529412               0.070910193 0.0028440428 0.0
0.74264706               0.071677195 0.00097215766 0.0
0.75               0.07293942 -0.00069056894 0.0
0.75735294               0.07431195 -0.0021055106 0.0
0.76470588               0.07556106 -0.0030458004 0.0
0.77205882               0.076882318 -0.0035896923 0.0
0.77941176               0.07823766 -0.0037643749 0.0
0.78676471               0.079067677 -0.0038906418 0.0
0.79411765               0.079994066 -0.0037860446 0.0
0.80147059               0.080725425 -0.0034724145 0.0
0.80882353               0.081498054 -0.0030931653 0.0
0.81617647               0.081980489 -0.0024094934 0.0
0.82352941               0.082312986 -0.0015035249 0.0
0.83088235               0.082664357 -0.00052033681 0.0
0.83823529               0.082591355 0.00075781029 0.0
0.84558824               0.082411082 0.0020984766 0.0
0.85294118               0.081804443 0.003642264 0.0
0.86029412               0.080836275 0.0049387136 0.0
0.86764706               0.079347447 0.0061325047 0.0
0.875               0.07796184 0.0067111143 0.0
0.88235294               0.076549426 0.0065563011 0.0
0.88970588               0.075612323 0.0054967326 0.0
0.89705882               0.075274921 0.0039099394 0.0
0.90441176               0.075801797 0.0021296637 0.0
0.91176471               0.076724539 0.00025916098 0.0
0.91911765               0.077822462 -0.0012963025 0.0
0.92647059               0.079228995 -0.0024443303 0.0
0.93382353               0.080409344 -0.00326092 0.0
0.94117647               0.081500296 -0.0037060201 0.0
0.94852941               0.082478985 -0.0039081466 0.0
0.95588235               0.083379339 -0.0038547147 0.0
0.96323529               0.084165621 -0.0037015818 0.0
0.97058824               0.084820371 -0.0033607026 0.0
0.97794118               0.085368779 -0.0028805965 0.0
0.98529412               0.085760376 -0.0021424261 0.0
0.99264706               0.08605804 -0.0012548618 0.0
1.0               0.086168261 -0.0001510037 0.0
1.0073529               0.086121568 0.0010800752 0.0
1.0147059               0.085722568 0.0024617934 0.0
1.0220588               0.08478532 0.0039384895 0.0
1.0294118               0.083727487 0.0051859069 0.0
1.0367647               0.082405581 0.0061165746 0.0
1.0441176               0.080866386 0.0064719382 0.0
1.0514706               0.079499533 0.0060012281 0.0
1.0588235               0.078956637 0.0048524315 0.0
1.0661765               0.078825084 0.0032038517 0.0
1.0735294               0.079371849 0.0013215858 0.0
1.0808824               0.080224776 -0.0003212705 0.0
1.0882353               0.081383009 -0.0017798404 0.0
1.0955882               0.082583025 -0.0027900005 0.0
1.1029412               0.083801465 -0.0034566503 0.0
1.1102941               0.084755206 -0.0037564065 0.0
1.1176471               0.085757941 -0.003898806 0.0
1.125               0.086421918 -0.0038639729 0.0
1.1323529               0.087150631 -0.0035811476 0.0
1.1397059               0.087679847 -0.0032028193 0.0
1.1470588               0.088164278 -0.0026704504 0.0
1.1544118               0.088472555 -0.0019980863 0.0
1.1617647               0.088730347 -0.00095706342 0.0
1.1691176               0.088741879 0.00014669069 0.0
1.1764706               0.088359618 0.0014851331 0.0
1.1838235               0.087859581 0.0029363911 0.0
1.1911765               0.08705665 0.0042324582 0.0
1.1985294               0.085614334 0.0054940043 0.0
1.2058824               0.084269428 0.0062132257 0.0
1.2132353               0.082668536 0.0062890327 0.0
1.2205882               0.08165216 0.0054943521 0.0
1.2279412               0.081192107 0.0040896057 0.0
1.2352941               0.081366414 0.0023335147 0.0
1.2426471               0.082096925 0.00060220162 0.0
1.25               0.083021125 -0.00097853727 0.0
1.2573529               0.084133535 -0.0022432701 0.0
1.2647059               0.085318241 -0.0031167371 0.0
1.2720588               0.086343549 -0.0037230103 0.0
1.2794118               0.087182956 -0.0039920459 0.0
1.2867647               0.088217351 -0.003989344 0.0
1.2941176               0.088810466 -0.003821718 0.0
1.3014706               0.08935189 -0.0034813018 0.0
1.3088235               0.089813235 -0.0030392257 0.0
1.3161765               0.090202885 -0.0024596293 0.0
1.3235294               0.090509479 -0.0016425351 0.0
1.3308824               0.090501153 -0.00067009266 0.0
1.3382353               0.090496455 0.00053408219 0.0
1.3455882               0.090122385 0.0018112375 0.0
1.3529412               0.089364418 0.003339911 0.0
1.3602941               0.08829179 0.0045675784 0.0
1.3676471               0.08702559 0.0056250882 0.0
1.375               0.085455186 0.0061955093 0.0
1.3823529               0.084144069 0.0059352523 0.0
1.3897059               0.083148447 0.0049539116 0.0
1.3970588               0.082963732 0.0034224444 0.0
1.4044118               0.083399718 0.0017021377 0.0
1.4117647               0.084025861 -2.6546899e-05 0.0
1.4191176               0.085267889 -0.001376273 0.0
1.4264706               0.086306442 -0.002566778 0.0
1.4338235               0.087345482 -0.0033560064 0.0
1.4411765               0.088294015 -0.0037329673 0.0
1.4485294               0.089156255 -0.0040144835 0.0
1.4558824               0.089876294 -0.0039294343 0.0
1.4632353               0.0905348 -0.0037470139 0.0
1.4705882               0.091028446 -0.0034323361 0.0
1.4779412               0.091461037 -0.0029633273 0.0
1.4852941               0.091650503 -0.0022428519 0.0
1.4926471               0.091858671 -0.0013314502 0.0
1.5               0.09197794 -0.00035257798 0.0
1.5073529               0.091595694 0.00087933828 0.0
1.5147059               0.091202586 0.0022690574 0.0
1.5220588               0.090291291 0.0036638194 0.0
1.5294118               0.089339537 0.0046720119 0.0
1.5367647               0.087832651 0.0057955364 0.0
1.5441176               0.086160928 0.0060628905 0.0
1.5514706               0.084946261 0.0054961513 0.0
1.5588235               0.084118519 0.0043186357 0.0
1.5661765               0.084257147 0.0027141938 0.0
1.5735294               0.084825798 0.00096698624 0.0
1.5808824               0.085672541 -0.00070503111 0.0
1.5882353               0.086592418 -0.0020335585 0.0
1.5955882               0.087738372 -0.0029937317 0.0
1.6029412               0.08882108 -0.0036006848 0.0
1.6102941               0.089585331 -0.0039135459 0.0
1.6176471               0.090378966 -0.0040058358 0.0
1.625               0.09114429 -0.0039040359 0.0
1.6323529               0.091751598 -0.0036167223 0.0
1.6397059               0.092117953 -0.0032895385 0.0
1.6470588               0.092522604 -0.0027200726 0.0
1.6544118               0.092787982 -0.0020149282 0.0
1.6617647               0.092848677 -0.001029654 0.0
1.6691176               0.092776708 0.00015714841 0.0
1.6764706               0.092427303 0.0012843151 0.0
1.6838235               0.091867518 0.0027434432 0.0
1.6911765               0.090886764 0.0040734902 0.0
1.6985294               0.089776516 0.0051602493 0.0
1.7058824               0.088280467 0.0058971006 0.0
1.7132353               0.086825123 0.0059674 0.0
1.7205882               0.085762417 0.0052038908 0.0
1.7279412               0.085111536 0.0038485264 0.0
1.7352941               0.085241678 0.0021064982 0.0
1.7426471               0.085767974 0.00039866564 0.0
1.75               0.086776053 -0.0010939834 0.0
1.7573529               0.087868822 -0.0023677978 0.0
1.7647059               0.088789684 -0.0032007356 0.0
1.7720588               0.089816132 -0.0036849783 0.0
1.7794118               0.090873877 -0.003797502 0.0
1.7867647               0.091421218 -0.0039119912 0.0
1.7941176               0.092079905 -0.0038110971 0.0
1.8014706               0.092559688 -0.0035025712 0.0
1.8088235               0.093085293 -0.0031416286 0.0
1.8161765               0.093336987 -0.0024920063 0.0
1.8235294               0.093464704 -0.0016411388 0.0
1.8308824               0.093625236 -0.00073040255 0.0
1.8382353               0.093338953 0.00047111845 0.0
1.8455882               0.093026231 0.0017298412 0.0
1.8529412               0.092315246 0.003160814 0.0
1.8602941               0.091276214 0.004354764 0.0
1.8676471               0.089764262 0.0054370608 0.0
1.875               0.088412868 0.0059390302 0.0
1.8823529               0.087008256 0.0057744863 0.0
1.8897059               0.086059851 0.0047595121 0.0
1.8970588               0.08564197 0.0032614748 0.0
1.9044118               0.086041986 0.0016051849 0.0
1.9117647               0.086838995 -0.00012560757 0.0
1.9191176               0.087712128 -0.0015812312 0.0
1.9264706               0.08889659 -0.0026352401 0.0
1.9338235               0.08982198 -0.0033844079 0.0
1.9411765               0.090725315 -0.0037718735 0.0
1.9485294               0.091528515 -0.0039189435 0.0
1.9558824               0.092212541 -0.0038770287 0.0
1.9632353               0.09278392 -0.0037202954 0.0
1.9705882               0.093282422 -0.0033890181 0.0
1.9779412               0.093669553 -0.0029309075 0.0
1.9852941               0.093892831 -0.0022182614 0.0
1.9926471               0.094036245 -0.0013728032 0.0
