t               Ux1 Uy1 Uz1
0.0073529412               0.0070823135 0.011919143 1.0624332e-26
0.014705882               0.0055762225 0.013772325 7.7045526e-27
0.022058824               0.0032677048 0.016093155 -1.6789824e-26
0.029411765               0.00019009097 0.01738882 2.200536e-27
0.036764706               -0.0026710144 0.017541127 -1.4219069e-20
0.044117647               -0.0065239367 0.017089557 -8.1002815e-22
0.051470588               -0.0097056781 0.015350469 -4.989226e-21
0.058823529               -0.01267007 0.012895077 -2.0401505e-26
0.066176471               -0.014272148 0.010357749 -2.1686874e-27
0.073529412               -0.015591928 0.0073122444 -4.9346653e-27
0.080882353               -0.015801176 0.0047045457 -3.544093e-28
0.088235294               -0.015700711 0.0023409429 -8.0453687e-27
0.095588235               -0.015187421 0.00023834141 -5.8983036e-27
0.10294118               -0.014430377 -0.0017985077 -4.9181054e-27
0.11029412               -0.013254164 -0.003531546 -5.6159819e-27
0.11764706               -0.012515525 -0.0055940426 -5.05419e-27
0.125               -0.010814576 -0.0071601639 -5.4896713e-27
0.13235294               -0.0088845484 -0.0086310148 -3.815841e-27
0.13970588               -0.006933439 -0.010034022 -1.6189924e-27
0.14705882               -0.0048511038 -0.011234112 -7.5032136e-22
0.15441176               -0.0024556671 -0.0116389 -4.989656e-28
0.16176471               -0.00015962761 -0.011608585 -3.2512116e-27
0.16911765               0.0021923324 -0.011232227 -4.1323812e-27
0.17647059               0.0043163494 -0.010452094 4.3195786e-21
0.18382353               0.0062657039 -0.0089502104 4.9899326e-27
0.19117647               0.0077448071 -0.0070950871 6.5088332e-27
0.19852941               0.0086119566 -0.005361451 8.8921773e-21
0.20588235               0.0089347213 -0.0037773794 1.1737333e-26
0.21323529               0.0081002003 -0.0022703831 3.5400571e-27
0.22058824               0.0079587836 -0.0013548082 -6.0722689e-21
0.22794118               0.0070858882 -0.0013188144 4.6990454e-27
0.23529412               0.006866011 -0.001454033 2.8228831e-27
0.24264706               0.0063939566 -0.0021469853 -1.3448789e-27
0.25               0.0072467195 -0.0024711807 2.3504744e-27
0.25735294               0.0075477976 -0.0030373839 2.6465729e-27
0.26470588               0.008252927 -0.0032160955 -1.2470259e-21
0.27205882               0.0087887066 -0.003282624 1.2192093e-27
0.27941176               0.0095389437 -0.0034200381 -1.6689423e-21
0.28676471               0.0099504248 -0.0035343598 -1.5806843e-21
0.29411765               0.010823927 -0.0035247003 6.2853366e-28
0.30147059               0.011760529 -0.0033671276 1.8335443e-27
0.30882353               0.012804397 -0.0031670997 7.8430068e-29
0.31617647               0.013696281 -0.0032572894 2.0594795e-27
0.32352941               0.014545341 -0.0028636279 -6.947486e-27
0.33088235               0.015535138 -0.0024001386 4.7053327e-27
0.33823529               0.016344567 -0.0014907432 8.1238305e-27
0.34558824               0.017055266 -0.00076636392 1.4808038e-27
0.35294118               0.017622104 0.00047838531 3.288383e-27
0.36029412               0.017510529 0.0018292117 3.095529e-21
0.36764706               0.017795215 0.0029342927 -4.6828842e-28
0.375               0.017492349 0.0038072483 5.6819197e-28
0.38235294               0.016563598 0.0043525303 -2.6075324e-27
0.38970588               0.0156543 0.004317097 3.4305549e-27
0.39705882               0.015294796 0.003962949 3.4640668e-28
0.40441176               0.015108675 0.0032708118 2.0067437e-27
0.41176471               0.014927548 0.0023924764 1.1127086e-27
0.41911765               0.015062313 0.0017975547 -8.9173677e-23
0.42647059               0.015647675 0.0011462264 8.4800612e-27
0.43382353               0.016666227 0.00073672451 -2.4184903e-21
0.44117647               0.017166551 0.00038032931 2.3548232e-27
0.44852941               0.017927777 -1.6115274e-05 -1.4551607e-27
0.45588235               0.018735912 -2.6760242e-05 -2.961964e-27
0.46323529               0.019510127 -0.00048931124 1.0161508e-21
0.47058824               0.020293033 -0.00072373606 2.1547968e-27
0.47794118               0.021108737 -0.00088948462 -1.9377397e-21
0.48529412               0.021993176 -0.001006707 -3.7653885e-27
0.49264706               0.023049313 -0.00088701525 -2.9424382e-21
0.5               0.023978433 -0.00057911328 3.6857784e-28
0.50735294               0.024989412 -0.00021345877 -1.1235344e-21
0.51470588               0.025386112 0.00047610401 7.2453936e-27
0.52205882               0.026172786 0.0013287747 -6.1615721e-27
0.52941176               0.026303717 0.0021923374 -2.9780035e-21
0.53676471               0.026254063 0.0028601108 4.3380466e-27
0.54411765               0.025956038 0.0034909398 1.2003061e-21
0.55147059               0.025485646 0.0035773496 -2.8038018e-21
0.55882353               0.025164757 0.0034344725 -4.0131429e-27
0.56617647               0.02458914 0.002864685 1.2173347e-27
0.57352941               0.024321187 0.0019396768 9.8786542e-28
0.58088235               0.024648753 0.0011759234 2.5552921e-27
0.58823529               0.024864346 0.00045725223 -4.145131e-27
0.59558824               0.025606608 -0.00021031251 2.8332316e-27
0.60294118               0.026259793 -0.00057715489 7.4753731e-28
0.61029412               0.027026063 -0.00092169606 5.2246653e-21
0.61764706               0.027532441 -0.0013851421 1.2898396e-27
0.625               0.028442236 -0.0015492749 -1.8178031e-27
0.63235294               0.029474838 -0.0017159783 -3.0899602e-27
0.63970588               0.029952579 -0.0020066925 1.6718365e-27
0.64705882               0.030860121 -0.002102938 -9.7829313e-21
0.65441176               0.031647199 -0.001998351 -5.6299709e-28
0.66176471               0.032462008 -0.0018178246 -6.0786202e-28
0.66911765               0.033350824 -0.0014643988 -5.7045865e-21
0.67647059               0.034111899 -0.0009201688 3.5586741e-27
0.68382353               0.034417275 -2.6414763e-05 5.9392465e-28
0.69117647               0.035038027 0.00076602439 4.9007071e-27
0.69852941               0.035237654 0.0015404256 -3.1455807e-27
0.70588235               0.034835624 0.0023132061 8.4903209e-27
0.71323529               0.034125645 0.0028660217 -3.3846787e-21
0.72058824               0.03389677 0.0028887119 -4.0406824e-21
0.72794118               0.033133808 0.0025816396 -5.3656332e-27
0.73529412               0.032988089 0.0019870483 -6.4974711e-21
0.74264706               0.032726983 0.0012485724 -2.7604425e-27
0.75               0.032941606 0.00055583037 8.652889e-28
0.75735294               0.033529299 -6.0270249e-06 1.1800314e-27
0.76470588               0.034180727 -0.00036963643 3.3113179e-28
0.77205882               0.034621248 -0.0006257925 2.0927589e-27
0.77941176               0.035425988 -0.00098064079 -1.1529915e-21
0.78676471               0.035748466 -0.0014014011 -4.246254e-21
0.79411765               0.036335879 -0.0016744788 -3.1069563e-27
0.80147059               0.037105328 -0.0015317918 -9.9435306e-21
0.80882353               0.038017192 -0.0014961275 1.3506449e-27
0.81617647               0.038518104 -0.0016842481 -7.1727436e-21
0.82352941               0.039261244 -0.0015236658 -5.6674531e-21
0.83088235               0.040036999 -0.001316785 2.5687426e-27
0.83823529               0.040613477 -0.0006985182 -6.5449952e-21
0.84558824               0.041016612 -0.00022905856 7.0679889e-27
0.85294118               0.041536832 0.00057681134 -4.4752919e-22
0.86029412               0.041460877 0.0015090558 -5.5742577e-27
0.86764706               0.041822857 0.002189932 1.9063315e-27
0.875               0.041255391 0.0028283226 1.5270817e-27
0.88235294               0.040632209 0.0032960241 8.3025676e-27
0.88970588               0.039847478 0.0030051384 -6.253183e-27
0.89705882               0.039235913 0.0027096752 1.3104852e-27
0.90441176               0.03912763 0.0019055223 -4.3057185e-21
0.91176471               0.038894514 0.0012118106 -5.7211706e-21
0.91911765               0.039063639 0.00068745021 3.488817e-27
0.92647059               0.039644239 0.00020455177 -5.9890525e-21
0.93382353               0.040363263 -0.00027578732 -5.2988544e-27
0.94117647               0.040508583 -0.0005726305 -1.1621121e-20
0.94852941               0.041349676 -0.00086517733 1.506578e-27
0.95588235               0.042188536 -0.00088211129 -4.9961905e-21
0.96323529               0.042720386 -0.0011479321 1.9192967e-27
0.97058824               0.04328313 -0.0011862586 2.3129036e-27
0.97794118               0.043761581 -0.0012604303 -1.629916e-27
0.98529412               0.04470209 -0.0012282077 2.5075198e-27
0.99264706               0.045071262 -0.00091012846 -2.1252587e-21
1.0               0.045953662 -0.00071844752 7.9753128e-27
1.0073529               0.046477439 -0.00018563959 2.8448273e-27
1.0147059               0.046928944 0.00034931598 3.1025047e-27
1.0220588               0.047150852 0.0011677812 1.0793213e-27
1.0294118               0.047120372 0.0019812181 1.5960683e-28
1.0367647               0.046929105 0.0026820312 4.6862306e-27
1.0441176               0.046375543 0.0032109824 9.7395357e-27
1.0514706               0.045772949 0.0033909408 -2.5281789e-27
1.0588235               0.045106024 0.003240444 4.3273985e-21
1.0661765               0.044753655 0.0026846637 2.3773716e-27
1.0735294               0.044238739 0.0021037325 -9.9868021e-21
1.0808824               0.044466553 0.0013502603 2.5779251e-27
1.0882353               0.044570271 0.00074438068 9.6842844e-28
1.0955882               0.045022803 0.00024020542 -6.9641075e-27
1.1029412               0.045410352 -0.00015330083 7.1180778e-28
1.1102941               0.046312421 -0.00032154218 1.4939395e-21
1.1176471               0.046435251 -0.00070607044 1.383855e-28
1.125               0.04702198 -0.00075504759 -2.2916939e-21
1.1323529               0.047855562 -0.00084179309 1.9287692e-27
1.1397059               0.048434775 -0.001025025 -3.3848332e-27
1.1470588               0.049074108 -0.0010912732 1.9383691e-27
1.1544118               0.049707532 -0.00099259 4.441922e-21
1.1617647               0.050343465 -0.00067105694 -3.4136879e-27
1.1691176               0.050938507 -0.00037106789 -1.7141841e-29
1.1764706               0.051313304 0.00014480454 -1.6728927e-22
1.1838235               0.051687184 0.00086459167 9.6770604e-27
1.1911765               0.051851552 0.0015897647 3.9979444e-27
1.1985294               0.051810538 0.0023446595 -7.371857e-28
1.2058824               0.051491497 0.0029810327 -6.136241e-27
1.2132353               0.05040524 0.0034438172 -1.206707e-20
1.2205882               0.050192088 0.0034176161 2.7622583e-27
1.2279412               0.049294102 0.0030831406 -1.254515e-20
1.2352941               0.049077502 0.0025870518 -2.0408891e-20
1.2426471               0.048742829 0.0016527014 -5.0666143e-27
1.25               0.049267895 0.0011762737 -1.7077004e-21
1.2573529               0.049513427 0.00049732955 -2.868254e-27
1.2647059               0.050110726 0.00021162134 -4.8351008e-29
1.2720588               0.05045595 -9.6288536e-05 5.5094523e-28
1.2794118               0.051029015 -0.00042208945 -7.4359286e-22
1.2867647               0.051280323 -0.00072474561 -3.6579144e-27
1.2941176               0.051852418 -0.00084435902 -3.03982e-21
1.3014706               0.052528409 -0.00077532392 -1.1020657e-21
1.3088235               0.053233268 -0.00079784805 -4.6550855e-27
1.3161765               0.053806711 -0.0009282353 -3.3721764e-27
1.3235294               0.054234737 -0.00073355109 -2.69395e-27
1.3308824               0.054804842 -0.00055568677 1.7934725e-27
1.3382353               0.055231585 8.7748231e-06 1.3766103e-27
1.3455882               0.055603907 0.00040292284 -2.5026998e-27
1.3529412               0.055757137 0.001186171 4.2210467e-27
1.3602941               0.05549013 0.0021151503 9.4017172e-29
1.3676471               0.055638296 0.0026749601 -3.4896479e-27
1.375               0.055309138 0.0031607539 2.6404963e-27
1.3823529               0.054455728 0.0035172624 3.8271103e-27
1.3897059               0.053555913 0.0032922842 -1.1527769e-20
1.3970588               0.05317845 0.0028077619 -3.3951541e-27
1.4044118               0.052961818 0.0022852742 8.5238075e-28
1.4117647               0.052762036 0.0014994344 1.057133e-27
1.4191176               0.052664633 0.00093509484 -2.5052774e-21
1.4264706               0.053156745 0.00024097373 -3.8606071e-21
1.4338235               0.053948313 7.1586824e-06 -1.9140898e-20
1.4411765               0.05423167 -0.00027653239 -2.8761898e-21
1.4485294               0.054790287 -0.00067214828 -6.0683411e-21
1.4558824               0.0554164 -0.00054299951 -2.0628445e-21
1.4632353               0.055919019 -0.00087901038 4.349999e-28
1.4705882               0.056457268 -0.00098413125 -1.8826177e-27
1.4779412               0.056925843 -0.00098647397 -4.3684967e-21
1.4852941               0.057543488 -0.0010087613 -6.4243767e-21
1.4926471               0.058045793 -0.0007820316 -4.7555102e-21
1.5               0.058688293 -0.0004173861 2.6774659e-27
1.5073529               0.059132354 -1.5172763e-06 2.2745894e-28
1.5147059               0.059336458 0.00065336381 4.1185932e-27
1.5220588               0.059606989 0.0013211941 3.6007623e-27
1.5294118               0.059352208 0.0021551419 4.063801e-27
1.5367647               0.059005934 0.0025543163 -9.818557e-27
1.5441176               0.058524939 0.0031081927 2.7215644e-27
1.5514706               0.057827771 0.003178824 -2.0606351e-21
1.5588235               0.057116544 0.0030090637 3.5014043e-27
1.5661765               0.056597021 0.0025860178 -6.7003171e-21
1.5735294               0.056214133 0.0019055669 -4.9091996e-27
1.5808824               0.056299432 0.0011347889 -2.6762855e-27
1.5882353               0.056264829 0.00064016769 -6.0472768e-21
1.5955882               0.056763349 0.00016608685 -1.6798837e-28
1.6029412               0.057247315 -0.00018062922 -7.0707478e-21
1.6102941               0.057762821 -0.0003791718 1.9565627e-27
1.6176471               0.058120652 -0.00072253226 -6.5620544e-30
1.625               0.058718664 -0.00079956089 -4.2026441e-27
1.6323529               0.059519356 -0.0008081455 -3.2484882e-29
1.6397059               0.059715466 -0.00098231187 1.6957887e-29
1.6470588               0.060438885 -0.0010052512 1.1831649e-27
1.6544118               0.060828561 -0.00077365279 2.2377181e-27
1.6617647               0.061325417 -0.00053793122 -5.3338116e-21
1.6691176               0.061839423 -0.00020747931 -1.3115735e-21
1.6764706               0.062245062 0.00025430497 -4.8406531e-27
1.6838235               0.062140075 0.0011408454 6.2935822e-27
1.6911765               0.062633838 0.0016975902 -5.0185428e-21
1.6985294               0.062403719 0.0023880578 4.5435337e-27
1.7058824               0.061821355 0.0030155201 1.0503526e-27
1.7132353               0.060897785 0.0033420993 4.8463409e-27
1.7205882               0.060479915 0.0032855613 -6.812579e-21
1.7279412               0.059623606 0.0029432723 -1.1694254e-20
1.7352941               0.059382929 0.0023146696 -9.1982633e-21
1.7426471               0.059013549 0.0016843824 2.0675184e-27
1.75               0.059055363 0.001012825 1.3481516e-27
1.7573529               0.059466416 0.0004849815 -5.5228385e-21
1.7647059               0.060041806 0.00023195801 -6.6891104e-21
1.7720588               0.06040073 -7.4037038e-05 -4.6981584e-27
1.7794118               0.061013426 -0.00045208242 -1.1725945e-20
1.7867647               0.061130282 -0.00070223652 -1.2312073e-20
1.7941176               0.06165367 -0.00098839685 -6.2124502e-22
1.8014706               0.062325173 -0.00086446305 -5.1727138e-22
1.8088235               0.062824117 -0.0006792937 -1.0008665e-20
1.8161765               0.063294341 -0.00086971817 -3.7436077e-27
1.8235294               0.06383351 -0.00083428899 -8.9271077e-21
1.8308824               0.064318597 -0.0005797184 4.028816e-27
1.8382353               0.064796516 -0.0001798658 -6.6645109e-27
1.8455882               0.064860949 0.00039338784 -2.7468474e-21
1.8529412               0.065144712 0.0011103751 -2.1595262e-21
1.8602941               0.064848906 0.0018876533 3.8574636e-27
1.8676471               0.065123126 0.0023794334 -1.1157157e-27
1.875               0.064426609 0.0029638513 -5.2586136e-27
1.8823529               0.063716095 0.0032647559 -7.9489648e-22
1.8897059               0.06270739 0.0031524718 3.4145035e-28
1.8970588               0.062027546 0.0027307101 -6.5921343e-24
1.9044118               0.061817465 0.0019733895 -7.4727389e-27
1.9117647               0.061588568 0.001314885 -5.2051402e-21
1.9191176               0.061626199 0.00083679887 -2.2462002e-27
1.9264706               0.06199874 0.00033972364 -5.3673652e-21
1.9338235               0.062736881 -0.00010379464 -3.4571458e-27
1.9411765               0.062706028 -0.00020184945 3.067023e-29
1.9485294               0.06340536 -0.00052482025 7.9036943e-28
1.9558824               0.06415792 -0.00055434551 -2.9615902e-27
1.9632353               0.064582577 -0.0007861979 2.278018e-27
1.9705882               0.064938876 -0.0008758257 -2.2966883e-27
1.9779412               0.06530504 -0.0008339021 -7.8161382e-22
1.9852941               0.066064856 -0.0008211908 5.482308e-27
1.9926471               0.06616191 -0.0004390315 -3.4317135e-27
