t               Ux1 Uy1 Uz1
0.0073529412               0.0062895391 0.011217219 -5.9893519e-28
0.014705882               0.0056543498 0.013640951 -2.7927886e-21
0.022058824               0.0035694517 0.015782694 3.9362576e-27
0.029411765               0.00089963429 0.016866945 -1.0222681e-27
0.036764706               -0.0025363348 0.017805988 7.6325641e-28
0.044117647               -0.0059890862 0.017424911 4.1032122e-27
0.051470588               -0.0093235046 0.015758907 9.6852774e-28
0.058823529               -0.01164692 0.013602115 -1.2803934e-21
0.066176471               -0.013888828 0.01017691 9.5378467e-28
0.073529412               -0.014038388 0.007088886 -1.9730297e-21
0.080882353               -0.013881009 0.0043410059 1.3387279e-27
0.088235294               -0.01296633 0.0014608389 2.2279596e-27
0.095588235               -0.011614545 -0.0010181714 -4.5825559e-21
0.10294118               -0.0097978074 -0.0027593007 1.5362602e-27
0.11029412               -0.007806198 -0.0042337883 -1.6237011e-21
0.11764706               -0.005583586 -0.0058011819 2.6254999e-28
0.125               -0.0033980662 -0.006965514 -1.7734595e-21
0.13235294               -0.0011162086 -0.0080112518 -3.9076346e-21
0.13970588               0.0012445748 -0.0088302498 -8.5405161e-23
0.14705882               0.0039534701 -0.0091959058 3.7067343e-21
0.15441176               0.0062479323 -0.0094488858 2.440041e-21
0.16176471               0.0085730032 -0.0090384243 1.683826e-21
0.16911765               0.010984015 -0.0082946281 8.7845924e-22
0.17647059               0.012918173 -0.0073844233 2.8929152e-21
0.18382353               0.014684348 -0.0059298588 -2.379179e-27
0.19117647               0.015942806 -0.0042889801 1.6784507e-21
0.19852941               0.016247592 -0.0024917101 -1.5096933e-27
0.20588235               0.016434933 -0.00095163594 2.5199244e-21
0.21323529               0.016152277 0.00015375965 3.7440757e-28
0.22058824               0.015543885 0.0005189781 4.677927e-21
0.22794118               0.014644206 0.00020260986 3.5404813e-27
0.23529412               0.014303213 -0.00046478667 1.1558254e-21
0.24264706               0.014639331 -0.0011551058 1.3215577e-27
0.25               0.015141381 -0.0019388414 -3.563689e-27
0.25735294               0.015879508 -0.0027925947 -4.0270529e-28
0.26470588               0.017010548 -0.0035843321 -2.6679961e-27
0.27205882               0.018172879 -0.0038351539 2.2133524e-21
0.27941176               0.01969417 -0.0038585021 4.8614532e-21
0.28676471               0.020717726 -0.0040738754 2.2289947e-21
0.29411765               0.021975055 -0.0040200269 5.6079705e-21
0.30147059               0.02313122 -0.0038716625 4.1420225e-21
0.30882353               0.024536646 -0.0036862118 5.750359e-21
0.31617647               0.025482471 -0.0034463984 1.6381569e-21
0.32352941               0.026864889 -0.0030788499 5.7643775e-21
0.33088235               0.027835487 -0.0025455571 4.9129764e-21
0.33823529               0.028998589 -0.0017117912 1.056733e-21
0.34558824               0.02985027 -0.00060730612 4.8343325e-21
0.35294118               0.030536839 0.00057282105 7.5036772e-21
0.36029412               0.030915889 0.001896398 4.7267902e-21
0.36764706               0.030503761 0.0032302142 8.4005926e-21
0.375               0.03015389 0.0041000466 1.0587918e-21
0.38235294               0.029405573 0.0045205156 -2.1079255e-21
0.38970588               0.028641899 0.0044199886 5.7609937e-21
0.39705882               0.028114077 0.0036364436 6.6475829e-28
0.40441176               0.027724011 0.0028882778 4.1446803e-21
0.41176471               0.028093863 0.0020295872 2.1849025e-27
0.41911765               0.028945369 0.001231102 8.6702627e-22
0.42647059               0.029604673 0.00019519407 1.3506131e-21
0.43382353               0.030678644 -0.00053076884 7.0638569e-28
0.44117647               0.031585261 -0.0010932457 5.8040977e-21
0.44852941               0.032639754 -0.0012593108 2.4751733e-21
0.45588235               0.033865565 -0.0014614577 1.3251166e-21
0.46323529               0.034812656 -0.0015717479 8.050021e-22
0.47058824               0.03585717 -0.0015992599 5.9107887e-21
0.47794118               0.036735457 -0.0016077254 2.4001518e-21
0.48529412               0.037654482 -0.0015164519 4.7240782e-21
0.49264706               0.038809689 -0.0011480676 3.3627482e-21
0.5               0.040002814 -0.00077467726 2.9121057e-21
0.50735294               0.040945161 -0.00017299843 9.3045002e-21
0.51470588               0.041523352 0.00069765618 1.0427308e-20
0.52205882               0.041797498 0.0016327279 2.5358759e-27
0.52941176               0.042020524 0.0025302801 -8.9962339e-28
0.53676471               0.041712408 0.0035602015 6.2823241e-21
0.54411765               0.041176145 0.0041469802 2.1171448e-21
0.55147059               0.040453318 0.0041862362 4.587544e-27
0.55882353               0.039737361 0.0041407651 4.3883135e-21
0.56617647               0.03887806 0.0030215953 8.3203458e-22
0.57352941               0.039247094 0.0021729866 5.9798162e-21
0.58088235               0.039071628 0.0012231634 4.5169448e-21
0.58823529               0.04006944 0.00033601944 2.5190457e-21
0.59558824               0.040919061 -0.00046114954 2.1931546e-27
0.60294118               0.04168533 -0.00099997358 3.4966168e-21
0.61029412               0.042643838 -0.0012636811 6.6663915e-21
0.61764706               0.043666309 -0.0015636918 -2.0531696e-21
0.625               0.044772652 -0.0015504156 7.1312631e-21
0.63235294               0.04558366 -0.001682874 1.5614508e-21
0.63970588               0.046377639 -0.0017910744 6.9136819e-21
0.64705882               0.047423802 -0.001672007 5.2748359e-21
0.65441176               0.048250544 -0.0014603191 1.4776408e-21
0.66176471               0.048999594 -0.0010256032 4.9234109e-21
0.66911765               0.049757199 -0.00053611085 2.3870039e-21
0.67647059               0.050429553 -0.00012099179 5.8839003e-21
0.68382353               0.050928366 0.00072279545 1.390505e-20
0.69117647               0.051139366 0.0017743087 4.0848496e-21
0.69852941               0.050784037 0.0026272756 1.1034708e-21
0.70588235               0.050590162 0.0034721803 1.2781766e-21
0.71323529               0.049744539 0.0040036317 1.3414449e-21
0.72058824               0.048914632 0.0039697815 3.4801031e-21
0.72794118               0.047785951 0.0032804432 2.5128026e-21
0.73529412               0.047501571 0.0025669953 3.4551417e-27
0.74264706               0.047467882 0.0016298319 7.4722728e-28
0.75               0.047859827 0.00096343934 3.034615e-21
0.75735294               0.048630937 9.2950381e-05 3.733285e-21
0.76470588               0.049245804 -0.00077180432 -3.1559633e-21
0.77205882               0.050112395 -0.00098874982 2.155836e-21
0.77941176               0.051022205 -0.0012955465 5.1135756e-21
0.78676471               0.051799008 -0.0015143048 1.451344e-21
0.79411765               0.052745404 -0.0016620496 4.3793582e-21
0.80147059               0.053411941 -0.001624591 9.5813369e-21
0.80882353               0.054316077 -0.0015990777 4.9083863e-21
0.81617647               0.054871268 -0.0014091848 2.6334823e-21
0.82352941               0.055614742 -0.0012194994 7.5940083e-21
0.83088235               0.056267658 -0.00096954434 4.1266246e-21
0.83823529               0.056919118 -0.00026966887 1.4019222e-21
0.84558824               0.057452565 0.0003017896 5.3800958e-21
0.85294118               0.05769964 0.0011866272 9.7081715e-21
0.86029412               0.057804393 0.002048449 3.8302789e-21
0.86764706               0.057163606 0.0030661187 1.2273843e-21
0.875               0.056607301 0.0036816914 2.7875389e-21
0.88235294               0.05590888 0.0040872957 -3.5215258e-21
0.88970588               0.054876927 0.003788164 4.9480262e-21
0.89705882               0.054301865 0.0030053712 -7.5737629e-23
0.90441176               0.053602107 0.0023462986 -2.2556926e-27
0.91176471               0.054029155 0.0015891219 6.151856e-28
0.91911765               0.054685628 0.00077999354 2.9910649e-27
0.92647059               0.054971151 -0.000124197 1.7395887e-21
0.93382353               0.055874424 -0.00067825335 4.2460919e-22
0.94117647               0.056538066 -0.00097519175 2.1873294e-22
0.94852941               0.057301479 -0.0013440138 5.4828434e-21
0.95588235               0.05807632 -0.0014704237 -2.5458135e-21
0.96323529               0.058607499 -0.0016158101 8.0847875e-30
0.97058824               0.059465994 -0.0016338511 -1.6257151e-27
0.97794118               0.060105083 -0.0014933086 1.1150097e-21
0.98529412               0.060656061 -0.0013624956 1.0594245e-20
0.99264706               0.061315123 -0.001012841 5.2922246e-21
1.0               0.062230721 -0.00057265456 5.318429e-21
1.0073529               0.062851325 -4.8756464e-05 1.3688122e-21
1.0147059               0.062941193 0.00078179657 2.1827841e-23
1.0220588               0.062973896 0.0017622898 4.6183541e-21
1.0294118               0.062965291 0.002326198 2.0904288e-22
1.0367647               0.062574547 0.0032554368 5.0247328e-21
1.0441176               0.061733809 0.0038159873 2.3276435e-21
1.0514706               0.060616772 0.0038739364 1.7753082e-21
1.0588235               0.060001552 0.003805901 6.4282387e-21
1.0661765               0.059026592 0.0028657061 1.659767e-21
1.0735294               0.059053068 0.002053562 2.8625946e-21
1.0808824               0.058909626 0.001253877 -4.9186234e-21
1.0882353               0.05950268 0.00043764221 1.4524529e-27
1.0955882               0.060160326 -0.0003557807 5.397514e-21
1.1029412               0.060886747 -0.00082653832 5.3350555e-21
1.1102941               0.061564447 -0.0010021056 2.6013934e-21
1.1176471               0.062411714 -0.0012902537 1.1548305e-21
1.125               0.063245743 -0.0012424715 7.5835964e-22
1.1323529               0.063835465 -0.0013962191 3.9892993e-21
1.1397059               0.064470044 -0.0014252467 1.8409795e-21
1.1470588               0.065231446 -0.0012895483 1.4351418e-21
1.1544118               0.065735211 -0.0011967981 7.5822266e-21
1.1617647               0.066348561 -0.00083215831 5.6252257e-21
1.1691176               0.067088559 -0.00028651708 1.0803806e-21
1.1764706               0.067176436 0.00016710177 3.8665843e-21
1.1838235               0.067618149 0.00093319426 2.1566002e-21
1.1911765               0.067553241 0.0019676115 6.198847e-21
1.1985294               0.066992692 0.002780113 1.5065165e-21
1.2058824               0.066331698 0.0035325796 8.0861489e-21
1.2132353               0.065421518 0.0040049116 3.6769424e-21
1.2205882               0.064696638 0.0037673684 4.3143233e-21
1.2279412               0.063562279 0.0032418493 -2.5733507e-27
1.2352941               0.063066556 0.0024892352 3.0453244e-21
1.2426471               0.063259951 0.0018449419 1.4987198e-27
1.25               0.063396879 0.00092730921 1.831857e-27
1.2573529               0.063922596 0.00014794124 2.9008206e-21
1.2647059               0.064510311 -0.00058480418 2.7906789e-21
1.2720588               0.06534295 -0.00080104348 5.54124e-21
1.2794118               0.066224255 -0.00099749803 1.9139459e-27
1.2867647               0.066737341 -0.0012701045 7.0994584e-21
1.2941176               0.067360331 -0.001453072 3.4672646e-21
1.3014706               0.068001545 -0.0012839569 5.6934828e-21
1.3088235               0.068772524 -0.0012271283 3.129e-27
1.3161765               0.069194808 -0.001075012 6.2742509e-21
1.3235294               0.069931058 -0.00085924935 6.7860564e-21
1.3308824               0.070282728 -0.00063582733 -5.9898307e-27
1.3382353               0.070809008 -9.0091364e-05 3.6496194e-21
1.3455882               0.071183952 0.00058157229 8.5484475e-21
1.3529412               0.071394046 0.0013094848 1.3995313e-27
1.3602941               0.071373438 0.0021981427 2.1921487e-21
1.3676471               0.07046409 0.0031180201 4.5289037e-27
1.375               0.069901713 0.0036236916 3.886735e-21
1.3823529               0.068750342 0.0039178615 1.2381882e-21
1.3897059               0.068050082 0.0038444183 3.3893588e-21
1.3970588               0.067360893 0.0030662198 1.5025986e-21
1.4044118               0.066751776 0.0024090964 4.5324833e-22
1.4117647               0.066993067 0.0016391869 -4.1129662e-27
1.4191176               0.067481892 0.00087983799 5.0961412e-21
1.4264706               0.067891561 3.9076351e-05 5.1892737e-21
1.4338235               0.068652703 -0.00049611017 6.1872883e-22
1.4411765               0.069268904 -0.00083220458 1.7993046e-27
1.4485294               0.069773326 -0.0011624231 2.417363e-21
1.4558824               0.070454191 -0.0012370686 8.665883e-28
1.4632353               0.071026222 -0.0014018301 5.2145375e-21
1.4705882               0.071699221 -0.0012603515 5.9208828e-21
1.4779412               0.072122096 -0.0013502198 2.4536114e-21
1.4852941               0.072449948 -0.0011111143 8.3434281e-21
1.4926471               0.073098267 -0.00085452637 4.1429198e-21
1.5               0.073810001 -0.00042959866 1.8665159e-21
1.5073529               0.074344927 9.7263068e-05 5.0951942e-21
1.5147059               0.074469314 0.00068410115 1.2660773e-27
1.5220588               0.074305793 0.0016521533 3.1763288e-22
1.5294118               0.074066377 0.0022861724 4.6276785e-21
1.5367647               0.073495041 0.003085985 7.643788e-22
1.5441176               0.072769672 0.0036101628 6.9725383e-21
1.5514706               0.07186058 0.0037281105 3.2375589e-21
1.5588235               0.07071944 0.003496637 1.7294297e-22
1.5661765               0.069830444 0.0025476326 -1.6790655e-21
1.5735294               0.069767931 0.0018097251 -6.104594e-28
1.5808824               0.069668201 0.0011242061 2.9142144e-28
1.5882353               0.070501974 0.0004682192 5.5264691e-21
1.5955882               0.071002803 -0.00035769065 -1.1212984e-21
1.6029412               0.07154899 -0.00080011404 5.9928869e-21
1.6102941               0.072099745 -0.0010081044 1.242384e-27
1.6176471               0.072968787 -0.0011497153 6.4535139e-21
1.625               0.073572128 -0.0013143112 1.9341874e-28
1.6323529               0.074245633 -0.0013593666 3.4655028e-21
1.6397059               0.074833157 -0.0013505442 1.3631836e-21
1.6470588               0.075356358 -0.0012771644 2.1285078e-22
1.6544118               0.0757945 -0.0012013059 5.2717269e-21
1.6617647               0.076304739 -0.00070236701 5.7442992e-21
1.6691176               0.076865185 -0.00023703497 -2.8714451e-27
1.6764706               0.076964793 0.00010622595 -5.4554018e-29
1.6838235               0.077217321 0.00074280641 4.5265405e-21
1.6911765               0.077039023 0.0018093758 4.0217223e-21
1.6985294               0.076519086 0.0026044661 -3.5232819e-27
1.7058824               0.075934762 0.0032458715 6.2857156e-21
1.7132353               0.074767715 0.0036937138 -3.5040832e-27
1.7205882               0.073962376 0.0035542414 2.1637945e-21
1.7279412               0.072727528 0.0029594441 -3.2786008e-27
1.7352941               0.07270451 0.0023240798 5.6351003e-21
1.7426471               0.072601431 0.0015777848 8.6865763e-22
1.75               0.072591953 0.00082000526 4.7405078e-21
1.7573529               0.073308703 0.0001315303 1.9132247e-22
1.7647059               0.073711703 -0.0006078678 1.6903902e-21
1.7720588               0.07429339 -0.00091454738 6.4630972e-22
1.7794118               0.075158398 -0.0010799136 -5.4811888e-28
1.7867647               0.075687165 -0.0012277832 6.9694653e-28
1.7941176               0.076263916 -0.001327329 -2.9979853e-27
1.8014706               0.076840683 -0.0012312356 -2.9523898e-21
1.8088235               0.077484359 -0.001189551 4.3980003e-21
1.8161765               0.077784573 -0.0011342351 6.5563702e-21
1.8235294               0.078426069 -0.0011026906 5.2068786e-21
1.8308824               0.078740983 -0.00067615614 4.5007136e-21
1.8382353               0.079156038 -0.00018495605 -2.1822748e-21
1.8455882               0.079458977 0.00046269523 1.1486859e-21
1.8529412               0.079535816 0.0011456958 9.09082e-22
1.8602941               0.079341695 0.0020644707 -1.7609737e-27
1.8676471               0.078595459 0.0028254785 6.402638e-22
1.875               0.077980942 0.0035053148 4.8384595e-21
1.8823529               0.076974917 0.0036715424 8.8128042e-22
1.8897059               0.076132797 0.003489971 6.3618713e-28
1.8970588               0.0752936 0.0028019161 -1.7428381e-27
1.9044118               0.074695008 0.0021483777 -1.6210979e-27
1.9117647               0.074974036 0.0014690801 1.3999621e-27
1.9191176               0.07543206 0.00073245014 -2.1810304e-27
1.9264706               0.075757955 -0.00014263992 8.1127275e-22
1.9338235               0.076402933 -0.00066292686 1.0510303e-28
1.9411765               0.076945525 -0.00090659815 -2.2070788e-27
1.9485294               0.077435061 -0.001204373 -1.4274204e-28
1.9558824               0.078081074 -0.0013330832 5.9250841e-22
1.9632353               0.078545367 -0.001346393 2.9300717e-21
1.9705882               0.079043068 -0.0014316545 3.5589231e-21
1.9779412               0.079507518 -0.0013444623 3.0891199e-21
1.9852941               0.079853129 -0.0011769041 3.6190751e-21
1.9926471               0.080374215 -0.00088031128 5.9991226e-21
