t               Ux1 Uy1 Uz1
0.0073529412               0.0066832625 0.010864931 0.0
0.014705882               0.0051546192 0.012994992 0.0
0.022058824               0.0027586849 0.014695014 0.0
0.029411765               8.0359376e-05 0.015602337 0.0
0.036764706               -0.0033817222 0.016161837 0.0
0.044117647               -0.0066921491 0.015681403 0.0
0.051470588               -0.0096675325 0.014038746 0.0
0.058823529               -0.011601547 0.011842493 0.0
0.066176471               -0.013067189 0.0093691986 0.0
0.073529412               -0.013714175 0.0067799014 0.0
0.080882353               -0.0139153 0.0045700921 0.0
0.088235294               -0.013672725 0.0023698276 0.0
0.095588235               -0.013173754 0.00052623549 0.0
0.10294118               -0.012374258 -0.0012753142 0.0
0.11029412               -0.011558252 -0.0029661432 0.0
0.11764706               -0.010253494 -0.0046411289 0.0
0.125               -0.008931084 -0.0062416532 0.0
0.13235294               -0.0071577545 -0.0075834865 0.0
0.13970588               -0.005270676 -0.008763156 0.0
0.14705882               -0.00313935 -0.0096310182 0.0
0.15441176               -0.00090613456 -0.010261054 0.0
0.16176471               0.0013993897 -0.01020034 0.0
0.16911765               0.0036526074 -0.0097996196 0.0
0.17647059               0.0055923332 -0.0090061532 0.0
0.18382353               0.0073349079 -0.007682033 0.0
0.19117647               0.0087451745 -0.0062455002 0.0
0.19852941               0.0092302966 -0.0044192907 0.0
0.20588235               0.0094774651 -0.0027630553 0.0
0.21323529               0.0089969442 -0.0015816679 0.0
0.22058824               0.0085570747 -0.00092152281 0.0
0.22794118               0.0080980847 -0.00074933356 0.0
0.23529412               0.0077696566 -0.00094293754 0.0
0.24264706               0.0078171733 -0.0012434752 0.0
0.25               0.0079429878 -0.0016629614 0.0
0.25735294               0.0083233693 -0.0020677877 0.0
0.26470588               0.0089313223 -0.0023329713 0.0
0.27205882               0.009517479 -0.0026043581 0.0
0.27941176               0.010119129 -0.0027236202 0.0
0.28676471               0.011087712 -0.0027286053 0.0
0.29411765               0.011774098 -0.0027275473 0.0
0.30147059               0.01258486 -0.0026954949 0.0
0.30882353               0.013441849 -0.0026028365 0.0
0.31617647               0.014364426 -0.002463516 0.0
0.32352941               0.015357458 -0.0021339507 0.0
0.33088235               0.016247479 -0.0017013423 0.0
0.33823529               0.017259434 -0.0010252287 0.0
0.34558824               0.018053398 -0.00020897845 0.0
0.35294118               0.018570734 0.0009355273 0.0
0.36029412               0.018854089 0.001939204 0.0
0.36764706               0.018786518 0.0031220014 0.0
0.375               0.018270641 0.0040410013 0.0
0.38235294               0.017698753 0.0044453909 0.0
0.38970588               0.017030526 0.0044474953 0.0
0.39705882               0.016639548 0.0040651976 0.0
0.40441176               0.016614167 0.0035472111 0.0
0.41176471               0.016559295 0.0028588436 0.0
0.41911765               0.017089282 0.0023519379 0.0
0.42647059               0.01749259 0.0017273778 0.0
0.43382353               0.018029359 0.0012378919 0.0
0.44117647               0.018613944 0.00088598147 0.0
0.44852941               0.019329472 0.00044844531 0.0
0.45588235               0.020053654 0.00021375469 0.0
0.46323529               0.020843513 -2.9963582e-05 0.0
0.47058824               0.021616733 -0.00029567499 0.0
0.47794118               0.022499503 -0.0004959063 0.0
0.48529412               0.023279932 -0.0005274886 0.0
0.49264706               0.024246217 -0.0004241256 0.0
0.5               0.02528887 -0.00027313989 0.0
0.50735294               0.026025832 8.8457763e-05 0.0
0.51470588               0.026893176 0.00068911292 0.0
0.52205882               0.02738613 0.0014118695 0.0
0.52941176               0.027893483 0.0019529209 0.0
0.53676471               0.027726717 0.0029619575 0.0
0.54411765               0.027263596 0.0034280593 0.0
0.55147059               0.026871769 0.003492347 0.0
0.55882353               0.026352613 0.0032415 0.0
0.56617647               0.026349872 0.0027474987 0.0
0.57352941               0.026453574 0.0020870182 0.0
0.58088235               0.026681514 0.0013660777 0.0
0.58823529               0.026986077 0.00074652689 0.0
0.59558824               0.027572426 0.00022016623 0.0
0.60294118               0.028246912 -0.00021264687 0.0
0.61029412               0.028734861 -0.00058481358 0.0
0.61764706               0.029424601 -0.00085426213 0.0
0.625               0.030208963 -0.0011040692 0.0
0.63235294               0.030965582 -0.0012571431 0.0
0.63970588               0.031635982 -0.0014850331 0.0
0.64705882               0.032459089 -0.0015433615 0.0
0.65441176               0.033321375 -0.0015641677 0.0
0.66176471               0.034064957 -0.0013673226 0.0
0.66911765               0.034849723 -0.00095625268 0.0
0.67647059               0.035553099 -0.00063436669 0.0
0.68382353               0.036148822 0.00010335373 0.0
0.69117647               0.036510386 0.00083331695 0.0
0.69852941               0.03667052 0.0016040395 0.0
0.70588235               0.036431195 0.0023057118 0.0
0.71323529               0.035968187 0.0027198328 0.0
0.72058824               0.03550735 0.0027184648 0.0
0.72794118               0.034956649 0.002449284 0.0
0.73529412               0.034729428 0.0018906983 0.0
0.74264706               0.034676013 0.001324585 0.0
0.75               0.034951165 0.00076258311 0.0
0.75735294               0.035322336 0.00017709422 0.0
0.76470588               0.035681154 -0.00024653178 0.0
0.77205882               0.036227643 -0.00057694356 0.0
0.77941176               0.036986065 -0.00075099457 0.0
0.78676471               0.037398318 -0.0010421874 0.0
0.79411765               0.038047204 -0.0012384222 0.0
0.80147059               0.038644465 -0.0013659512 0.0
0.80882353               0.039405287 -0.0015151826 0.0
0.81617647               0.040034474 -0.0014749264 0.0
0.82352941               0.040659095 -0.0013177102 0.0
0.83088235               0.041467606 -0.0011496611 0.0
0.83823529               0.042032785 -0.00075258081 0.0
0.84558824               0.04267603 -0.00025465433 0.0
0.85294118               0.043088088 0.0004590847 0.0
0.86029412               0.043285666 0.0011191788 0.0
0.86764706               0.043009785 0.0019443978 0.0
0.875               0.042753956 0.0025118937 0.0
0.88235294               0.042189549 0.0028138348 0.0
0.88970588               0.041627417 0.0026986724 0.0
0.89705882               0.041126603 0.0023311864 0.0
0.90441176               0.041045806 0.0018742575 0.0
0.91176471               0.041091197 0.001228276 0.0
0.91911765               0.041224206 0.00066025582 0.0
0.92647059               0.041701267 0.00021098666 0.0
0.93382353               0.042085996 -0.00018904904 0.0
0.94117647               0.042504644 -0.00051908304 0.0
0.94852941               0.043015788 -0.00075387258 0.0
0.95588235               0.043575793 -0.00093543447 0.0
0.96323529               0.044170929 -0.0010967553 0.0
0.97058824               0.044765395 -0.0012299519 0.0
0.97794118               0.045380932 -0.001301888 0.0
0.98529412               0.04597851 -0.0012169821 0.0
0.99264706               0.046633642 -0.0010917568 0.0
1.0               0.047265028 -0.00078758064 0.0
1.0073529               0.047900956 -0.00042426126 0.0
1.0147059               0.048386854 0.00012842644 0.0
1.0220588               0.048509058 0.00083711127 0.0
1.0294118               0.048602242 0.0015450532 0.0
1.0367647               0.048443421 0.0022162351 0.0
1.0441176               0.047945993 0.0027064906 0.0
1.0514706               0.047255007 0.0028633962 0.0
1.0588235               0.046865939 0.0027401027 0.0
1.0661765               0.046414176 0.0023505104 0.0
1.0735294               0.046249645 0.0017433046 0.0
1.0808824               0.046201874 0.0012287023 0.0
1.0882353               0.046415548 0.00063829621 0.0
1.0955882               0.046756706 0.00019802649 0.0
1.1029412               0.047263133 -0.00016437323 0.0
1.1102941               0.047639547 -0.00044011039 0.0
1.1176471               0.048245538 -0.00068973773 0.0
1.125               0.048654251 -0.0009281166 0.0
1.1323529               0.049254957 -0.001037529 0.0
1.1397059               0.049793366 -0.001142868 0.0
1.1470588               0.05040036 -0.0011954127 0.0
1.1544118               0.050984876 -0.0012039937 0.0
1.1617647               0.051641922 -0.00095754919 0.0
1.1691176               0.052228194 -0.00068346617 0.0
1.1764706               0.052616839 -0.00020204274 0.0
1.1838235               0.05304334 0.00041121643 0.0
1.1911765               0.053330457 0.0010083875 0.0
1.1985294               0.053055904 0.0018044192 0.0
1.2058824               0.052837545 0.0024038739 0.0
1.2132353               0.052140483 0.0027702734 0.0
1.2205882               0.051586582 0.0027749752 0.0
1.2279412               0.051087325 0.0025013253 0.0
1.2352941               0.050754746 0.0020202581 0.0
1.2426471               0.050717617 0.0015107172 0.0
1.25               0.050744972 0.00095413532 0.0
1.2573529               0.050960793 0.00043848901 0.0
1.2647059               0.051377963 3.2791653e-05 0.0
1.2720588               0.051768561 -0.00036233315 0.0
1.2794118               0.052131033 -0.00063923519 0.0
1.2867647               0.052836564 -0.00077648716 0.0
1.2941176               0.053246381 -0.00092277361 0.0
1.3014706               0.053720292 -0.0010149522 0.0
1.3088235               0.05424018 -0.0010625472 0.0
1.3161765               0.054806718 -0.0010865121 0.0
1.3235294               0.05541276 -0.00097602365 0.0
1.3308824               0.055867936 -0.00077927741 0.0
1.3382353               0.056472934 -0.00042070285 0.0
1.3455882               0.056897628 3.6636342e-05 0.0
1.3529412               0.057123174 0.00073885731 0.0
1.3602941               0.05715605 0.001339452 0.0
1.3676471               0.057003071 0.0020652594 0.0
1.375               0.056481776 0.0026123819 0.0
1.3823529               0.055914159 0.0028250411 0.0
1.3897059               0.055218634 0.0027523641 0.0
1.3970588               0.054797463 0.0023972631 0.0
1.4044118               0.054644504 0.0019400997 0.0
1.4117647               0.054439262 0.0013611697 0.0
1.4191176               0.054767536 0.00091644422 0.0
1.4264706               0.054969358 0.00037652296 0.0
1.4338235               0.055311407 -2.4307193e-05 0.0
1.4411765               0.055681455 -0.00031057708 0.0
1.4485294               0.056143859 -0.00065555182 0.0
1.4558824               0.056599299 -0.00078762598 0.0
1.4632353               0.057116486 -0.00092917419 0.0
1.4705882               0.05758674 -0.001064719 0.0
1.4779412               0.058128402 -0.0011321626 0.0
1.4852941               0.058542356 -0.0010544945 0.0
1.4926471               0.059111371 -0.00086800434 0.0
1.5               0.059728981 -0.00066306108 0.0
1.5073529               0.060031538 -0.00028877028 0.0
1.5147059               0.060485479 0.0002716116 0.0
1.5220588               0.060586022 0.00091175265 0.0
1.5294118               0.060711852 0.0013968763 0.0
1.5367647               0.060322009 0.002234954 0.0
1.5441176               0.059625466 0.0026425023 0.0
1.5514706               0.05900573 0.0027073972 0.0
1.5588235               0.058289182 0.0025353572 0.0
1.5661765               0.05806739 0.0021483124 0.0
1.5735294               0.05794062 0.0016186914 0.0
1.5808824               0.057949677 0.0010258242 0.0
1.5882353               0.058000842 0.00052335865 0.0
1.5955882               0.058374075 0.00010622336 0.0
1.6029412               0.058810375 -0.00022728746 0.0
1.6102941               0.059070698 -0.00049895966 0.0
1.6176471               0.059519608 -0.00067604412 0.0
1.625               0.060056014 -0.00083727297 0.0
1.6323529               0.060560823 -0.00090674012 0.0
1.6397059               0.060950939 -0.001020239 0.0
1.6470588               0.061481051 -0.0010112181 0.0
1.6544118               0.062002274 -0.00095016153 0.0
1.6617647               0.062442734 -0.00072646748 0.0
1.6691176               0.062905316 -0.00034305413 0.0
1.6764706               0.063260971 -3.7422872e-05 0.0
1.6838235               0.063579918 0.00059816692 0.0
1.6911765               0.063629298 0.0012304318 0.0
1.6985294               0.063583745 0.001870665 0.0
1.7058824               0.063158684 0.0024462063 0.0
1.7132353               0.062552194 0.0027867517 0.0
1.7205882               0.061933098 0.0027763504 0.0
1.7279412               0.061250602 0.0025173259 0.0
1.7352941               0.06089626 0.0020076615 0.0
1.7426471               0.060669035 0.001487471 0.0
1.75               0.060805961 0.00098649762 0.0
1.7573529               0.061044693 0.00044664718 0.0
1.7647059               0.061236051 6.3499702e-05 0.0
1.7720588               0.061643722 -0.00024275354 0.0
1.7794118               0.062246941 -0.00036577826 0.0
1.7867647               0.0624974 -0.00063073137 0.0
1.7941176               0.062975085 -0.00079798129 0.0
1.8014706               0.063394788 -0.00088752515 0.0
1.8088235               0.063955809 -0.00099926999 0.0
1.8161765               0.064378592 -0.0009362665 0.0
1.8235294               0.064797115 -0.00077894381 0.0
1.8308824               0.065383705 -0.00062766599 0.0
1.8382353               0.065686869 -0.00026315115 0.0
1.8455882               0.066115406 0.00019022652 0.0
1.8529412               0.066320604 0.00080871667 0.0
1.8602941               0.066322773 0.0013758854 0.0
1.8676471               0.065895956 0.0020762977 0.0
1.875               0.065541094 0.0025489305 0.0
1.8823529               0.064866384 0.0028092039 0.0
1.8897059               0.064210811 0.0026863229 0.0
1.8970588               0.063594297 0.0023413245 0.0
1.9044118               0.063398677 0.0019230436 0.0
1.9117647               0.063369289 0.0013300129 0.0
1.9191176               0.063368314 0.00078555781 0.0
1.9264706               0.063728302 0.00036570811 0.0
1.9338235               0.063970231 -1.0346396e-05 0.0
1.9411765               0.064300297 -0.00030517154 0.0
1.9485294               0.064719652 -0.00049156176 0.0
1.9558824               0.065136775 -0.00066733987 0.0
1.9632353               0.065570809 -0.00080027984 0.0
1.9705882               0.066041131 -0.00090543133 0.0
1.9779412               0.06651194 -0.00095864033 0.0
1.9852941               0.066936532 -0.00085989855 0.0
1.9926471               0.067409352 -0.00073617239 0.0
