t               Ux1 Uy1 Uz1
0.0073529412               0.010339302 0.014830637 1.7274013e-26
0.014705882               0.0097656996 0.018341958 1.4590876e-26
0.022058824               0.0084539982 0.022118544 6.6148608e-27
0.029411765               0.0072034756 0.024557985 1.4175564e-26
0.036764706               0.007147145 0.024356999 1.1243558e-26
0.044117647               0.0066036367 0.02295991 9.1276733e-27
0.051470588               0.0077543944 0.019014728 8.5620284e-27
0.058823529               0.010054806 0.014136783 -8.4148394e-27
0.066176471               0.013930398 0.0086966646 2.5769917e-27
0.073529412               0.018130763 0.0032910456 1.7513957e-27
0.080882353               0.023207185 -0.0008997633 3.6267362e-27
0.088235294               0.028011461 -0.0039329798 1.2618381e-27
0.095588235               0.032767355 -0.0059849771 4.1409868e-27
0.10294118               0.0370839 -0.0071190234 5.546705e-27
0.11029412               0.041127944 -0.0073309952 4.7620888e-27
0.11764706               0.043817448 -0.0075684189 6.0048224e-27
0.125               0.046708012 -0.0070193456 7.6562093e-27
0.13235294               0.049371108 -0.0060827052 7.500853e-27
0.13970588               0.051514899 -0.0050956843 1.0441725e-26
0.14705882               0.053157912 -0.0038819705 1.22758e-26
0.15441176               0.054726993 -0.0022623984 1.0474769e-26
0.16176471               0.055924931 -0.00027786763 9.5360261e-27
0.16911765               0.056686555 0.0017732098 9.8154691e-27
0.17647059               0.057019494 0.0040897293 1.0633306e-26
0.18382353               0.05699042 0.0065096094 1.3851151e-26
0.19117647               0.056450614 0.0086623473 1.7271693e-26
0.19852941               0.05561524 0.010332749 1.0169513e-26
0.20588235               0.054867658 0.010721702 1.8133988e-26
0.21323529               0.053322969 0.010375108 9.3661586e-27
0.22058824               0.053502297 0.0085219232 1.0137851e-26
0.22794118               0.053664177 0.0056029851 8.0973152e-27
0.23529412               0.055205783 0.0025383725 4.9966558e-27
0.24264706               0.056725122 -0.00078790619 2.2055225e-27
0.25               0.059683618 -0.0029491441 5.9340655e-27
0.25735294               0.061990394 -0.0048165048 6.410983e-27
0.26470588               0.064474771 -0.0055788431 5.1870726e-27
0.27205882               0.06633092 -0.0060517556 7.1503691e-27
0.27941176               0.068152779 -0.0061411598 4.9917644e-27
0.28676471               0.069155693 -0.0059486127 7.9177309e-27
0.29411765               0.070582705 -0.005335333 7.210689e-27
0.30147059               0.071807321 -0.0043027439 7.4393139e-27
0.30882353               0.072873887 -0.0033398634 7.1353802e-27
0.31617647               0.073615562 -0.0023304765 7.9505595e-27
0.32352941               0.07404356 -0.00088374281 -3.8739818e-21
0.33088235               0.07441633 0.00079181048 1.1034071e-26
0.33823529               0.074159995 0.0029631122 1.5034844e-26
0.34558824               0.073845554 0.0047784596 9.055839e-27
0.35294118               0.07314556 0.0068519836 1.1413868e-26
0.36029412               0.071572904 0.0088483468 8.679445e-27
0.36764706               0.070775575 0.0098233352 6.8158545e-27
0.375               0.069650731 0.0097767512 8.5775805e-27
0.38235294               0.068270757 0.0088376141 3.6910623e-27
0.38970588               0.067797128 0.0068249501 5.3211317e-27
0.39705882               0.06841948 0.0040109107 2.8987268e-27
0.40441176               0.069694031 0.0011454883 3.9871188e-27
0.41176471               0.07087075 -0.0015156356 3.3034805e-27
0.41911765               0.072453871 -0.0035660977 3.2202668e-27
0.42647059               0.07431807 -0.0048370876 1.1345791e-26
0.43382353               0.076577984 -0.0054681988 5.3715691e-27
0.44117647               0.077968028 -0.0056849326 6.9220221e-27
0.44852941               0.079208532 -0.0056956946 3.5487222e-27
0.45588235               0.080146104 -0.0049414791 2.2581479e-27
0.46323529               0.081062965 -0.0045280509 5.1811318e-27
0.47058824               0.081747636 -0.0037449783 6.9234284e-27
0.47794118               0.082274935 -0.0026954726 5.2233937e-27
0.48529412               0.082556825 -0.0015421251 2.8173455e-27
0.49264706               0.082859742 -7.6511127e-05 6.4358723e-27
0.5               0.082838588 0.0016214831 6.8370226e-27
0.50735294               0.082664363 0.0033587817 6.0518216e-27
0.51470588               0.081615352 0.0052997247 1.3186913e-26
0.52205882               0.080871626 0.0070908147 3.2870971e-27
0.52941176               0.079436234 0.0086397234 8.1065478e-27
0.53676471               0.078209625 0.009184817 9.5547262e-27
0.54411765               0.076779314 0.0091284612 3.8427563e-27
0.55147059               0.075892321 0.0077073003 7.5108145e-27
0.55882353               0.075795503 0.0055641313 -8.6110052e-21
0.56617647               0.075966272 0.0029300777 4.3074137e-27
0.57352941               0.076723772 2.9519363e-05 3.0248146e-27
0.58088235               0.078331856 -0.00221272 4.4394326e-27
0.58823529               0.079479856 -0.0039166461 4.416599e-28
0.59558824               0.081351502 -0.0049613909 6.3183453e-27
0.60294118               0.082751458 -0.0053923318 5.3579492e-27
0.61029412               0.084027974 -0.0053064958 3.3337661e-27
0.61764706               0.084775119 -0.0054356157 5.8211771e-27
0.625               0.085707999 -0.0048199759 3.7147671e-27
0.63235294               0.086533047 -0.0040375498 2.4273899e-27
0.63970588               0.086816933 -0.0032880504 6.993088e-27
0.64705882               0.087141094 -0.0023202035 4.7611665e-27
0.65441176               0.087211048 -0.00092419746 4.8048901e-27
0.66176471               0.087179469 0.00056394485 5.4113157e-27
0.66911765               0.087072926 0.0021150709 5.3822039e-27
0.67647059               0.086488947 0.0039444291 9.6096608e-27
0.68382353               0.085466134 0.0059418859 6.985811e-27
0.69117647               0.084543777 0.0075354227 1.1615762e-26
0.69852941               0.083254242 0.0087720741 4.3479726e-27
0.70588235               0.081802485 0.0090168502 1.448388e-26
0.71323529               0.080118271 0.0085774689 4.4906746e-27
0.72058824               0.079782349 0.0069561929 4.6489323e-27
0.72794118               0.079333245 0.0045062555 -1.0358906e-20
0.73529412               0.080023951 0.0018965277 3.1902652e-27
0.74264706               0.08080572 -0.00070736163 -2.8693351e-21
0.75               0.082227386 -0.0027983896 3.9836411e-27
0.75735294               0.083904542 -0.0042218595 3.8288484e-27
0.76470588               0.085492875 -0.0048642639 3.3830537e-27
0.77205882               0.086565826 -0.0051678682 6.6233682e-27
0.77941176               0.087726 -0.0052503359 4.8051312e-27
0.78676471               0.088123825 -0.0051833358 4.1324053e-27
0.79411765               0.088647645 -0.0046587529 1.4493242e-27
0.80147059               0.08930837 -0.0037535964 4.4900222e-27
0.80882353               0.089788115 -0.0027218048 6.7906907e-27
0.81617647               0.089807315 -0.0019028372 4.4381176e-27
0.82352941               0.089891657 -0.00059377893 5.3709011e-27
0.83088235               0.089695811 0.00083729288 7.3625277e-27
0.83823529               0.089132335 0.0027419577 7.41664e-27
0.84558824               0.088443107 0.0043338996 1.2752551e-26
0.85294118               0.087605592 0.0059926229 7.8837779e-27
0.86029412               0.085893806 0.0078342372 2.1868467e-27
0.86764706               0.085191681 0.0085666276 8.3997352e-27
0.875               0.083611949 0.008707178 7.6521234e-27
0.88235294               0.082190366 0.0078206787 1.081101e-26
0.88970588               0.081539196 0.005912313 -9.1145871e-22
0.89705882               0.081350101 0.0034973785 3.3795432e-27
0.90441176               0.082154272 0.00084192837 -5.8410748e-21
0.91176471               0.082951758 -0.0016020442 -3.7874374e-21
0.91911765               0.084179641 -0.0033460219 5.1405341e-27
0.92647059               0.085700095 -0.0045827502 5.6146137e-27
0.93382353               0.087352801 -0.0051353711 -1.5485845e-21
0.94117647               0.088046346 -0.0053586029 3.539769e-27
0.94852941               0.089144287 -0.0053470996 5.5259656e-27
0.95588235               0.089883983 -0.0047679493 3.4074838e-27
0.96323529               0.090400449 -0.0042674612 5.9337663e-27
0.97058824               0.090715595 -0.0035126772 7.093184e-27
0.97794118               0.090804802 -0.0026391412 4.3536536e-27
0.98529412               0.091150571 -0.0014836604 7.0128947e-27
0.99264706               0.090690958 9.2140035e-05 6.2315396e-27
1.0               0.090529983 0.0015903458 1.328866e-26
1.0073529               0.090164634 0.0033114472 8.862949e-27
1.0147059               0.089372325 0.0048608502 9.7757981e-27
1.0220588               0.088326889 0.0065979162 8.0802275e-27
1.0294118               0.086949817 0.0080426374 6.9344057e-27
1.0367647               0.085603008 0.0085524708 1.0506451e-26
1.0441176               0.084066391 0.0084768293 1.3156789e-26
1.0514706               0.083037996 0.0071328791 2.3643877e-27
1.0588235               0.082454721 0.0052097558 3.043473e-27
1.0661765               0.082729217 0.0026832266 4.3475211e-27
1.0735294               0.083037905 -5.2676598e-05 -4.5209535e-21
1.0808824               0.08456762 -0.0022486727 4.1324024e-27
1.0882353               0.085659536 -0.0037642324 3.9739377e-27
1.0955882               0.087082273 -0.004780069 -1.9124523e-20
1.1029412               0.088250211 -0.005367545 4.2537618e-27
1.1102941               0.089448906 -0.0052441344 5.1809742e-27
1.1176471               0.089816808 -0.0052477354 4.4269916e-27
1.125               0.090491774 -0.0047202364 4.6378191e-27
1.1323529               0.091291684 -0.0039249479 5.6034695e-27
1.1397059               0.091541043 -0.0030999028 2.1059071e-27
1.1470588               0.091624461 -0.0021559914 6.706066e-27
1.1544118               0.091592287 -0.00094785296 4.7974654e-27
1.1617647               0.091461021 0.00061229859 3.1003235e-27
1.1691176               0.091079956 0.0021262245 6.644894e-27
1.1764706               0.090466751 0.0038801172 6.3962733e-27
1.1838235               0.089430651 0.0057358237 1.5930949e-26
1.1911765               0.088270069 0.007284542 1.0575396e-26
1.1985294               0.086965631 0.0084635025 6.4058295e-27
1.2058824               0.085716671 0.008649836 2.0368322e-27
1.2132353               0.083649971 0.0082993724 6.8961492e-27
1.2205882               0.083529296 0.006638533 7.9273786e-27
1.2279412               0.082807382 0.0042112903 2.7813533e-27
1.2352941               0.083413097 0.0016921063 -8.0551696e-21
1.2426471               0.08421739 -0.00087256526 -1.1649023e-20
1.25               0.085868488 -0.0027543993 2.1159168e-27
1.2573529               0.087109257 -0.004258296 1.5833855e-27
1.2647059               0.088481739 -0.0048982986 3.7034883e-27
1.2720588               0.089429271 -0.0052097343 5.4145724e-27
1.2794118               0.090369684 -0.0052383245 5.8876565e-27
1.2867647               0.090670886 -0.005131979 1.5243489e-27
1.2941176               0.091237612 -0.0045343089 4.3753185e-27
1.3014706               0.091705076 -0.0036223956 4.4817206e-27
1.3088235               0.092035626 -0.0027127722 1.1992802e-27
1.3161765               0.092139319 -0.0017802216 2.3779983e-27
1.3235294               0.092044689 -0.00054020381 4.5391214e-27
1.3308824               0.091860553 0.00079895743 6.3048425e-27
1.3382353               0.091210508 0.0026645997 7.476955e-27
1.3455882               0.090516425 0.0042183777 5.1854855e-27
1.3529412               0.08940335 0.0060082045 1.1746311e-26
1.3602941               0.087765588 0.007726639 6.9661551e-27
1.3676471               0.086759687 0.0084629034 4.062068e-27
1.375               0.085440807 0.0084608324 9.2904885e-27
1.3823529               0.084001086 0.0076041036 8.7679708e-27
1.3897059               0.083033403 0.0058672571 3.5146529e-27
1.3970588               0.083245275 0.0033603795 -6.8100886e-28
1.4044118               0.084093631 0.00075793882 3.2639355e-27
1.4117647               0.084852273 -0.0016815891 3.5261999e-27
1.4191176               0.085884127 -0.003414675 4.3862313e-27
1.4264706               0.087413105 -0.0046561517 2.9305856e-27
1.4338235               0.088909568 -0.0051196594 -3.3060242e-22
1.4411765               0.089793369 -0.0052384933 3.3774989e-27
1.4485294               0.090488118 -0.0052952399 3.7927661e-27
1.4558824               0.091171472 -0.0046077682 4.1710985e-27
1.4632353               0.09163952 -0.0042332604 6.3089407e-27
1.4705882               0.091943583 -0.0034120212 4.0616187e-27
1.4779412               0.092100332 -0.0024884363 5.7195267e-27
1.4852941               0.092162103 -0.0013705679 5.0756355e-27
1.4926471               0.092046465 2.1557403e-06 4.8958094e-27
1.5               0.091739864 0.0015520444 8.2960904e-27
1.5073529               0.091308982 0.0032175711 7.4492815e-27
1.5147059               0.090327954 0.0048881995 1.1034417e-26
1.5220588               0.089366025 0.0065751263 1.0352845e-26
1.5294118               0.087829532 0.0079991863 1.1101975e-26
1.5367647               0.086394352 0.0084545776 -1.2102621e-27
1.5441176               0.085187349 0.008307102 7.5419427e-27
1.5514706               0.084067034 0.0070048613 5.0845133e-27
1.5588235               0.083510219 0.0050432898 6.4695905e-27
1.5661765               0.083623888 0.0024868597 -5.8983863e-22
1.5735294               0.084223189 -0.00020153532 -1.9017284e-21
1.5808824               0.085509633 -0.0023139648 7.1794041e-28
1.5882353               0.086478185 -0.003851195 5.4457644e-27
1.5955882               0.087930867 -0.0048818579 3.9736916e-27
1.6029412               0.08918996 -0.0052538125 4.3850097e-27
1.6102941               0.090278902 -0.0053056844 5.5632203e-27
1.6176471               0.090756629 -0.0052887053 4.695909e-27
1.625               0.091379575 -0.0047296327 2.1574701e-27
1.6323529               0.092048581 -0.0039622301 6.2020014e-27
1.6397059               0.091992744 -0.003119104 3.8346511e-27
1.6470588               0.092413445 -0.002263253 6.5931754e-27
1.6544118               0.092251156 -0.00093287389 7.1952213e-27
1.6617647               0.092029695 0.00048711362 5.9102779e-27
1.6691176               0.091747858 0.0020048385 5.9129747e-27
1.6764706               0.091170893 0.0036413703 2.9501398e-27
1.6838235               0.089917718 0.0055033051 1.4964909e-26
1.6911765               0.089076985 0.007010911 1.0878884e-26
1.6985294               0.087588402 0.0082901079 1.1961459e-26
1.7058824               0.086274585 0.0085183543 7.8413961e-27
1.7132353               0.084381971 0.0081650297 1.0569166e-26
1.7205882               0.083868696 0.0066189823 4.9306135e-27
1.7279412               0.083305177 0.0042727162 5.107843e-27
1.7352941               0.084045082 0.0017251368 -2.8488588e-21
1.7426471               0.084681876 -0.00082513641 4.3072903e-27
1.75               0.085812943 -0.0028718797 3.8750532e-27
1.7573529               0.087232635 -0.0042022325 5.3822071e-27
1.7647059               0.088717899 -0.0048297367 2.3932561e-27
1.7720588               0.089755187 -0.0050764052 1.3914668e-27
1.7794118               0.090803639 -0.0051611662 3.9452615e-27
1.7867647               0.09093734 -0.0051306314 4.4622859e-27
1.7941176               0.091483499 -0.0046629471 5.6093196e-27
1.8014706               0.092077388 -0.0035942034 3.3004574e-27
1.8088235               0.09233128 -0.0025921429 4.7604375e-27
1.8161765               0.092404132 -0.001821989 3.2686238e-27
1.8235294               0.092333279 -0.00058447741 5.492905e-27
1.8308824               0.092074333 0.00087310282 9.5343777e-27
1.8382353               0.091582156 0.0026051977 1.2400011e-27
1.8455882               0.090811706 0.0041650636 6.0625224e-27
1.8529412               0.089849539 0.0058755912 5.5801733e-27
1.8602941               0.088171169 0.0076342542 1.128987e-26
1.8676471               0.087386594 0.0083797676 5.707138e-27
1.875               0.08578858 0.0084373337 3.303119e-27
1.8823529               0.084462992 0.0076449308 5.7852439e-27
1.8897059               0.083507388 0.0058771359 6.0176276e-27
1.8970588               0.083246977 0.0034954073 1.9653377e-27
1.9044118               0.084064327 0.00089139353 -2.2161734e-20
1.9117647               0.084786072 -0.0016307238 -7.6479205e-21
1.9191176               0.085921285 -0.0033105639 1.4837337e-27
1.9264706               0.087408548 -0.0045469462 4.9791656e-27
1.9338235               0.08913914 -0.0051354895 2.188437e-27
1.9411765               0.089553137 -0.0052514597 4.1044739e-27
1.9485294               0.090589688 -0.0052208105 5.4162937e-27
1.9558824               0.091445293 -0.0046646678 3.1423828e-27
1.9632353               0.091875263 -0.0042157131 7.6864436e-27
1.9705882               0.092115016 -0.0034851519 3.5035814e-27
1.9779412               0.092238751 -0.0025629127 5.5521627e-27
1.9852941               0.092489341 -0.0014559754 1.0764256e-26
1.9926471               0.092047192 4.9006395e-05 3.0211183e-27
