t               Ux1 Uy1 Uz1
0.0073529412               0.0058971538 0.010626601 1.7528031e-28
0.014705882               0.0050134835 0.013130221 -4.0857072e-21
0.022058824               0.0030125074 0.015119516 3.9328266e-27
0.029411765               0.0004717253 0.01604969 -9.9331133e-28
0.036764706               -0.0027715196 0.016836818 8.4935234e-28
0.044117647               -0.0060518789 0.016340453 4.1286969e-27
0.051470588               -0.0092050218 0.014704281 9.2690454e-28
0.058823529               -0.011425393 0.012655413 -3.0159475e-21
0.066176471               -0.013663153 0.0094790043 8.2688141e-28
0.073529412               -0.014082807 0.006680729 -2.4356466e-22
0.080882353               -0.01443217 0.0042565137 1.4921303e-27
0.088235294               -0.014266152 0.0016216453 2.3549861e-27
0.095588235               -0.01377426 -0.00072539299 -3.8213502e-21
0.10294118               -0.012847458 -0.0025615673 1.9329999e-27
0.11029412               -0.011710001 -0.004192728 -1.1648269e-21
0.11764706               -0.010211199 -0.0060423238 3.6160584e-28
0.125               -0.0086330382 -0.0075554224 -5.0113588e-21
0.13235294               -0.0068503904 -0.008967286 -3.52668e-21
0.13970588               -0.0048268537 -0.010142464 -3.7213078e-21
0.14705882               -0.0023024863 -0.010868068 5.7733196e-28
0.15441176               -7.7276799e-05 -0.011414715 3.7285422e-22
0.16176471               0.0022712052 -0.011274787 -9.2963988e-28
0.16911765               0.0047872972 -0.010739233 8.7415161e-22
0.17647059               0.0068823862 -0.0099507799 5.1984552e-22
0.18382353               0.0088212407 -0.0085714238 -2.9636e-27
0.19117647               0.010285632 -0.0068723302 1.9905524e-21
0.19852941               0.010798661 -0.0049636591 -1.6238185e-27
0.20588235               0.011164985 -0.0033519952 1.685589e-22
0.21323529               0.011014004 -0.0020001066 1.0519134e-21
0.22058824               0.010548658 -0.0013142486 1.1933391e-21
0.22794118               0.0096663575 -0.0012847878 3.3767341e-27
0.23529412               0.0092372824 -0.0015516112 2.8557942e-22
0.24264706               0.0093524091 -0.0018243675 1.2336354e-27
0.25               0.0095561886 -0.0022541523 -3.3702552e-27
0.25735294               0.0098946296 -0.0027704699 -4.387025e-28
0.26470588               0.010569953 -0.0032645597 -2.6805999e-27
0.27205882               0.011225055 -0.0033974595 2.2574317e-22
0.27941176               0.012253401 -0.0032563907 8.2860364e-23
0.28676471               0.012869622 -0.0033652024 4.6163502e-22
0.29411765               0.013726336 -0.0033093311 1.6980661e-21
0.30147059               0.014533008 -0.0031523709 -1.167018e-27
0.30882353               0.01561454 -0.0029448026 1.3059352e-21
0.31617647               0.016298601 -0.0027371925 8.2171906e-22
0.32352941               0.017455497 -0.0024720733 -7.106525e-29
0.33088235               0.018281353 -0.0020181387 1.1865819e-21
0.33823529               0.019318152 -0.0012677026 3.6792809e-22
0.34558824               0.020091029 -0.00026243743 4.1256839e-21
0.35294118               0.020773565 0.00076961567 4.9246845e-21
0.36029412               0.021222062 0.001919083 2.988683e-21
0.36764706               0.020933656 0.0031689478 7.1565757e-21
0.375               0.020696339 0.0040624068 7.0115931e-22
0.38235294               0.020064292 0.0045430531 -3.0853345e-21
0.38970588               0.019439534 0.0045838794 2.1152712e-27
0.39705882               0.018996774 0.0039974189 7.7493694e-28
0.40441176               0.018516063 0.0034354485 1.4420666e-21
0.41176471               0.018722476 0.0028350785 2.289315e-27
0.41911765               0.019307375 0.0022562802 2.9285925e-28
0.42647059               0.019657157 0.0014399076 2.7418365e-21
0.43382353               0.020317318 0.00084566121 8.8081062e-28
0.44117647               0.02086202 0.00029831324 2.4412525e-21
0.44852941               0.021579557 8.8584896e-05 1.1672373e-21
0.45588235               0.022498168 -0.00011397188 4.4634357e-28
0.46323529               0.023169326 -0.00036475654 1.8139114e-21
0.47058824               0.024078199 -0.00055946112 2.5805361e-21
0.47794118               0.02480543 -0.00073740915 1.3630408e-21
0.48529412               0.025591328 -0.00077296862 3.9136089e-21
0.49264706               0.026689837 -0.00064103438 1.4610333e-21
0.5               0.027884814 -0.0004673893 3.1653487e-21
0.50735294               0.028905303 -9.512749e-05 2.5503782e-21
0.51470588               0.029587981 0.00050047195 1.9210528e-21
0.52205882               0.030057613 0.0012838764 2.4715614e-27
0.52941176               0.030501961 0.0019548669 -7.8951757e-28
0.53676471               0.030492551 0.0028531649 4.2700525e-21
0.54411765               0.030262293 0.0033812504 1.4029857e-27
0.55147059               0.029870311 0.003447607 4.6418585e-27
0.55882353               0.029405545 0.0034594255 3.1225367e-21
0.56617647               0.028737857 0.0025295574 -4.751734e-28
0.57352941               0.029140666 0.0019014528 4.1122967e-21
0.58088235               0.028895529 0.0011467279 2.1079042e-21
0.58823529               0.029691844 0.0004874049 2.2455474e-21
0.59558824               0.030277543 -0.00018536754 2.1841489e-27
0.60294118               0.03078455 -0.00065896918 1.7988686e-21
0.61029412               0.031493809 -0.00088557452 1.4507869e-21
0.61764706               0.032328668 -0.0012093974 -3.1237502e-21
0.625               0.033220545 -0.0012579474 4.1762645e-21
0.63235294               0.033902481 -0.0014293318 5.3587753e-22
0.63970588               0.034584623 -0.0016707767 3.0782501e-21
0.64705882               0.035571121 -0.0016323779 3.8452893e-21
0.65441176               0.036369558 -0.0015842545 6.329682e-28
0.66176471               0.037123893 -0.0012934649 3.5845136e-21
0.66911765               0.037909561 -0.00092808024 8.0873056e-22
0.67647059               0.03869795 -0.00063404077 3.3769277e-21
0.68382353               0.039279773 -2.8937545e-07 4.8430499e-21
0.69117647               0.039706479 0.00092308865 2.4968913e-21
0.69852941               0.039616209 0.0016501279 -2.5558742e-21
0.70588235               0.039696176 0.0024168319 3.5489641e-21
0.71323529               0.03919225 0.0029657745 8.4748307e-22
0.72058824               0.038681312 0.002998718 7.9545152e-22
0.72794118               0.037760754 0.0025100194 -2.1457793e-28
0.73529412               0.037599047 0.0020038476 3.5025286e-27
0.74264706               0.037518092 0.0013298905 7.5415944e-28
0.75               0.037773862 0.00090333955 1.5888426e-21
0.75735294               0.038326401 0.00021830318 2.3314612e-21
0.76470588               0.038686271 -0.00050671328 -4.4276686e-21
0.77205882               0.039293654 -0.00062560634 2.1881015e-28
0.77941176               0.039987364 -0.00090786361 2.8367846e-21
0.78676471               0.040581222 -0.0010546292 -1.142148e-21
0.79411765               0.041349789 -0.0012883192 1.4528771e-21
0.80147059               0.041894247 -0.0012628804 5.0040332e-21
0.80882353               0.042714359 -0.0012682471 1.7525343e-21
0.81617647               0.043245909 -0.0011960138 1.6529202e-21
0.82352941               0.04395616 -0.0011601253 5.0616897e-21
0.83088235               0.044630129 -0.00090617282 2.2415616e-21
0.83823529               0.045340835 -0.00046358779 2.3608608e-21
0.84558824               0.045936356 -1.2753881e-05 3.0452063e-21
0.85294118               0.046345137 0.00076173269 5.6659427e-21
0.86029412               0.046690615 0.0014403791 1.6176075e-21
0.86764706               0.046354691 0.0023603563 9.8465191e-22
0.875               0.046075727 0.0028773859 7.9661962e-22
0.88235294               0.045708814 0.0033147966 -4.396731e-21
0.88970588               0.044994154 0.0031787289 3.2908675e-21
0.89705882               0.044590493 0.0026166918 -5.6184166e-22
0.90441176               0.043951041 0.0021278074 -1.7006011e-21
0.91176471               0.044307038 0.001600876 6.1633407e-28
0.91911765               0.044785005 0.0010431848 3.0676912e-27
0.92647059               0.044865315 0.00028358938 3.9761424e-21
0.93382353               0.045505431 -0.0001529555 9.5354715e-28
0.94117647               0.045933563 -0.00042300202 2.4299706e-21
0.94852941               0.046504932 -0.00068706562 -4.1396142e-27
0.95588235               0.047135829 -0.00086651757 -3.9432694e-21
0.96323529               0.047540744 -0.0010332553 7.3556575e-29
0.97058824               0.048304985 -0.0010458099 -1.5792945e-27
0.97794118               0.048885032 -0.0010256613 1.5550581e-28
0.98529412               0.049407163 -0.00098657022 6.5689464e-21
0.99264706               0.050066972 -0.00078224782 2.8555195e-21
1.0               0.051039026 -0.00040444014 3.7661032e-21
1.0073529               0.051733308 -7.4993213e-05 2.9338598e-21
1.0147059               0.051912214 0.00061361116 1.6876002e-21
1.0220588               0.052130808 0.0014136804 3.3717428e-21
1.0294118               0.052373672 0.00187288 -1.6322847e-22
1.0367647               0.052290169 0.0027237792 5.2412268e-21
1.0441176               0.051782498 0.0031774126 7.9149208e-22
1.0514706               0.050979533 0.0032391223 4.5864748e-21
1.0588235               0.050599143 0.0033124018 2.5258104e-21
1.0661765               0.049798502 0.0025772533 4.5874455e-22
1.0735294               0.049828565 0.0020514547 1.7925356e-21
1.0808824               0.049588519 0.0014358075 -6.429492e-21
1.0882353               0.04995834 0.00080311995 1.4336828e-27
1.0955882               0.050390557 0.00021855044 5.0142755e-21
1.1029412               0.050865473 -0.00018320578 3.7565197e-21
1.1102941               0.05131661 -0.00032244751 1.5243688e-21
1.1176471               0.052011677 -0.0006364724 3.3101274e-21
1.125               0.052694458 -0.00057109802 1.080698e-21
1.1323529               0.053193691 -0.00077243021 5.5334373e-21
1.1397059               0.053760184 -0.00087577613 3.2018962e-21
1.1470588               0.054469657 -0.00082913386 -1.2115689e-27
1.1544118               0.05497442 -0.00081675026 1.0984959e-21
1.1617647               0.055612797 -0.00056679765 4.4025626e-22
1.1691176               0.056396958 -0.00019306923 5.3915842e-22
1.1764706               0.056575 8.6149769e-05 2.1851601e-21
1.1838235               0.057154794 0.00067813349 3.9794274e-21
1.1911765               0.057302805 0.0015536225 4.6947859e-21
1.1985294               0.057021634 0.0022535896 3.7476332e-27
1.2058824               0.056694435 0.0028975643 4.9115455e-21
1.2132353               0.056077619 0.0034137573 3.8509825e-21
1.2205882               0.055648301 0.0032587824 3.6650238e-21
1.2279412               0.054740548 0.0028770739 -2.6087349e-27
1.2352941               0.054286495 0.0023259957 4.953443e-23
1.2426471               0.054432721 0.0018762118 1.5289377e-27
1.25               0.054442413 0.0012057894 2.1149999e-27
1.2573529               0.054722581 0.00059340731 1.9172379e-21
1.2647059               0.055066687 2.3465882e-05 5.9004099e-23
1.2720588               0.055677002 -0.00014509109 2.0107658e-21
1.2794118               0.056352501 -0.00032103013 2.0542277e-27
1.2867647               0.056708652 -0.0005361383 5.2249617e-21
1.2941176               0.057223992 -0.00075744879 2.2148564e-21
1.3014706               0.057759821 -0.00067790496 3.5445448e-21
1.3088235               0.0584866 -0.00069022951 3.2380579e-27
1.3161765               0.058909782 -0.0006556684 2.5049662e-21
1.3235294               0.059615926 -0.00053089613 5.1115841e-21
1.3308824               0.059980744 -0.00040227995 -6.0557103e-27
1.3382353               0.06060966 -3.8182162e-05 1.9841843e-21
1.3455882               0.061060815 0.00049428316 1.0107457e-20
1.3529412               0.061406738 0.0010422207 1.5118179e-27
1.3602941               0.061637355 0.0017536155 1.0440385e-21
1.3676471               0.061022228 0.0025656837 4.5928701e-27
1.375               0.060776913 0.0029892036 4.3216164e-21
1.3823529               0.059944163 0.0032754208 1.0263781e-27
1.3897059               0.059503116 0.0032998207 2.8487544e-21
1.3970588               0.058961635 0.0027431144 1.6839267e-21
1.4044118               0.058374574 0.0023083881 -9.230236e-28
1.4117647               0.058517937 0.0017634981 -4.0113844e-27
1.4191176               0.058794227 0.0012254301 4.5780643e-21
1.4264706               0.05898388 0.00063140552 4.4926552e-21
1.4338235               0.059490001 0.00018778991 -2.0998085e-27
1.4411765               0.059891526 -0.00013970696 1.9777247e-27
1.4485294               0.060215749 -0.00042186101 3.7472012e-21
1.4558824               0.060769763 -0.00057656215 1.0069631e-27
1.4632353               0.061203546 -0.00072399421 3.1340013e-21
1.4705882               0.061844547 -0.00069861376 4.2040177e-21
1.4779412               0.062222886 -0.00088779008 2.8258992e-22
1.4852941               0.062568259 -0.00072111465 6.6694703e-21
1.4926471               0.06320757 -0.00058185894 2.0469691e-21
1.5               0.063940699 -0.00030290633 9.694539e-22
1.5073529               0.064535554 9.8579521e-05 3.6815139e-21
1.5147059               0.06477076 0.00053086072 1.3645174e-27
1.5220588               0.064823135 0.0012662093 -5.1768134e-22
1.5294118               0.064832489 0.001791522 3.4199537e-21
1.5367647               0.064565116 0.002513702 -1.0382755e-27
1.5441176               0.064150688 0.0030114026 2.1984632e-21
1.5514706               0.063538059 0.003172503 1.5124231e-21
1.5588235               0.062637454 0.0030858144 1.7006038e-22
1.5661765               0.061852322 0.002357041 -1.4919345e-21
1.5735294               0.061740248 0.0017985694 -5.3564084e-28
1.5808824               0.061500553 0.0013380104 3.4915037e-28
1.5882353               0.062122761 0.00083955943 2.2450247e-21
1.5955882               0.062389974 0.0002596181 -3.289856e-22
1.6029412               0.0627026 -0.00012954146 4.6497872e-21
1.6102941               0.063049467 -0.00032282059 1.3290582e-27
1.6176471               0.063749339 -0.00052176898 4.3384247e-21
1.625               0.064248909 -0.0006937287 3.1486626e-28
1.6323529               0.064818817 -0.00071429512 -2.5120901e-28
1.6397059               0.065352866 -0.00081222161 1.1154323e-22
1.6470588               0.065864031 -0.00082759569 2.1960248e-21
1.6544118               0.066306549 -0.00083209349 3.4912335e-21
1.6617647               0.066791657 -0.00046908064 4.1049773e-21
1.6691176               0.067404906 -0.0001428379 -2.8261518e-27
1.6764706               0.067596929 8.7734187e-05 -2.3570317e-29
1.6838235               0.067984898 0.00053183023 2.7825323e-21
1.6911765               0.068017053 0.0014251291 2.3637606e-21
1.6985294               0.067766923 0.0020839386 -3.5533792e-27
1.7058824               0.067497126 0.002657356 8.3393946e-22
1.7132353               0.066629991 0.0030902823 -3.3591809e-27
1.7205882               0.066107134 0.0030282825 1.3748943e-21
1.7279412               0.06505946 0.002604362 -3.2668545e-27
1.7352941               0.065065044 0.0022132322 6.5934692e-21
1.7426471               0.06489597 0.0016645656 4.3370337e-28
1.75               0.064719109 0.001130333 -2.8093484e-27
1.7573529               0.065195855 0.00062941982 1.6867631e-21
1.7647059               0.065359057 8.1466833e-05 1.3245554e-21
1.7720588               0.065703653 -0.00019518093 4.2847431e-22
1.7794118               0.066407369 -0.00032350641 -4.091317e-28
1.7867647               0.066774458 -0.00051508809 8.5315533e-28
1.7941176               0.067222893 -0.00062822776 -2.9283674e-27
1.8014706               0.067749508 -0.00062502383 -3.7546295e-21
1.8088235               0.06834241 -0.00064411971 3.004198e-21
1.8161765               0.068632589 -0.00067436156 4.937227e-21
1.8235294               0.06925124 -0.0006985096 3.9619109e-21
1.8308824               0.06960822 -0.00044553689 2.8710952e-21
1.8382353               0.070065027 -2.6286244e-05 -2.064304e-21
1.8455882               0.07044617 0.00043482617 2.0952906e-21
1.8529412               0.070711159 0.00087175916 7.5043087e-22
1.8602941               0.070717314 0.001662039 -1.7388137e-27
1.8676471               0.070273925 0.0023740286 2.0504465e-21
1.875               0.069939558 0.0029334981 3.7547416e-21
1.8823529               0.069285072 0.0031450665 5.1136953e-22
1.8897059               0.068659335 0.0030757934 7.0284174e-28
1.8970588               0.067944464 0.0025510942 -1.8026913e-27
1.9044118               0.067350872 0.0021263662 -1.6322463e-27
1.9117647               0.067533217 0.0016706597 1.5655528e-27
1.9191176               0.067761991 0.0011610042 -2.2172649e-27
1.9264706               0.067876325 0.00045289918 -2.5266115e-27
1.9338235               0.068273392 8.2343081e-05 1.5153414e-28
1.9411765               0.068628741 -0.00014370759 -2.097019e-27
1.9485294               0.068928716 -0.00043202324 -3.1533356e-29
1.9558824               0.069482063 -0.0006555489 -3.3868369e-27
1.9632353               0.069856829 -0.00071065873 2.3244562e-21
1.9705882               0.070308993 -0.00080213576 1.9659254e-21
1.9779412               0.070731923 -0.00080664223 1.2302037e-21
1.9852941               0.071070309 -0.00070341135 2.400101e-21
1.9926471               0.071598125 -0.00051618796 5.2645919e-21
