t               Ux1 Uy1 Uz1
0.0073529412               0.015578052 0.01881018 2.646238e-26
0.014705882               0.021251614 0.0208868 2.2557757e-26
0.022058824               0.027449811 0.021747085 2.0936698e-26
0.029411765               0.032853086 0.021423903 2.2494682e-26
0.036764706               0.038162547 0.018498593 2.0530265e-26
0.044117647               0.04091515 0.015852051 1.7679582e-26
0.051470588               0.044872769 0.010934409 1.6948672e-26
0.058823529               0.048410779 0.0061871663 2.7324452e-27
0.066176471               0.052729387 0.0014062967 8.2314069e-27
0.073529412               0.056290116 -0.003034408 7.5547938e-27
0.080882353               0.060822192 -0.0061565267 8.8387651e-27
0.088235294               0.064322381 -0.0082251701 6.2897314e-27
0.095588235               0.068125842 -0.0091683676 8.7544543e-27
0.10294118               0.071351003 -0.0092993549 1.0480428e-26
0.11029412               0.074168715 -0.0084823302 9.9752982e-27
0.11764706               0.075623651 -0.0077867797 1.0909065e-26
0.125               0.077581867 -0.006167198 1.2769122e-26
0.13235294               0.07942651 -0.0042635415 1.191464e-26
0.13970588               0.080763332 -0.0023628189 1.4468535e-26
0.14705882               0.081489488 -0.0005733162 1.6040745e-26
0.15441176               0.082242701 0.0016058304 1.3415617e-26
0.16176471               0.082717826 0.0039278351 1.4999813e-26
0.16911765               0.082891696 0.0059336468 1.5451254e-26
0.17647059               0.082768017 0.0078559605 1.5531304e-26
0.18382353               0.082339487 0.0098059188 1.8430648e-26
0.19117647               0.081741806 0.011188904 2.1093415e-26
0.19852941               0.081222809 0.011659715 1.5260691e-26
0.20588235               0.080614153 0.010445054 2.2000863e-26
0.21323529               0.078970487 0.0090725565 1.373832e-26
0.22058824               0.079525219 0.0063641903 1.4636546e-26
0.22794118               0.079376758 0.0026854894 1.1250003e-26
0.23529412               0.080738953 -0.00045308137 7.3584367e-27
0.24264706               0.081372907 -0.0039489527 5.214927e-27
0.25               0.084149619 -0.0057314456 8.9382912e-27
0.25735294               0.08538334 -0.0072116555 8.8141396e-27
0.26470588               0.087015272 -0.0076238823 9.1741925e-27
0.27205882               0.087993212 -0.0073647328 1.0189078e-26
0.27941176               0.088809742 -0.0069076721 8.5897204e-27
0.28676471               0.088834458 -0.0061578998 1.1339905e-26
0.29411765               0.089561604 -0.0046937546 1.1185286e-26
0.30147059               0.090042419 -0.0029047415 1.1765903e-26
0.30882353               0.090479116 -0.0012546901 1.0538947e-26
0.31617647               0.090579108 0.00026644211 1.2820107e-26
0.32352941               0.090349099 0.0021125105 7.3951016e-27
0.33088235               0.090140365 0.0040402121 1.5886412e-26
0.33823529               0.089466339 0.0063393566 1.8965289e-26
0.34558824               0.088833217 0.007812286 1.4206584e-26
0.35294118               0.087820808 0.009606732 1.7393379e-26
0.36029412               0.086275351 0.010914228 1.5649335e-26
0.36764706               0.08587554 0.010681002 1.3478009e-26
0.375               0.084260453 0.0097884994 1.3875996e-26
0.38235294               0.083365621 0.0075568139 9.2726613e-27
0.38970588               0.082768117 0.0049507126 9.5548577e-27
0.39705882               0.08338793 0.0014325714 6.8300367e-27
0.40441176               0.084256699 -0.0017166443 6.8618354e-27
0.41176471               0.08467968 -0.0045041501 6.5244093e-27
0.41911765               0.086094586 -0.0064121547 6.2399938e-27
0.42647059               0.087504847 -0.0073786175 1.2831074e-26
0.43382353               0.089240949 -0.0075557995 9.1999889e-27
0.44117647               0.089898116 -0.0071574514 1.0467923e-26
0.44852941               0.090435826 -0.0067071976 8.8090784e-27
0.45588235               0.090699964 -0.0052882627 8.7015696e-27
0.46323529               0.091182297 -0.003981098 1.0056014e-26
0.47058824               0.091410359 -0.0024356098 1.2208304e-26
0.47794118               0.091486302 -0.00089437897 1.1489342e-26
0.48529412               0.091341973 0.00088222652 8.9086666e-27
0.49264706               0.091219527 0.0028384394 1.3334463e-26
0.5               0.090888072 0.0048520826 1.3560736e-26
0.50735294               0.090551332 0.0065798217 1.3730403e-26
0.51470588               0.089138034 0.0083272104 1.9097108e-26
0.52205882               0.088402687 0.009911779 1.1623723e-26
0.52941176               0.087089541 0.010853017 1.6589049e-26
0.53676471               0.086207641 0.010133105 1.5724846e-26
0.54411765               0.084533815 0.0092892674 1.053187e-26
0.55147059               0.083986278 0.0066724291 1.2751022e-26
0.55882353               0.083758031 0.0036619953 6.4810234e-27
0.56617647               0.084171036 0.00053403966 7.7218444e-27
0.57352941               0.084518045 -0.0028496278 6.4339059e-27
0.58088235               0.08593881 -0.0052101037 8.1276461e-27
0.58823529               0.086781171 -0.0068544293 4.8251677e-27
0.59558824               0.088412327 -0.0075938188 1.075288e-26
0.60294118               0.089526046 -0.0075152748 9.7828479e-27
0.61029412               0.090229892 -0.0070275519 9.5884071e-27
0.61764706               0.090431833 -0.0065640619 1.0536823e-26
0.625               0.091013867 -0.0051691899 9.1745077e-27
0.63235294               0.09163697 -0.0035147174 9.361658e-27
0.63970588               0.091574297 -0.0019647575 1.2655861e-26
0.64705882               0.091643163 -0.00040159987 1.0597666e-26
0.65441176               0.091403018 0.0015862106 1.1597266e-26
0.66176471               0.091119245 0.0035829155 1.332205e-26
0.66911765               0.090725442 0.0053562565 1.2085801e-26
0.67647059               0.090022564 0.0073071349 1.727089e-26
0.68382353               0.088655589 0.0091629229 1.3009558e-26
0.69117647               0.087748793 0.010592145 1.8022846e-26
0.69852941               0.086925323 0.010986458 1.2366969e-26
0.70588235               0.085553676 0.010040506 1.9484412e-26
0.71323529               0.083832682 0.008679958 1.0980037e-26
0.72058824               0.083903019 0.006080448 1.0595676e-26
0.72794118               0.083366432 0.0026036895 6.451784e-27
0.73529412               0.084283288 -0.00043300271 6.7043112e-27
0.74264706               0.084772171 -0.0035734848 4.266659e-27
0.75               0.086441906 -0.0057682739 7.687582e-27
0.75735294               0.087736851 -0.0070861171 7.6776383e-27
0.76470588               0.089285333 -0.0073683045 8.1065767e-27
0.77205882               0.090096027 -0.0071447784 1.1424243e-26
0.77941176               0.090883886 -0.0067647134 9.8532317e-27
0.78676471               0.090781779 -0.0061480046 1.0044248e-26
0.79411765               0.091163761 -0.0048068253 6.727635e-27
0.80147059               0.09156876 -0.0029564539 1.0593197e-26
0.80882353               0.091896935 -0.0012242916 1.2576683e-26
0.81617647               0.091653536 0.00024651056 1.0385176e-26
0.82352941               0.091517627 0.0021611766 1.2850021e-26
0.83088235               0.091208807 0.0039956721 1.4480028e-26
0.83823529               0.090525745 0.0061786548 1.4730905e-26
0.84558824               0.08965687 0.007801281 1.8226457e-26
0.85294118               0.088698875 0.0094596688 1.5128917e-26
0.86029412               0.087185899 0.010825652 1.2320898e-26
0.86764706               0.086907136 0.010555316 1.6680717e-26
0.875               0.084901519 0.0097973256 1.4395751e-26
0.88235294               0.083923547 0.0078105915 1.6288303e-26
0.88970588               0.083676869 0.0051051992 6.8013831e-27
0.89705882               0.083565203 0.0016433837 7.1635765e-27
0.90441176               0.084462425 -0.0016363818 7.8927341e-27
0.91176471               0.08487718 -0.0044660336 4.630073e-27
0.91911765               0.086368518 -0.0063547546 7.6887366e-27
0.92647059               0.087843684 -0.007304772 8.7505506e-27
0.93382353               0.089574069 -0.00754165 5.6142195e-27
0.94117647               0.089829213 -0.0072135755 9.2199311e-27
0.94852941               0.090553742 -0.0067055352 1.1384873e-26
0.95588235               0.091007436 -0.0054432891 9.4033643e-27
0.96323529               0.091418094 -0.0040908994 1.1210324e-26
0.97058824               0.09155414 -0.0024740567 1.2990916e-26
0.97794118               0.091490342 -0.0010273669 1.1790464e-26
0.98529412               0.091652505 0.0008395839 1.2972311e-26
0.99264706               0.091025111 0.0029972863 1.2830245e-26
1.0               0.09077447 0.0048267869 2.0446411e-26
1.0073529               0.090275424 0.0068792212 1.5912022e-26
1.0147059               0.089382598 0.0082568666 1.6571709e-26
1.0220588               0.088237473 0.0099408073 1.5800575e-26
1.0294118               0.08706595 0.010955327 1.5460589e-26
1.0367647               0.08625146 0.010302107 1.7407394e-26
1.0441176               0.084414612 0.0094399138 1.8076562e-26
1.0514706               0.083944471 0.0068082696 9.5011668e-27
1.0588235               0.083462082 0.0039025497 8.3945824e-27
1.0661765               0.084145513 0.00065328917 7.8600028e-27
1.0735294               0.084301673 -0.0026793828 5.1891148e-27
1.0808824               0.08598333 -0.0050929971 7.7268897e-27
1.0882353               0.086841397 -0.0066865769 7.504804e-27
1.0955882               0.088312564 -0.007504958 4.5972464e-27
1.1029412               0.089359992 -0.0075887014 8.9859663e-27
1.1102941               0.090442085 -0.0069928495 1.0370483e-26
1.1176471               0.0903467 -0.0064649398 9.2353384e-27
1.125               0.090800434 -0.0051256515 1.04504e-26
1.1323529               0.091506113 -0.003426859 1.1678346e-26
1.1397059               0.091683089 -0.0018061686 9.0033278e-27
1.1470588               0.091556203 -0.00026830682 1.3137449e-26
1.1544118               0.091377127 0.0015823985 1.2991144e-26
1.1617647               0.091072233 0.0036924348 1.0804037e-26
1.1691176               0.090637003 0.0055196657 1.4689251e-26
1.1764706               0.089888927 0.0074180657 1.4386366e-26
1.1838235               0.088688645 0.009330614 2.3274118e-26
1.1911765               0.087618039 0.010620996 1.7780788e-26
1.1985294               0.086806485 0.011002145 1.4140242e-26
1.2058824               0.085739117 0.010026737 1.0806859e-26
1.2132353               0.083600278 0.0086889392 1.3187463e-26
1.2205882               0.083888768 0.0060920313 1.3569143e-26
1.2279412               0.083312983 0.0025708601 7.9770298e-27
1.2352941               0.084199069 -0.00052262428 7.0069027e-27
1.2426471               0.084758869 -0.0037283508 3.3681258e-27
1.25               0.086880399 -0.0055976676 6.9083198e-27
1.2573529               0.087747739 -0.0070734959 6.1484206e-27
1.2647059               0.089256796 -0.0074230234 8.9356038e-27
1.2720588               0.090050399 -0.0072396574 1.0702686e-26
1.2794118               0.090676418 -0.0068155058 1.096711e-26
1.2867647               0.090596403 -0.0061481174 8.0536931e-27
1.2941176               0.09110874 -0.004712322 1.0230571e-26
1.3014706               0.091456183 -0.002875562 1.0807158e-26
1.3088235               0.091709244 -0.0012641658 8.0005285e-27
1.3161765               0.091651606 0.00026000708 9.301297e-27
1.3235294               0.091362939 0.0021899433 1.2508036e-26
1.3308824               0.09102236 0.0040391361 1.2645225e-26
1.3382353               0.090302441 0.0062000054 1.5451517e-26
1.3455882               0.089544707 0.0077542136 1.3387215e-26
1.3529412               0.088396247 0.0094946129 1.9136788e-26
1.3602941               0.086737383 0.010951347 1.5912754e-26
1.3676471               0.086414911 0.010582298 1.2735723e-26
1.375               0.084706274 0.0097856253 1.5516158e-26
1.3823529               0.083862138 0.0076799902 1.3528333e-26
1.3897059               0.083112369 0.0051243102 8.5304769e-27
1.3970588               0.083755984 0.0015869569 5.11237e-27
1.4044118               0.084548693 -0.0016187673 6.7098742e-27
1.4117647               0.08500966 -0.0044206749 6.8860527e-27
1.4191176               0.086339745 -0.0062935716 7.3471492e-27
1.4264706               0.087886211 -0.007378241 7.685485e-27
1.4338235               0.08942864 -0.0075020868 8.8506917e-27
1.4411765               0.090052428 -0.0071109495 8.2959283e-27
1.4485294               0.090466342 -0.0067039798 8.9540945e-27
1.4558824               0.090830534 -0.0052672577 9.3885261e-27
1.4632353               0.091253171 -0.0040711769 1.2054484e-26
1.4705882               0.091446129 -0.0023713019 1.0687783e-26
1.4779412               0.091421759 -0.00086613649 1.2347205e-26
1.4852941               0.091342712 0.00087301484 1.2532294e-26
1.4926471               0.091051763 0.0028978531 1.2008046e-26
1.5               0.090729128 0.0048825264 1.5049654e-26
1.5073529               0.090206193 0.0068520782 1.534115e-26
1.5147059               0.089087632 0.0084274319 1.7658248e-26
1.5220588               0.088222801 0.010000019 1.7632712e-26
1.5294118               0.086902719 0.011057973 1.9330861e-26
1.5367647               0.086099421 0.010101699 8.198685e-27
1.5441176               0.084547747 0.0093177237 1.4189422e-26
1.5514706               0.083903616 0.0067184536 1.1142076e-26
1.5588235               0.083442369 0.0037166791 1.0257266e-26
1.5661765               0.084078615 0.0005459978 6.3210007e-27
1.5735294               0.084579417 -0.0028180532 4.3440246e-27
1.5808824               0.08593764 -0.0051990631 5.1015767e-27
1.5882353               0.086646802 -0.0068229846 8.7713909e-27
1.5955882               0.088283729 -0.0076371312 9.0775351e-27
1.6029412               0.089508698 -0.0075041196 9.7507989e-27
1.6102941               0.090253787 -0.0070245107 9.9335472e-27
1.6176471               0.090360673 -0.006535318 9.9896758e-27
1.625               0.090891004 -0.0052552621 8.9979759e-27
1.6323529               0.091549022 -0.0036005427 1.3295318e-26
1.6397059               0.091410474 -0.0019871224 9.5935988e-27
1.6470588               0.09159239 -0.00048296921 1.3402255e-26
1.6544118               0.091278064 0.0014982566 1.4260861e-26
1.6617647               0.090947473 0.0035909703 1.2945577e-26
1.6691176               0.090593704 0.0053274848 1.4614548e-26
1.6764706               0.089972196 0.0072161739 1.1258943e-26
1.6838235               0.08861052 0.0090701242 2.2366927e-26
1.6911765               0.087699146 0.010469653 1.8900149e-26
1.6985294               0.086736506 0.011031137 2.0177211e-26
1.7058824               0.085688588 0.010024963 1.5343073e-26
1.7132353               0.08370218 0.0087744426 1.6449647e-26
1.7205882               0.083714579 0.0061156437 1.1335866e-26
1.7279412               0.083129503 0.0026594201 9.5452755e-27
1.7352941               0.084174933 -0.00045374229 5.5179488e-27
1.7426471               0.084673452 -0.003571773 7.2675078e-27
1.75               0.086138317 -0.0057863381 7.6144337e-27
1.7573529               0.08749379 -0.0070822683 9.0771431e-27
1.7647059               0.089073896 -0.0073605045 7.9012832e-27
1.7720588               0.09000612 -0.0071171027 6.9155363e-27
1.7794118               0.09072025 -0.0067782795 9.2498747e-27
1.7867647               0.090489261 -0.0062086235 1.0002434e-26
1.7941176               0.091043498 -0.0049001812 1.1183456e-26
1.8014706               0.091493602 -0.0029308328 9.2886131e-27
1.8088235               0.091662681 -0.0011668131 1.0401036e-26
1.8161765               0.091582109 0.0002350852 1.0703028e-26
1.8235294               0.091369912 0.002064102 1.1998574e-26
1.8308824               0.090963757 0.0040136208 1.6067151e-26
1.8382353               0.090459022 0.0060652419 1.0538889e-26
1.8455882               0.08952455 0.0077725837 1.3959054e-26
1.8529412               0.088540889 0.0094683298 1.4642047e-26
1.8602941               0.086961575 0.010864215 1.987836e-26
1.8676471               0.086766205 0.010547275 1.3166339e-26
1.875               0.084842403 0.0097783518 1.1355928e-26
1.8823529               0.083807483 0.0078461307 1.1647971e-26
1.8897059               0.083477264 0.0053020997 1.1558013e-26
1.8970588               0.083363517 0.0017976484 6.4629193e-27
1.9044118               0.08429339 -0.0014113868 -3.0993428e-21
1.9117647               0.084652765 -0.0044955165 4.619503e-27
1.9191176               0.086138596 -0.0063755207 5.4351328e-27
1.9264706               0.087663977 -0.007298497 8.5395397e-27
1.9338235               0.08944155 -0.0075570815 8.1347926e-27
1.9411765               0.089685255 -0.0071383327 8.9957253e-27
1.9485294               0.090345482 -0.0067054704 1.0624123e-26
1.9558824               0.090890872 -0.0054513175 9.2169689e-27
1.9632353               0.091240794 -0.0041206786 1.3160323e-26
1.9705882               0.091431517 -0.0025508185 1.0246099e-26
1.9779412               0.091395216 -0.00096076249 1.2009853e-26
1.9852941               0.091558111 0.00074417927 1.7028658e-26
1.9926471               0.0909747 0.0029179992 9.8921766e-27
