t               Ux1 Uy1 Uz1
0.0073529412               0.0057648146 0.010427873 3.2010494e-29
0.014705882               0.0048561333 0.012978113 -5.3803251e-21
0.022058824               0.0028683023 0.014954356 3.9089686e-27
0.029411765               0.00036312478 0.015861989 -9.9203789e-28
0.036764706               -0.0028189667 0.016613517 7.7849989e-28
0.044117647               -0.0060588189 0.016095039 4.1061785e-27
0.051470588               -0.0091824271 0.014469643 8.8238742e-28
0.058823529               -0.01135431 0.012460602 -4.3795262e-21
0.066176471               -0.01357048 0.0093265547 8.149879e-28
0.073529412               -0.013989378 0.0065955406 -1.2541387e-27
0.080882353               -0.014397134 0.0042356008 1.6005548e-27
0.088235294               -0.014358271 0.0016680382 2.3651579e-27
0.095588235               -0.014014582 -0.00065117352 -2.6325187e-21
0.10294118               -0.013244057 -0.0024980617 1.9554618e-27
0.11029412               -0.012275119 -0.004160068 -8.8243447e-22
0.11764706               -0.010947057 -0.0060849164 3.5601565e-28
0.125               -0.0094966207 -0.0076652393 -5.5203902e-21
0.13235294               -0.007833069 -0.0091661412 -3.5885828e-21
0.13970588               -0.0058638318 -0.010468756 -3.4093427e-21
0.14705882               -0.0033789297 -0.011282721 5.791986e-28
0.15441176               -0.0011676413 -0.011889872 3.0714019e-22
0.16176471               0.0011755904 -0.011806223 -9.741859e-28
0.16911765               0.0037321896 -0.01131277 7.655131e-22
0.17647059               0.0058604362 -0.010553797 -5.6896744e-27
0.18382353               0.007849994 -0.0091533209 -3.1291081e-27
0.19117647               0.0093482355 -0.0074512528 1.506674e-21
0.19852941               0.0099138909 -0.0055041413 -1.5885861e-27
0.20588235               0.010320131 -0.0038453028 6.1059115e-22
0.21323529               0.010180164 -0.0024146849 7.0159347e-22
0.22058824               0.0097223216 -0.0016591493 3.0144859e-22
0.22794118               0.0088418494 -0.0015372879 3.4057105e-27
0.23529412               0.0083757784 -0.0017191233 2.5320829e-22
0.24264706               0.0084507782 -0.0018912183 1.2928814e-27
0.25               0.0086052809 -0.0022447407 -3.3997121e-27
0.25735294               0.0088389598 -0.0026941115 -3.7954788e-28
0.26470588               0.0094145351 -0.003132846 -2.6452594e-27
0.27205882               0.0099581453 -0.0032286629 5.1737332e-22
0.27941176               0.010875502 -0.0030406785 -1.6128166e-27
0.28676471               0.011388813 -0.0031148349 2.0543764e-23
0.29411765               0.012142089 -0.0030316931 1.1829784e-21
0.30147059               0.012836564 -0.0028742303 -1.1277678e-27
0.30882353               0.013827715 -0.0026746097 8.0437242e-23
0.31617647               0.014436067 -0.0024645741 9.7991927e-23
0.32352941               0.0155067 -0.0022056755 -5.789815e-29
0.33088235               0.016283828 -0.0017758668 -9.5525367e-28
0.33823529               0.017258236 -0.0010630329 2.9807151e-28
0.34558824               0.018000956 -7.465252e-05 2.4593918e-21
0.35294118               0.018649925 0.00094908384 2.9404123e-21
0.36029412               0.019088924 0.0020547846 2.6132543e-21
0.36764706               0.018802639 0.0032936625 7.3834285e-21
0.375               0.018564729 0.0041814208 8.8211542e-22
0.38235294               0.017940266 0.0046606852 -3.6808717e-21
0.38970588               0.01732875 0.0047425247 2.1314973e-27
0.39705882               0.016882868 0.0042015468 8.1167989e-28
0.40441176               0.016380845 0.0036708596 6.923785e-22
0.41176471               0.016543995 0.0031133761 2.292403e-27
0.41911765               0.017062583 0.0025851438 2.0502506e-28
0.42647059               0.017339411 0.0018201283 1.0810004e-21
0.43382353               0.017914732 0.0012498266 8.9091625e-28
0.44117647               0.018360009 0.00071221247 1.5311865e-21
0.44852941               0.018990419 0.00049327144 1.1898144e-21
0.45588235               0.019814546 0.00027375219 4.8851564e-28
0.46323529               0.02040652 -2.230617e-05 3.2101185e-21
0.47058824               0.021252253 -0.00025972726 1.2245977e-21
0.47794118               0.021923896 -0.00047384631 1.3186391e-21
0.48529412               0.022665598 -0.00056290508 3.6501242e-21
0.49264706               0.023732516 -0.00050544304 1.5050786e-21
0.5               0.024894576 -0.00038032766 3.3550844e-21
0.50735294               0.025927997 -8.7306096e-05 2.7420483e-21
0.51470588               0.02663265 0.00044832779 6.5787552e-23
0.52205882               0.027120081 0.001183529 2.4592032e-27
0.52941176               0.027622802 0.0017893135 -8.4708661e-28
0.53676471               0.027664182 0.0026789828 3.8034854e-21
0.54411765               0.02748871 0.0031819047 1.4208216e-27
0.55147059               0.027152299 0.0032476644 4.6536036e-27
0.55882353               0.026756419 0.0032635361 2.90622e-21
0.56617647               0.02613304 0.0023730088 -5.2735418e-28
0.57352941               0.026555471 0.001791268 3.4056786e-21
0.58088235               0.026316148 0.001085484 2.0873958e-21
0.58823529               0.027082471 0.00044139516 9.9795013e-22
0.59558824               0.02761307 -0.00021115428 2.1930201e-27
0.60294118               0.028084481 -0.00067139208 1.9593386e-21
0.61029412               0.028736429 -0.00088567429 -1.2168069e-27
0.61764706               0.029524194 -0.0012122741 -3.5818112e-21
0.625               0.030365528 -0.0012725491 3.3909245e-21
0.63235294               0.031009586 -0.0014392742 4.9861751e-22
0.63970588               0.03166305 -0.0017189781 2.4032832e-21
0.64705882               0.032625628 -0.0016969766 3.2603934e-21
0.65441176               0.0334049 -0.0016973173 6.0338769e-28
0.66176471               0.034158933 -0.0014290646 3.4429171e-21
0.66911765               0.034939974 -0.0010925414 6.9119165e-22
0.67647059               0.035736807 -0.00079562579 2.1026674e-21
0.68382353               0.03633932 -0.00023484914 4.9606752e-21
0.69117647               0.036791459 0.00068732795 2.3687814e-21
0.69852941               0.036741241 0.0013909433 -3.5243847e-21
0.70588235               0.03687884 0.0021326224 4.1865366e-21
0.71323529               0.036442345 0.0026948298 1.3790388e-21
0.72058824               0.035987265 0.00273499 4.7349084e-22
0.72794118               0.035131452 0.0022947947 -2.4006446e-28
0.73529412               0.034999839 0.0018351536 3.3808155e-27
0.74264706               0.034917741 0.0012224128 7.6679713e-28
0.75               0.035162315 0.00085103618 8.3297033e-22
0.75735294               0.035677202 0.0002190934 1.6402487e-21
0.76470588               0.035995014 -0.00047214798 -3.7027905e-21
0.77205882               0.036546829 -0.00057956497 2.5183338e-28
0.77941176               0.037188975 -0.00085815376 2.5974333e-21
0.78676471               0.0377393 -0.00097993891 -1.7055932e-21
0.79411765               0.038453532 -0.0012168333 6.7311779e-22
0.80147059               0.038959994 -0.0012009617 3.8044731e-21
0.80882353               0.039745849 -0.0012099354 1.3837386e-21
0.81617647               0.040263941 -0.0011367401 1.6228238e-21
0.82352941               0.040949283 -0.0011379017 3.9569174e-21
0.83088235               0.04162095 -0.00088440494 2.213909e-21
0.83823529               0.042323796 -0.00048955881 3.0268786e-21
0.84558824               0.042936746 -5.8364643e-05 2.286003e-21
0.85294118               0.04335016 0.00068487074 5.1080777e-21
0.86029412               0.043733888 0.0013505942 1.2488536e-21
0.86764706               0.043467712 0.0022412723 1.3669747e-21
0.875               0.043261091 0.002735479 2.0042092e-22
0.88235294               0.042954016 0.0031736901 -4.6915656e-21
0.88970588               0.04231134 0.0030812725 1.6121635e-21
0.89705882               0.041951467 0.0025463628 -8.4416409e-22
0.90441176               0.041342948 0.0020988734 -1.5713215e-21
0.91176471               0.041699198 0.0016209244 5.8211369e-28
0.91911765               0.042155888 0.0011158922 2.9740769e-27
0.92647059               0.042206857 0.00037850633 4.6611677e-21
0.93382353               0.042798443 -3.6942543e-05 9.8269839e-28
0.94117647               0.043172446 -0.00029624891 2.7974191e-21
0.94852941               0.043698942 -0.00053252236 -4.1430356e-27
0.95588235               0.044296766 -0.00072183749 -3.7966881e-21
0.96323529               0.044666491 -0.00090630963 1.1365305e-28
0.97058824               0.045401966 -0.00091239086 -1.5883686e-27
0.97794118               0.045956357 -0.00089065645 2.0643197e-28
0.98529412               0.046461284 -0.00085719699 4.7677625e-21
0.99264706               0.047116407 -0.00069297562 2.067468e-21
1.0               0.048079666 -0.00033375268 3.0313476e-21
1.0073529               0.048789752 -4.2077346e-05 3.3412874e-21
1.0147059               0.048986154 0.00060077949 1.9193607e-21
1.0220588               0.049236946 0.0013635622 3.3026596e-21
1.0294118               0.049527374 0.0017979579 -1.0291135e-27
1.0367647               0.049489212 0.0026382418 3.7504105e-21
1.0441176               0.049056499 0.0030592398 4.8754572e-22
1.0514706               0.048326163 0.0031212397 4.5127821e-21
1.0588235               0.048015809 0.0032176509 1.4264741e-21
1.0661765               0.047256492 0.0025150626 4.6237602e-22
1.0735294               0.047321347 0.0020460006 1.7713529e-21
1.0808824               0.047102481 0.0014835399 -3.5008475e-21
1.0882353               0.047438455 0.00088588263 1.4741598e-27
1.0955882               0.047807908 0.00033072206 4.3920769e-21
1.1029412               0.048242518 -4.399785e-05 2.6367147e-21
1.1102941               0.048640914 -0.0001852962 1.2788289e-21
1.1176471               0.049293319 -0.00049888291 3.9444066e-21
1.125               0.0499395 -0.00044296793 1.6752021e-21
1.1323529               0.05041001 -0.00064174968 3.8563965e-21
1.1397059               0.050949967 -0.00071411047 4.0245202e-21
1.1470588               0.051634717 -0.0007202577 -1.2026819e-27
1.1544118               0.052133261 -0.00072119626 2.4708504e-23
1.1617647               0.052763725 -0.00049740409 -1.2239139e-27
1.1691176               0.053549528 -0.00017473695 1.0726455e-21
1.1764706               0.053748671 8.0565997e-05 1.5375065e-21
1.1838235               0.054345512 0.00063267596 4.201799e-21
1.1911765               0.054537673 0.001462132 4.1362261e-21
1.1985294               0.05432015 0.0021298038 3.7651352e-27
1.2058824               0.054059747 0.0027453798 4.6383512e-21
1.2132353               0.053501209 0.0032762172 4.1458706e-21
1.2205882               0.053148505 0.0031280276 3.5618386e-21
1.2279412               0.052301551 0.0027829754 -2.6154817e-27
1.2352941               0.051876423 0.0022639555 3.079446e-22
1.2426471               0.052031447 0.0018597154 1.5081544e-27
1.25               0.05203443 0.0012370408 2.2226021e-27
1.2573529               0.052277633 0.000669601 1.5328376e-21
1.2647059               0.052571095 0.00011540336 9.4231736e-22
1.2720588               0.05313266 -3.4741181e-05 1.9730862e-21
1.2794118               0.053762631 -0.00018456215 2.1611236e-27
1.2867647               0.054083748 -0.00040937035 5.0425472e-21
1.2941176               0.054554131 -0.00063574121 1.828435e-21
1.3014706               0.055058602 -0.00057542079 3.1199731e-21
1.3088235               0.05576496 -0.00059390421 3.2950001e-27
1.3161765               0.056168304 -0.00057836672 2.0309924e-21
1.3235294               0.056868463 -0.00046799701 4.7903942e-21
1.3308824               0.057229171 -0.00035636423 -6.0812796e-27
1.3382353               0.057890316 -4.0339007e-05 1.7061195e-21
1.3455882               0.058342633 0.0004642104 1.0134979e-20
1.3529412               0.058704779 0.00098857277 1.4637673e-27
1.3602941               0.058979412 0.0016537154 4.0660327e-22
1.3676471               0.058435847 0.0024417993 4.6351187e-27
1.375               0.058255036 0.002843549 3.5139842e-21
1.3823529               0.057486643 0.0031250988 1.1385528e-27
1.3897059               0.057112917 0.0031570132 2.470257e-21
1.3970588               0.056628178 0.0026563263 1.7709033e-21
1.4044118               0.056051003 0.002265939 -8.4633427e-28
1.4117647               0.056208404 0.0017680876 -3.993858e-27
1.4191176               0.056450736 0.0012785671 4.6779484e-21
1.4264706               0.056594434 0.00072519157 4.1281309e-21
1.4338235               0.057050108 0.00030184791 -2.0820905e-27
1.4411765               0.057410354 -2.5294709e-05 2.0495088e-27
1.4485294               0.05768917 -0.00029227002 4.0003852e-21
1.4558824               0.058201245 -0.00044593238 1.0217645e-27
1.4632353               0.058594694 -0.00059604699 2.5608534e-21
1.4705882               0.059216212 -0.00060481947 3.8451738e-21
1.4779412               0.059572059 -0.00079930978 1.1367687e-22
1.4852941               0.059914743 -0.00065792741 6.3228279e-21
1.4926471               0.060550898 -0.00053552361 1.3295473e-21
1.5               0.061288252 -0.00029328555 2.2584618e-22
1.5073529               0.061879378 7.4908502e-05 3.3471871e-21
1.5147059               0.062134216 0.00048954406 1.4283617e-27
1.5220588               0.062214696 0.0011878729 -4.0623356e-22
1.5294118               0.062289364 0.0016822815 3.1988723e-21
1.5367647               0.062081799 0.002383807 -9.9580116e-28
1.5441176               0.061726479 0.002872327 1.2506365e-21
1.5514706               0.06119649 0.0030282719 8.1457306e-22
1.5588235               0.060352627 0.0029803768 9.0554599e-24
1.5661765               0.059600414 0.0022898988 -1.7344318e-21
1.5735294               0.059515849 0.0017782573 -5.5056821e-28
1.5808824               0.059255438 0.0013515415 3.9608649e-28
1.5882353               0.059839698 0.00090481694 1.43963e-21
1.5955882               0.060057486 0.00034766961 -1.5615217e-27
1.6029412               0.060329894 -2.2945148e-05 4.5222395e-21
1.6102941               0.060631289 -0.00022626954 1.3687747e-27
1.6176471               0.061281668 -0.00042041865 4.4303215e-21
1.625               0.061748634 -0.00059415304 3.6199824e-28
1.6323529               0.0622874 -0.00061460707 -2.3665645e-28
1.6397059               0.062801572 -0.00072189863 3.2703427e-22
1.6470588               0.063301941 -0.0007626175 3.3818896e-21
1.6544118               0.063731294 -0.0007725532 3.0476419e-21
1.6617647               0.064216259 -0.00043519597 3.1762037e-21
1.6691176               0.064830003 -0.00013469241 -2.7852015e-27
1.6764706               0.065042437 6.1633917e-05 2.9720782e-29
1.6838235               0.065446168 0.00047741197 2.4319296e-21
1.6911765               0.06551826 0.0013242363 1.7000325e-21
1.6985294               0.065312896 0.0019501759 -3.5649494e-27
1.7058824               0.065120436 0.0025188231 -1.914535e-27
1.7132353               0.06432288 0.0029512649 -3.2662461e-27
1.7205882               0.063868364 0.0028924089 1.4642037e-21
1.7279412               0.06287534 0.0025029825 -3.1603883e-27
1.7352941               0.062892738 0.0021686886 6.0769895e-21
1.7426471               0.062740227 0.0016433181 4.2592574e-28
1.75               0.062553689 0.0011439587 -2.7486405e-27
1.7573529               0.062997513 0.00069616942 2.3482744e-21
1.7647059               0.063099994 0.00018056655 1.3862242e-21
1.7720588               0.063394071 -9.6120719e-05 -1.1671459e-21
1.7794118               0.064055235 -0.00020159471 -3.9753784e-28
1.7867647               0.064369342 -0.00039054743 9.0684553e-28
1.7941176               0.064790323 -0.00051559323 -2.9154545e-27
1.8014706               0.065290629 -0.00051696772 -3.8094311e-21
1.8088235               0.065861452 -0.00055069623 2.1141167e-21
1.8161765               0.066142511 -0.00058453247 4.2636154e-21
1.8235294               0.066746262 -0.00061981898 3.7792321e-21
1.8308824               0.067111971 -0.00041220265 3.0381533e-21
1.8382353               0.067571507 -1.4885775e-05 -2.1928756e-21
1.8455882               0.067966825 0.00040667262 2.3153178e-21
1.8529412               0.068256536 0.00080614105 1.5076348e-22
1.8602941               0.068309947 0.0015583034 -1.6534464e-27
1.8676471               0.067950699 0.00224639 3.4239833e-21
1.875               0.067656182 0.002795193 3.7941809e-21
1.8823529               0.067066964 0.0030172992 7.3480161e-22
1.8897059               0.066517166 0.002958498 6.4895647e-28
1.8970588               0.065837208 0.0024896308 -1.7247693e-27
1.9044118               0.065261531 0.0020980491 -1.6175321e-27
1.9117647               0.065457205 0.0016849221 1.6466325e-27
1.9191176               0.065639317 0.0012278967 -2.2080298e-27
1.9264706               0.065709732 0.00056361214 -2.5241073e-27
1.9338235               0.066064402 0.00021013988 1.7688297e-28
1.9411765               0.066365883 -7.4493913e-06 -2.0576107e-27
1.9485294               0.066620766 -0.00029229625 -5.3142533e-30
1.9558824               0.067142084 -0.00052650151 -3.3720449e-27
1.9632353               0.067489328 -0.00058579489 2.24821e-21
1.9705882               0.067930346 -0.00069789648 1.4706349e-21
1.9779412               0.068331864 -0.00070680946 7.8851947e-22
1.9852941               0.068654777 -0.0006122667 2.1349258e-21
1.9926471               0.069184713 -0.0004376452 4.8842018e-21
