t               Ux1 Uy1 Uz1
0.0073529412               0.0098196952 0.013877691 0.0
0.014705882               0.0093177495 0.017867892 0.0
0.022058824               0.0079755876 0.021210836 0.0
0.029411765               0.0070720094 0.02285347 0.0
0.036764706               0.0062381121 0.023293473 0.0
0.044117647               0.0062896736 0.021842236 0.0
0.051470588               0.0077659095 0.018287226 0.0
0.058823529               0.010996486 0.013603681 0.0
0.066176471               0.014980185 0.0084618768 0.0
0.073529412               0.019781865 0.0034598105 0.0
0.080882353               0.024777953 -0.00069155688 0.0
0.088235294               0.029799952 -0.0040570311 0.0
0.095588235               0.03448015 -0.0063017508 0.0
0.10294118               0.038772248 -0.007728814 0.0
0.11029412               0.042507877 -0.0081949588 0.0
0.11764706               0.045928207 -0.0082906896 0.0
0.125               0.048687578 -0.0079245807 0.0
0.13235294               0.051248258 -0.0070927209 0.0
0.13970588               0.053331918 -0.0060430841 0.0
0.14705882               0.055156213 -0.004662554 0.0
0.15441176               0.056591712 -0.0030528997 0.0
0.16176471               0.057788369 -0.00088473472 0.0
0.16911765               0.058563878 0.0013691362 0.0
0.17647059               0.05876373 0.0037459005 0.0
0.18382353               0.05869997 0.0062057571 0.0
0.19117647               0.058238759 0.0082204006 0.0
0.19852941               0.057098025 0.0098531436 0.0
0.20588235               0.056114115 0.010544792 0.0
0.21323529               0.055129891 0.010028695 0.0
0.22058824               0.055097779 0.0081701879 0.0
0.22794118               0.05585087 0.0054754573 0.0
0.23529412               0.057299301 0.002411387 0.0
0.24264706               0.059354284 -0.00045507585 0.0
0.25               0.06153258 -0.0029582348 0.0
0.25735294               0.063869318 -0.0048858668 0.0
0.26470588               0.066156495 -0.0061229333 0.0
0.27205882               0.068165079 -0.0068587633 0.0
0.27941176               0.069929458 -0.0069719955 0.0
0.28676471               0.07173832 -0.0067154254 0.0
0.29411765               0.072976411 -0.00607901 0.0
0.30147059               0.074079701 -0.0051869056 0.0
0.30882353               0.074955876 -0.0041325239 0.0
0.31617647               0.075653625 -0.0028409708 0.0
0.32352941               0.076180988 -0.0012147824 0.0
0.33088235               0.076329781 0.00056238698 0.0
0.33823529               0.076404622 0.0025863314 0.0
0.34558824               0.076027114 0.0045583266 0.0
0.35294118               0.075225179 0.0067124424 0.0
0.36029412               0.074163239 0.0082320132 0.0
0.36764706               0.072971615 0.0092710999 0.0
0.375               0.07155894 0.009560222 0.0
0.38235294               0.070726962 0.0085533292 0.0
0.38970588               0.070450875 0.0065583831 0.0
0.39705882               0.071075363 0.0039515436 0.0
0.40441176               0.072338371 0.0012404837 0.0
0.41176471               0.073748321 -0.0013378891 0.0
0.41911765               0.075732243 -0.0032790997 0.0
0.42647059               0.077419167 -0.0048785336 0.0
0.43382353               0.078998778 -0.0058786218 0.0
0.44117647               0.080472092 -0.0061709767 0.0
0.44852941               0.081755678 -0.0062677524 0.0
0.45588235               0.082818106 -0.0058506436 0.0
0.46323529               0.083703637 -0.0052567102 0.0
0.47058824               0.084354306 -0.0044269037 0.0
0.47794118               0.084866679 -0.003376079 0.0
0.48529412               0.08505742 -0.0020094871 0.0
0.49264706               0.085203254 -0.00041320732 0.0
0.5               0.085222878 0.0012333498 0.0
0.50735294               0.084691783 0.0031294996 0.0
0.51470588               0.084127912 0.0050566977 0.0
0.52205882               0.083069247 0.0068231905 0.0
0.52941176               0.082102119 0.0078583572 0.0
0.53676471               0.080546418 0.0088892854 0.0
0.54411765               0.079050014 0.0086658038 0.0
0.55147059               0.078303186 0.0072985085 0.0
0.55882353               0.07805481 0.0051794591 0.0
0.56617647               0.078816398 0.0026531937 0.0
0.57352941               0.07997106 9.1203261e-05 0.0
0.58088235               0.081321531 -0.0022444328 0.0
0.58823529               0.082719127 -0.0040274127 0.0
0.59558824               0.084238561 -0.0052384881 0.0
0.60294118               0.08566312 -0.0058872603 0.0
0.61029412               0.086693159 -0.0060687383 0.0
0.61764706               0.087665844 -0.0059329446 0.0
0.625               0.088550911 -0.0054549626 0.0
0.63235294               0.089190421 -0.0047288401 0.0
0.63970588               0.089527792 -0.0039475734 0.0
0.64705882               0.089843118 -0.0027996228 0.0
0.65441176               0.090001882 -0.0015208684 0.0
0.66176471               0.089864078 0.00010905147 0.0
0.66911765               0.08956823 0.0019361652 0.0
0.67647059               0.089003943 0.0035775602 0.0
0.68382353               0.088182626 0.0054923581 0.0
0.69117647               0.087044829 0.0070403985 0.0
0.69852941               0.08582735 0.0080715194 0.0
0.70588235               0.084344399 0.0085275447 0.0
0.71323529               0.083107002 0.0080212444 0.0
0.72058824               0.082502994 0.0064244863 0.0
0.72794118               0.082353234 0.0041849056 0.0
0.73529412               0.082974047 0.001610959 0.0
0.74264706               0.08397152 -0.0007934639 0.0
0.75               0.085343678 -0.0028191317 0.0
0.75735294               0.086740667 -0.0044366635 0.0
0.76470588               0.087917894 -0.0054305797 0.0
0.77205882               0.089153877 -0.0058479236 0.0
0.77941176               0.090351037 -0.0058015366 0.0
0.78676471               0.090951358 -0.0056314879 0.0
0.79411765               0.091605741 -0.0051734432 0.0
0.80147059               0.092017879 -0.0044286365 0.0
0.80882353               0.092438888 -0.0035808197 0.0
0.81617647               0.092517768 -0.0023812343 0.0
0.82352941               0.092409309 -0.00092078259 0.0
0.83088235               0.092309952 0.00059429869 0.0
0.83823529               0.091783162 0.0023771752 0.0
0.84558824               0.091188436 0.0040791041 0.0
0.85294118               0.090219309 0.0058749253 0.0
0.86029412               0.089004893 0.0071695056 0.0
0.86764706               0.087415339 0.0081220002 0.0
0.875               0.086087366 0.0082471538 0.0
0.88235294               0.084957995 0.0074189294 0.0
0.88970588               0.084435858 0.0055598834 0.0
0.89705882               0.084498535 0.0032196599 0.0
0.90441176               0.085344601 0.00080120572 0.0
0.91176471               0.086471325 -0.0015577463 0.0
0.91911765               0.087663813 -0.0034378661 0.0
0.92647059               0.089087439 -0.0047513392 0.0
0.93382353               0.090206369 -0.0055943058 0.0
0.94117647               0.091222857 -0.0058738282 0.0
0.94852941               0.092036204 -0.005854584 0.0
0.95588235               0.092740006 -0.0054626537 0.0
0.96323529               0.093269233 -0.0049475764 0.0
0.97058824               0.093621089 -0.0041477896 0.0
0.97794118               0.093823822 -0.0031815259 0.0
0.98529412               0.093837082 -0.0019167328 0.0
0.99264706               0.093721159 -0.00046752727 0.0
1.0               0.093402267 0.0011500409 0.0
1.0073529               0.092949829 0.0028594351 0.0
1.0147059               0.092166606 0.0045835665 0.0
1.0220588               0.090912276 0.006247934 0.0
1.0294118               0.089679671 0.0074164517 0.0
1.0367647               0.088286881 0.0080691621 0.0
1.0441176               0.086845835 0.0079240172 0.0
1.0514706               0.085813379 0.0067223501 0.0
1.0588235               0.085708812 0.0047844109 0.0
1.0661765               0.085951709 0.0023995818 0.0
1.0735294               0.086782271 -9.7099129e-05 0.0
1.0808824               0.087813399 -0.00219371 0.0
1.0882353               0.089069537 -0.003943174 0.0
1.0955882               0.090293014 -0.0050762616 0.0
1.1029412               0.091467859 -0.005729135 0.0
1.1102941               0.092355393 -0.0058361381 0.0
1.1176471               0.09322409 -0.0057294408 0.0
1.125               0.093695769 -0.0053456136 0.0
1.1323529               0.094193214 -0.0046475175 0.0
1.1397059               0.094430062 -0.0038167613 0.0
1.1470588               0.094593214 -0.0027773406 0.0
1.1544118               0.094531454 -0.0015694801 0.0
1.1617647               0.094407733 4.5678195e-05 0.0
1.1691176               0.094023211 0.0016789057 0.0
1.1764706               0.093242917 0.003452901 0.0
1.1838235               0.092408924 0.0052297174 0.0
1.1911765               0.09134459 0.0066365404 0.0
1.1985294               0.089757389 0.0077715815 0.0
1.2058824               0.088406621 0.0081360775 0.0
1.2132353               0.087006939 0.0076255315 0.0
1.2205882               0.086364344 0.0060630807 0.0
1.2279412               0.086312031 0.0038661374 0.0
1.2352941               0.086837289 0.001398627 0.0
1.2426471               0.087813487 -0.00089976015 0.0
1.25               0.088890456 -0.0028954216 0.0
1.2573529               0.090100302 -0.004406296 0.0
1.2647059               0.091308555 -0.0053689839 0.0
1.2720588               0.09231427 -0.0059180391 0.0
1.2794118               0.093087881 -0.0059866046 0.0
1.2867647               0.093996667 -0.0057227632 0.0
1.2941176               0.094409369 -0.0051693703 0.0
1.3014706               0.094719511 -0.0043745738 0.0
1.3088235               0.094905177 -0.0034677983 0.0
1.3161765               0.094984389 -0.0023659162 0.0
1.3235294               0.094941719 -0.00098382504 0.0
1.3308824               0.094561893 0.00053020719 0.0
1.3382353               0.094193959 0.002255213 0.0
1.3455882               0.093460821 0.0039298722 0.0
1.3529412               0.092389532 0.0057526553 0.0
1.3602941               0.091094308 0.0070178314 0.0
1.3676471               0.089748184 0.007857645 0.0
1.375               0.08819769 0.0080461386 0.0
1.3823529               0.087143107 0.0071257019 0.0
1.3897059               0.086533519 0.0053416862 0.0
1.3970588               0.086774874 0.0030288905 0.0
1.4044118               0.087531003 0.00062613656 0.0
1.4117647               0.088399327 -0.0016370191 0.0
1.4191176               0.089805029 -0.0033395236 0.0
1.4264706               0.090929958 -0.0047464063 0.0
1.4338235               0.091992825 -0.0056059205 0.0
1.4411765               0.09295744 -0.0058433923 0.0
1.4485294               0.093744761 -0.005909018 0.0
1.4558824               0.094351681 -0.0055035429 0.0
1.4632353               0.094836486 -0.0049499633 0.0
1.4705882               0.095111624 -0.0041765177 0.0
1.4779412               0.095275982 -0.0032062267 0.0
1.4852941               0.095153208 -0.0019421486 0.0
1.4926471               0.095017662 -0.00046126744 0.0
1.5               0.094785557 0.0010450609 0.0
1.5073529               0.094042033 0.0027817812 0.0
1.5147059               0.09331398 0.0045535338 0.0
1.5220588               0.092127675 0.0061632895 0.0
1.5294118               0.091030062 0.0071134795 0.0
1.5367647               0.089441217 0.0080192249 0.0
1.5441176               0.087855961 0.0078010613 0.0
1.5514706               0.086959444 0.0064978154 0.0
1.5588235               0.086547531 0.0045263562 0.0
1.5661765               0.087076235 0.002166905 0.0
1.5735294               0.087955897 -0.00022380452 0.0
1.5808824               0.089026399 -0.0023910182 0.0
1.5882353               0.090105779 -0.0040543559 0.0
1.5955882               0.091344474 -0.0051724386 0.0
1.6029412               0.0924755 -0.0057654041 0.0
1.6102941               0.093239827 -0.0059123204 0.0
1.6176471               0.093961557 -0.0057765617 0.0
1.625               0.094619252 -0.00531782 0.0
1.6323529               0.095059633 -0.0046224967 0.0
1.6397059               0.095198783 -0.0038542147 0.0
1.6470588               0.095337143 -0.0027673281 0.0
1.6544118               0.095297018 -0.0015206538 0.0
1.6617647               0.09503454 4.6687019e-05 0.0
1.6691176               0.094622385 0.0017744056 0.0
1.6764706               0.093934935 0.0033508858 0.0
1.6838235               0.09306171 0.0051651587 0.0
1.6911765               0.091831484 0.0066445947 0.0
1.6985294               0.090607753 0.0076138593 0.0
1.7058824               0.089075431 0.0080415198 0.0
1.7132353               0.087791427 0.0075487212 0.0
1.7205882               0.087092051 0.0060191873 0.0
1.7279412               0.086836971 0.0038531304 0.0
1.7352941               0.08735014 0.0013726996 0.0
1.7426471               0.088168992 -0.00094398433 0.0
1.75               0.089394696 -0.002886246 0.0
1.7573529               0.090649614 -0.004440735 0.0
1.7647059               0.091646762 -0.0053913485 0.0
1.7720588               0.092749224 -0.0057942367 0.0
1.7794118               0.093802889 -0.0057171509 0.0
1.7867647               0.094273817 -0.0055568813 0.0
1.7941176               0.094808215 -0.0051143868 0.0
1.8014706               0.095111662 -0.0043761946 0.0
1.8088235               0.095426206 -0.0035475122 0.0
1.8161765               0.095409646 -0.002371438 0.0
1.8235294               0.095229727 -0.00094692032 0.0
1.8308824               0.095067153 0.00051801802 0.0
1.8382353               0.094438671 0.0022663965 0.0
1.8455882               0.093811925 0.0039294978 0.0
1.8529412               0.092808401 0.0056812727 0.0
1.8602941               0.091561449 0.0069420013 0.0
1.8676471               0.089949315 0.0078597402 0.0
1.875               0.088619706 0.0079733898 0.0
1.8823529               0.087450659 0.0071685753 0.0
1.8897059               0.086885278 0.0053441403 0.0
1.8970588               0.086870906 0.0030476516 0.0
1.9044118               0.087636595 0.00068694249 0.0
1.9117647               0.088728463 -0.0016097696 0.0
1.9191176               0.089807821 -0.0034690976 0.0
1.9264706               0.091139895 -0.0047549966 0.0
1.9338235               0.092137477 -0.0055823094 0.0
1.9411765               0.093109613 -0.005833043 0.0
1.9485294               0.093886075 -0.0057784303 0.0
1.9558824               0.094501032 -0.0054130008 0.0
1.9632353               0.094937837 -0.0049007702 0.0
1.9705882               0.095255771 -0.0041120961 0.0
1.9779412               0.095412728 -0.0031616887 0.0
1.9852941               0.095369103 -0.0019065815 0.0
1.9926471               0.095206806 -0.00047802376 0.0
