t               Ux1 Uy1 Uz1
0.0073529412               0.0073763507 0.012086499 1.1316946e-26
0.014705882               0.0058137521 0.014085211 7.8095517e-27
0.022058824               0.0035021755 0.01655077 -1.4100225e-26
0.029411765               0.0003822258 0.017993742 3.0179926e-27
0.036764706               -0.0025965085 0.018265589 -1.3329274e-20
0.044117647               -0.0065835031 0.017900862 -2.6923051e-21
0.051470588               -0.0099265181 0.016157588 -6.3044511e-21
0.058823529               -0.012968626 0.013616686 -2.0036785e-26
0.066176471               -0.014608731 0.010866054 -2.5668394e-27
0.073529412               -0.015767156 0.0075266861 -5.2990396e-27
0.080882353               -0.015559626 0.0046187567 -9.2959599e-28
0.088235294               -0.014887258 0.0020951099 -7.7488503e-27
0.095588235               -0.013686366 -0.0001060712 -5.358896e-27
0.10294118               -0.012216683 -0.002113054 -4.3324225e-27
0.11029412               -0.010367573 -0.0037352166 -4.6499972e-27
0.11764706               -0.0090137898 -0.0055920385 -3.9157667e-27
0.125               -0.0067909729 -0.0068627091 -3.6463306e-27
0.13235294               -0.0044157051 -0.0079982582 -2.5184031e-27
0.13970588               -0.0021435739 -0.0090651213 5.4023832e-21
0.14705882               0.00012090938 -0.0098393261 2.0458495e-27
0.15441176               0.0025624398 -0.0099699931 7.065201e-28
0.16176471               0.0048339801 -0.0096295287 1.3233678e-21
0.16911765               0.0070968367 -0.0090897474 -2.3926252e-27
0.17647059               0.0090658551 -0.008144591 1.2175887e-22
0.18382353               0.010866049 -0.0066287673 5.7558885e-27
0.19117647               0.012113784 -0.0048465683 7.3954491e-27
0.19852941               0.012820221 -0.0031539701 1.3820473e-21
0.20588235               0.013017958 -0.0017379529 1.1677857e-26
0.21323529               0.012052849 -0.00044979894 3.8542966e-27
0.22058824               0.011830728 0.00018109241 -2.1071766e-21
0.22794118               0.010925396 -3.163426e-05 5.020206e-27
0.23529412               0.010771059 -0.00052430955 2.8999138e-27
0.24264706               0.010453809 -0.0015330675 -1.4102161e-27
0.25               0.011586297 -0.0021744328 2.5691644e-27
0.25735294               0.012220952 -0.0029828048 2.8955644e-27
0.26470588               0.01332826 -0.0033531465 -1.3037526e-21
0.27205882               0.014212254 -0.0036245803 1.6964494e-27
0.27941176               0.015336975 -0.0038618363 -5.530349e-21
0.28676471               0.016107596 -0.0040838251 2.8045376e-27
0.29411765               0.017313249 -0.0041250867 1.3990283e-27
0.30147059               0.01852296 -0.0039546863 2.4216565e-27
0.30882353               0.019846199 -0.0037443094 6.0270795e-28
0.31617647               0.020975985 -0.003771785 2.5405247e-27
0.32352941               0.022028397 -0.0033479125 -6.3381029e-27
0.33088235               0.023142736 -0.0028221614 5.4059746e-27
0.33823529               0.02409763 -0.001794116 8.5933837e-27
0.34558824               0.024873573 -0.00098535646 2.3468009e-27
0.35294118               0.02546561 0.00031357367 3.9693986e-27
0.36029412               0.025308605 0.0017604452 6.2716702e-28
0.36764706               0.025555072 0.0028673429 3.9435857e-28
0.375               0.025193239 0.0037147329 1.511947e-27
0.38235294               0.02413668 0.0042352315 -1.9002953e-27
0.38970588               0.023169328 0.0040883178 3.4837356e-27
0.39705882               0.022763724 0.0035483241 5.2143417e-28
0.40441176               0.022637252 0.0026815269 1.8389325e-27
0.41176471               0.022632988 0.001622278 1.1558985e-27
0.41911765               0.022993841 0.00083455904 2.8687269e-28
0.42647059               0.023851754 5.6787317e-05 8.8552598e-27
0.43382353               0.02521193 -0.00044033519 -2.7357841e-22
0.44117647               0.026025927 -0.00085762841 2.8070484e-27
0.44852941               0.027062495 -0.0012306659 -4.5578428e-22
0.45588235               0.028127232 -0.0011662032 1.5161397e-21
0.46323529               0.029093422 -0.0015580638 4.9557218e-28
0.47058824               0.030059624 -0.0016613013 2.5750994e-27
0.47794118               0.031016633 -0.0016941453 3.9720774e-29
0.48529412               0.031994718 -0.0016264672 -3.0528005e-27
0.49264706               0.033115625 -0.001291193 -1.2652833e-21
0.5               0.034049726 -0.0008199397 1.1207789e-27
0.50735294               0.035058677 -0.00022973207 3.495338e-28
0.51470588               0.035380408 0.00056738143 7.8644516e-27
0.52205882               0.036062105 0.0016567332 -5.2667122e-27
0.52941176               0.035974791 0.0026707965 -7.3818103e-22
0.53676471               0.035758524 0.0034245961 4.892129e-27
0.54411765               0.035179851 0.004080886 -7.2004407e-28
0.55147059               0.034484574 0.0041706734 -1.0016784e-21
0.55882353               0.033901693 0.0038897971 -3.3995771e-27
0.56617647               0.033223655 0.003219041 1.4181631e-27
0.57352941               0.032914622 0.0021303039 8.4307824e-28
0.58088235               0.033331967 0.0012282235 2.5424742e-27
0.58823529               0.033700335 0.00033473254 -3.7827116e-27
0.59558824               0.034653251 -0.00041953831 3.1775713e-27
0.60294118               0.035520426 -0.00080674133 1.0836022e-27
0.61029412               0.036499299 -0.0011573506 6.4375935e-21
0.61764706               0.037185334 -0.0016119209 1.7465295e-27
0.625               0.038278575 -0.0016859693 -4.5989629e-21
0.63235294               0.039413843 -0.0017705741 1.4037229e-22
0.63970588               0.039970676 -0.0019703426 2.2518773e-27
0.64705882               0.040926668 -0.0019311372 -1.3495111e-20
0.65441176               0.041764675 -0.0017377197 5.510839e-30
0.66176471               0.042577787 -0.0013935283 3.3080582e-29
0.66911765               0.043432236 -0.0008991855 -4.0804073e-21
0.67647059               0.044119622 -0.00025661339 4.0191748e-27
0.68382353               0.044340869 0.00080561163 1.1656369e-27
0.69117647               0.044786068 0.0016933826 5.3714765e-27
0.69852941               0.044812633 0.0025677841 -2.6271601e-27
0.70588235               0.044175331 0.0033138705 9.4736203e-27
0.71323529               0.043185249 0.0038536835 -2.9037231e-21
0.72058824               0.042730168 0.0037938639 -2.5554672e-21
0.72794118               0.041775066 0.0033407128 -4.7658501e-27
0.73529412               0.041519035 0.0025812948 -6.81793e-21
0.74264706               0.041267413 0.0016333962 -2.7716944e-27
0.75               0.04159455 0.00078184267 9.3326866e-28
0.75735294               0.042384691 2.7999105e-05 1.1398082e-27
0.76470588               0.04326149 -0.00045111967 4.5599116e-28
0.77205882               0.043906361 -0.00080580161 2.4680935e-27
0.77941176               0.044920678 -0.0012172025 7.6116487e-28
0.78676471               0.045427377 -0.0015859043 -6.2146324e-21
0.79411765               0.046109184 -0.0018310437 -2.8226967e-27
0.80147059               0.046960052 -0.0016741979 -8.8419755e-21
0.80882353               0.047982707 -0.0015754001 2.0425011e-27
0.81617647               0.04855253 -0.0016817855 -5.4131573e-21
0.82352941               0.049344703 -0.0014156758 -3.5464008e-21
0.83088235               0.050091084 -0.0010742196 2.8503554e-27
0.83823529               0.050632468 -0.00034442927 -5.2017553e-21
0.84558824               0.050991359 0.00023362734 7.6956988e-27
0.85294118               0.051390593 0.0011994059 1.7009862e-27
0.86029412               0.051149356 0.002166837 -5.172398e-27
0.86764706               0.051306029 0.0029053572 2.1913243e-27
0.875               0.050503647 0.003561431 1.8825048e-27
0.88235294               0.049598571 0.0040023079 8.3914025e-27
0.88970588               0.048570065 0.0035922163 -5.6677949e-27
0.89705882               0.047807623 0.0031613493 1.3866479e-27
0.90441176               0.047663521 0.0022033683 -6.0048775e-21
0.91176471               0.04746044 0.0013149977 -8.4484343e-21
0.91911765               0.047752419 0.00059199376 3.5830314e-27
0.92647059               0.048500318 -5.4924663e-05 -5.0165535e-21
0.93382353               0.049440506 -0.00061027777 -5.0529845e-27
0.94117647               0.049782106 -0.00092525789 -1.2525516e-20
0.94852941               0.050809733 -0.0012654783 1.6138993e-27
0.95588235               0.051800039 -0.0012020472 -8.5675052e-21
0.96323529               0.052454522 -0.0014633037 2.0363307e-27
0.97058824               0.053104635 -0.0014627955 2.6251467e-27
0.97794118               0.053608895 -0.0014013749 -3.9684915e-21
0.98529412               0.054614323 -0.001321687 2.9627767e-27
0.99264706               0.054999468 -0.00086908235 -1.6362144e-21
1.0               0.055879337 -0.0005210471 8.2059124e-27
1.0073529               0.056308162 0.00011049734 3.2820059e-27
1.0147059               0.056637228 0.00077503007 3.5557812e-27
1.0220588               0.056744654 0.0017114267 1.5236078e-27
1.0294118               0.056519117 0.0026158176 5.0021839e-28
1.0367647               0.056135225 0.0034064829 4.8118945e-27
1.0441176               0.055297079 0.0039052596 9.7311551e-27
1.0514706               0.054467441 0.0040317156 -6.0188966e-21
1.0588235               0.053558809 0.0037595239 4.1321565e-28
1.0661765               0.053109158 0.0030259986 2.4263893e-27
1.0735294               0.052519392 0.0022536157 -1.253607e-20
1.0808824               0.052846188 0.0013358891 2.3396997e-27
1.0882353               0.053127335 0.0005580237 1.0469237e-27
1.0955882               0.053748652 -7.9925853e-05 -6.723919e-27
1.1029412               0.054348783 -0.00054501776 9.4509815e-28
1.1102941               0.055410112 -0.00074490432 -1.7620445e-28
1.1176471               0.055667491 -0.0011366543 3.9477617e-28
1.125               0.056384042 -0.0011593913 -2.5643748e-21
1.1323529               0.057321534 -0.0011497035 2.0938733e-27
1.1397059               0.057980424 -0.0012618895 -3.1699314e-27
1.1470588               0.058656103 -0.0012368931 2.2091855e-27
1.1544118               0.059332256 -0.0010317592 1.9521314e-21
1.1617647               0.059945787 -0.00058178297 -2.9130628e-27
1.1691176               0.06050462 -0.00011967176 4.1371074e-28
1.1764706               0.060804551 0.00052169542 4.6005419e-29
1.1838235               0.061020474 0.0013527281 9.8601203e-27
1.1911765               0.061046404 0.0021838959 4.3549447e-27
1.1985294               0.060771337 0.0030421491 -4.01921e-28
1.2058824               0.060230296 0.0037024847 -5.9385989e-27
1.2132353               0.058857022 0.0041405978 -1.0538954e-20
1.2205882               0.058398049 0.0040183999 3.1815748e-27
1.2279412               0.057322482 0.0035492025 -1.3076242e-20
1.2352941               0.057023929 0.0028926728 -2.0517865e-20
1.2426471               0.056732176 0.0017845814 -4.9494355e-27
1.25               0.057397085 0.0011324637 -2.3869545e-21
1.2573529               0.05781589 0.00027780643 -2.6840797e-27
1.2647059               0.058601726 -7.9555554e-05 -8.2624289e-29
1.2720588               0.059158449 -0.00046113137 7.9775133e-28
1.2794118               0.059887284 -0.00082808913 1.4322612e-27
1.2867647               0.060273012 -0.0011114118 -3.464788e-27
1.2941176               0.060928335 -0.0012018609 -2.2363757e-21
1.3014706               0.06169212 -0.0010736718 -8.8795224e-22
1.3088235               0.06246519 -0.0010077602 -4.2634265e-27
1.3161765               0.063073751 -0.0010462519 -3.0430662e-27
1.3235294               0.063514859 -0.00072230255 -4.4981627e-21
1.3308824               0.064069358 -0.00045773687 1.8255106e-27
1.3382353               0.064456802 0.0001917092 1.6341977e-27
1.3455882               0.0647319 0.00071765494 -2.5705742e-21
1.3529412               0.064754966 0.001649678 4.6329151e-27
1.3602941               0.06434353 0.0026855793 3.5467806e-28
1.3676471               0.064271161 0.0033130113 -3.3291433e-27
1.375               0.063692081 0.0038517733 3.0764577e-27
1.3823529               0.062574164 0.0041472742 4.0606367e-27
1.3897059               0.061466079 0.0038090594 -1.1190846e-20
1.3970588               0.060919648 0.0032237114 -3.5037705e-27
1.4044118               0.06068535 0.0025298849 7.0400395e-28
1.4117647               0.060523774 0.0015339255 1.122825e-27
1.4191176               0.060582704 0.00082547841 -3.1347452e-21
1.4264706               0.061270353 2.7228905e-05 -6.0872291e-21
1.4338235               0.062253025 -0.00029539958 -1.92663e-20
1.4411765               0.062723037 -0.00061905531 -2.5267515e-21
1.4485294               0.063416826 -0.0010233775 -6.0503126e-21
1.4558824               0.064169583 -0.00088700521 -1.1520333e-21
1.4632353               0.064771617 -0.0011659803 7.6689916e-28
1.4705882               0.065392154 -0.0011970223 -9.3791349e-22
1.4779412               0.065899094 -0.0011267442 -3.5015745e-21
1.4852941               0.066520493 -0.0010349822 -6.9862716e-21
1.4926471               0.067048501 -0.00072791292 -3.9950889e-21
1.5               0.067663739 -0.00023885335 2.8889505e-27
1.5073529               0.068028471 0.00034550298 6.5591239e-28
1.5147059               0.068132926 0.0010834479 4.5170326e-27
1.5220588               0.068261716 0.001870406 3.8903687e-27
1.5294118               0.067817737 0.002783286 4.1706087e-27
1.5367647               0.067228578 0.0032408157 -9.2024668e-27
1.5441176               0.066519151 0.0037965256 2.8174294e-27
1.5514706               0.065567569 0.0038503796 -1.5894794e-21
1.5588235               0.064675655 0.0035305577 3.3877849e-27
1.5661765               0.064041191 0.0029921424 -9.579797e-21
1.5735294               0.063648859 0.0021004385 -4.881283e-27
1.5808824               0.063844543 0.0011708105 -2.6060717e-27
1.5882353               0.063952367 0.00050510463 -4.8305819e-21
1.5955882               0.064632339 -8.4091987e-05 -7.1899049e-29
1.6029412               0.065331503 -0.00051286577 -6.7002292e-21
1.6102941               0.06600874 -0.00073917694 1.9036254e-27
1.6176471               0.066521002 -0.0011113332 1.4406879e-29
1.625               0.067249131 -0.0011435985 -3.9473369e-27
1.6323529               0.068128921 -0.0010914297 2.7408325e-28
1.6397059               0.068381469 -0.0012214555 1.1140691e-28
1.6470588               0.069122672 -0.0011535844 1.3104182e-27
1.6544118               0.069526448 -0.00081831698 2.2899649e-27
1.6617647               0.070005288 -0.00050265055 -4.7432969e-21
1.6691176               0.070488825 -4.5504419e-05 -4.8144581e-22
1.6764706               0.070818554 0.00054074586 -4.4524611e-27
1.6838235               0.070613558 0.0015130215 6.6709533e-27
1.6911765               0.070960209 0.0021696266 -4.7335313e-21
1.6985294               0.070536815 0.0029805641 4.8123689e-27
1.7058824               0.069731537 0.0036308317 1.5116515e-27
1.7132353               0.068531028 0.0039550854 5.4280227e-27
1.7205882               0.067930921 0.0038363977 -5.7940572e-21
1.7279412               0.066901248 0.0033770261 -1.231201e-20
1.7352941               0.066589525 0.0026144121 -1.2807528e-20
1.7426471               0.066227982 0.0018066972 1.8962229e-27
1.75               0.066422877 0.00092356647 1.2817563e-27
1.7573529               0.067011416 0.0002477416 -5.9491928e-21
1.7647059               0.067778905 -0.00010623379 -8.7893744e-21
1.7720588               0.068318486 -0.00047317807 -4.3684765e-27
1.7794118               0.069075253 -0.00082981226 -1.4333857e-20
1.7867647               0.069309102 -0.0011094415 -1.1912799e-20
1.7941176               0.069935475 -0.0013576029 -4.641869e-22
1.8014706               0.070681135 -0.0011285321 -3.6350846e-21
1.8088235               0.071257456 -0.00092386057 -9.5602724e-21
1.8161765               0.071748274 -0.0010617091 -3.4658446e-27
1.8235294               0.072270551 -0.00090052426 -8.5271668e-21
1.8308824               0.072765659 -0.00054110681 4.1449072e-27
1.8382353               0.07318887 1.1827204e-05 -6.4742195e-27
1.8455882               0.0731686 0.00066983475 -8.0272443e-21
1.8529412               0.073321015 0.0015000981 -6.4060532e-21
1.8602941               0.072837488 0.0024106401 4.1219348e-27
1.8676471               0.072948647 0.0030013348 -1.0300051e-27
1.875               0.071982361 0.0035754427 -4.5883547e-27
1.8823529               0.071033432 0.0038515741 -2.7431486e-28
1.8897059               0.069840405 0.0036473932 7.227689e-28
1.8970588               0.068975543 0.003127518 -2.709455e-21
1.9044118               0.068772848 0.0021807789 -7.2824088e-27
1.9117647               0.068586474 0.001349518 -7.1483422e-21
1.9191176               0.06875067 0.00068236112 -7.7038713e-22
1.9264706               0.069331691 3.5341782e-05 -5.5698426e-21
1.9338235               0.070242891 -0.00048231964 -5.9617802e-22
1.9411765               0.070366509 -0.00063324167 7.2946615e-29
1.9485294               0.071228695 -0.00098914176 7.9956874e-28
1.9558824               0.072077508 -0.0010043623 -2.8216269e-27
1.9632353               0.07260261 -0.0011935752 2.3956646e-27
1.9705882               0.073019849 -0.0012189788 -2.1233242e-23
1.9779412               0.073420812 -0.0010957243 -7.3795356e-22
1.9852941               0.074200864 -0.0009862997 5.7560623e-27
1.9926471               0.074295426 -0.00049706045 -3.1356643e-27
