t               Ux1 Uy1 Uz1
0.0073529412               0.0072006763 0.011721455 -7.1490082e-28
0.014705882               0.006456883 0.014231783 -3.8193646e-27
0.022058824               0.0042373482 0.016670439 3.9415343e-27
0.029411765               0.0014576738 0.0179485 -1.14919e-27
0.036764706               -0.0021429345 0.01910663 6.774198e-28
0.044117647               -0.0057311371 0.018861195 3.8164458e-27
0.051470588               -0.0090792139 0.017139938 1.2402925e-27
0.058823529               -0.011220532 0.014788173 -8.3751857e-28
0.066176471               -0.01293349 0.011034232 1.2099734e-27
0.073529412               -0.012200311 0.0074809008 -3.9935358e-21
0.080882353               -0.01105026 0.0043830804 1.205923e-27
0.088235294               -0.0089330326 0.0012219794 2.2462101e-27
0.095588235               -0.0063498937 -0.001350147 -4.9010109e-21
0.10294118               -0.0034305502 -0.0030821525 1.2117616e-27
0.11029412               -0.00041244908 -0.0043295166 -3.6366799e-22
0.11764706               0.0025884528 -0.0055650439 3.3668616e-21
0.125               0.0053590467 -0.0064101684 5.2941937e-21
0.13235294               0.0080582756 -0.0070924818 -4.0780825e-21
0.13970588               0.010714865 -0.0075583076 3.1592561e-21
0.14705882               0.013556526 -0.0074804615 1.3655048e-21
0.15441176               0.015897051 -0.0073865546 4.1944206e-21
0.16176471               0.018150683 -0.0066779215 6.7359437e-21
0.16911765               0.020451337 -0.0057024098 7.8446155e-22
0.17647059               0.022189285 -0.0045217855 1.9303144e-21
0.18382353               0.023671339 -0.0029281945 5.2943487e-21
0.19117647               0.024618319 -0.0012275857 1.882775e-21
0.19852941               0.024527602 0.00052118779 5.1687339e-21
0.20588235               0.024378117 0.0019918988 5.484301e-21
0.21323529               0.023775723 0.0029681471 6.6947475e-21
0.22058824               0.022910261 0.0030437076 7.9359821e-21
0.22794118               0.021922251 0.0022963356 3.5926905e-27
0.23529412               0.021768026 0.0011236209 3.5260619e-21
0.24264706               0.022471235 -4.9203849e-05 1.306787e-27
0.25               0.023412061 -0.0012980579 -3.6501079e-27
0.25735294               0.024734403 -0.0026334991 8.0286523e-21
0.26470588               0.02640434 -0.0036152692 2.2208552e-21
0.27205882               0.028076043 -0.0040513308 5.2153767e-21
0.27941176               0.030021564 -0.0041833467 6.9073127e-21
0.28676471               0.031387481 -0.0044214865 4.4200945e-21
0.29411765               0.03297068 -0.0043376897 8.0476721e-21
0.30147059               0.034360513 -0.0041935999 9.4628279e-21
0.30882353               0.035912164 -0.0039425473 7.5671436e-21
0.31617647               0.037035689 -0.0036043464 3.3287345e-21
0.32352941               0.038448323 -0.0031024385 9.9686673e-21
0.33088235               0.039447735 -0.0024018655 3.4914475e-21
0.33823529               0.040556946 -0.001509115 1.1000829e-20
0.34558824               0.041318946 -0.00020914372 2.7434117e-21
0.35294118               0.041830415 0.0011840304 8.3514185e-21
0.36029412               0.041902802 0.0026816828 1.0308916e-20
0.36764706               0.041195877 0.0041096012 1.0917059e-20
0.375               0.040553651 0.0050263222 3.9517047e-21
0.38235294               0.039478363 0.005368107 -2.3257325e-21
0.38970588               0.038502011 0.0049905168 1.0286186e-20
0.39705882               0.037962746 0.0039068864 5.0648696e-28
0.40441176               0.037736463 0.0028375241 6.8220943e-21
0.41176471               0.038378465 0.0015924359 2.0257732e-27
0.41911765               0.03962206 0.00049973463 4.8488206e-21
0.42647059               0.040651276 -0.00075853664 1.9925855e-21
0.43382353               0.042098329 -0.0016402532 3.481043e-21
0.44117647               0.043327307 -0.0022317248 6.814515e-21
0.44852941               0.044650949 -0.0023764748 4.6514697e-21
0.45588235               0.046086949 -0.0025184669 7.1426367e-21
0.46323529               0.047191606 -0.0025602942 4.0283322e-21
0.47058824               0.048258846 -0.0024288515 7.4474366e-21
0.47794118               0.049193233 -0.002260743 6.3100135e-21
0.48529412               0.050141924 -0.0020060525 6.085273e-21
0.49264706               0.051276186 -0.0014775643 3.564713e-21
0.5               0.052364471 -0.00090499817 1.5408699e-21
0.50735294               0.053149673 -3.4228872e-05 1.2314134e-20
0.51470588               0.053471805 0.0010895864 1.1252159e-20
0.52205882               0.053420125 0.0022551956 3.4927186e-21
0.52941176               0.053251431 0.0033569444 2.6544387e-21
0.53676471               0.05256763 0.0045076191 8.6475543e-21
0.54411765               0.051616628 0.0051420163 5.1314392e-21
0.55147059               0.050515242 0.005073694 4.5993582e-27
0.55882353               0.049604054 0.0048400768 5.3660378e-21
0.56617647               0.048722737 0.0033869091 2.8393437e-21
0.57352941               0.049233131 0.0022278063 8.2265241e-21
0.58088235               0.049298791 0.00095688232 6.9499326e-21
0.58823529               0.050627686 -0.00019219424 7.8718067e-22
0.59558824               0.051834713 -0.0011821771 1.8415819e-21
0.60294118               0.052868848 -0.001793788 5.388874e-21
0.61029412               0.05406424 -0.0020587462 3.4748839e-21
0.61764706               0.055259971 -0.0023289223 -3.3036924e-22
0.625               0.056500351 -0.0022369476 9.8607139e-21
0.63235294               0.057392751 -0.0022794078 3.4096725e-21
0.63970588               0.058227817 -0.0022710061 1.1947784e-20
0.64705882               0.059290705 -0.0020276208 7.7645181e-21
0.65441176               0.060071597 -0.0016219139 5.1940623e-21
0.66176471               0.060735952 -0.0010154562 6.5032104e-21
0.66911765               0.061402356 -0.00032878996 3.6649685e-21
0.67647059               0.061897087 0.00030116065 4.3589681e-21
0.68382353               0.062148456 0.0013895729 1.4229519e-20
0.69117647               0.062033053 0.0026485897 5.8876539e-21
0.69852941               0.061293855 0.0036548738 1.051527e-20
0.70588235               0.060701272 0.0045920812 8.7391253e-22
0.71323529               0.059452731 0.0051241262 2.9861681e-21
0.72058824               0.058318029 0.0048990145 4.8652853e-21
0.72794118               0.057080348 0.0039608456 1.0864203e-20
0.73529412               0.056854031 0.0029269634 3.470658e-27
0.74264706               0.057036857 0.0016333039 7.3041236e-28
0.75               0.057691546 0.00066175313 5.490274e-21
0.75735294               0.058798609 -0.00045992529 6.7727401e-21
0.76470588               0.059697239 -0.0014297207 -1.5107671e-21
0.77205882               0.060815525 -0.0017513392 5.676253e-21
0.77941176               0.0619745 -0.0020514529 7.7886836e-21
0.78676471               0.062895217 -0.0022684442 6.6731803e-21
0.79411765               0.063962796 -0.0023341534 8.146044e-21
0.80147059               0.064649587 -0.0022069228 1.383264e-20
0.80882353               0.065577397 -0.0020290548 8.8100125e-21
0.81617647               0.066110731 -0.0017668551 1.1505463e-20
0.82352941               0.066820833 -0.0013791037 9.9411141e-21
0.83088235               0.067377847 -0.00095244599 5.5004356e-21
0.83823529               0.067919667 -7.1969401e-05 4.0548736e-21
0.84558824               0.068243814 0.00072647269 8.2919252e-21
0.85294118               0.068225855 0.0018123938 2.0378261e-20
0.86029412               0.067981261 0.0028731852 5.2098367e-21
0.86764706               0.066944772 0.0039466293 2.82212e-21
0.875               0.06602782 0.0046597231 4.6982423e-21
0.88235294               0.064964069 0.0050288004 -3.0013266e-21
0.88970588               0.063716382 0.004551729 4.6133127e-21
0.89705882               0.063099051 0.003415213 -6.1060418e-22
0.90441176               0.062549637 0.0024277572 -2.3900446e-27
0.91176471               0.063212867 0.0013558649 5.5198798e-28
0.91911765               0.064181558 0.00029866025 2.9479501e-27
0.92647059               0.064759049 -0.00076776469 1.2401418e-21
0.93382353               0.06593201 -0.0014171752 3.0685654e-21
0.94117647               0.066795002 -0.0017428295 2.5380981e-21
0.94852941               0.067745285 -0.0021584254 7.7913151e-21
0.95588235               0.068639588 -0.0022050416 -2.5748709e-21
0.96323529               0.069267736 -0.0023279921 3.4692103e-22
0.97058824               0.070148913 -0.0022897758 2.074688e-21
0.97794118               0.070790039 -0.0019744982 3.5945856e-21
0.98529412               0.071324024 -0.0016846684 1.1089056e-20
0.99264706               0.071913323 -0.0012254105 8.3875507e-21
1.0               0.072730227 -0.00065872437 6.8733586e-21
1.0073529               0.073213093 0.00011172337 3.6225063e-21
1.0147059               0.073062482 0.0011363497 2.1445032e-21
1.0220588               0.072814346 0.0023249503 6.2681406e-21
1.0294118               0.072456073 0.0030438706 2.9492743e-21
1.0367647               0.07166568 0.0041038349 6.4812429e-21
1.0441176               0.070477328 0.004673656 3.1936941e-21
1.0514706               0.069086315 0.0046674846 1.3035179e-22
1.0588235               0.068351616 0.0043704256 7.026373e-21
1.0661765               0.067378824 0.003101627 3.2420508e-21
1.0735294               0.06760035 0.0019443109 1.033847e-20
1.0808824               0.067699123 0.00082675573 -5.0324143e-21
1.0882353               0.068597257 -0.00020757002 1.3429866e-27
1.0955882               0.069530207 -0.0011638593 7.1099951e-21
1.1029412               0.070506004 -0.0016894676 7.6109341e-21
1.1102941               0.071377187 -0.0018758385 5.1448743e-21
1.1176471               0.07236491 -0.0021509117 2.3188705e-21
1.125               0.073317046 -0.0020900065 2.6615368e-21
1.1323529               0.073937211 -0.0021222853 1.8953758e-21
1.1397059               0.074594114 -0.0020613787 2.8225586e-21
1.1470588               0.075369328 -0.0018078212 4.2113007e-21
1.1544118               0.0758146 -0.0016033793 7.1167913e-21
1.1617647               0.076357718 -0.001079576 8.4096406e-21
1.1691176               0.076999331 -0.00034716671 2.9233863e-21
1.1764706               0.076887757 0.00035733395 6.0106867e-21
1.1838235               0.077070957 0.0013594049 5.5789105e-22
1.1911765               0.076719515 0.0025766146 7.9599758e-21
1.1985294               0.075789069 0.0035130705 7.3097534e-21
1.2058824               0.074771744 0.0043755073 1.1686823e-20
1.2132353               0.073519787 0.0047658832 3.7766054e-21
1.2205882               0.072619307 0.0043449258 5.1919111e-21
1.2279412               0.071392178 0.0036030061 -2.4965677e-27
1.2352941               0.071026355 0.0025078779 5.6064506e-21
1.2426471               0.071449766 0.001583366 1.4372479e-27
1.25               0.071848146 0.00034780132 1.6708e-27
1.2573529               0.072670001 -0.00057848336 5.3952941e-21
1.2647059               0.073505744 -0.0014471765 5.438233e-21
1.2720588               0.074548265 -0.0017013986 7.8511091e-21
1.2794118               0.075607834 -0.0019336654 1.7037609e-27
1.2867647               0.07622536 -0.0021975408 8.4195801e-21
1.2941176               0.076895491 -0.0022933132 6.1985108e-21
1.3014706               0.077572868 -0.0020371595 6.9923116e-21
1.3088235               0.078363753 -0.0018826662 2.9607399e-27
1.3161765               0.078741564 -0.0016502088 9.8366334e-21
1.3235294               0.079439687 -0.0013218859 8.4584549e-21
1.3308824               0.079746577 -0.00091452097 -5.9861187e-27
1.3382353               0.080127484 -0.00013659213 5.5909862e-21
1.3455882               0.08029492 0.00077387919 6.43202e-21
1.3529412               0.080227297 0.001727253 3.2763196e-22
1.3602941               0.079879725 0.0027851553 4.1821531e-21
1.3676471               0.078601755 0.0037689311 4.399624e-27
1.375               0.077697519 0.0043667978 2.3683085e-21
1.3823529               0.07626579 0.0046137278 3.0716772e-21
1.3897059               0.075407328 0.0043348765 3.9081255e-21
1.3970588               0.074731003 0.0032595508 1.4810688e-21
1.4044118               0.074288037 0.0022683583 9.9045626e-22
1.4117647               0.074802797 0.0011970237 -4.0543832e-27
1.4191176               0.075603773 0.00014114083 5.7870975e-21
1.4264706               0.076268426 -0.00084772844 7.0539998e-21
1.4338235               0.077244444 -0.0013915062 3.1314797e-21
1.4411765               0.078052023 -0.001820735 1.6199323e-27
1.4485294               0.078676835 -0.0021335338 6.2395389e-21
1.4558824               0.079423436 -0.0022250741 7.149725e-28
1.4632353               0.080076327 -0.0022586854 6.5353838e-21
1.4705882               0.080742174 -0.0020298559 8.9324091e-21
1.4779412               0.081150356 -0.0020060063 5.0445029e-21
1.4852941               0.081456364 -0.0016776648 1.1087675e-20
1.4926471               0.082050888 -0.0012459549 1.0018239e-20
1.5               0.08268638 -0.00062847113 3.2842758e-21
1.5073529               0.083073475 0.00011162925 6.2911415e-21
1.5147059               0.082949507 0.00094593527 1.5434356e-21
1.5220588               0.082466929 0.0021306685 4.4561375e-21
1.5294118               0.081929779 0.0029051585 5.924399e-21
1.5367647               0.080971991 0.0037738526 5.4419817e-21
1.5441176               0.079945973 0.0043354966 5.6469808e-21
1.5514706               0.078788024 0.0043321417 5.0637545e-21
1.5588235               0.07758995 0.0038541158 6.5138889e-21
1.5661765               0.076740035 0.0025925978 1.8503781e-21
1.5735294               0.076892874 0.0015599467 5.6220669e-24
1.5808824               0.077025997 0.00055855174 2.8816031e-28
1.5882353               0.078171611 -0.00028442367 7.9814805e-21
1.5955882               0.078914525 -0.0012192235 -1.4157618e-21
1.6029412               0.079669597 -0.0017118988 9.0051951e-21
1.6102941               0.080374594 -0.0019549236 1.1908126e-27
1.6176471               0.081363405 -0.0021743786 8.3846036e-21
1.625               0.082028284 -0.002233987 3.93688e-22
1.6323529               0.082743773 -0.0022226676 6.4981018e-21
1.6397059               0.083314852 -0.0021141282 2.7396515e-21
1.6470588               0.083868645 -0.0019544198 1.1693338e-21
1.6544118               0.084303357 -0.0017514205 6.5504037e-21
1.6617647               0.084736603 -0.0010473618 7.0550719e-21
1.6691176               0.085168515 -0.00037581084 -2.9919071e-27
1.6764706               0.085036407 0.000229338 -1.1959291e-28
1.6838235               0.085059563 0.0010434173 6.7497765e-21
1.6911765               0.084598236 0.0022774456 5.641671e-21
1.6985294               0.083734121 0.0032072181 -3.5102715e-27
1.7058824               0.08279575 0.0039564172 5.706237e-21
1.7132353               0.081344638 0.004386217 -3.6146694e-27
1.7205882               0.080368672 0.0040758204 2.6341569e-21
1.7279412               0.07911443 0.0032173419 -3.3036203e-27
1.7352941               0.079201756 0.0022466747 5.5826472e-21
1.7426471               0.079316612 0.0012175663 1.8894223e-21
1.75               0.079592629 0.00011377802 4.5190992e-21
1.7573529               0.080586575 -0.00069672273 6.1524922e-22
1.7647059               0.081223919 -0.0015398254 2.9721349e-21
1.7720588               0.082020755 -0.0019235678 3.6231662e-21
1.7794118               0.083014481 -0.0020615041 1.0985567e-21
1.7867647               0.083639575 -0.0022342658 4.843302e-28
1.7941176               0.084263331 -0.0022823434 -3.0382199e-27
1.8014706               0.084860598 -0.0020855896 3.761302e-22
1.8088235               0.085508751 -0.0019849643 6.4353561e-21
1.8161765               0.085794678 -0.0018186333 8.4554193e-21
1.8235294               0.086420434 -0.0016344579 6.1244206e-21
1.8308824               0.086647094 -0.00098130965 6.3695961e-21
1.8382353               0.086907965 -0.00027466625 -1.9805798e-27
1.8455882               0.086973376 0.00061238019 2.3999737e-21
1.8529412               0.086792937 0.0015008591 2.1815743e-21
1.8602941               0.086326528 0.0025732135 -1.7761629e-27
1.8676471               0.085212445 0.0034420009 7.9454873e-22
1.875               0.084303194 0.0041902796 6.4034619e-21
1.8823529               0.083019504 0.0042989699 3.1243857e-21
1.8897059               0.082053728 0.0038947801 5.5324742e-28
1.8970588               0.081237644 0.002932576 -1.794715e-27
1.9044118               0.080788147 0.0019628254 -1.5644573e-27
1.9117647               0.081301854 0.00098301155 1.1738746e-27
1.9191176               0.082075695 -3.5203694e-05 8.0635582e-22
1.9264706               0.082643457 -0.0010309796 8.4430065e-21
1.9338235               0.083518215 -0.0016159644 1.3652406e-21
1.9411765               0.084225034 -0.0018880848 4.962138e-21
1.9485294               0.084838687 -0.002229723 -2.5710179e-28
1.9558824               0.08554171 -0.002332516 3.3539578e-21
1.9632353               0.086059863 -0.0022857579 4.5192842e-21
1.9705882               0.086576157 -0.0022677918 6.6445192e-21
1.9779412               0.087032633 -0.0021168104 3.9674387e-21
1.9852941               0.087336747 -0.0017916961 4.7301347e-21
1.9926471               0.087834037 -0.0013410165 7.3766404e-21
