t               Ux1 Uy1 Uz1
0.0073529412               0.0078376921 0.01189849 0.0
0.014705882               0.0065316043 0.014635426 0.0
0.022058824               0.0041725139 0.017055199 0.0
0.029411765               0.0013549461 0.018611235 0.0
0.036764706               -0.0023444599 0.019716421 0.0
0.044117647               -0.0059763541 0.019540501 0.0
0.051470588               -0.0089086047 0.017764783 0.0
0.058823529               -0.010194624 0.014943755 0.0
0.066176471               -0.01026827 0.011456582 0.0
0.073529412               -0.0088230234 0.0077143603 0.0
0.080882353               -0.006439673 0.0043845417 0.0
0.088235294               -0.0033578717 0.0013557031 0.0
0.095588235               -2.3805636e-05 -0.00096997496 0.0
0.10294118               0.0034203928 -0.0028389577 0.0
0.11029412               0.0066145596 -0.0041536447 0.0
0.11764706               0.0098729557 -0.0052097921 0.0
0.125               0.012747426 -0.0059699881 0.0
0.13235294               0.015661156 -0.0063418203 0.0
0.13970588               0.018317157 -0.0065081429 0.0
0.14705882               0.020877279 -0.0063749097 0.0
0.15441176               0.023229635 -0.0060211971 0.0
0.16176471               0.025446073 -0.0050878203 0.0
0.16911765               0.027365106 -0.0039570407 0.0
0.17647059               0.028785904 -0.0025437968 0.0
0.18382353               0.029893811 -0.0007958916 0.0
0.19117647               0.030501525 0.00089983909 0.0
0.19852941               0.030145903 0.0027248532 0.0
0.20588235               0.029540378 0.0041238591 0.0
0.21323529               0.028338427 0.0048284275 0.0
0.22058824               0.027493411 0.0046177503 0.0
0.22794118               0.027100148 0.0036654774 0.0
0.23529412               0.027351233 0.0021890128 0.0
0.24264706               0.028366408 0.00060607844 0.0
0.25               0.029735079 -0.000969565 0.0
0.25735294               0.031476905 -0.0023307591 0.0
0.26470588               0.03341276 -0.0033226541 0.0
0.27205882               0.035245637 -0.0040942124 0.0
0.27941176               0.036973904 -0.004498849 0.0
0.28676471               0.038906861 -0.0046502686 0.0
0.29411765               0.040406076 -0.0046150421 0.0
0.30147059               0.041891422 -0.0044283961 0.0
0.30882353               0.043272042 -0.0041062585 0.0
0.31617647               0.04458002 -0.0036386191 0.0
0.32352941               0.045831737 -0.0029069644 0.0
0.33088235               0.046813106 -0.0020166921 0.0
0.33823529               0.047774069 -0.00085013263 0.0
0.34558824               0.04833904 0.00042902153 0.0
0.35294118               0.048443986 0.0020549612 0.0
0.36029412               0.048150342 0.003441661 0.0
0.36764706               0.047419163 0.0048215051 0.0
0.375               0.046167389 0.0057974276 0.0
0.38235294               0.044973518 0.0059528696 0.0
0.38970588               0.043955427 0.0053923816 0.0
0.39705882               0.043635622 0.0042084518 0.0
0.40441176               0.044053965 0.0027471313 0.0
0.41176471               0.044775332 0.0011361065 0.0
0.41911765               0.046272096 -0.00016637931 0.0
0.42647059               0.047680963 -0.001396284 0.0
0.43382353               0.049162914 -0.0022804415 0.0
0.44117647               0.050613522 -0.0027751661 0.0
0.44852941               0.052047167 -0.0032003805 0.0
0.45588235               0.053352627 -0.0032719864 0.0
0.46323529               0.05459749 -0.0032396893 0.0
0.47058824               0.055697597 -0.0031047429 0.0
0.47794118               0.05676827 -0.0028202402 0.0
0.48529412               0.057613549 -0.0022822523 0.0
0.49264706               0.058503915 -0.001554804 0.0
0.5               0.059327428 -0.00074367601 0.0
0.50735294               0.059665938 0.00033622831 0.0
0.51470588               0.059963657 0.0016240722 0.0
0.52205882               0.05969511 0.0029960745 0.0
0.52941176               0.059301797 0.004049635 0.0
0.53676471               0.058116628 0.0054212823 0.0
0.54411765               0.056632192 0.0059818208 0.0
0.55147059               0.055421133 0.0057971989 0.0
0.55882353               0.054437204 0.0049836805 0.0
0.56617647               0.054407531 0.0037038326 0.0
0.57352941               0.054879763 0.0021847576 0.0
0.58088235               0.055732441 0.00063986493 0.0
0.58823529               0.056810523 -0.00064017832 0.0
0.59558824               0.058176464 -0.0016253417 0.0
0.60294118               0.059571695 -0.0023067405 0.0
0.61029412               0.060685399 -0.0027337743 0.0
0.61764706               0.061868268 -0.0029437199 0.0
0.625               0.063036742 -0.0029869726 0.0
0.63235294               0.064058511 -0.0028542668 0.0
0.63970588               0.064883164 -0.0027225015 0.0
0.64705882               0.065762647 -0.0023374722 0.0
0.65441176               0.066564728 -0.0018570978 0.0
0.66176471               0.067135859 -0.0010876389 0.0
0.66911765               0.067610414 -8.2810274e-05 0.0
0.67647059               0.067844243 0.00084884266 0.0
0.68382353               0.067805779 0.0021915399 0.0
0.69117647               0.067357564 0.0034605325 0.0
0.69852941               0.066603349 0.0046184719 0.0
0.70588235               0.065359272 0.005539756 0.0
0.71323529               0.063973195 0.0058944202 0.0
0.72058824               0.062837433 0.0054803916 0.0
0.72794118               0.06199423 0.0045096539 0.0
0.73529412               0.061905028 0.003086416 0.0
0.74264706               0.062328356 0.00162077 0.0
0.75               0.063297015 0.00026070943 0.0
0.75735294               0.06444404 -0.00095576475 0.0
0.76470588               0.065545019 -0.0017976376 0.0
0.77205882               0.066763848 -0.0023398534 0.0
0.77941176               0.068075059 -0.0025713953 0.0
0.78676471               0.068912119 -0.0027997495 0.0
0.79411765               0.069880498 -0.002832547 0.0
0.80147059               0.070691353 -0.0026988081 0.0
0.80882353               0.07157554 -0.0025241561 0.0
0.81617647               0.072215451 -0.0020799798 0.0
0.82352941               0.072749317 -0.0014480162 0.0
0.83088235               0.073345274 -0.00075533279 0.0
0.83823529               0.073564309 0.00021406542 0.0
0.84558824               0.073712299 0.0012723899 0.0
0.85294118               0.073461117 0.0025573881 0.0
0.86029412               0.072837144 0.0036929326 0.0
0.86764706               0.071638025 0.0048500627 0.0
0.875               0.070431124 0.0055439243 0.0
0.88235294               0.06904405 0.0056692194 0.0
0.88970588               0.067952402 0.0050296305 0.0
0.89705882               0.067330651 0.0039050288 0.0
0.90441176               0.067523157 0.0025615379 0.0
0.91176471               0.06813395 0.0010495873 0.0
0.91911765               0.068981671 -0.00025036117 0.0
0.92647059               0.070205533 -0.0012441268 0.0
0.93382353               0.071273483 -0.0019924459 0.0
0.94117647               0.072292791 -0.002463166 0.0
0.94852941               0.073261827 -0.0027273296 0.0
0.95588235               0.07418202 -0.0027963159 0.0
0.96323529               0.075027952 -0.0027839885 0.0
0.97058824               0.075777176 -0.0026332387 0.0
0.97794118               0.076455584 -0.002365663 0.0
0.98529412               0.077015608 -0.0018707733 0.0
0.99264706               0.077524883 -0.001261202 0.0
1.0               0.077891502 -0.00044215078 0.0
1.0073529               0.078135891 0.00048992178 0.0
1.0147059               0.078066377 0.0016006704 0.0
1.0220588               0.077472963 0.002852797 0.0
1.0294118               0.076724305 0.0039868083 0.0
1.0367647               0.075645109 0.00492826 0.0
1.0441176               0.074237789 0.0054480142 0.0
1.0514706               0.072833643 0.005305874 0.0
1.0588235               0.072083995 0.004584422 0.0
1.0661765               0.071657944 0.003387464 0.0
1.0735294               0.071886934 0.0019103659 0.0
1.0808824               0.072462444 0.0005849629 0.0
1.0882353               0.073402409 -0.00065740398 0.0
1.0955882               0.074453295 -0.0015496736 0.0
1.1029412               0.075583618 -0.002177891 0.0
1.1102941               0.076489153 -0.0025238478 0.0
1.1176471               0.077492176 -0.0027457365 0.0
1.125               0.07819306 -0.002840291 0.0
1.1323529               0.078990179 -0.002721306 0.0
1.1397059               0.079626786 -0.0025325015 0.0
1.1470588               0.080248881 -0.0022224848 0.0
1.1544118               0.080739486 -0.0018012823 0.0
1.1617647               0.08121413 -0.0010487781 0.0
1.1691176               0.081487722 -0.00024030314 0.0
1.1764706               0.081412406 0.00080858127 0.0
1.1838235               0.081235866 0.0019943621 0.0
1.1911765               0.080758784 0.0031020359 0.0
1.1985294               0.079603537 0.0042868756 0.0
1.2058824               0.078456845 0.0050737433 0.0
1.2132353               0.076921605 0.005369734 0.0
1.2205882               0.075798583 0.0049471218 0.0
1.2279412               0.07509925 0.0039826098 0.0
1.2352941               0.074969042 0.0026594342 0.0
1.2426471               0.075412683 0.0012965814 0.0
1.25               0.076096817 -6.4842901e-06 0.0
1.2573529               0.077023876 -0.0010931868 0.0
1.2647059               0.078089662 -0.00187721 0.0
1.2720588               0.07904425 -0.0024705851 0.0
1.2794118               0.079856984 -0.0027915858 0.0
1.2867647               0.080901696 -0.0028779662 0.0
1.2941176               0.081543717 -0.0028539182 0.0
1.3014706               0.082165032 -0.0026934584 0.0
1.3088235               0.082740964 -0.0024455943 0.0
1.3161765               0.083279042 -0.0020971051 0.0
1.3235294               0.083771321 -0.0015454094 0.0
1.3308824               0.083992755 -0.00085366554 0.0
1.3382353               0.084251603 5.1926121e-05 0.0
1.3455882               0.084179904 0.0010542974 0.0
1.3529412               0.083745364 0.0023299869 0.0
1.3602941               0.082982911 0.0034047805 0.0
1.3676471               0.0819627 0.0044399724 0.0
1.375               0.080551967 0.0051144498 0.0
1.3823529               0.079251189 0.0051287044 0.0
1.3897059               0.078115992 0.0045440766 0.0
1.3970588               0.077662331 0.0034515297 0.0
1.4044118               0.077805499 0.0021465412 0.0
1.4117647               0.078156752 0.0007571672 0.0
1.4191176               0.079173532 -0.00035520408 0.0
1.4264706               0.08005387 -0.0013938908 0.0
1.4338235               0.080994198 -0.0021118336 0.0
1.4411765               0.081877129 -0.0025119066 0.0
1.4485294               0.082726701 -0.0028581378 0.0
1.4558824               0.083465012 -0.0028865042 0.0
1.4632353               0.084175787 -0.0028464594 0.0
1.4705882               0.084753159 -0.0027156365 0.0
1.4779412               0.085307457 -0.0024581172 0.0
1.4852941               0.085653943 -0.001982099 0.0
1.4926471               0.086059005 -0.0013426919 0.0
1.5               0.086409375 -0.00064448784 0.0
1.5073529               0.08630397 0.00028821911 0.0
1.5147059               0.086214041 0.0014046408 0.0
1.5220588               0.085616014 0.0025797291 0.0
1.5294118               0.084940323 0.0034816122 0.0
1.5367647               0.083663812 0.0046027507 0.0
1.5441176               0.082115436 0.0050304204 0.0
1.5514706               0.080860678 0.0047872115 0.0
1.5588235               0.079844247 0.0040222063 0.0
1.5661765               0.079708309 0.0028515641 0.0
1.5735294               0.079988215 0.001492898 0.0
1.5808824               0.080583188 0.00013099892 0.0
1.5882353               0.081302691 -0.00098209152 0.0
1.5955882               0.082306484 -0.0018216407 0.0
1.6029412               0.083294825 -0.0023933193 0.0
1.6102941               0.084007491 -0.0027413473 0.0
1.6176471               0.084793416 -0.0029040633 0.0
1.625               0.085578532 -0.002930281 0.0
1.6323529               0.086240282 -0.0027996673 0.0
1.6397059               0.086699392 -0.0026519316 0.0
1.6470588               0.08722729 -0.0023039727 0.0
1.6544118               0.087653778 -0.0018450365 0.0
1.6617647               0.087910744 -0.0011435523 0.0
1.6691176               0.088075238 -0.00024837594 0.0
1.6764706               0.087999166 0.00059654423 0.0
1.6838235               0.087739919 0.0017901741 0.0
1.6911765               0.087062904 0.0029277441 0.0
1.6985294               0.086209902 0.0039398568 0.0
1.7058824               0.084910933 0.0047256392 0.0
1.7132353               0.083527921 0.0050023973 0.0
1.7205882               0.082379998 0.0045942042 0.0
1.7279412               0.081518571 0.0036705026 0.0
1.7352941               0.081365425 0.0023558727 0.0
1.7426471               0.081612012 0.0010182193 0.0
1.75               0.082378624 -0.0001939658 0.0
1.7573529               0.083281954 -0.0012809689 0.0
1.7647059               0.08407622 -0.0020175616 0.0
1.7720588               0.085007793 -0.0024952309 0.0
1.7794118               0.086020537 -0.0026565183 0.0
1.7867647               0.086566539 -0.0028616721 0.0
1.7941176               0.087253595 -0.0028860968 0.0
1.8014706               0.087795238 -0.0027462884 0.0
1.8088235               0.088409653 -0.0025772221 0.0
1.8161765               0.088791736 -0.0021568018 0.0
1.8235294               0.089087133 -0.0015706392 0.0
1.8308824               0.089451189 -0.0009398231 0.0
1.8382353               0.089411094 -4.0050537e-05 0.0
1.8455882               0.089371718 0.00094589945 0.0
1.8529412               0.088959274 0.0021211489 0.0
1.8602941               0.088209034 0.0031562274 0.0
1.8676471               0.08694392 0.0041930088 0.0
1.875               0.085748885 0.0047933923 0.0
1.8823529               0.084372817 0.0048848373 0.0
1.8897059               0.083299316 0.0042621414 0.0
1.8970588               0.082641529 0.0032003209 0.0
1.9044118               0.082752855 0.001959028 0.0
1.9117647               0.083272464 0.00057460779 0.0
1.9191176               0.083918852 -0.00062736264 0.0
1.9264706               0.084928183 -0.0015236797 0.0
1.9338235               0.08573803 -0.002197212 0.0
1.9411765               0.086555197 -0.0026027113 0.0
1.9485294               0.08732758 -0.0028045901 0.0
1.9558824               0.088009466 -0.0028753887 0.0
1.9632353               0.088615841 -0.0028513717 0.0
1.9705882               0.089180273 -0.0027018399 0.0
1.9779412               0.089667425 -0.0024496705 0.0
1.9852941               0.090025517 -0.0019764697 0.0
1.9926471               0.090342062 -0.0014057927 0.0
