t               Ux1 Uy1 Uz1
0.0073529412               0.0077000444 0.0123155 1.2108818e-26
0.014705882               0.0061445293 0.014489036 8.1679705e-27
0.022058824               0.0038206999 0.017114991 -1.1609307e-26
0.029411765               0.00065858713 0.018785468 3.8173382e-27
0.036764706               -0.0024289996 0.019217213 -9.80055e-21
0.044117647               -0.0065401536 0.018987125 -5.6219568e-21
0.051470588               -0.0099449274 0.017192751 -4.2709439e-21
0.058823529               -0.012941963 0.014561388 -1.96461e-26
0.066176471               -0.01434802 0.011479397 -2.4287296e-27
0.073529412               -0.015018196 0.0078178641 -5.1236222e-27
0.080882353               -0.01403742 0.0045840636 -1.1563057e-27
0.088235294               -0.012518911 0.0018306335 -7.2792789e-27
0.095588235               -0.01041573 -0.00047799495 -4.4369126e-27
0.10294118               -0.0080546152 -0.0024802291 -3.1476616e-27
0.11029412               -0.0054079542 -0.003926593 -3.4422501e-27
0.11764706               -0.0033855433 -0.0055356133 -2.3405467e-27
0.125               -0.00063163586 -0.0064996468 -1.9779017e-27
0.13235294               0.0021185256 -0.0072908113 5.6999278e-21
0.13970588               0.0046250655 -0.007916574 1.4944383e-27
0.14705882               0.0070023321 -0.0083835723 3.7399193e-27
0.15441176               0.0094649344 -0.008163577 2.1494854e-27
0.16176471               0.011697977 -0.007618101 2.6036347e-21
0.16911765               0.013856884 -0.0068749517 -4.7380268e-28
0.17647059               0.015730278 -0.0058118402 2.1477154e-27
0.18382353               0.017311642 -0.0042297736 6.8925124e-27
0.19117647               0.018305821 -0.0024188917 8.5536063e-27
0.19852941               0.018858682 -0.00074256195 1.2246091e-27
0.20588235               0.018801813 0.00057924164 1.2392202e-26
0.21323529               0.017594381 0.0016819074 4.6371417e-27
0.22058824               0.017215707 0.0020378825 4.681576e-27
0.22794118               0.016235436 0.0015681211 5.5105175e-27
0.23529412               0.016177292 0.00068956122 3.0246746e-27
0.24264706               0.016065493 -0.00067377514 -3.1333937e-21
0.25               0.017570835 -0.0016811184 2.6124307e-27
0.25735294               0.018633347 -0.0027443595 3.0668734e-27
0.26470588               0.02017224 -0.0033341626 -9.7022159e-23
0.27205882               0.021421789 -0.0037913707 2.3188085e-27
0.27941176               0.022922284 -0.0041090126 -2.6822443e-21
0.28676471               0.023971607 -0.0043907687 3.5072346e-27
0.29411765               0.025410903 -0.0044557601 2.1999103e-27
0.30147059               0.026831849 -0.0042472925 3.1601807e-27
0.30882353               0.028343992 -0.0039766958 1.5515759e-27
0.31617647               0.029596019 -0.0039040533 3.1191086e-27
0.32352941               0.030743166 -0.0034233994 -5.359284e-27
0.33088235               0.031914084 -0.0027783288 6.2845264e-27
0.33823529               0.032863596 -0.0016180228 9.3723609e-27
0.34558824               0.033593887 -0.00072079289 3.344052e-27
0.35294118               0.034093307 0.00069269012 5.1120515e-27
0.36029412               0.033787198 0.0022362581 1.6975142e-27
0.36764706               0.033871642 0.0033574184 1.2059865e-27
0.375               0.033282672 0.0041784602 2.7193427e-27
0.38235294               0.032020683 0.0047026607 -1.183792e-27
0.38970588               0.030890386 0.0044240129 3.7813173e-27
0.39705882               0.030438242 0.0036437933 9.2402795e-28
0.40441176               0.030419129 0.0025372836 2.1952449e-27
0.41176471               0.030623185 0.0011979236 1.1181159e-27
0.41911765               0.031239256 0.00014800421 6.5707769e-28
0.42647059               0.032408961 -0.0007537149 9.2549373e-27
0.43382353               0.034104216 -0.0013653577 1.6325817e-27
0.44117647               0.03519465 -0.0018154322 3.323038e-27
0.44852941               0.036439537 -0.0021927997 -5.8858046e-28
0.45588235               0.037689464 -0.0020882844 4.075682e-21
0.46323529               0.038783135 -0.002384607 1.1097393e-27
0.47058824               0.039849497 -0.0023711307 3.166301e-27
0.47794118               0.040892232 -0.0022328026 5.6352305e-28
0.48529412               0.041889903 -0.0019837299 -5.336216e-21
0.49264706               0.04299952 -0.0014930861 1.421359e-27
0.5               0.043870965 -0.00085102481 1.8861001e-27
0.50735294               0.044779339 -4.7808218e-05 8.507758e-28
0.51470588               0.044957788 0.00089556732 8.5660703e-27
0.52205882               0.045454108 0.0021707967 -4.5392311e-27
0.52941176               0.04509984 0.0033476315 1.4879487e-27
0.53676471               0.044607511 0.0041876948 5.4255051e-27
0.54411765               0.043684696 0.0048846412 -1.4744165e-28
0.55147059               0.04272617 0.0048995047 4.3528502e-27
0.55882353               0.041952781 0.0044931275 -3.5981533e-21
0.56617647               0.041213003 0.003618939 1.7059665e-27
0.57352941               0.04095732 0.0022475726 9.0342684e-28
0.58088235               0.04159048 0.0011285228 2.6638305e-27
0.58823529               0.042188565 1.5493676e-05 -3.1603809e-27
0.59558824               0.043420228 -0.00083822838 3.4087253e-27
0.60294118               0.044524458 -0.0012881723 1.4224964e-27
0.61029412               0.045732724 -0.0016424609 3.4382451e-21
0.61764706               0.046579404 -0.002057222 2.332621e-27
0.625               0.047807959 -0.0020625551 -5.0640555e-21
0.63235294               0.049010633 -0.0020569326 2.4035736e-21
0.63970588               0.049645632 -0.0021129777 2.7484808e-27
0.64705882               0.05058204 -0.0019547686 -1.1394945e-20
0.65441176               0.051402202 -0.001613415 5.8433519e-28
0.66176471               0.052168086 -0.0011173702 4.2949193e-28
0.66911765               0.052968221 -0.00047941714 -1.7667739e-21
0.67647059               0.053531328 0.00030918632 4.6556867e-27
0.68382353               0.053595423 0.0015823062 1.4018073e-27
0.69117647               0.053800599 0.0025770576 6.0124021e-27
0.69852941               0.053551194 0.0035320809 -3.3485608e-21
0.70588235               0.052632324 0.004368127 1.0410018e-26
0.71323529               0.051282444 0.0048156697 -1.1703366e-21
0.72058824               0.050621675 0.0046861975 -5.7825256e-22
0.72794118               0.049523898 0.0040647833 -2.7983676e-21
0.73529412               0.049271602 0.0030588261 -7.061196e-21
0.74264706               0.049127312 0.0018686396 -2.8429702e-27
0.75               0.049682791 0.00077843438 1.0639901e-27
0.75735294               0.050733822 -0.00018780473 1.2076676e-27
0.76470588               0.051875596 -0.00076692736 7.3518384e-28
0.77205882               0.052733522 -0.0011763903 2.8323134e-27
0.77941176               0.053923904 -0.0016136841 1.1053743e-27
0.78676471               0.05458931 -0.0019593849 -4.1992741e-21
0.79411765               0.05534456 -0.0021049651 -2.4524235e-27
0.80147059               0.056267378 -0.0018867387 -6.7262352e-21
0.80882353               0.057292353 -0.0017146586 2.5868819e-27
0.81617647               0.05788495 -0.0016897787 -3.0024747e-21
0.82352941               0.058688904 -0.001284881 -1.6906335e-21
0.83088235               0.059366771 -0.00076820174 3.059265e-27
0.83823529               0.059811293 9.9468267e-05 -4.0270622e-21
0.84558824               0.060054351 0.00081656018 8.2510455e-27
0.85294118               0.060274169 0.001916873 2.1934693e-27
0.86029412               0.059776528 0.0030051866 -4.5658367e-27
0.86764706               0.059668792 0.0038463588 2.5255778e-27
0.875               0.058595947 0.0045031927 2.4246675e-27
0.88235294               0.057408561 0.0049178409 8.3154664e-27
0.88970588               0.05615814 0.0043692367 -5.1818671e-27
0.89705882               0.055329989 0.0037299378 1.3741034e-27
0.90441176               0.055215853 0.0025502242 -7.3069363e-21
0.91176471               0.055165776 0.0013845387 -1.1960883e-20
0.91911765               0.055680824 0.00041620947 3.3994669e-27
0.92647059               0.056671489 -0.00038609035 -3.96608e-21
0.93382353               0.057871371 -0.00098229355 -4.6482044e-27
0.94117647               0.058415952 -0.001346434 -1.2054346e-20
0.94852941               0.059572396 -0.0016960575 1.8123904e-27
0.95588235               0.060700997 -0.0015923848 -1.3077048e-20
0.96323529               0.061394741 -0.0018117207 2.4714762e-27
0.97058824               0.062090907 -0.0017477592 2.9811667e-27
0.97794118               0.062616437 -0.0015595912 -2.3125096e-21
0.98529412               0.063632286 -0.001373444 3.2697582e-27
0.99264706               0.063972856 -0.00078891704 -1.1234464e-21
1.0               0.064794493 -0.00027713954 8.5499086e-27
1.0073529               0.065100911 0.00047549862 3.6511524e-27
1.0147059               0.065270944 0.0012863675 4.0925666e-27
1.0220588               0.065216164 0.0023752399 1.9860603e-27
1.0294118               0.064720859 0.0033798504 9.7938264e-28
1.0367647               0.064046287 0.0042245725 5.3177087e-27
1.0441176               0.062913753 0.0047249437 9.9181592e-27
1.0514706               0.061897577 0.0047778253 -1.1988241e-20
1.0588235               0.060794166 0.0043641061 4.4668264e-28
1.0661765               0.060293466 0.0034218692 2.5309268e-27
1.0735294               0.059775158 0.0023871081 -1.4949058e-20
1.0808824               0.060330552 0.0012211296 2.3802842e-27
1.0882353               0.060812224 0.00024785656 1.2277727e-27
1.0955882               0.061659397 -0.00053051011 -6.3592854e-27
1.1029412               0.062508435 -0.0010649908 1.0662079e-27
1.1102941               0.063731602 -0.001265152 7.2365166e-29
1.1176471               0.064090959 -0.0016512721 6.9564678e-28
1.125               0.064928725 -0.0016435442 -1.0594757e-21
1.1323529               0.06592842 -0.0015575091 2.2631225e-27
1.1397059               0.06662263 -0.001566407 -2.9143281e-27
1.1470588               0.067278749 -0.0014362088 2.4542568e-27
1.1544118               0.067964645 -0.0010960944 -6.7392538e-28
1.1617647               0.068504749 -0.00050896708 -2.7911563e-21
1.1691176               0.068970769 0.00012557526 9.7184137e-28
1.1764706               0.069182675 0.00089416735 5.6160733e-28
1.1838235               0.069219002 0.0018529992 1.0211362e-26
1.1911765               0.069035594 0.0028473089 4.7587047e-27
1.1985294               0.068477915 0.0037771115 8.5660781e-29
1.2058824               0.067644876 0.004497575 -5.3599156e-27
1.2132353               0.066012456 0.004894873 -8.7431855e-21
1.2205882               0.065370277 0.0047188932 3.5167352e-27
1.2279412               0.064169025 0.0040512028 -1.2401457e-20
1.2352941               0.063907833 0.0031436791 -2.0530363e-20
1.2426471               0.06376546 0.0017906513 -4.7403861e-27
1.25               0.064649654 0.00089662945 -2.6534459e-21
1.2573529               0.065285478 -0.00011854561 -3.1217682e-21
1.2647059               0.06629836 -0.00057948577 7.4655901e-29
1.2720588               0.067045226 -0.0010207988 1.0654192e-27
1.2794118               0.067898732 -0.0013669455 1.6479921e-27
1.2867647               0.068393893 -0.0016480528 -2.2692013e-21
1.2941176               0.069106915 -0.0017005189 -1.0886836e-21
1.3014706               0.069931262 -0.0014777032 -1.8925763e-23
1.3088235               0.070721831 -0.0012817347 -3.93754e-27
1.3161765               0.071320282 -0.0012134672 -9.8933196e-22
1.3235294               0.071751364 -0.00077636368 -1.084157e-20
1.3308824               0.072252938 -0.00039105142 2.0367652e-27
1.3382353               0.072520053 0.00037229279 2.0048476e-27
1.3455882               0.072661036 0.0010541674 -5.7282604e-21
1.3529412               0.072540527 0.0021164744 5.0973241e-27
1.3602941               0.071906017 0.0032612687 6.4150003e-28
1.3676471               0.071540488 0.0039963686 -6.6835666e-21
1.375               0.070710757 0.004514273 3.4413275e-27
1.3823529               0.069339018 0.0048209545 4.374232e-27
1.3897059               0.068025184 0.0043973681 -1.1155444e-20
1.3970588               0.067439809 0.0036189903 -3.5597474e-27
1.4044118               0.067278181 0.0026618363 6.1584666e-28
1.4117647               0.067268748 0.0013985303 1.0972345e-27
1.4191176               0.067567083 0.00048834633 -2.7248394e-21
1.4264706               0.06848617 -0.00042742445 -6.2409067e-21
1.4338235               0.069663576 -0.00081620522 -1.8656939e-20
1.4411765               0.070304344 -0.0011673615 -2.5578417e-21
1.4485294               0.071128831 -0.0015497547 -5.2326087e-21
1.4558824               0.071959936 -0.0013890175 -9.3139597e-22
1.4632353               0.072632901 -0.0015941803 1.070383e-27
1.4705882               0.073272697 -0.0015453974 -3.0860835e-21
1.4779412               0.073798759 -0.0013909088 -2.225722e-21
1.4852941               0.07439757 -0.0011524515 -6.6931926e-21
1.4926471               0.074900552 -0.00072185574 -3.1095486e-21
1.5               0.075440781 -0.000130837 3.1331849e-27
1.5073529               0.075695838 0.0006237877 1.1268224e-27
1.5147059               0.075637919 0.0014442941 5.005895e-27
1.5220588               0.075587678 0.0023818063 4.2326572e-27
1.5294118               0.074929067 0.0034196607 4.6462434e-27
1.5367647               0.074062345 0.0039528055 -8.5385936e-27
1.5441176               0.073126255 0.004498869 3.336867e-27
1.5514706               0.071940206 0.0045306682 -1.1992924e-21
1.5588235               0.070914305 0.0040947987 3.7722063e-27
1.5661765               0.070250876 0.0033314984 -1.2882358e-20
1.5735294               0.069949353 0.0021412265 -4.4686562e-27
1.5808824               0.070338207 0.00099279865 -5.505924e-22
1.5882353               0.070633243 0.00012499337 -4.062553e-21
1.5955882               0.071561462 -0.00055988132 -3.1597003e-29
1.6029412               0.072484706 -0.0010689992 -6.5994989e-21
1.6102941               0.073313853 -0.0013052861 2.0408239e-27
1.6176471               0.073929896 -0.0016966561 2.4906676e-28
1.625               0.074742051 -0.0016605424 -9.8443132e-22
1.6323529               0.075654425 -0.001534941 5.7336092e-28
1.6397059               0.075919781 -0.0015758883 2.2560143e-28
1.6470588               0.076635873 -0.0014358521 1.5196541e-27
1.6544118               0.077046209 -0.000997058 2.4649399e-27
1.6617647               0.077453685 -0.00054609786 -3.3552619e-21
1.6691176               0.077885913 4.4715522e-05 -1.8218437e-28
1.6764706               0.078109645 0.0007578252 -4.1208645e-27
1.6838235               0.077740079 0.0018780018 7.2029429e-27
1.6911765               0.077897246 0.0026698664 -1.7507943e-21
1.6985294               0.077188324 0.0035952704 5.5228292e-27
1.7058824               0.076179489 0.004188947 1.7509666e-27
1.7132353               0.074669719 0.0046332685 5.8012389e-27
1.7205882               0.073899587 0.0044166706 -5.0324936e-21
1.7279412               0.072776699 0.0037949863 -1.1495465e-20
1.7352941               0.072520797 0.0028127793 -1.4583764e-20
1.7426471               0.072273516 0.0017529501 1.7289408e-27
1.75               0.072690197 0.00063107725 1.2289104e-27
1.7573529               0.073495338 -0.000206003 -5.327101e-21
1.7647059               0.074464218 -0.00063270297 -1.2421425e-20
1.7720588               0.075160049 -0.0010652702 -3.9178531e-27
1.7794118               0.076059787 -0.0013803525 -1.3828624e-20
1.7867647               0.076361999 -0.0016832594 -1.1077286e-20
1.7941176               0.077045854 -0.0018709445 -1.2156451e-22
1.8014706               0.07783039 -0.0015284592 -8.7909124e-21
1.8088235               0.07843896 -0.0012689063 -8.0502627e-21
1.8161765               0.078920622 -0.0013175471 -1.1499247e-21
1.8235294               0.079396321 -0.0010026778 -7.9716775e-21
1.8308824               0.079833122 -0.00052364383 4.4686969e-27
1.8382353               0.080197128 0.00017862649 -6.0146523e-27
1.8455882               0.080073568 0.00090385562 -9.1381902e-21
1.8529412               0.08001305 0.0018851326 -1.217634e-20
1.8602941               0.079296567 0.0029609524 4.4821288e-27
1.8676471               0.079200724 0.0035747545 -2.7357927e-28
1.875               0.077985587 0.0042223304 -9.8519775e-22
1.8823529               0.076795018 0.0045091738 1.342122e-28
1.8897059               0.075445131 0.0041976564 1.0326898e-27
1.8970588               0.074485876 0.0034897036 -1.9808479e-21
1.9044118               0.074380136 0.0022735348 -7.023e-27
1.9117647               0.074328271 0.0011821687 -9.3700548e-21
1.9191176               0.074708407 0.00032419211 -3.8458568e-21
1.9264706               0.07550846 -0.00047839496 -4.9829381e-21
1.9338235               0.076641099 -0.0010465431 -5.3817118e-21
1.9411765               0.076897985 -0.0012456222 8.5608162e-29
1.9485294               0.077877097 -0.0015928866 1.0014689e-27
1.9558824               0.078803611 -0.0015481488 -3.0516126e-21
1.9632353               0.079379502 -0.0017002117 2.5352999e-27
1.9705882               0.079825812 -0.0016569941 -5.8640904e-21
1.9779412               0.080268032 -0.0014359916 -1.0094121e-22
1.9852941               0.081004654 -0.0012394289 5.9325013e-27
1.9926471               0.081092842 -0.00058897531 -4.6526712e-21
