t               Ux1 Uy1 Uz1
0.0073529412               0.0084646095 0.0094186505 0.0
0.014705882               0.007456396 0.011768597 0.0
0.022058824               0.0057491982 0.013857384 0.0
0.029411765               0.0034077143 0.015553579 0.0
0.036764706               0.00054842345 0.016682118 0.0
0.044117647               -0.0026949379 0.017068683 0.0
0.051470588               -0.0059964776 0.016567965 0.0
0.058823529               -0.0090054335 0.015173292 0.0
0.066176471               -0.011404517 0.013082205 0.0
0.073529412               -0.012953678 0.010585443 0.0
0.080882353               -0.013723253 0.0079938434 0.0
0.088235294               -0.01378315 0.0054812023 0.0
0.095588235               -0.013294234 0.0031359489 0.0
0.10294118               -0.012398626 0.00096572045 0.0
0.11029412               -0.011173847 -0.0010253157 0.0
0.11764706               -0.0097112001 -0.0028706164 0.0
0.125               -0.0079951481 -0.00461344 0.0
0.13235294               -0.0060675771 -0.0061725585 0.0
0.13970588               -0.0039333362 -0.0074943001 0.0
0.14705882               -0.0016637258 -0.0085151155 0.0
0.15441176               0.00072777098 -0.0091876489 0.0
0.16176471               0.0031526371 -0.009496351 0.0
0.16911765               0.0055384932 -0.0093762211 0.0
0.17647059               0.0077938491 -0.0088302246 0.0
0.18382353               0.009798656 -0.0078747547 0.0
0.19117647               0.011458842 -0.0065533714 0.0
0.19852941               0.012634367 -0.004995199 0.0
0.20588235               0.013244526 -0.003366037 0.0
0.21323529               0.013303808 -0.001870571 0.0
0.22058824               0.012877467 -0.00073967192 0.0
0.22794118               0.0122305 -0.00014711191 0.0
0.23529412               0.011640823 -7.032964e-05 0.0
0.24264706               0.011273619 -0.00035700631 0.0
0.25               0.011183033 -0.00090573108 0.0
0.25735294               0.01143538 -0.0016513071 0.0
0.26470588               0.012072981 -0.0023825541 0.0
0.27205882               0.012961265 -0.0029600039 0.0
0.27941176               0.013937322 -0.0033837891 0.0
0.28676471               0.014966611 -0.0037162436 0.0
0.29411765               0.016041172 -0.0039681741 0.0
0.30147059               0.017137436 -0.0041467425 0.0
0.30882353               0.018261799 -0.0042286785 0.0
0.31617647               0.01943786 -0.0041966361 0.0
0.32352941               0.020627682 -0.0040272218 0.0
0.33088235               0.021830871 -0.0036854763 0.0
0.33823529               0.022993131 -0.003143205 0.0
0.34558824               0.024047715 -0.0023758087 0.0
0.35294118               0.024910384 -0.001407727 0.0
0.36029412               0.025506965 -0.00028956592 0.0
0.36764706               0.025749642 0.0008949811 0.0
0.375               0.025588187 0.0019781682 0.0
0.38235294               0.025078596 0.0027725335 0.0
0.38970588               0.024366656 0.0031357339 0.0
0.39705882               0.023673148 0.0030125912 0.0
0.40441176               0.023200234 0.0024954117 0.0
0.41176471               0.023116083 0.0017210746 0.0
0.41911765               0.023424252 0.00090803928 0.0
0.42647059               0.024020961 0.00018118169 0.0
0.43382353               0.024804729 -0.00041308462 0.0
0.44117647               0.025661633 -0.00087970071 0.0
0.44852941               0.026552263 -0.001257057 0.0
0.45588235               0.027462149 -0.0015702562 0.0
0.46323529               0.028393111 -0.0018178671 0.0
0.47058824               0.029328878 -0.0020008956 0.0
0.47794118               0.030297742 -0.002116193 0.0
0.48529412               0.031297997 -0.0021265321 0.0
0.49264706               0.032299669 -0.0020186119 0.0
0.5               0.033319589 -0.0017709713 0.0
0.50735294               0.034255704 -0.0013498043 0.0
0.51470588               0.035094138 -0.00073087049 0.0
0.52205882               0.035747356 5.9856956e-05 0.0
0.52941176               0.036145323 0.00095691697 0.0
0.53676471               0.036220072 0.0018817831 0.0
0.54411765               0.03593549 0.0026553734 0.0
0.55147059               0.035339249 0.0031437268 0.0
0.55882353               0.034601616 0.003212733 0.0
0.56617647               0.033967219 0.0028386929 0.0
0.57352941               0.03363901 0.0021320385 0.0
0.58088235               0.033676593 0.0012808404 0.0
0.58823529               0.034055734 0.00044883752 0.0
0.59558824               0.03466396 -0.00026175146 0.0
0.60294118               0.035390716 -0.0008443168 0.0
0.61029412               0.036198452 -0.0013055756 0.0
0.61764706               0.037016548 -0.0016646781 0.0
0.625               0.037837195 -0.0019517755 0.0
0.63235294               0.038667182 -0.0021743852 0.0
0.63970588               0.039508039 -0.0023250485 0.0
0.64705882               0.040354568 -0.0023954309 0.0
0.65441176               0.041208234 -0.0023517935 0.0
0.66176471               0.042059788 -0.0021895514 0.0
0.66911765               0.042875186 -0.0018801912 0.0
0.67647059               0.043618941 -0.0014130123 0.0
0.68382353               0.044254911 -0.00079269835 0.0
0.69117647               0.044681564 -1.2456089e-05 0.0
0.69852941               0.044846567 0.00083072407 0.0
0.70588235               0.044680451 0.0016533197 0.0
0.71323529               0.044193859 0.0023159438 0.0
0.72058824               0.043443795 0.0026445526 0.0
0.72794118               0.042671913 0.0025330272 0.0
0.73529412               0.042085846 0.0020436038 0.0
0.74264706               0.041824219 0.0013060029 0.0
0.75               0.041968321 0.00049716649 0.0
0.75735294               0.042348169 -0.00023790285 0.0
0.76470588               0.042909221 -0.00084140168 0.0
0.77205882               0.043569395 -0.0013224575 0.0
0.77941176               0.04426812 -0.0017050832 0.0
0.78676471               0.044989832 -0.0020048728 0.0
0.79411765               0.045729045 -0.0022426485 0.0
0.80147059               0.046453599 -0.0024084013 0.0
0.80882353               0.047169016 -0.0024885334 0.0
0.81617647               0.047911527 -0.0024838718 0.0
0.82352941               0.048655925 -0.0023810461 0.0
0.83088235               0.049396161 -0.0021494985 0.0
0.83823529               0.050094722 -0.0017718127 0.0
0.84558824               0.050698924 -0.0012270472 0.0
0.85294118               0.051137966 -0.00053332693 0.0
0.86029412               0.051370366 0.00026648359 0.0
0.86764706               0.051316486 0.0011133574 0.0
0.875               0.050930612 0.001876744 0.0
0.88235294               0.050263249 0.0024026047 0.0
0.88970588               0.049439809 0.0025715654 0.0
0.89705882               0.048646236 0.0023352993 0.0
0.90441176               0.048075091 0.0017692447 0.0
0.91176471               0.047869942 0.00099721249 0.0
0.91911765               0.048019093 0.0002080183 0.0
0.92647059               0.048430222 -0.00048986431 0.0
0.93382353               0.049005126 -0.0010545931 0.0
0.94117647               0.049633512 -0.0014879994 0.0
0.94852941               0.050286253 -0.0018340314 0.0
0.95588235               0.050942682 -0.0021069523 0.0
0.96323529               0.051603338 -0.0023078898 0.0
0.97058824               0.052256669 -0.0024510808 0.0
0.97794118               0.052936969 -0.0025156195 0.0
0.98529412               0.053625023 -0.0024917458 0.0
0.99264706               0.054310786 -0.0023642894 0.0
1.0               0.055014717 -0.0021171866 0.0
1.0073529               0.055617638 -0.001721328 0.0
1.0147059               0.056130018 -0.0011555096 0.0
1.0220588               0.05647703 -0.0004452841 0.0
1.0294118               0.056602413 0.00035194056 0.0
1.0367647               0.056436538 0.0011792514 0.0
1.0441176               0.055959612 0.0018636766 0.0
1.0514706               0.055202569 0.0023060226 0.0
1.0588235               0.054321702 0.0023798374 0.0
1.0661765               0.05355123 0.0020515515 0.0
1.0735294               0.053080002 0.0014199678 0.0
1.0808824               0.052956341 0.00065811362 0.0
1.0882353               0.053156559 -8.7661309e-05 0.0
1.0955882               0.05357345 -0.00072576476 0.0
1.1029412               0.054101064 -0.0012444497 0.0
1.1102941               0.054708173 -0.0016520305 0.0
1.1176471               0.055326629 -0.0019590002 0.0
1.125               0.055942627 -0.0021938322 0.0
1.1323529               0.05656546 -0.0023660313 0.0
1.1397059               0.057194335 -0.0024689296 0.0
1.1470588               0.05782222 -0.0024979991 0.0
1.1544118               0.058457909 -0.0024259015 0.0
1.1617647               0.059090488 -0.0022433497 0.0
1.1691176               0.059685653 -0.0019316458 0.0
1.1764706               0.060214247 -0.001478878 0.0
1.1838235               0.060647056 -0.00089269764 0.0
1.1911765               0.060884108 -0.00015474403 0.0
1.1985294               0.060894652 0.00063222429 0.0
1.2058824               0.060608765 0.0014093573 0.0
1.2132353               0.060042087 0.0020651648 0.0
1.2205882               0.059241367 0.0024455206 0.0
1.2279412               0.058408356 0.0024838208 0.0
1.2352941               0.057687124 0.0021913028 0.0
1.2426471               0.057185913 0.0016537871 0.0
1.25               0.056996257 0.00091945048 0.0
1.2573529               0.057098655 9.1418523e-05 0.0
1.2647059               0.057503985 -0.0006385773 0.0
1.2720588               0.058060204 -0.0012016041 0.0
1.2794118               0.058651818 -0.0016260455 0.0
1.2867647               0.059247776 -0.0019536756 0.0
1.2941176               0.059859092 -0.0022252158 0.0
1.3014706               0.06045257 -0.0024227537 0.0
1.3088235               0.06103405 -0.0025340397 0.0
1.3161765               0.061645283 -0.0025674932 0.0
1.3235294               0.06226385 -0.0025100445 0.0
1.3308824               0.062879105 -0.0023304524 0.0
1.3382353               0.06345757 -0.0020147392 0.0
1.3455882               0.063950978 -0.0015431947 0.0
1.3529412               0.064290918 -0.00092956377 0.0
1.3602941               0.064444245 -0.000214654 0.0
1.3676471               0.064333919 0.00055152238 0.0
1.375               0.063912414 0.0012489019 0.0
1.3823529               0.0632323 0.001732316 0.0
1.3897059               0.062410509 0.0018912338 0.0
1.3970588               0.061619269 0.0016761975 0.0
1.4044118               0.061050874 0.0011577502 0.0
1.4117647               0.060830928 0.00045728524 0.0
1.4191176               0.060935739 -0.00025769399 0.0
1.4264706               0.061282738 -0.00088497263 0.0
1.4338235               0.061778862 -0.0013890656 0.0
1.4411765               0.062311869 -0.0017664258 0.0
1.4485294               0.062865438 -0.0020658527 0.0
1.4558824               0.063413715 -0.0022949011 0.0
1.4632353               0.063958112 -0.0024544704 0.0
1.4705882               0.064491844 -0.0025671096 0.0
1.4779412               0.06505041 -0.0025973399 0.0
1.4852941               0.065605973 -0.0025525548 0.0
1.4926471               0.066159306 -0.0024127071 0.0
1.5               0.066731909 -0.0021649067 0.0
1.5073529               0.067192707 -0.0017804018 0.0
1.5147059               0.067565162 -0.0012404114 0.0
1.5220588               0.067779086 -0.00057191175 0.0
1.5294118               0.067783189 0.00017211427 0.0
1.5367647               0.067508123 0.00094088017 0.0
1.5441176               0.066945738 0.0015592008 0.0
1.5514706               0.066127513 0.0019445198 0.0
1.5588235               0.065205071 0.0019798078 0.0
1.5661765               0.064412954 0.0016281072 0.0
1.5735294               0.06393415 0.00099282252 0.0
1.5808824               0.063804972 0.00024471423 0.0
1.5882353               0.063991742 -0.00047212979 0.0
1.5955882               0.064381643 -0.0010733887 0.0
1.6029412               0.064865044 -0.001548978 0.0
1.6102941               0.065412859 -0.0019153658 0.0
1.6176471               0.065962617 -0.0021818848 0.0
1.625               0.066497739 -0.0023776117 0.0
1.6323529               0.067031275 -0.0025144537 0.0
1.6397059               0.067563541 -0.0025875473 0.0
1.6470588               0.068087208 -0.0025941974 0.0
1.6544118               0.068616442 -0.0025091123 0.0
1.6617647               0.06913648 -0.0023187579 0.0
1.6691176               0.069614603 -0.0020129252 0.0
1.6764706               0.07002415 -0.0015789112 0.0
1.6838235               0.070338518 -0.0010244777 0.0
1.6911765               0.070454499 -0.00033426265 0.0
1.6985294               0.07035194 0.0003884171 0.0
1.7058824               0.069957281 0.0010894152 0.0
1.7132353               0.06928713 0.0016509255 0.0
1.7205882               0.068407225 0.0019019243 0.0
1.7279412               0.067540201 0.0017892358 0.0
1.7352941               0.066847688 0.0013310703 0.0
1.7426471               0.066484482 0.0006450395 0.0
1.75               0.066524796 -9.5074362e-05 0.0
1.7573529               0.066763102 -0.00076017183 0.0
1.7647059               0.067168709 -0.001296081 0.0
1.7720588               0.067659056 -0.0017145819 0.0
1.7794118               0.068182745 -0.0020361545 0.0
1.7867647               0.068709296 -0.0022690918 0.0
1.7941176               0.069245546 -0.0024555165 0.0
1.8014706               0.069753113 -0.0025704208 0.0
1.8088235               0.070238147 -0.0026024701 0.0
1.8161765               0.070744412 -0.0025665018 0.0
1.8235294               0.071252217 -0.0024483296 0.0
1.8308824               0.071748403 -0.0022167044 0.0
1.8382353               0.072199961 -0.0018608058 0.0
1.8455882               0.072559382 -0.0013637936 0.0
1.8529412               0.072762132 -0.00073599823 0.0
1.8602941               0.072778596 -2.9910072e-05 0.0
1.8676471               0.072539906 0.00071631074 0.0
1.875               0.072001196 0.0013851766 0.0
1.8823529               0.071219234 0.0018363473 0.0
1.8897059               0.070313127 0.0019637768 0.0
1.8970588               0.069452494 0.0017199467 0.0
1.9044118               0.068833358 0.0011749188 0.0
1.9117647               0.068574149 0.00045470286 0.0
1.9191176               0.068644834 -0.00027654346 0.0
1.9264706               0.068960356 -0.00091590254 0.0
1.9338235               0.069424019 -0.0014282385 0.0
1.9411765               0.069920509 -0.0018107244 0.0
1.9485294               0.070438204 -0.0021146764 0.0
1.9558824               0.070946604 -0.0023461465 0.0
1.9632353               0.071448303 -0.0025049776 0.0
1.9705882               0.071938136 -0.0026198854 0.0
1.9779412               0.072450662 -0.0026460797 0.0
1.9852941               0.07295586 -0.0026023935 0.0
1.9926471               0.073458463 -0.0024644067 0.0
