t               Ux1 Uy1 Uz1
0.0073529412               0.0074873507 0.011564142 0.0
0.014705882               0.0060800094 0.014087569 0.0
0.022058824               0.0036957295 0.01626999 0.0
0.029411765               0.00090057105 0.017615853 0.0
0.036764706               -0.0027841372 0.018561523 0.0
0.044117647               -0.0064790026 0.018338791 0.0
0.051470588               -0.0097005446 0.016689413 0.0
0.058823529               -0.01155824 0.014158764 0.0
0.066176471               -0.012454635 0.011067683 0.0
0.073529412               -0.011989694 0.0077331214 0.0
0.080882353               -0.01063025 0.0047602971 0.0
0.088235294               -0.0085279344 0.0019731839 0.0
0.095588235               -0.0060617341 -0.00023260879 0.0
0.10294118               -0.0033456662 -0.0021068922 0.0
0.11029412               -0.00075014793 -0.0035527185 0.0
0.11764706               0.0020604061 -0.0047980107 0.0
0.125               0.0046095038 -0.0058052118 0.0
0.13235294               0.0073106551 -0.006453803 0.0
0.13970588               0.0098501827 -0.0069063631 0.0
0.14705882               0.012376563 -0.0070609415 0.0
0.15441176               0.014772763 -0.0069945447 0.0
0.16176471               0.017088192 -0.0063336031 0.0
0.16911765               0.019172992 -0.0054497584 0.0
0.17647059               0.020818296 -0.0042644304 0.0
0.18382353               0.022196109 -0.002708062 0.0
0.19117647               0.023128224 -0.0011601817 0.0
0.19852941               0.023117356 0.00058963464 0.0
0.20588235               0.022846531 0.0020050488 0.0
0.21323529               0.021904458 0.0028329753 0.0
0.22058824               0.021166392 0.0028947329 0.0
0.22794118               0.02068668 0.0023186959 0.0
0.23529412               0.020674291 0.0012684379 0.0
0.24264706               0.021322642 9.8195674e-05 0.0
0.25               0.022283029 -0.0011252348 0.0
0.25735294               0.023629383 -0.0022197458 0.0
0.26470588               0.025225714 -0.0030338089 0.0
0.27205882               0.026779491 -0.0037077447 0.0
0.27941176               0.028287377 -0.0040848174 0.0
0.28676471               0.030058875 -0.0042495669 0.0
0.29411765               0.031445883 -0.0042779924 0.0
0.30147059               0.032859564 -0.0041849284 0.0
0.30882353               0.034209335 -0.0039704123 0.0
0.31617647               0.035522768 -0.003634769 0.0
0.32352941               0.036815795 -0.0030550305 0.0
0.33088235               0.037885616 -0.0023294873 0.0
0.33823529               0.038978097 -0.0013395975 0.0
0.34558824               0.039730962 -0.00023149434 0.0
0.35294118               0.040081098 0.0012177542 0.0
0.36029412               0.040079248 0.0024639166 0.0
0.36764706               0.039650971 0.0037709492 0.0
0.375               0.038687787 0.0047446597 0.0
0.38235294               0.037691142 0.0050222603 0.0
0.38970588               0.036731569 0.0047018577 0.0
0.39705882               0.036302912 0.0038356487 0.0
0.40441176               0.036496607 0.0027204989 0.0
0.41176471               0.036924861 0.0014267857 0.0
0.41911765               0.038118595 0.00037543078 0.0
0.42647059               0.039259904 -0.00067807124 0.0
0.43382353               0.040527347 -0.0014600994 0.0
0.44117647               0.041807138 -0.0019334643 0.0
0.44852941               0.043125608 -0.0023802051 0.0
0.45588235               0.044356914 -0.0025153779 0.0
0.46323529               0.04556404 -0.0025725975 0.0
0.47058824               0.046658791 -0.0025586093 0.0
0.47794118               0.047759879 -0.0024149342 0.0
0.48529412               0.048667094 -0.0020388784 0.0
0.49264706               0.049656924 -0.0014893423 0.0
0.5               0.050618573 -0.00086669324 0.0
0.50735294               0.051147369 5.0674037e-06 0.0
0.51470588               0.051683737 0.0010902472 0.0
0.52205882               0.051704142 0.002272418 0.0
0.52941176               0.051624581 0.0031855369 0.0
0.53676471               0.050762325 0.0044743539 0.0
0.54411765               0.049553758 0.0050580613 0.0
0.55147059               0.048501122 0.0050237132 0.0
0.55882353               0.04752364 0.004462993 0.0
0.56617647               0.047355112 0.0034951223 0.0
0.57352941               0.047594479 0.0022881214 0.0
0.58088235               0.048182273 0.0010174631 0.0
0.58823529               0.049003997 -5.916304e-05 0.0
0.59558824               0.050153194 -0.00091631312 0.0
0.60294118               0.051377344 -0.0015406869 0.0
0.61029412               0.052364671 -0.0019697469 0.0
0.61764706               0.0534668 -0.0022144446 0.0
0.625               0.054586672 -0.0023345236 0.0
0.63235294               0.055592735 -0.0022996795 0.0
0.63970588               0.056433306 -0.0022837776 0.0
0.64705882               0.057355181 -0.0020403987 0.0
0.65441176               0.058231676 -0.0017172326 0.0
0.66176471               0.058911046 -0.0011284684 0.0
0.66911765               0.059534832 -0.00031375681 0.0
0.67647059               0.059964417 0.00042283604 0.0
0.68382353               0.060169231 0.001569022 0.0
0.69117647               0.060006713 0.0026668322 0.0
0.69852941               0.059550043 0.0037104421 0.0
0.70588235               0.05859364 0.0045887144 0.0
0.71323529               0.057421937 0.005008754 0.0
0.72058824               0.056376747 0.0047828139 0.0
0.72794118               0.055479839 0.0040895233 0.0
0.73529412               0.055212666 0.0029771152 0.0
0.74264706               0.055391738 0.0018079453 0.0
0.75               0.056102481 0.00068862295 0.0
0.75735294               0.057015212 -0.00035527826 0.0
0.76470588               0.057928174 -0.0010975171 0.0
0.77205882               0.05899878 -0.0016076538 0.0
0.77941176               0.06020813 -0.0018519025 0.0
0.78676471               0.060984698 -0.0021264253 0.0
0.79411765               0.061922178 -0.0022313699 0.0
0.80147059               0.06273092 -0.002197475 0.0
0.80882353               0.063636881 -0.0021386848 0.0
0.81617647               0.064330384 -0.0018329107 0.0
0.82352941               0.064948249 -0.0013611296 0.0
0.83088235               0.065662983 -0.00084242476 0.0
0.83823529               0.066041414 -6.3732735e-05 0.0
0.84558824               0.066390972 0.00080834627 0.0
0.85294118               0.066386511 0.0019053067 0.0
0.86029412               0.066040341 0.0028919151 0.0
0.86764706               0.065124393 0.0039585436 0.0
0.875               0.06416395 0.0046486181 0.0
0.88235294               0.062937314 0.0048826793 0.0
0.88970588               0.061875819 0.004466483 0.0
0.89705882               0.061147257 0.0036284754 0.0
0.90441176               0.061134159 0.0025886722 0.0
0.91176471               0.061497389 0.0013487336 0.0
0.91911765               0.062104468 0.00025858706 0.0
0.92647059               0.063120855 -0.00059535234 0.0
0.93382353               0.064029377 -0.0012676269 0.0
0.94117647               0.06492691 -0.0017271577 0.0
0.94852941               0.065822927 -0.0020095989 0.0
0.95588235               0.066697825 -0.0021375613 0.0
0.96323529               0.067529161 -0.0021982266 0.0
0.97058824               0.068289499 -0.0021517323 0.0
0.97794118               0.06900399 -0.0020030259 0.0
0.98529412               0.069627969 -0.0016466346 0.0
0.99264706               0.07023267 -0.001198396 0.0
1.0               0.070730561 -0.00054964537 0.0
1.0073529               0.071142292 0.00019541924 0.0
1.0147059               0.071285572 0.0011233274 0.0
1.0220588               0.070943817 0.0022030821 0.0
1.0294118               0.070463057 0.0032127485 0.0
1.0367647               0.069643204 0.0040941305 0.0
1.0441176               0.068447211 0.0046488982 0.0
1.0514706               0.067149836 0.004658192 0.0
1.0588235               0.06637085 0.0041799856 0.0
1.0661765               0.065800865 0.0032757759 0.0
1.0735294               0.065808481 0.0020870276 0.0
1.0808824               0.066143982 0.001006543 0.0
1.0882353               0.06686141 -5.6361664e-05 0.0
1.0955882               0.067731938 -0.00083839382 0.0
1.1029412               0.068728247 -0.0014146922 0.0
1.1102941               0.069536366 -0.0017668265 0.0
1.1176471               0.070482686 -0.0020202469 0.0
1.125               0.07115599 -0.0021790861 0.0
1.1323529               0.07195066 -0.0021466211 0.0
1.1397059               0.072611543 -0.0020615 0.0
1.1470588               0.073279888 -0.0018751165 0.0
1.1544118               0.073847944 -0.0015965503 0.0
1.1617647               0.074426684 -0.0010115385 0.0
1.1691176               0.074842588 -0.00037995313 0.0
1.1764706               0.074953286 0.00048390122 0.0
1.1838235               0.074997923 0.0014851366 0.0
1.1911765               0.074775432 0.0024361152 0.0
1.1985294               0.073884822 0.0035156808 0.0
1.2058824               0.072976805 0.0042783208 0.0
1.2132353               0.071608631 0.0046494287 0.0
1.2205882               0.07053268 0.0044185888 0.0
1.2279412               0.069754067 0.0037194742 0.0
1.2352941               0.069442216 0.0026866155 0.0
1.2426471               0.069664419 0.0015921866 0.0
1.25               0.070125139 0.00050435695 0.0
1.2573529               0.070854704 -0.00043365319 0.0
1.2647059               0.071769456 -0.0011319555 0.0
1.2720588               0.072612802 -0.0016940316 0.0
1.2794118               0.073352585 -0.002027525 0.0
1.2867647               0.074355485 -0.0021524976 0.0
1.2941176               0.074985392 -0.0022005928 0.0
1.3014706               0.075616819 -0.0021349963 0.0
1.3088235               0.076227332 -0.0019919866 0.0
1.3161765               0.076823649 -0.001771224 0.0
1.3235294               0.077399658 -0.0013689222 0.0
1.3308824               0.077739939 -0.00084121241 0.0
1.3382353               0.078150059 -0.00011676459 0.0
1.3455882               0.078271407 0.0007068825 0.0
1.3529412               0.078069382 0.0018008021 0.0
1.3602941               0.077562189 0.0027357449 0.0
1.3676471               0.07678822 0.0036975741 0.0
1.375               0.075589785 0.0043742974 0.0
1.3823529               0.074410326 0.0045064646 0.0
1.3897059               0.073281559 0.0041382232 0.0
1.3970588               0.072707651 0.003317898 0.0
1.4044118               0.072659352 0.0022959601 0.0
1.4117647               0.072787586 0.0011545875 0.0
1.4191176               0.073590316 0.0002277944 0.0
1.4264706               0.074296512 -0.00068559043 0.0
1.4338235               0.075107821 -0.0013354764 0.0
1.4411765               0.075894759 -0.0017289665 0.0
1.4485294               0.07668859 -0.0020986895 0.0
1.4558824               0.077398548 -0.0021807149 0.0
1.4632353               0.078105191 -0.0022138555 0.0
1.4705882               0.078700913 -0.0021807907 0.0
1.4779412               0.079299726 -0.0020378092 0.0
1.4852941               0.079713976 -0.0016977242 0.0
1.4926471               0.080215776 -0.0012119746 0.0
1.5               0.080692385 -0.00067874553 0.0
1.5073529               0.080754642 6.9455589e-05 0.0
1.5147059               0.080867907 0.0010043711 0.0
1.5220588               0.080506842 0.0020130011 0.0
1.5294118               0.080075647 0.0027993271 0.0
1.5367647               0.079038994 0.0038610629 0.0
1.5441176               0.077677743 0.0043299311 0.0
1.5514706               0.076505465 0.0042408401 0.0
1.5588235               0.075449649 0.0037123763 0.0
1.5661765               0.075168301 0.0028194403 0.0
1.5735294               0.075243709 0.0017285318 0.0
1.5808824               0.075626258 0.00059351833 0.0
1.5882353               0.076152663 -0.00035458086 0.0
1.5955882               0.077002646 -0.0010929965 0.0
1.6029412               0.077875885 -0.0016209209 0.0
1.6102941               0.078509006 -0.0019720988 0.0
1.6176471               0.079249878 -0.0021623937 0.0
1.625               0.080013056 -0.0022509062 0.0
1.6323529               0.080677256 -0.0022003853 0.0
1.6397059               0.081164042 -0.0021481171 0.0
1.6470588               0.081739721 -0.0019201922 0.0
1.6544118               0.082240661 -0.0015978517 0.0
1.6617647               0.082599012 -0.0010581331 0.0
1.6691176               0.082898535 -0.00033521976 0.0
1.6764706               0.082994749 0.00033209962 0.0
1.6838235               0.082945213 0.0013454503 0.0
1.6911765               0.08250693 0.0023294674 0.0
1.6985294               0.081892062 0.0032439907 0.0
1.7058824               0.080815241 0.0040010464 0.0
1.7132353               0.079584281 0.0043504691 0.0
1.7205882               0.078480759 0.0041237261 0.0
1.7279412               0.077548279 0.0034554162 0.0
1.7352941               0.077228762 0.0024184697 0.0
1.7426471               0.077267343 0.0013381674 0.0
1.75               0.077825339 0.00033090078 0.0
1.7573529               0.078547055 -0.00061245079 0.0
1.7647059               0.079202483 -0.0012678222 0.0
1.7720588               0.080027368 -0.0017212836 0.0
1.7794118               0.080971418 -0.0018959518 0.0
1.7867647               0.081482053 -0.002141356 0.0
1.7941176               0.08215634 -0.0022280591 0.0
1.8014706               0.082708548 -0.002176293 0.0
1.8088235               0.083351917 -0.002109326 0.0
1.8161765               0.083790444 -0.0018139868 0.0
1.8235294               0.084167696 -0.0013753383 0.0
1.8308824               0.084642478 -0.00090593043 0.0
1.8382353               0.084749016 -0.00018613493 0.0
1.8455882               0.084889495 0.00062458377 0.0
1.8529412               0.084693601 0.001621846 0.0
1.8602941               0.084181457 0.0025193004 0.0
1.8676471               0.083153733 0.0034747685 0.0
1.875               0.082156806 0.0040784479 0.0
1.8823529               0.080900453 0.0042782286 0.0
1.8897059               0.079834711 0.0038673462 0.0
1.8970588               0.07907087 0.0030708585 0.0
1.9044118               0.0789981 0.0021042069 0.0
1.9117647               0.079304572 0.00096220544 0.0
1.9191176               0.079751889 -5.473212e-05 0.0
1.9264706               0.080593063 -0.00082980089 0.0
1.9338235               0.081277994 -0.001438167 0.0
1.9411765               0.081999705 -0.0018364719 0.0
1.9485294               0.082718088 -0.0020566697 0.0
1.9558824               0.083369411 -0.0021810157 0.0
1.9632353               0.083970946 -0.0022234383 0.0
1.9705882               0.084551559 -0.0021694134 0.0
1.9779412               0.085077016 -0.0020274066 0.0
1.9852941               0.085497474 -0.0016850106 0.0
1.9926471               0.085903372 -0.001268022 0.0
