t               Ux1 Uy1 Uz1
0.0073529412               0.0074156723 0.010345237 1.9317779e-20
0.014705882               0.0066019714 0.012933841 1.774803e-20
0.022058824               0.0044087673 0.015093196 -2.7534718e-20
0.029411765               0.0019611862 0.016581338 -1.715231e-20
0.036764706               -0.0015849119 0.017403765 -1.1343368e-19
0.044117647               -0.0048592124 0.017140356 4.820124e-20
0.051470588               -0.0087853398 0.01591471 5.0898644e-21
0.058823529               -0.011291638 0.014377638 9.9688275e-21
0.066176471               -0.0133235 0.012012868 -4.0858762e-20
0.073529412               -0.014982972 0.0093026611 2.3433037e-20
0.080882353               -0.015108824 0.0067855205 -5.0751251e-20
0.088235294               -0.014789317 0.0040339498 1.454712e-19
0.095588235               -0.014142581 0.0015226463 4.4070438e-20
0.10294118               -0.013194282 -0.00046627468 -4.4942256e-20
0.11029412               -0.012106757 -0.0026058811 1.101756e-21
0.11764706               -0.010669137 -0.0045141163 -2.2423092e-21
0.125               -0.00890529 -0.0061933184 7.8092251e-20
0.13235294               -0.0070244807 -0.0077967644 -5.3355555e-20
0.13970588               -0.0047883627 -0.0091258976 -8.6960667e-20
0.14705882               -0.002335737 -0.01001654 -8.3670822e-21
0.15441176               0.00020165985 -0.010726937 1.3128095e-19
0.16176471               0.0025778106 -0.01101269 2.0598568e-20
0.16911765               0.0053032568 -0.010790139 -8.4434452e-20
0.17647059               0.0074079939 -0.010011963 5.6373722e-21
0.18382353               0.0093182737 -0.0087150513 5.4521689e-20
0.19117647               0.010991062 -0.0074337807 -1.148735e-20
0.19852941               0.011954802 -0.0056206973 3.766837e-20
0.20588235               0.012585974 -0.0040232529 -1.2444417e-20
0.21323529               0.012519413 -0.0025688724 4.8740142e-20
0.22058824               0.011618864 -0.0014596459 4.011093e-20
0.22794118               0.010962587 -0.0010824842 -5.8122441e-20
0.23529412               0.010402289 -0.001118004 -6.9825959e-20
0.24264706               0.010251949 -0.001626508 5.1912744e-20
0.25               0.010207422 -0.0025299827 -1.6562191e-20
0.25735294               0.010745551 -0.0031538561 5.1611621e-20
0.26470588               0.011482621 -0.0036596865 3.6084344e-20
0.27205882               0.012686876 -0.0038854374 -6.8870266e-21
0.27941176               0.013481147 -0.0041545123 1.3475687e-19
0.28676471               0.014629761 -0.004377148 -1.0131955e-19
0.29411765               0.015649116 -0.0043121524 -4.5131691e-20
0.30147059               0.016826458 -0.0042628686 -2.1248392e-21
0.30882353               0.017768433 -0.0041572491 -8.2719229e-20
0.31617647               0.018839015 -0.0038216934 4.3042276e-20
0.32352941               0.019986469 -0.0034758714 -4.3377555e-20
0.33088235               0.0211479 -0.0029363856 5.5627932e-20
0.33823529               0.022145508 -0.002245066 2.8418616e-20
0.34558824               0.023027834 -0.0013713701 -9.876801e-20
0.35294118               0.023706837 -0.00010199492 9.6228398e-20
0.36029412               0.024602354 0.00086686801 1.5764508e-20
0.36764706               0.024391054 0.0021900679 4.1112746e-20
0.375               0.023848061 0.0031407778 -9.052312e-20
0.38235294               0.023119286 0.0037221627 1.3549295e-20
0.38970588               0.022425122 0.0041425332 -4.5464123e-20
0.39705882               0.021953904 0.0039389469 6.948048e-21
0.40441176               0.021100687 0.0032408845 -1.3259753e-19
0.41176471               0.021504953 0.002501936 -8.1450499e-21
0.41911765               0.021784836 0.0014420704 4.4664559e-20
0.42647059               0.022367618 0.00069213245 4.8535002e-20
0.43382353               0.023280138 0.00023862423 1.2255732e-19
0.44117647               0.024197934 -0.00040924184 -2.2526341e-20
0.44852941               0.02502826 -0.00083303124 -8.6096137e-20
0.45588235               0.02579524 -0.00093844143 -5.2763601e-20
0.46323529               0.026692738 -0.0011091951 -2.4960346e-20
0.47058824               0.027856613 -0.0011981309 -7.4234522e-20
0.47794118               0.028664118 -0.0013426767 -1.1011208e-19
0.48529412               0.029618986 -0.0013263522 -3.1666138e-20
0.49264706               0.030670093 -0.0011670014 -8.1553146e-21
0.5               0.031625397 -0.00078582853 3.0260317e-21
0.50735294               0.032550189 -0.0004309107 9.474595e-20
0.51470588               0.033346758 0.00025653005 6.9890782e-21
0.52205882               0.033995833 0.0010498973 9.5292084e-21
0.52941176               0.034387152 0.0018860329 -9.4270694e-20
0.53676471               0.034249377 0.0026861033 4.3624604e-20
0.54411765               0.034075353 0.0032466791 3.2808431e-20
0.55147059               0.033402713 0.0035281777 1.2224596e-20
0.55882353               0.032824572 0.0035980742 -2.4375712e-20
0.56617647               0.0324298 0.0030808217 -2.3296257e-21
0.57352941               0.031832344 0.0023319671 -3.8059373e-20
0.58088235               0.032124276 0.0015944619 -2.9617272e-21
0.58823529               0.032753366 0.00072142596 1.4386564e-19
0.59558824               0.033406859 -7.4454217e-05 3.4512678e-20
0.60294118               0.034043861 -0.00057468946 -1.1932628e-21
0.61029412               0.034795603 -0.0011333561 5.4328543e-21
0.61764706               0.035642523 -0.0014106482 1.050735e-20
0.625               0.03651357 -0.0016562823 5.4369554e-20
0.63235294               0.037219335 -0.0018883666 -9.4446197e-21
0.63970588               0.038114878 -0.0019189235 7.1515103e-20
0.64705882               0.039007298 -0.0019206507 -5.1817219e-21
0.65441176               0.03986875 -0.0019212595 -1.5403753e-20
0.66176471               0.040731543 -0.0017884248 1.7990672e-20
0.66911765               0.041623546 -0.0014950645 3.4164014e-20
0.67647059               0.042318681 -0.0009916436 3.865849e-20
0.68382353               0.042734388 -0.00029378097 -2.1086609e-20
0.69117647               0.04317748 0.00049572344 -2.7321739e-20
0.69852941               0.043469104 0.0012839742 2.2318373e-20
0.70588235               0.043249103 0.0020788221 2.536311e-20
0.71323529               0.042993439 0.0024305339 -1.6638932e-20
0.72058824               0.041735304 0.0028461399 -1.0498149e-21
0.72794118               0.041359209 0.0026400256 2.7660657e-20
0.73529412               0.040798786 0.0021036912 -1.5965096e-20
0.74264706               0.040859545 0.0014121181 4.6869097e-21
0.75               0.040831763 0.00048696443 1.0354752e-20
0.75735294               0.041304118 -0.00014884951 -5.9694584e-20
0.76470588               0.041778032 -0.00076053698 -2.6910113e-20
0.77205882               0.042655215 -0.0011372066 4.7209743e-20
0.77941176               0.043259831 -0.0014795229 2.1440676e-20
0.78676471               0.043944651 -0.0018164379 1.7722193e-20
0.79411765               0.044692706 -0.0018987797 -2.4597788e-20
0.80147059               0.045463367 -0.0019221114 7.6775539e-20
0.80882353               0.046138454 -0.0021004889 -3.5574476e-20
0.81617647               0.046831553 -0.0020213423 -7.7823853e-20
0.82352941               0.047547348 -0.001909652 2.2253887e-20
0.83088235               0.048274511 -0.0015819378 1.0717994e-19
0.83823529               0.049005265 -0.00126281 -4.9818053e-20
0.84558824               0.049585479 -0.00070317266 -1.4328195e-20
0.85294118               0.049975877 9.0598559e-05 6.956124e-20
0.86029412               0.050418584 0.0006973512 -2.2946864e-20
0.86764706               0.050237838 0.0015331376 -1.1463067e-19
0.875               0.049453202 0.0022358392 4.8365971e-21
0.88235294               0.048959398 0.0025957817 3.0223071e-20
0.88970588               0.048040692 0.0028215984 6.378267e-21
0.89705882               0.04760036 0.0025048085 3.7407838e-21
0.90441176               0.047051368 0.0019468251 -4.0907994e-20
0.91176471               0.04719637 0.0012684477 3.0856544e-20
0.91911765               0.04724093 0.0002296037 -1.020302e-19
0.92647059               0.04781109 -0.00040066978 1.8454099e-20
0.93382353               0.048352747 -0.00090189072 -1.1680323e-20
0.94117647               0.049047324 -0.0014035474 -6.2947002e-20
0.94852941               0.049513817 -0.0017275387 -1.1080631e-19
0.95588235               0.05007308 -0.0018887102 -2.3713431e-20
0.96323529               0.050769474 -0.0020228899 9.6933268e-21
0.97058824               0.051685017 -0.0020028987 -2.7093499e-20
0.97794118               0.052188297 -0.0020780572 -1.2803241e-20
0.98529412               0.052893106 -0.0019983168 2.8507082e-20
0.99264706               0.053457435 -0.0018110971 6.9532865e-20
1.0               0.054141356 -0.001473426 8.2244583e-21
1.0073529               0.054680901 -0.0011034878 1.0224198e-21
1.0147059               0.055181976 -0.00048910885 -3.4843339e-20
1.0220588               0.055456077 0.00024618253 2.4285551e-20
1.0294118               0.055666582 0.0010251532 -3.4887704e-21
1.0367647               0.055202262 0.0017072214 -9.0228033e-20
1.0441176               0.054798671 0.0022686435 2.7535997e-20
1.0514706               0.053885696 0.0025513287 -1.4271252e-21
1.0588235               0.053392728 0.0026129435 -1.1969887e-20
1.0661765               0.05280698 0.0022125056 -3.2239349e-20
1.0735294               0.0522256 0.0015929826 4.0438906e-20
1.0808824               0.05231995 0.00092232614 -4.5167637e-20
1.0882353               0.052637648 0.00013194527 1.2656663e-19
1.0955882               0.053250051 -0.00049518194 2.9964971e-20
1.1029412               0.053721222 -0.00091274734 -3.877712e-20
1.1102941               0.054195329 -0.0013750105 -3.8958938e-21
1.1176471               0.054781428 -0.0016218813 -1.7038427e-20
1.125               0.055476984 -0.0017235483 3.1680862e-20
1.1323529               0.055933849 -0.0018821587 -7.4657554e-20
1.1397059               0.056579161 -0.0019697333 -8.4641588e-20
1.1470588               0.05730006 -0.0018612923 -7.3855547e-21
1.1544118               0.057895432 -0.0017874352 8.89993e-20
1.1617647               0.058454491 -0.0016255859 2.5055154e-21
1.1691176               0.059270922 -0.0013047126 -4.3288048e-20
1.1764706               0.059561699 -0.00075655259 3.5758107e-21
1.1838235               0.05983868 -9.6536063e-05 5.5235146e-20
1.1911765               0.060061395 0.00053923658 1.8120772e-20
1.1985294               0.059889305 0.0013386273 2.1013575e-20
1.2058824               0.059701149 0.0020019444 1.4825851e-20
1.2132353               0.059184761 0.0024224328 -4.1812061e-21
1.2205882               0.058063185 0.0026877328 3.6798068e-20
1.2279412               0.057378542 0.0024775805 -4.2980341e-20
1.2352941               0.056820741 0.0020450638 -8.2808981e-20
1.2426471               0.056607671 0.0012922083 6.865477e-20
1.25               0.056460333 0.00038088451 -3.3069659e-20
1.2573529               0.056819613 -0.00028499415 9.9799619e-21
1.2647059               0.057262224 -0.00085848633 2.4886808e-20
1.2720588               0.058123767 -0.0011533709 1.2751887e-20
1.2794118               0.05852605 -0.0015376606 8.4753341e-20
1.2867647               0.059207965 -0.0018408535 -8.8988518e-20
1.2941176               0.059792992 -0.0019091246 -6.8238432e-20
1.3014706               0.060477227 -0.0019399504 -4.0996631e-20
1.3088235               0.060917815 -0.0020128862 -9.200307e-20
1.3161765               0.061459511 -0.0018674573 5.2626783e-20
1.3235294               0.062050105 -0.0017621183 -7.0760804e-20
1.3308824               0.062667184 -0.0014851113 5.1168841e-20
1.3382353               0.063178291 -0.0011189261 1.7273346e-20
1.3455882               0.063552604 -0.0006573772 -1.3819687e-19
1.3529412               0.063781084 0.00015694505 9.5448455e-20
1.3602941               0.064254248 0.00065920603 1.5658195e-20
1.3676471               0.063822039 0.0015167488 1.4541269e-20
1.375               0.063066159 0.0020927346 -6.3744434e-20
1.3823529               0.062315695 0.0023962539 -1.9906862e-22
1.3897059               0.061586404 0.002546406 -3.70289e-20
1.3970588               0.061038543 0.0022494276 -2.3734757e-20
1.4044118               0.060189797 0.0016145765 -9.1522452e-20
1.4117647               0.060303492 0.00090649436 -3.2491431e-20
1.4191176               0.060473278 7.8602461e-05 5.6183963e-20
1.4264706               0.060879028 -0.00057719651 1.5412389e-20
1.4338235               0.061415372 -0.0009989526 1.5031158e-19
1.4411765               0.061959914 -0.0015256985 -1.8481736e-20
1.4485294               0.062492113 -0.0018278101 -9.6935246e-20
1.4558824               0.062874283 -0.0018727941 -2.6397793e-20
1.4632353               0.063438217 -0.0019579477 -4.0253969e-20
1.4705882               0.064180341 -0.0019671468 -6.4261587e-20
1.4779412               0.06462065 -0.0020284644 -9.9326905e-20
1.4852941               0.065121891 -0.0019381064 -5.638531e-20
1.4926471               0.065700348 -0.0017300161 2.7608007e-20
1.5               0.066230338 -0.0013705751 -3.8320901e-21
1.5073529               0.066663336 -0.0010147876 4.496199e-20
1.5147059               0.066994884 -0.00041067919 -7.6398892e-21
1.5220588               0.067200302 0.00029628113 -3.9779774e-20
1.5294118               0.067247311 0.00099123141 -8.8428234e-20
1.5367647               0.06673764 0.0016670683 4.2284515e-20
1.5441176               0.066283622 0.0021415152 1.8553022e-20
1.5514706               0.065392172 0.0024001301 4.4758984e-20
1.5588235               0.064505886 0.0024494954 2.3880691e-20
1.5661765               0.064030533 0.0019694612 -1.3025271e-20
1.5735294               0.063510341 0.0013076823 -2.1359041e-20
1.5808824               0.063588666 0.00072467186 -4.5673491e-20
1.5882353               0.063925088 5.54376e-05 1.541266e-19
1.5955882               0.064456278 -0.00052846887 -2.2915554e-20
1.6029412               0.064753568 -0.00093314444 -4.6367181e-20
1.6102941               0.065207797 -0.0013588233 4.4271315e-21
1.6176471               0.065756493 -0.0015289469 -1.2714214e-21
1.625               0.066356926 -0.0017072491 4.144089e-20
1.6323529               0.066706748 -0.0018299672 3.4443742e-20
1.6397059               0.067298851 -0.0017819781 5.934027e-20
1.6470588               0.067813644 -0.001741944 -2.4077727e-20
1.6544118               0.068385274 -0.0016732159 -3.2208159e-20
1.6617647               0.068923824 -0.0015160622 1.4260621e-20
1.6691176               0.069442128 -0.0012249259 2.5146631e-20
1.6764706               0.069791054 -0.00076204213 1.7566167e-20
1.6838235               0.069860695 -0.00014843676 -1.3077555e-20
1.6911765               0.06997529 0.00056985931 8.0594198e-21
1.6985294               0.069963902 0.001224638 1.5139753e-20
1.7058824               0.069550116 0.0019060334 4.504164e-20
1.7132353               0.068997602 0.0021852939 1.1871146e-20
1.7205882               0.067726522 0.0025017125 -2.2046905e-20
1.7279412               0.067199622 0.0022553437 2.5249627e-20
1.7352941               0.066547408 0.0017629786 -2.9851129e-20
1.7426471               0.066428027 0.0010937521 -4.7907223e-20
1.75               0.066332239 0.00035256093 1.543909e-20
1.7573529               0.066663116 -0.00027343801 -5.0469962e-20
1.7647059               0.066993403 -0.00083318372 -3.2105385e-20
1.7720588               0.067658574 -0.0011508707 9.3832776e-20
1.7794118               0.068075468 -0.0014480341 2.7288486e-20
1.7867647               0.068622004 -0.0017305994 -1.008238e-20
1.7941176               0.069115333 -0.0017691858 -1.1759723e-21
1.8014706               0.069691465 -0.001752983 7.4549508e-20
1.8088235               0.070159145 -0.0019059291 -5.2647831e-20
1.8161765               0.070657498 -0.0018096046 -6.8996841e-20
1.8235294               0.071079997 -0.0016858834 1.5322555e-20
1.8308824               0.071589456 -0.0013764839 1.0321299e-19
1.8382353               0.072099246 -0.0010858111 -5.3709633e-20
1.8455882               0.072371579 -0.0005838577 -9.4510388e-21
1.8529412               0.072549111 9.4987329e-05 4.9679102e-20
1.8602941               0.072789181 0.00062172624 -4.880532e-21
1.8676471               0.072429854 0.0013583323 -1.087579e-19
1.875               0.07147253 0.0019910045 2.7690595e-20
1.8823529               0.070924496 0.0022755266 2.6485967e-20
1.8897059               0.069937828 0.0024412977 3.7726007e-21
1.8970588               0.069376288 0.0020961692 -3.1855575e-21
1.9044118               0.068806115 0.0016023103 -5.0806506e-20
1.9117647               0.069054567 0.0009673896 -1.8112051e-20
1.9191176               0.069013939 7.0937129e-05 -7.0571543e-20
1.9264706               0.069522457 -0.00042813577 -2.150489e-21
1.9338235               0.069820813 -0.00091360161 -4.6778984e-20
1.9411765               0.070363987 -0.0013236155 -5.4596756e-20
1.9485294               0.07066063 -0.001623711 -1.1001784e-19
1.9558824               0.071072149 -0.001750918 -2.596628e-20
1.9632353               0.07160139 -0.0018556396 1.7391299e-20
1.9705882               0.07228366 -0.0018601663 -4.8220137e-20
1.9779412               0.072644857 -0.0019274678 -7.2748938e-20
1.9852941               0.073142701 -0.0018001213 1.7804833e-20
1.9926471               0.073567452 -0.0016341155 7.5298604e-20
