t               Ux1 Uy1 Uz1
0.0073529412               0.0094143909 0.010221801 0.0
0.014705882               0.00872003 0.01309758 0.0
0.022058824               0.0071080488 0.015736872 0.0
0.029411765               0.0047075769 0.01796367 0.0
0.036764706               0.0016495603 0.019568133 0.0
0.044117647               -0.0018162619 0.020229241 0.0
0.051470588               -0.0051102077 0.019664803 0.0
0.058823529               -0.0076373761 0.017733079 0.0
0.066176471               -0.0088668608 0.014706289 0.0
0.073529412               -0.0085022956 0.011033165 0.0
0.080882353               -0.0067665636 0.007289525 0.0
0.088235294               -0.0040283692 0.003913763 0.0
0.095588235               -0.00076992138 0.0011073423 0.0
0.10294118               0.0026391728 -0.0011505143 0.0
0.11029412               0.0060261692 -0.0028838631 0.0
0.11764706               0.0092399258 -0.0042208295 0.0
0.125               0.012307134 -0.0052283432 0.0
0.13235294               0.015225569 -0.0059302983 0.0
0.13970588               0.018009915 -0.0063399316 0.0
0.14705882               0.020647133 -0.0064435921 0.0
0.15441176               0.023135774 -0.0062184803 0.0
0.16176471               0.025451914 -0.0056796886 0.0
0.16911765               0.027531911 -0.0047927522 0.0
0.17647059               0.029316963 -0.0035791853 0.0
0.18382353               0.030727832 -0.0020729713 0.0
0.19117647               0.031647275 -0.0003247655 0.0
0.19852941               0.032005558 0.0014738247 0.0
0.20588235               0.031753111 0.0031740234 0.0
0.21323529               0.031004731 0.004515966 0.0
0.22058824               0.029928053 0.0052032592 0.0
0.22794118               0.028958093 0.0050490971 0.0
0.23529412               0.028439527 0.0041593367 0.0
0.24264706               0.028517718 0.0026870208 0.0
0.25               0.029301087 0.00081203829 0.0
0.25735294               0.030750316 -0.0011216502 0.0
0.26470588               0.032653584 -0.002711389 0.0
0.27205882               0.034662592 -0.0038240003 0.0
0.27941176               0.036557841 -0.0045410804 0.0
0.28676471               0.03832262 -0.0050231284 0.0
0.29411765               0.039997715 -0.005310703 0.0
0.30147059               0.041562438 -0.0054239425 0.0
0.30882353               0.043036959 -0.0053427863 0.0
0.31617647               0.044465223 -0.0050774774 0.0
0.32352941               0.045806804 -0.0046147381 0.0
0.33088235               0.047053007 -0.0039268219 0.0
0.33823529               0.048139382 -0.0030012271 0.0
0.34558824               0.048982753 -0.001827959 0.0
0.35294118               0.049489331 -0.00045587434 0.0
0.36029412               0.049587498 0.0010199289 0.0
0.36764706               0.04921554 0.0024801324 0.0
0.375               0.048358909 0.0036876939 0.0
0.38235294               0.047194174 0.004377375 0.0
0.38970588               0.045998226 0.0043727927 0.0
0.39705882               0.045119762 0.0036291263 0.0
0.40441176               0.044845845 0.0023046509 0.0
0.41176471               0.045305914 0.00066605522 0.0
0.41911765               0.046369779 -0.00090031453 0.0
0.42647059               0.047791833 -0.0022003582 0.0
0.43382353               0.049345497 -0.0031691382 0.0
0.44117647               0.05085611 -0.0038179624 0.0
0.44852941               0.052270739 -0.0042411071 0.0
0.45588235               0.053575323 -0.0044746887 0.0
0.46323529               0.054789192 -0.00453546 0.0
0.47058824               0.055911845 -0.0044769649 0.0
0.47794118               0.056983991 -0.004240658 0.0
0.48529412               0.057981602 -0.0038574922 0.0
0.49264706               0.058900213 -0.0033002525 0.0
0.5               0.059735964 -0.0025479131 0.0
0.50735294               0.060350109 -0.0015853229 0.0
0.51470588               0.060726562 -0.00040373645 0.0
0.52205882               0.060762683 0.00092657066 0.0
0.52941176               0.060420332 0.0023069916 0.0
0.53676471               0.059625452 0.0036032035 0.0
0.54411765               0.058452714 0.0045191841 0.0
0.55147059               0.057074166 0.0048862131 0.0
0.55882353               0.055812338 0.0045298182 0.0
0.56617647               0.055025788 0.0034690785 0.0
0.57352941               0.054935261 0.0019418399 0.0
0.58088235               0.055516137 0.00029558698 0.0
0.58823529               0.056593715 -0.0011840357 0.0
0.59558824               0.057915083 -0.0023479498 0.0
0.60294118               0.059274748 -0.0031946608 0.0
0.61029412               0.060594562 -0.0037569704 0.0
0.61764706               0.061807035 -0.0040870833 0.0
0.625               0.062905333 -0.0042474126 0.0
0.63235294               0.063921834 -0.0042638138 0.0
0.63970588               0.064855748 -0.0041364476 0.0
0.64705882               0.065717585 -0.0038735139 0.0
0.65441176               0.066511572 -0.0034446894 0.0
0.66176471               0.067214983 -0.0028363385 0.0
0.66911765               0.06778139 -0.0020471602 0.0
0.67647059               0.068164476 -0.0010720583 0.0
0.68382353               0.06831673 7.11561e-05 0.0
0.69117647               0.068109975 0.0013511931 0.0
0.69852941               0.067536418 0.0025969485 0.0
0.70588235               0.06653923 0.0037018023 0.0
0.71323529               0.065242757 0.0044338703 0.0
0.72058824               0.063841508 0.0045159657 0.0
0.72794118               0.062718351 0.0038841205 0.0
0.73529412               0.06214108 0.0026524371 0.0
0.74264706               0.062252964 0.0010723592 0.0
0.75               0.06302488 -0.00049751504 0.0
0.75735294               0.064109795 -0.001819706 0.0
0.76470588               0.065340183 -0.0028059528 0.0
0.77205882               0.066566355 -0.0035031411 0.0
0.77941176               0.067720729 -0.0039366191 0.0
0.78676471               0.068762203 -0.0041738697 0.0
0.79411765               0.069731715 -0.0042772131 0.0
0.80147059               0.070591 -0.0042326057 0.0
0.80882353               0.071359794 -0.0040258775 0.0
0.81617647               0.072089126 -0.0036900962 0.0
0.82352941               0.072746101 -0.0032030506 0.0
0.83088235               0.073312559 -0.0025361854 0.0
0.83823529               0.073731113 -0.001681493 0.0
0.84558824               0.07393236 -0.00063418804 0.0
0.85294118               0.073836558 0.00057017146 0.0
0.86029412               0.07340058 0.0018248212 0.0
0.86764706               0.072586535 0.0030363982 0.0
0.875               0.071396669 0.0039887186 0.0
0.88235294               0.070010251 0.0044493348 0.0
0.88970588               0.068677013 0.0042727774 0.0
0.89705882               0.067687568 0.0034346369 0.0
0.90441176               0.067285142 0.0020957047 0.0
0.91176471               0.067558822 0.00052383247 0.0
0.91911765               0.068352658 -0.00095624403 0.0
0.92647059               0.069448699 -0.0021695285 0.0
0.93382353               0.070641282 -0.0030626742 0.0
0.94117647               0.071773276 -0.0036540848 0.0
0.94852941               0.072818661 -0.0040415878 0.0
0.95588235               0.07375308 -0.004252421 0.0
0.96323529               0.074600936 -0.0043016611 0.0
0.97058824               0.075371738 -0.0042514294 0.0
0.97794118               0.076091071 -0.00402192 0.0
0.98529412               0.076743947 -0.0036774989 0.0
0.99264706               0.077326072 -0.0031689982 0.0
1.0               0.077838165 -0.0024854659 0.0
1.0073529               0.078134697 -0.0016113142 0.0
1.0147059               0.078215679 -0.00053702522 0.0
1.0220588               0.077992219 0.00066913662 0.0
1.0294118               0.077437464 0.0019148219 0.0
1.0367647               0.076492694 0.003078126 0.0
1.0441176               0.075237863 0.0038798293 0.0
1.0514706               0.073821863 0.0041755955 0.0
1.0588235               0.07253923 0.0038098918 0.0
1.0661765               0.071711325 0.0028014672 0.0
1.0735294               0.071525595 0.00138095 0.0
1.0808824               0.071935115 -0.00013129226 0.0
1.0882353               0.072775076 -0.0014866844 0.0
1.0955882               0.073823701 -0.0025510153 0.0
1.1029412               0.074896023 -0.0033224195 0.0
1.1102941               0.075933201 -0.0038397683 0.0
1.1176471               0.076878054 -0.0041398759 0.0
1.125               0.077719131 -0.0042812897 0.0
1.1323529               0.078490439 -0.0042888213 0.0
1.1397059               0.079188099 -0.0041609313 0.0
1.1470588               0.079821203 -0.0039102567 0.0
1.1544118               0.080401371 -0.0035031704 0.0
1.1617647               0.080894325 -0.0029214149 0.0
1.1691176               0.081261463 -0.0021722561 0.0
1.1764706               0.081460164 -0.0012451128 0.0
1.1838235               0.081450821 -0.00016025895 0.0
1.1911765               0.081112584 0.0010597268 0.0
1.1985294               0.080454077 0.0022540415 0.0
1.2058824               0.079421993 0.0033270906 0.0
1.2132353               0.078143427 0.0040853306 0.0
1.2205882               0.076782725 0.0042845576 0.0
1.2279412               0.075635951 0.003893483 0.0
1.2352941               0.074895483 0.0029438091 0.0
1.2426471               0.074652257 0.0015777836 0.0
1.25               0.075012519 -5.2220318e-05 0.0
1.2573529               0.075838353 -0.0015963447 0.0
1.2647059               0.076924954 -0.0027545076 0.0
1.2720588               0.078017914 -0.003538469 0.0
1.2794118               0.079021964 -0.0040269498 0.0
1.2867647               0.07990593 -0.0043177285 0.0
1.2941176               0.080726415 -0.0044842712 0.0
1.3014706               0.081444526 -0.0045048014 0.0
1.3088235               0.082079405 -0.0043629731 0.0
1.3161765               0.082684395 -0.0040986808 0.0
1.3235294               0.08322828 -0.0036854393 0.0
1.3308824               0.083690196 -0.0030946412 0.0
1.3382353               0.084015758 -0.002319234 0.0
1.3455882               0.084139689 -0.0013564295 0.0
1.3529412               0.083985556 -0.00023291382 0.0
1.3602941               0.08351728 0.00094011631 0.0
1.3676471               0.082699585 0.0020781164 0.0
1.375               0.081535648 0.0029742328 0.0
1.3823529               0.080198686 0.0034066149 0.0
1.3897059               0.078922612 0.0032422334 0.0
1.3970588               0.077973019 0.0024622934 0.0
1.4044118               0.077570862 0.0012258351 0.0
1.4117647               0.07778338 -0.00021247532 0.0
1.4191176               0.078456828 -0.0015604782 0.0
1.4264706               0.079393805 -0.0026591063 0.0
1.4338235               0.0804114 -0.003460045 0.0
1.4411765               0.08136211 -0.0039816569 0.0
1.4485294               0.082235259 -0.0043192016 0.0
1.4558824               0.083001864 -0.0044918229 0.0
1.4632353               0.083686058 -0.0045137266 0.0
1.4705882               0.084303293 -0.0044481502 0.0
1.4779412               0.08487119 -0.0042064027 0.0
1.4852941               0.085379142 -0.0038650987 0.0
1.4926471               0.085820601 -0.0033652175 0.0
1.5               0.086199318 -0.0027003623 0.0
1.5073529               0.086363154 -0.001854098 0.0
1.5147059               0.086321297 -0.00081823784 0.0
1.5220588               0.085991217 0.00033824379 0.0
1.5294118               0.085351348 0.0015234849 0.0
1.5367647               0.084348712 0.0026179526 0.0
1.5441176               0.083073307 0.0033471189 0.0
1.5514706               0.081668151 0.0035816489 0.0
1.5588235               0.080411473 0.0031824074 0.0
1.5661765               0.079609704 0.0021720492 0.0
1.5735294               0.079431509 0.00078381007 0.0
1.5808824               0.079816164 -0.00067408377 0.0
1.5882353               0.080598008 -0.0019607593 0.0
1.5955882               0.081560373 -0.0029560789 0.0
1.6029412               0.08252713 -0.0036629209 0.0
1.6102941               0.083447799 -0.0041285998 0.0
1.6176471               0.08427316 -0.0043873358 0.0
1.625               0.084991171 -0.0044968619 0.0
1.6323529               0.085639619 -0.004482921 0.0
1.6397059               0.086215419 -0.0043430254 0.0
1.6470588               0.086728088 -0.0040914183 0.0
1.6544118               0.087190913 -0.0036916291 0.0
1.6617647               0.087565831 -0.0031264631 0.0
1.6691176               0.08781788 -0.002406477 0.0
1.6764706               0.087905762 -0.0015199364 0.0
1.6838235               0.087792852 -0.00048980081 0.0
1.6911765               0.087357486 0.00066084685 0.0
1.6985294               0.086615133 0.0017658376 0.0
1.7058824               0.085516544 0.0027227195 0.0
1.7132353               0.084189092 0.0033298248 0.0
1.7205882               0.082820529 0.0033304777 0.0
1.7279412               0.081730686 0.0027163925 0.0
1.7352941               0.081138492 0.001555848 0.0
1.7426471               0.081165045 0.00010888471 0.0
1.75               0.081767415 -0.0013047905 0.0
1.7573529               0.082607264 -0.002480061 0.0
1.7647059               0.083555223 -0.003342785 0.0
1.7720588               0.084484042 -0.0039413072 0.0
1.7794118               0.085343993 -0.0043041742 0.0
1.7867647               0.086096617 -0.0044867317 0.0
1.7941176               0.086787603 -0.0045627192 0.0
1.8014706               0.087376194 -0.0045020613 0.0
1.8088235               0.087880163 -0.004288222 0.0
1.8161765               0.088352892 -0.0039645323 0.0
1.8235294               0.08876382 -0.0035035873 0.0
1.8308824               0.089090022 -0.0028767518 0.0
1.8382353               0.089278792 -0.0020785863 0.0
1.8455882               0.089267648 -0.0011076931 0.0
1.8529412               0.088984882 9.0033552e-06 0.0
1.8602941               0.088401774 0.0011553037 0.0
1.8676471               0.087491114 0.0022525608 0.0
1.875               0.086260499 0.0030976227 0.0
1.8823529               0.084885038 0.0034780588 0.0
1.8897059               0.083589737 0.0032687523 0.0
1.8970588               0.082628393 0.0024532236 0.0
1.9044118               0.082216725 0.0011916335 0.0
1.9117647               0.082413906 -0.00025921362 0.0
1.9191176               0.083061822 -0.0016112519 0.0
1.9264706               0.083961632 -0.002708016 0.0
1.9338235               0.084933484 -0.003506501 0.0
1.9411765               0.085833373 -0.0040278086 0.0
1.9485294               0.086656732 -0.0043681206 0.0
1.9558824               0.087371912 -0.0045440568 0.0
1.9632353               0.08800464 -0.0045714344 0.0
1.9705882               0.088572407 -0.0045130799 0.0
1.9779412               0.089089837 -0.0042786663 0.0
1.9852941               0.089549139 -0.0039494199 0.0
1.9926471               0.089943025 -0.0034620636 0.0
