t               Ux1 Uy1 Uz1
0.0073529412               0.0073111035 0.010268169 2.0198462e-20
0.014705882               0.0064693792 0.012809452 2.1189057e-20
0.022058824               0.0042812717 0.014916707 -2.9650434e-20
0.029411765               0.0018326452 0.016363747 -1.7714585e-20
0.036764706               -0.001682148 0.017146589 -1.132139e-19
0.044117647               -0.0049147331 0.016850804 4.8408869e-20
0.051470588               -0.0088035542 0.015612721 5.0271705e-21
0.058823529               -0.011260677 0.014089721 1.0284063e-20
0.066176471               -0.013296193 0.011782862 -4.0616901e-20
0.073529412               -0.015019697 0.0091488913 2.3779e-20
0.080882353               -0.015266005 0.0067141018 -5.1318885e-20
0.088235294               -0.015131711 0.004033479 1.4747794e-19
0.095588235               -0.014708902 0.0015650147 4.4755922e-20
0.10294118               -0.014000293 -0.00042746377 -4.5144088e-20
0.11029412               -0.013155382 -0.0025273024 2.5477943e-21
0.11764706               -0.011931591 -0.0044950239 -3.1676327e-21
0.125               -0.010340268 -0.0063067111 7.8431323e-20
0.13235294               -0.0085907218 -0.0080325062 -5.377238e-20
0.13970588               -0.0064538271 -0.0094846254 -8.7872026e-20
0.14705882               -0.0040539875 -0.010489757 -9.2955397e-21
0.15441176               -0.0015323459 -0.011309364 1.325548e-19
0.16176471               0.00085952648 -0.011689883 2.0244655e-20
0.16911765               0.003627048 -0.011538851 -8.429519e-20
0.17647059               0.0057877301 -0.010801172 4.8355463e-21
0.18382353               0.0077663707 -0.0095189725 5.5131081e-20
0.19117647               0.0095077545 -0.0082476599 -1.2080925e-20
0.19852941               0.010537187 -0.0063990498 3.9089731e-20
0.20588235               0.011232346 -0.0047512912 -1.2259048e-20
0.21323529               0.011204041 -0.0032165004 4.9683138e-20
0.22058824               0.010331522 -0.0020019823 4.057675e-20
0.22794118               0.0096680026 -0.0015291433 -5.8182924e-20
0.23529412               0.0090806066 -0.0014561685 -7.0010866e-20
0.24264706               0.0088746417 -0.0018554404 5.2303623e-20
0.25               0.0087334959 -0.0026624942 -1.6811445e-20
0.25735294               0.0091565603 -0.0031995312 5.2999893e-20
0.26470588               0.0097764563 -0.0036311967 3.7048257e-20
0.27205882               0.010856729 -0.0037973394 -7.2879109e-21
0.27941176               0.011530213 -0.0040149932 1.3557655e-19
0.28676471               0.012561088 -0.004199383 -1.0183406e-19
0.29411765               0.013467771 -0.0041092026 -4.5383652e-20
0.30147059               0.014542314 -0.0040454286 -1.8087163e-21
0.30882353               0.015386972 -0.0039343269 -8.3295231e-20
0.31617647               0.016376678 -0.0036015594 4.3150848e-20
0.32352941               0.017451157 -0.0032656477 -4.3912761e-20
0.33088235               0.018554708 -0.0027441625 5.5727584e-20
0.33823529               0.019508716 -0.0020727517 2.8940425e-20
0.34558824               0.020360203 -0.0012208345 -9.9504073e-20
0.35294118               0.021024142 2.5472084e-05 9.6632396e-20
0.36029412               0.021917733 0.0009785331 1.6545123e-20
0.36764706               0.021714119 0.0022935503 4.1256705e-20
0.375               0.021187135 0.0032464166 -9.0921814e-20
0.38235294               0.020474971 0.003848532 1.3721213e-20
0.38970588               0.019802855 0.0043014461 -4.5717024e-20
0.39705882               0.019332553 0.0041424612 7.3245407e-21
0.40441176               0.018461094 0.0035080991 -1.3284363e-19
0.41176471               0.018823996 0.0028377133 -8.0955283e-21
0.41911765               0.019022098 0.00183582 4.4853356e-20
0.42647059               0.019519317 0.0011431238 4.9140776e-20
0.43382353               0.020331809 0.00073323576 1.2336023e-19
0.44117647               0.021146852 0.00010902935 -2.2405064e-20
0.44852941               0.021881291 -0.00029988801 -8.656453e-20
0.45588235               0.022555771 -0.0004063893 -5.3370309e-20
0.46323529               0.023368861 -0.00059519288 -2.5392183e-20
0.47058824               0.024457988 -0.00071507303 -7.5560815e-20
0.47794118               0.025202178 -0.00090045005 -1.1143642e-19
0.48529412               0.0261083 -0.00093716558 -3.191227e-20
0.49264706               0.027120862 -0.00083636375 -8.2701358e-21
0.5               0.028058851 -0.00052581886 2.8034115e-21
0.50735294               0.028979647 -0.00024256485 9.5250189e-20
0.51470588               0.029789714 0.00037297148 7.1655258e-21
0.52205882               0.03047672 0.0010941503 9.9727786e-21
0.52941176               0.030915749 0.0018720047 -9.4903798e-20
0.53676471               0.030849728 0.0026257358 4.420325e-20
0.54411765               0.030756876 0.003157289 3.2787315e-20
0.55147059               0.030163592 0.003432293 1.2146442e-20
0.55882353               0.029656635 0.0035144871 -2.4052613e-20
0.56617647               0.029307544 0.003030962 -2.3882701e-21
0.57352941               0.028726865 0.0023275686 -3.8213109e-20
0.58088235               0.028999607 0.0016363997 -3.1320459e-21
0.58823529               0.029589003 0.00080687982 1.445276e-19
0.59558824               0.030183599 4.1224495e-05 3.496669e-20
0.60294118               0.030762398 -0.00043693687 -1.1572464e-21
0.61029412               0.031449869 -0.00098551536 5.13138e-21
0.61764706               0.032238787 -0.0012636656 1.0623865e-20
0.625               0.033057723 -0.0015216205 5.4567908e-20
0.63235294               0.033718687 -0.001778362 -9.5844264e-21
0.63970588               0.034573995 -0.0018411047 7.1442603e-20
0.64705882               0.035439582 -0.0018773138 -5.0672202e-21
0.65441176               0.036281253 -0.0019219373 -1.5615139e-20
0.66176471               0.037137455 -0.0018339738 1.7833633e-20
0.66911765               0.038036057 -0.0015920289 3.4552493e-20
0.67647059               0.038751191 -0.0011407446 3.8787203e-20
0.68382353               0.039199892 -0.00049290534 -2.0773749e-20
0.69117647               0.039693597 0.00024859618 -2.7417007e-20
0.69852941               0.040048464 0.0010022517 2.2586734e-20
0.70588235               0.039906638 0.0017721796 2.5575588e-20
0.71323529               0.039733362 0.0021219866 -1.6737648e-20
0.72058824               0.038556939 0.0025576991 -7.3783758e-22
0.72794118               0.038243706 0.0023842274 2.8217097e-20
0.73529412               0.037718163 0.0019039878 -1.5962296e-20
0.74264706               0.037781856 0.0012769862 4.5150301e-21
0.75               0.037729862 0.00041149915 1.0454571e-20
0.75735294               0.038158585 -0.00016501255 -5.969578e-20
0.76470588               0.038578173 -0.00072901986 -2.6542625e-20
0.77205882               0.039392515 -0.0010747807 4.8061061e-20
0.77941176               0.039938177 -0.0013924865 2.1729485e-20
0.78676471               0.040567882 -0.0017160359 1.793077e-20
0.79411765               0.041268368 -0.0017981251 -2.4840875e-20
0.80147059               0.041997041 -0.0018291062 7.7145448e-20
0.80882353               0.042636614 -0.0020224348 -3.5746994e-20
0.81617647               0.043304973 -0.0019643761 -7.8070062e-20
0.82352941               0.044002093 -0.0018799164 2.2421724e-20
0.83088235               0.04472198 -0.0015869587 1.0772273e-19
0.83823529               0.045456465 -0.0013052855 -4.9946601e-20
0.84558824               0.046054571 -0.0007869251 -1.4210968e-20
0.85294118               0.046479753 -3.7665689e-05 6.9764479e-20
0.86029412               0.046971298 0.00052978271 -2.2810348e-20
0.86764706               0.046855134 0.0013360342 -1.1471789e-19
0.875               0.046148206 0.0020213247 4.9384785e-21
0.88235294               0.045731952 0.0023851303 3.0442676e-20
0.88970588               0.04489413 0.0026273618 6.8896395e-21
0.89705882               0.044508217 0.0023499904 4.0098589e-21
0.90441176               0.043985786 0.0018523867 -4.0760734e-20
0.91176471               0.04412067 0.0012354926 3.1070111e-20
0.91911765               0.04413269 0.00025631396 -1.0222874e-19
0.92647059               0.044652524 -0.0003235298 1.860981e-20
0.93382353               0.045137436 -0.00078452019 -1.1470777e-20
0.94117647               0.045773198 -0.0012599088 -6.2913552e-20
0.94852941               0.046187978 -0.0015636663 -1.1105984e-19
0.95588235               0.046699191 -0.0017171552 -2.4033993e-20
0.96323529               0.047352512 -0.0018570484 9.774609e-21
0.97058824               0.048230778 -0.0018511307 -2.7065002e-20
0.97794118               0.04870535 -0.0019450054 -1.2933477e-20
0.98529412               0.049391694 -0.0018923718 2.8559542e-20
0.99264706               0.049943975 -0.0017375541 6.9831632e-20
1.0               0.050629898 -0.0014409878 8.1747857e-21
1.0073529               0.051180836 -0.0011155353 1.2496165e-21
1.0147059               0.051706176 -0.00054550815 -3.4781252e-20
1.0220588               0.052027319 0.0001403922 2.447466e-20
1.0294118               0.052292546 0.00087931837 -3.458607e-21
1.0367647               0.051902653 0.001530663 -9.0361881e-20
1.0441176               0.051584195 0.0020762182 2.8130395e-20
1.0514706               0.050753706 0.0023641081 -1.3835401e-21
1.0588235               0.050336732 0.0024474302 -1.1622452e-20
1.0661765               0.049797922 0.0020913463 -3.2244751e-20
1.0735294               0.049237233 0.001531783 4.10814e-20
1.0808824               0.049321374 0.00092264282 -4.5166537e-20
1.0882353               0.049603475 0.00019152944 1.276299e-19
1.0955882               0.050163143 -0.00039018392 3.0492629e-20
1.1029412               0.050580915 -0.00077163807 -3.8627068e-20
1.1102941               0.050997748 -0.0012101304 -3.5172709e-21
1.1176471               0.051534599 -0.0014439174 -1.7027353e-20
1.125               0.05218586 -0.0015427757 3.2109932e-20
1.1323529               0.052605086 -0.0017111953 -7.4742692e-20
1.1397059               0.053216368 -0.0018172576 -8.4851775e-20
1.1470588               0.053915324 -0.0017308603 -7.3033869e-21
1.1544118               0.054494651 -0.0016878782 8.9594838e-20
1.1617647               0.055047651 -0.0015600495 2.5716981e-21
1.1691176               0.055871167 -0.001284246 -4.3157122e-20
1.1764706               0.056180596 -0.00078099876 4.0122149e-21
1.1838235               0.05648986 -0.00016836962 5.5857927e-20
1.1911765               0.056760724 0.00041833156 1.8222923e-20
1.1985294               0.056653358 0.0011793603 2.161306e-20
1.2058824               0.056542748 0.0018153 1.5072155e-20
1.2132353               0.056107332 0.0022303512 -3.69277e-21
1.2205882               0.055070554 0.0025083289 3.7224263e-20
1.2279412               0.05444796 0.0023251037 -4.2729542e-20
1.2352941               0.053928146 0.0019434583 -8.2975387e-20
1.2426471               0.053724805 0.0012525375 6.9027768e-20
1.25               0.053552575 0.0004010945 -3.2965478e-20
1.2573529               0.053865895 -0.00020992306 1.0677228e-20
1.2647059               0.054253777 -0.00074037218 2.543858e-20
1.2720588               0.055057867 -0.0010062157 1.2719261e-20
1.2794118               0.055407264 -0.0013711129 8.5043372e-20
1.2867647               0.056041306 -0.0016664517 -8.9196738e-20
1.2941176               0.056585537 -0.0017370084 -6.8464883e-20
1.3014706               0.057236436 -0.0017797112 -4.0686814e-20
1.3088235               0.057648471 -0.0018725807 -9.2362455e-20
1.3161765               0.058173487 -0.0017517929 5.3006473e-20
1.3235294               0.05875348 -0.0016761175 -7.0822483e-20
1.3308824               0.059369677 -0.0014370197 5.1424778e-20
1.3382353               0.059890699 -0.0011119018 1.7622703e-20
1.3455882               0.060288464 -0.00069559338 -1.3859929e-19
1.3529412               0.060555327 7.0532232e-05 9.5613656e-20
1.3602941               0.061081081 0.0005307476 1.6688034e-20
1.3676471               0.060718972 0.0013522461 1.4889323e-20
1.375               0.060044759 0.001906556 -6.3784165e-20
1.3823529               0.059374424 0.0022094405 5.3799595e-23
1.3897059               0.058723801 0.0023754292 -3.7210993e-20
1.3970588               0.058229261 0.0021150782 -2.3423819e-20
1.4044118               0.057409202 0.0015372927 -9.158735e-20
1.4117647               0.057516864 0.00089129812 -3.2439201e-20
1.4191176               0.057651531 0.00012409667 5.6874072e-20
1.4264706               0.058010995 -0.00047905963 1.5926948e-20
1.4338235               0.058492967 -0.00086127595 1.5136376e-19
1.4411765               0.058979869 -0.0013626509 -1.8221e-20
1.4485294               0.059462867 -0.0016471344 -9.709179e-20
1.4558824               0.059798912 -0.0016871762 -2.6700961e-20
1.4632353               0.060325046 -0.0017783991 -4.0625131e-20
1.4705882               0.061034014 -0.0018014682 -6.4842755e-20
1.4779412               0.061450397 -0.0018837449 -1.0010161e-19
1.4852941               0.061935681 -0.0018201616 -5.6373476e-20
1.4926471               0.062505874 -0.0016440914 2.8075915e-20
1.5               0.063040407 -0.0013245069 -3.8243288e-21
1.5073529               0.063486592 -0.001011318 4.5267645e-20
1.5147059               0.063843278 -0.00045169569 -7.3132458e-21
1.5220588               0.06409427 0.00020694641 -3.9591757e-20
1.5294118               0.064194613 0.00086003499 -8.8817684e-20
1.5367647               0.063758353 0.0015048427 4.2999081e-20
1.5441176               0.063387597 0.001964002 1.8868988e-20
1.5514706               0.062575349 0.0022272947 4.5077668e-20
1.5588235               0.061757416 0.0022997708 2.4690503e-20
1.5661765               0.061324087 0.0018657634 -1.2878413e-20
1.5735294               0.060814935 0.0012634545 -2.1168543e-20
1.5808824               0.060872738 0.0007396281 -4.5558188e-20
1.5882353               0.0611718 0.00012658715 1.5518897e-19
1.5955882               0.061652837 -0.0004108805 -2.2397519e-20
1.6029412               0.06189669 -0.00078125325 -4.6247786e-20
1.6102941               0.062297153 -0.001183881 4.599673e-21
1.6176471               0.062798318 -0.0013409033 -9.7325128e-22
1.625               0.063357295 -0.0015190761 4.1791869e-20
1.6323529               0.063673459 -0.0016514192 3.4650174e-20
1.6397059               0.064235038 -0.0016194768 5.9642862e-20
1.6470588               0.064731305 -0.0015996668 -2.4096293e-20
1.6544118               0.065289746 -0.001561417 -3.2119319e-20
1.6617647               0.065824988 -0.0014379206 1.4276688e-20
1.6691176               0.066349992 -0.0011882938 2.5596106e-20
1.6764706               0.066717702 -0.00076908384 1.7839107e-20
1.6838235               0.066818167 -0.00020036748 -1.2624722e-20
1.6911765               0.066981442 0.00046949323 8.4251397e-21
1.6985294               0.067030182 0.0010853679 1.5588003e-20
1.7058824               0.066692897 0.0017373163 4.5343773e-20
1.7132353               0.066220511 0.0020073264 1.222214e-20
1.7205882               0.065030846 0.0023326977 -2.1709488e-20
1.7279412               0.064562444 0.0021142673 2.5711394e-20
1.7352941               0.063940819 0.0016738233 -2.981826e-20
1.7426471               0.063822879 0.0010662415 -4.8105421e-20
1.75               0.063703059 0.00038335779 1.601488e-20
1.7573529               0.063990521 -0.00018851413 -5.0345008e-20
1.7647059               0.064269328 -0.00070472992 -3.174753e-20
1.7720588               0.064879366 -0.00099364841 9.4689419e-20
1.7794118               0.06524535 -0.0012701183 2.7819093e-20
1.7867647               0.065745622 -0.0015439865 -9.8384697e-21
1.7941176               0.066201136 -0.0015864894 -1.2406987e-21
1.8014706               0.0667447 -0.0015810353 7.5134143e-20
1.8088235               0.06718647 -0.0017520847 -5.275548e-20
1.8161765               0.067667518 -0.0016795707 -6.905478e-20
1.8235294               0.068079091 -0.0015855303 1.5690993e-20
1.8308824               0.068588721 -0.0013126534 1.0381994e-19
1.8382353               0.069108395 -0.0010620499 -5.3758957e-20
1.8455882               0.069401895 -0.00060421297 -9.2836411e-21
1.8529412               0.069616881 2.7640732e-05 4.9935591e-20
1.8602941               0.069907435 0.00050965119 -4.5668082e-21
1.8676471               0.06961499 0.0012106069 -1.0904291e-19
1.875               0.068736271 0.0018191613 2.8135405e-20
1.8823529               0.068264135 0.0021016147 2.6959366e-20
1.8897059               0.067354769 0.0022806158 4.364214e-21
1.8970588               0.066842787 0.0019716593 -2.7829715e-21
1.9044118               0.066294039 0.0015344467 -5.0879243e-20
1.9117647               0.066529579 0.00095996482 -1.8118604e-20
1.9191176               0.066455869 0.00012329395 -7.0457299e-20
1.9264706               0.066917644 -0.00032718576 -1.9680452e-21
1.9338235               0.067162426 -0.00077236701 -4.6576769e-20
1.9411765               0.067650547 -0.0011568798 -5.4441292e-20
1.9485294               0.067899642 -0.0014386411 -1.1026335e-19
1.9558824               0.068268442 -0.0015607167 -2.6086377e-20
1.9632353               0.068761547 -0.001671563 1.7610927e-20
1.9705882               0.069412787 -0.0016905259 -4.8224561e-20
1.9779412               0.069752026 -0.0017762364 -7.3116727e-20
1.9852941               0.070236553 -0.0016753358 1.8187647e-20
1.9926471               0.070654588 -0.001539693 7.5833154e-20
