t               Ux1 Uy1 Uz1
0.0073529412               0.0069109015 0.011051856 0.0
0.014705882               0.00539741 0.013274121 0.0
0.022058824               0.0029953571 0.015098021 0.0
0.029411765               0.00027926475 0.016117693 0.0
0.036764706               -0.003249336 0.01677473 0.0
0.044117647               -0.006696147 0.016364774 0.0
0.051470588               -0.0098056002 0.014733247 0.0
0.058823529               -0.011835948 0.012469317 0.0
0.066176471               -0.013307494 0.0098588884 0.0
0.073529412               -0.013834131 0.0070978714 0.0
0.080882353               -0.013785946 0.0047008738 0.0
0.088235294               -0.013181431 0.0023511511 0.0
0.095588235               -0.01224672 0.00040846073 0.0
0.10294118               -0.010980258 -0.0014178076 0.0
0.11029412               -0.009697715 -0.0030465937 0.0
0.11764706               -0.0079752814 -0.0046036336 0.0
0.125               -0.0062981896 -0.0060384092 0.0
0.13235294               -0.0042482904 -0.0071823128 0.0
0.13970588               -0.0021618045 -0.0081529155 0.0
0.14705882               9.2505523e-05 -0.0088184273 0.0
0.15441176               0.0023796163 -0.0092529499 0.0
0.16176471               0.0046954848 -0.0090334953 0.0
0.16911765               0.0069083158 -0.0085156798 0.0
0.17647059               0.0087774755 -0.0076378147 0.0
0.18382353               0.010440766 -0.0062869958 0.0
0.19117647               0.011748716 -0.0048615214 0.0
0.19852941               0.012144044 -0.0031070765 0.0
0.20588235               0.0123059 -0.0015669379 0.0
0.21323529               0.011757951 -0.00051625691 0.0
0.22058824               0.011282321 -4.1604808e-05 0.0
0.22794118               0.01084136 -7.5700507e-05 0.0
0.23529412               0.010595935 -0.0004920954 0.0
0.24264706               0.010784589 -0.0010128307 0.0
0.25               0.011110989 -0.0016361649 0.0
0.25735294               0.011735379 -0.0022228205 0.0
0.26470588               0.01261107 -0.0026426239 0.0
0.27205882               0.013481243 -0.0030386221 0.0
0.27941176               0.014370489 -0.0032504318 0.0
0.28676471               0.015613154 -0.0033249381 0.0
0.29411765               0.016556194 -0.0033584462 0.0
0.30147059               0.017602997 -0.0033344515 0.0
0.30882353               0.018667324 -0.0032293047 0.0
0.31617647               0.019768157 -0.0030537533 0.0
0.32352941               0.020913327 -0.0026710315 0.0
0.33088235               0.021919448 -0.0021699312 0.0
0.33823529               0.023018612 -0.0014193353 0.0
0.34558824               0.023866612 -0.00053535708 0.0
0.35294118               0.024405838 0.00067965853 0.0
0.36029412               0.024682652 0.0017369128 0.0
0.36764706               0.024592301 0.0029399712 0.0
0.375               0.024028032 0.0038681901 0.0
0.38235294               0.023399262 0.0042443191 0.0
0.38970588               0.022687919 0.0041781178 0.0
0.39705882               0.022293733 0.0036945211 0.0
0.40441176               0.022311379 0.003047691 0.0
0.41176471               0.02236341 0.0022261458 0.0
0.41911765               0.02305578 0.0015919498 0.0
0.42647059               0.02365954 0.00086264386 0.0
0.43382353               0.024414949 0.00029657983 0.0
0.44117647               0.025226669 -9.1173267e-05 0.0
0.44852941               0.026158164 -0.00053445506 0.0
0.45588235               0.027079341 -0.00074452948 0.0
0.46323529               0.028045757 -0.00093562114 0.0
0.47058824               0.028968575 -0.0011184378 0.0
0.47794118               0.029969987 -0.0012134425 0.0
0.48529412               0.030839663 -0.0011181494 0.0
0.49264706               0.031861819 -0.00087521182 0.0
0.5               0.032926714 -0.00057610988 0.0
0.50735294               0.033647762 -5.6275011e-05 0.0
0.51470588               0.034463022 0.00069184811 0.0
0.52205882               0.034864007 0.0015520853 0.0
0.52941176               0.035246832 0.0022042012 0.0
0.53676471               0.034925651 0.0032963844 0.0
0.54411765               0.034283507 0.0038074754 0.0
0.55147059               0.033714723 0.0038680749 0.0
0.55882353               0.033047041 0.0035653987 0.0
0.56617647               0.0329503 0.002981478 0.0
0.57352941               0.033029464 0.0022103833 0.0
0.58088235               0.033295903 0.0013699757 0.0
0.58823529               0.033697976 0.00064581618 0.0
0.59558824               0.03441484 3.8802449e-05 0.0
0.60294118               0.035236453 -0.00044520367 0.0
0.61029412               0.035874553 -0.00083627976 0.0
0.61764706               0.036701662 -0.0011044746 0.0
0.625               0.037608315 -0.0013247946 0.0
0.63235294               0.038466206 -0.0014317674 0.0
0.63970588               0.039217552 -0.0015961291 0.0
0.64705882               0.040101138 -0.0015748319 0.0
0.65441176               0.040998784 -0.0015025558 0.0
0.66176471               0.041755714 -0.0011999594 0.0
0.66911765               0.042526151 -0.00068136791 0.0
0.67647059               0.0431836 -0.00024927754 0.0
0.68382353               0.04370297 0.00059247465 0.0
0.69117647               0.043952354 0.0014137659 0.0
0.69852941               0.043975828 0.0022480897 0.0
0.70588235               0.043566722 0.0029908685 0.0
0.71323529               0.042921911 0.0034088053 0.0
0.72058824               0.042289878 0.0033592127 0.0
0.72794118               0.041607031 0.0029977339 0.0
0.73529412               0.041312037 0.0023146889 0.0
0.74264706               0.041259314 0.0016067733 0.0
0.75               0.041600514 0.00090581932 0.0
0.75735294               0.042085973 0.00019761756 0.0
0.76470588               0.042584057 -0.00031974185 0.0
0.77205882               0.043279403 -0.00071335217 0.0
0.77941176               0.044180642 -0.00092353195 0.0
0.78676471               0.044720889 -0.0012280163 0.0
0.79411765               0.045481259 -0.0014158524 0.0
0.80147059               0.046170663 -0.0015148815 0.0
0.80882353               0.047005456 -0.0016205348 0.0
0.81617647               0.04768577 -0.0015190978 0.0
0.82352941               0.048341663 -0.0012861446 0.0
0.83088235               0.049156081 -0.001030343 0.0
0.83823529               0.049701844 -0.00053787018 0.0
0.84558824               0.050296088 5.3328526e-05 0.0
0.85294118               0.050626711 0.00086062447 0.0
0.86029412               0.050706922 0.0015993889 0.0
0.86764706               0.050285967 0.0024808752 0.0
0.875               0.04985518 0.0030807123 0.0
0.88235294               0.049108414 0.0033738555 0.0
0.88970588               0.048381823 0.0031973459 0.0
0.89705882               0.047766356 0.0027292689 0.0
0.90441176               0.047638275 0.0021402371 0.0
0.91176471               0.047707758 0.0013521741 0.0
0.91911765               0.047923315 0.00065086675 0.0
0.92647059               0.048522316 8.9867113e-05 0.0
0.93382353               0.049045877 -0.00039298429 0.0
0.94117647               0.049606203 -0.00077232245 0.0
0.94852941               0.050244707 -0.0010346798 0.0
0.95588235               0.050918272 -0.0012166093 0.0
0.96323529               0.051608209 -0.0013634112 0.0
0.97058824               0.0522789 -0.0014589826 0.0
0.97794118               0.052951728 -0.0014800857 0.0
0.98529412               0.053585558 -0.00132823 0.0
0.99264706               0.054254737 -0.0011208271 0.0
1.0               0.054877034 -0.00072763659 0.0
1.0073529               0.055478462 -0.0002653384 0.0
1.0147059               0.055897704 0.00038323519 0.0
1.0220588               0.055920351 0.0011864526 0.0
1.0294118               0.055881375 0.0019707814 0.0
1.0367647               0.05556081 0.0026961522 0.0
1.0441176               0.054876446 0.0032098888 0.0
1.0514706               0.0540007 0.0033438797 0.0
1.0588235               0.053460628 0.003149832 0.0
1.0661765               0.05291344 0.0026495165 0.0
1.0735294               0.052727647 0.0019097679 0.0
1.0808824               0.052726585 0.0012569967 0.0
1.0882353               0.053039677 0.00054320279 0.0
1.0955882               0.05351017 6.3956551e-06 0.0
1.1029412               0.054153734 -0.00042359409 0.0
1.1102941               0.054664278 -0.00073244456 0.0
1.1176471               0.05538723 -0.00099522716 0.0
1.125               0.055895633 -0.0012237364 0.0
1.1323529               0.056577851 -0.001304343 0.0
1.1397059               0.057177912 -0.0013656793 0.0
1.1470588               0.05782853 -0.0013595412 0.0
1.1544118               0.058434078 -0.0012942873 0.0
1.1617647               0.059094805 -0.00096016512 0.0
1.1691176               0.059658912 -0.00059330428 0.0
1.1764706               0.059996172 -1.2036211e-05 0.0
1.1838235               0.060343097 0.00070087248 0.0
1.1911765               0.060514226 0.001388553 0.0
1.1985294               0.060091373 0.0022573522 0.0
1.2058824               0.059693325 0.0029024045 0.0
1.2132353               0.058803359 0.0032821853 0.0
1.2205882               0.058072403 0.0032444925 0.0
1.2279412               0.0574397 0.002883091 0.0
1.2352941               0.057043823 0.0022784093 0.0
1.2426471               0.057012989 0.0016288454 0.0
1.25               0.057110902 0.00093648959 0.0
1.2573529               0.057441476 0.0003045177 0.0
1.2647059               0.057989898 -0.00018911129 0.0
1.2720588               0.058515689 -0.00064194872 0.0
1.2794118               0.059002856 -0.00094733186 0.0
1.2867647               0.05981577 -0.0010943363 0.0
1.2941176               0.060314163 -0.0012256145 0.0
1.3014706               0.060859715 -0.0012848796 0.0
1.3088235               0.061432017 -0.001288171 0.0
1.3161765               0.062033211 -0.0012517749 0.0
1.3235294               0.06265673 -0.0010673909 0.0
1.3308824               0.063105405 -0.00078451142 0.0
1.3382353               0.063681592 -0.00033103522 0.0
1.3455882               0.064047871 0.00022066284 0.0
1.3529412               0.064180441 0.0010239307 0.0
1.3602941               0.064087698 0.0017107685 0.0
1.3676471               0.063780411 0.0024988938 0.0
1.375               0.063075836 0.0030871142 0.0
1.3823529               0.062319899 0.003294416 0.0
1.3897059               0.06146257 0.003166575 0.0
1.3970588               0.060937347 0.0027126737 0.0
1.4044118               0.060745356 0.002125758 0.0
1.4117647               0.060573415 0.0014091007 0.0
1.4191176               0.060993392 0.00083723478 0.0
1.4264706               0.061318157 0.00019089498 0.0
1.4338235               0.061792573 -0.00028805565 0.0
1.4411765               0.062293399 -0.00061666431 0.0
1.4485294               0.06287114 -0.00098127878 0.0
1.4558824               0.06342351 -0.0011122203 0.0
1.4632353               0.06402087 -0.0012344025 0.0
1.4705882               0.064553017 -0.0013326963 0.0
1.4779412               0.06513677 -0.0013498791 0.0
1.4852941               0.065576062 -0.0012063151 0.0
1.4926471               0.066151224 -0.00094350764 0.0
1.5               0.066753815 -0.00065361903 0.0
1.5073529               0.067014602 -0.00018225865 0.0
1.5147059               0.067399098 0.00047422033 0.0
1.5220588               0.067395975 0.0012093586 0.0
1.5294118               0.067387657 0.0017735575 0.0
1.5367647               0.066831895 0.0026730284 0.0
1.5441176               0.065947036 0.0031074334 0.0
1.5514706               0.065146163 0.0031509531 0.0
1.5588235               0.064284296 0.0029082706 0.0
1.5661765               0.063980331 0.0024101785 0.0
1.5735294               0.063844929 0.0017476642 0.0
1.5808824               0.063906397 0.0010164749 0.0
1.5882353               0.064060265 0.00039197639 0.0
1.5955882               0.064557229 -0.00012077799 0.0
1.6029412               0.065122588 -0.00051972237 0.0
1.6102941               0.065504929 -0.00082655438 0.0
1.6176471               0.066059187 -0.0010202211 0.0
1.625               0.066684789 -0.0011734521 0.0
1.6323529               0.067260274 -0.0012204785 0.0
1.6397059               0.067703736 -0.0012966559 0.0
1.6470588               0.068272149 -0.0012352727 0.0
1.6544118               0.0688124 -0.0011085467 0.0
1.6617647               0.069254767 -0.00080400302 0.0
1.6691176               0.069696674 -0.00033353742 0.0
1.6764706               0.07000507 6.5726559e-05 0.0
1.6838235               0.070247009 0.00079812169 0.0
1.6911765               0.070184534 0.0015213713 0.0
1.6985294               0.069999812 0.0022340308 0.0
1.7058824               0.069401047 0.0028636129 0.0
1.7132353               0.068608957 0.0032210019 0.0
1.7205882               0.067819255 0.003174889 0.0
1.7279412               0.067010897 0.0028324177 0.0
1.7352941               0.066600648 0.0022043336 0.0
1.7426471               0.066387074 0.0015482975 0.0
1.75               0.066598179 0.00091493845 0.0
1.7573529               0.066950256 0.00026138424 0.0
1.7647059               0.067269612 -0.0002057309 0.0
1.7720588               0.067805324 -0.00056548697 0.0
1.7794118               0.068524192 -0.00071620432 0.0
1.7867647               0.068872314 -0.00098844461 0.0
1.7941176               0.069430978 -0.0011443981 0.0
1.8014706               0.069913638 -0.0012050541 0.0
1.8088235               0.070522741 -0.0012759123 0.0
1.8161765               0.070974366 -0.0011563188 0.0
1.8235294               0.071405782 -0.00092853923 0.0
1.8308824               0.071985167 -0.00069536969 0.0
1.8382353               0.072258123 -0.00024014155 0.0
1.8455882               0.072631243 0.00030484683 0.0
1.8529412               0.072749936 0.0010200439 0.0
1.8602941               0.072630999 0.0016728911 0.0
1.8676471               0.072053561 0.0024419242 0.0
1.875               0.071520879 0.002958523 0.0
1.8823529               0.070664593 0.0032203945 0.0
1.8897059               0.069851455 0.0030448747 0.0
1.8970588               0.069133301 0.002604539 0.0
1.9044118               0.06890728 0.002059082 0.0
1.9117647               0.068917555 0.0013290064 0.0
1.9191176               0.069007445 0.00065756572 0.0
1.9264706               0.069488654 0.00013424771 0.0
1.9338235               0.069859036 -0.00031627898 0.0
1.9411765               0.070314063 -0.00065317175 0.0
1.9485294               0.070839427 -0.00086196237 0.0
1.9558824               0.071346634 -0.0010362296 0.0
1.9632353               0.071853202 -0.0011550086 0.0
1.9705882               0.072379556 -0.0012260751 0.0
1.9779412               0.072890156 -0.001234056 0.0
1.9852941               0.073337554 -0.0010756375 0.0
1.9926471               0.073815209 -0.00087828154 0.0
