t               Ux1 Uy1 Uz1
0.0073529412               0.0094992222 0.01173634 1.6632759e-20
0.014705882               0.0091325508 0.015246432 -1.468795e-21
0.022058824               0.0070703353 0.018509863 -9.2184888e-21
0.029411765               0.0049085012 0.020849764 -7.9464486e-21
0.036764706               0.0016018018 0.022237354 -1.0930223e-19
0.044117647               -0.00093682875 0.02199946 4.207406e-20
0.051470588               -0.0033779912 0.020218864 8.7133332e-21
0.058823529               -0.0038794841 0.017669699 7.728108e-21
0.066176471               -0.0027492175 0.013624076 -4.012645e-20
0.073529412               -0.00060112676 0.0091975566 1.787315e-20
0.080882353               0.0035107531 0.0050725432 -4.1966033e-20
0.088235294               0.0081176641 0.001150476 1.1649286e-19
0.095588235               0.012652313 -0.0019270647 3.6168439e-20
0.10294118               0.016931516 -0.00391447 -4.0717076e-20
0.11029412               0.020818616 -0.0055455048 -1.2571479e-20
0.11764706               0.024369233 -0.0064800608 7.7723821e-21
0.125               0.027710133 -0.0068570831 6.8212456e-20
0.13235294               0.030601341 -0.0069462204 -4.7057409e-20
0.13970588               0.033464811 -0.0066940644 -7.3445155e-20
0.14705882               0.036024486 -0.0060915347 -5.2191368e-22
0.15441176               0.038339835 -0.0052869118 1.1415074e-19
0.16176471               0.040144084 -0.0041850206 2.4730469e-20
0.16911765               0.042012472 -0.0027070525 -8.0709487e-20
0.17647059               0.043004537 -0.00088022861 9.8002376e-21
0.18382353               0.043592111 0.0012708484 4.5537374e-20
0.19117647               0.043851826 0.0032433892 -7.1890996e-21
0.19852941               0.04332408 0.0052465827 2.2792668e-20
0.20588235               0.042598359 0.0066100779 -1.1368329e-20
0.21323529               0.04159301 0.0071853157 3.6969988e-20
0.22058824               0.040070055 0.006913477 3.0475703e-20
0.22794118               0.039640234 0.0057335294 -5.6266873e-20
0.23529412               0.039904251 0.0037812143 -6.501336e-20
0.24264706               0.041104249 0.0013720581 4.496445e-20
0.25               0.042830664 -0.0011796238 -1.7339179e-20
0.25735294               0.045147702 -0.0031485469 3.6279124e-20
0.26470588               0.047459638 -0.0045824689 2.4889399e-20
0.27205882               0.050018046 -0.0053675157 -2.4248982e-21
0.27941176               0.051870085 -0.0059544918 1.2169469e-19
0.28676471               0.053860088 -0.0062343973 -9.1266637e-20
0.29411765               0.055493367 -0.0060125815 -3.9081572e-20
0.30147059               0.057106017 -0.0056687147 -6.7500744e-21
0.30882353               0.058342391 -0.0051375486 -7.3074713e-20
0.31617647               0.05949016 -0.0043014351 3.921425e-20
0.32352941               0.060588262 -0.0033764319 -3.9178072e-20
0.33088235               0.061498651 -0.0021403988 5.3585959e-20
0.33823529               0.062046583 -0.00074854897 2.0941629e-20
0.34558824               0.062268889 0.00085747745 -8.7533882e-20
0.35294118               0.062069126 0.0028539097 8.7770772e-20
0.36029412               0.06198922 0.0043498664 3.7629762e-21
0.36764706               0.060663002 0.0059758533 3.6370276e-20
0.375               0.059110318 0.0068357942 -8.1916127e-20
0.38235294               0.057686401 0.0068186736 1.0355469e-20
0.38970588               0.056594379 0.0063504597 -4.0171076e-20
0.39705882               0.056387101 0.0049016918 1.8616691e-21
0.40441176               0.056191073 0.0027417625 -1.2112294e-19
0.41176471               0.057723809 0.00057533333 -1.0446417e-20
0.41911765               0.059390582 -0.0016226348 3.6862952e-20
0.42647059               0.061154498 -0.0032792363 3.8537188e-20
0.43382353               0.063130489 -0.0042635704 1.0355608e-19
0.44117647               0.064926368 -0.0051068847 -2.2237135e-20
0.44852941               0.066354468 -0.0055209215 -7.8163767e-20
0.45588235               0.067569956 -0.0053956301 -4.225122e-20
0.46323529               0.068742184 -0.0051457102 -2.1668158e-20
0.47058824               0.070055257 -0.0046856422 -6.1200139e-20
0.47794118               0.070840126 -0.0042082921 -9.2932647e-20
0.48529412               0.071620985 -0.0034529776 -3.0042124e-20
0.49264706               0.072362239 -0.0024896859 -1.0849819e-20
0.5               0.072763783 -0.0011738728 2.7118902e-21
0.50735294               0.072997914 0.00010619161 8.5179797e-20
0.51470588               0.072919097 0.0017345422 1.8911601e-21
0.52205882               0.07241432 0.0034607239 1.3286938e-21
0.52941176               0.071649076 0.0049456591 -8.1387568e-20
0.53676471               0.070226732 0.0061170201 3.2865021e-20
0.54411765               0.068928283 0.0065886933 2.8811489e-20
0.55147059               0.067465908 0.0063217053 1.120639e-20
0.55882353               0.066513034 0.0055532878 -2.8072988e-20
0.56617647               0.066388422 0.0037876399 -2.6848045e-21
0.57352941               0.066466617 0.0017226067 -3.5832997e-20
0.58088235               0.067838981 -0.00016469309 -1.608636e-21
0.58823529               0.069523223 -0.0019824978 1.2641099e-19
0.59558824               0.071161529 -0.0033700963 2.530964e-20
0.60294118               0.072525682 -0.0042041922 -2.549092e-21
0.61029412               0.073894903 -0.0048602472 8.6452262e-21
0.61764706               0.075151165 -0.0050236955 6.7397882e-21
0.625               0.076274447 -0.0049657116 4.7349878e-20
0.63235294               0.07709109 -0.0047329581 -8.9811577e-21
0.63970588               0.078021996 -0.0041962197 6.5124405e-20
0.64705882               0.078762653 -0.0035952566 -6.2513354e-21
0.65441176               0.079381707 -0.0028531775 -1.5168409e-20
0.66176471               0.079809844 -0.0019263508 1.783717e-20
0.66911765               0.080117908 -0.0007509955 2.5576991e-20
0.67647059               0.080033388 0.00064243673 3.5113946e-20
0.68382353               0.079514989 0.0022230172 -2.4758195e-20
0.69117647               0.078838314 0.0038304209 -2.7915499e-20
0.69852941               0.077961979 0.0051445841 1.5234321e-20
0.70588235               0.07658497 0.0061512599 2.2079309e-20
0.71323529               0.075438815 0.0062063814 -1.5078689e-20
0.72058824               0.073468741 0.0059534998 -2.4870199e-21
0.72794118               0.073013772 0.004757287 2.037952e-20
0.73529412               0.072919843 0.0029085141 -1.3818057e-20
0.74264706               0.073835512 0.00093125274 6.0337824e-21
0.75               0.074741438 -0.0010693074 6.5662544e-21
0.75735294               0.076173485 -0.0025908408 -5.7768177e-20
0.76470588               0.077451945 -0.0037710056 -3.1967816e-20
0.77205882               0.079026138 -0.0043812365 3.2798096e-20
0.77941176               0.080114726 -0.0048041006 1.4234294e-20
0.78676471               0.081141322 -0.0050215466 1.2361691e-20
0.79411765               0.082071987 -0.0047712249 -2.1144862e-20
0.80147059               0.082934042 -0.0043762363 6.673569e-20
0.80882353               0.083572744 -0.0040411174 -3.2554013e-20
0.81617647               0.084090011 -0.003356943 -7.1068215e-20
0.82352941               0.084526006 -0.0025753632 1.9178398e-20
0.83088235               0.08480607 -0.0014596423 9.4366647e-20
0.83823529               0.084937952 -0.00032939722 -4.6272218e-20
0.84558824               0.084750862 0.0010644659 -1.6828036e-20
0.85294118               0.08417586 0.0027143359 6.2042157e-20
0.86029412               0.083588832 0.0039953868 -2.6373507e-20
0.86764706               0.082261573 0.005250288 -1.04188e-19
0.875               0.080424286 0.0060052708 3.865293e-21
0.88235294               0.079227405 0.0059228855 2.5828528e-20
0.88970588               0.077802183 0.0054248951 -7.3765854e-22
0.89705882               0.077498244 0.0040100334 3.2335887e-21
0.90441176               0.07754515 0.0021348968 -3.8279908e-20
0.91176471               0.078673819 0.00026416806 2.7662801e-20
0.91911765               0.079666838 -0.001775063 -9.781426e-20
0.92647059               0.081147601 -0.003088706 1.4770529e-20
0.93382353               0.08241545 -0.0040228984 -1.5355308e-20
0.94117647               0.083680636 -0.0047030628 -5.9420362e-20
0.94852941               0.084510328 -0.0050420432 -1.0352367e-19
0.95588235               0.085311582 -0.0050185494 -1.6912401e-20
0.96323529               0.086134015 -0.0048017467 7.990139e-21
0.97058824               0.087087201 -0.0043246999 -2.5105451e-20
0.97794118               0.087484651 -0.0038899245 -9.0691483e-21
0.98529412               0.087955506 -0.0031981342 2.3796225e-20
0.99264706               0.088177408 -0.0023332179 6.197017e-20
1.0               0.088334529 -0.0011939961 7.6271978e-21
1.0073529               0.088239035 -4.5702904e-05 -1.880029e-21
1.0147059               0.08795565 0.0013952714 -3.5601541e-20
1.0220588               0.087212082 0.002946949 1.9116357e-20
1.0294118               0.086422619 0.0042977392 -2.8518779e-21
1.0367647               0.084865236 0.0052702369 -8.5199455e-20
1.0441176               0.083528321 0.0057092363 1.9377186e-20
1.0514706               0.081979445 0.0054540249 -6.4359963e-22
1.0588235               0.081199607 0.0046847028 -1.4896168e-20
1.0661765               0.080889507 0.0030988062 -3.1783415e-20
1.0735294               0.080894097 0.0012180215 3.08707e-20
1.0808824               0.081899464 -0.00057544636 -4.2346359e-20
1.0882353               0.083156501 -0.0022792438 1.071456e-19
1.0955882               0.084620225 -0.0035091814 2.144847e-20
1.1029412               0.085718519 -0.0042625539 -3.9824741e-20
1.1102941               0.086706742 -0.004858386 -8.5391831e-21
1.1176471               0.087612924 -0.0050459464 -1.5826131e-20
1.125               0.088502703 -0.0049204912 2.3326177e-20
1.1323529               0.089026709 -0.004696432 -7.2626816e-20
1.1397059               0.089686106 -0.004303524 -7.8065505e-20
1.1470588               0.090247438 -0.0036652465 -8.248988e-21
1.1544118               0.090604268 -0.0029464505 7.461231e-20
1.1617647               0.090772341 -0.0020756824 2.4381064e-21
1.1691176               0.091053692 -0.00094230189 -4.5183545e-20
1.1764706               0.090637546 0.00041116509 -2.6226037e-21
1.1838235               0.09005782 0.0018968397 4.5988886e-20
1.1911765               0.089312071 0.0032855774 1.6011006e-20
1.1985294               0.088092801 0.0045728103 1.178707e-20
1.2058824               0.086939821 0.0053953803 1.2331542e-20
1.2132353               0.085690857 0.0054966455 -1.0027996e-20
1.2205882               0.083987432 0.0050940222 2.7645235e-20
1.2279412               0.083298369 0.0039705511 -4.2620278e-20
1.2352941               0.083113923 0.0023232645 -7.5731595e-20
1.2426471               0.083576523 0.00036332048 6.2572218e-20
1.25               0.084345232 -0.0015854448 -3.3903426e-20
1.2573529               0.085615167 -0.0030539098 -1.790969e-22
1.2647059               0.086821738 -0.0041189841 1.8073102e-20
1.2720588               0.088272403 -0.0046252883 1.2329093e-20
1.2794118               0.089066724 -0.0050658138 7.4585244e-20
1.2867647               0.090017384 -0.005233322 -8.236115e-20
1.2941176               0.090721706 -0.0050066925 -6.1635845e-20
1.3014706               0.091433498 -0.0046428771 -4.4541437e-20
1.3088235               0.091805742 -0.004220115 -8.3429582e-20
1.3161765               0.092140414 -0.0035042066 4.5802091e-20
1.3235294               0.09244113 -0.002761065 -6.7685286e-20
1.3308824               0.09262063 -0.0017290521 4.7732167e-20
1.3382353               0.092560226 -0.00058980175 1.2554366e-20
1.3455882               0.092194589 0.0006788302 -1.2420904e-19
1.3529412               0.091529328 0.0023110403 8.7661689e-20
1.3602941               0.091068336 0.0034391055 2.4274407e-21
1.3676471               0.089577425 0.0047044131 1.0446441e-20
1.375               0.087886176 0.0053163257 -5.909016e-20
1.3823529               0.086497722 0.0051885988 -2.0471868e-21
1.3897059               0.085377073 0.004640092 -3.1978762e-20
1.3970588               0.084956791 0.0033017415 -2.5508102e-20
1.4044118               0.084534562 0.0014433605 -8.4279531e-20
1.4117647               0.085525981 -0.00041414646 -3.0517661e-20
1.4191176               0.086646103 -0.0021882053 4.5417142e-20
1.4264706               0.087850353 -0.0035462942 8.9269314e-21
1.4338235               0.089065817 -0.0043660691 1.2743882e-19
1.4411765               0.090152524 -0.0050348016 -1.8929263e-20
1.4485294               0.091004081 -0.0053338192 -9.0213899e-20
1.4558824               0.091597862 -0.0051993153 -1.975491e-20
1.4632353               0.092241445 -0.0049555095 -3.3638827e-20
1.4705882               0.093000109 -0.0045299962 -5.5792063e-20
1.4779412               0.093321384 -0.0040982893 -8.3772452e-20
1.4852941               0.09360207 -0.0034196566 -5.384812e-20
1.4926471               0.093852875 -0.0025535607 2.0192377e-20
1.5               0.093875968 -0.0014143203 -4.0367124e-21
1.5073529               0.093705839 -0.00028670519 4.091095e-20
1.5147059               0.093305885 0.001120556 -1.1131494e-20
1.5220588               0.092561938 0.0026282246 -3.8055573e-20
1.5294118               0.091695409 0.0038713488 -7.6334876e-20
1.5367647               0.09018113 0.004836837 3.2362717e-20
1.5441176               0.088882306 0.0051748375 1.3345925e-20
1.5514706               0.08742905 0.0049006439 3.958677e-20
1.5588235               0.086335362 0.0041381457 1.5317549e-20
1.5661765               0.086167945 0.0025074794 -1.3497665e-20
1.5735294               0.086280583 0.00063709723 -2.0922672e-20
1.5808824               0.087245448 -0.00097157151 -4.2000181e-20
1.5882353               0.088411268 -0.0025029681 1.3435887e-19
1.5955882               0.089670849 -0.0036689561 -2.7995922e-20
1.6029412               0.090534512 -0.0043705158 -4.3418063e-20
1.6102941               0.091437871 -0.0049295534 5.1942428e-21
1.6176471               0.092265412 -0.005039039 -5.5075444e-21
1.625               0.09302375 -0.004978412 3.5431456e-20
1.6323529               0.093419753 -0.0047385761 2.9856893e-20
1.6397059               0.094012024 -0.0042313355 5.1967789e-20
1.6470588               0.094366476 -0.0036932935 -2.1201883e-20
1.6544118               0.094714576 -0.0030019859 -3.0637513e-20
1.6617647               0.094872163 -0.0021545263 1.5424547e-20
1.6691176               0.094885569 -0.0010859331 1.8330753e-20
1.6764706               0.094577784 0.00017007842 1.4516907e-20
1.6838235               0.093868968 0.0015961548 -1.7029253e-20
1.6911765               0.093053731 0.0030614775 3.4346709e-21
1.6985294               0.092084792 0.0042112115 8.5584048e-21
1.7058824               0.090746498 0.0050808179 4.0921543e-20
1.7132353               0.089504233 0.005087927 8.6409588e-21
1.7205882               0.087669708 0.0048086171 -2.2706152e-20
1.7279412               0.087128918 0.0036556905 2.1073963e-20
1.7352941               0.086934936 0.0019579945 -2.5558991e-20
1.7426471               0.087580341 0.00012456994 -4.1451177e-20
1.75               0.088281243 -0.0016023359 6.8186844e-21
1.7573529               0.089430241 -0.0030020422 -4.9997192e-20
1.7647059               0.090427586 -0.004069448 -3.5987e-20
1.7720588               0.091645983 -0.0045977158 7.85026e-20
1.7794118               0.092434626 -0.0049682205 1.7837529e-20
1.7867647               0.093243113 -0.0051436264 -1.161342e-20
1.7941176               0.093849281 -0.004886773 1.6209888e-21
1.8014706               0.094479754 -0.0044918675 6.3416597e-20
1.8088235               0.094889014 -0.0041849407 -4.6826207e-20
1.8161765               0.09521114 -0.0035331213 -6.4253385e-20
1.8235294               0.09537101 -0.0027895324 1.1789387e-20
1.8308824               0.095472803 -0.0017403797 9.1366181e-20
1.8382353               0.095453657 -0.00068788881 -4.9079572e-20
1.8455882               0.095051053 0.00061409389 -1.1057895e-20
1.8529412               0.09438259 0.0021252309 4.5583199e-20
1.8602941               0.093734909 0.0033003272 -7.7096218e-21
1.8676471               0.092387537 0.004463906 -9.57528e-20
1.875               0.090530639 0.0051551164 2.3572063e-20
1.8823529               0.089411722 0.0050369978 2.1375152e-20
1.8897059               0.088003211 0.0045391486 -2.5131769e-21
1.8970588               0.087583421 0.0031608113 -3.3424111e-21
1.9044118               0.087576328 0.0014498867 -4.4723317e-20
1.9117647               0.088709257 -0.00029824463 -1.4621068e-20
1.9191176               0.089482218 -0.0021391025 -6.914562e-20
1.9264706               0.090756141 -0.0032978516 -3.5304887e-21
1.9338235               0.091679396 -0.0042009875 -4.5899447e-20
1.9411765               0.092721292 -0.004782389 -5.1814986e-20
1.9485294               0.093330032 -0.0050997305 -1.0045119e-19
1.9558824               0.093946875 -0.0050591154 -2.0127255e-20
1.9632353               0.094581677 -0.0048386053 1.5813537e-20
1.9705882               0.095291613 -0.0044159451 -4.2809095e-20
1.9779412               0.095557152 -0.0040110603 -6.1266656e-20
1.9852941               0.095847439 -0.0033064887 1.2935526e-20
1.9926471               0.095967499 -0.0024928548 6.7546663e-20
