t               Ux1 Uy1 Uz1
0.0073529412               0.0089021425 0.013419831 1.3434974e-26
0.014705882               0.0076840666 0.016226398 1.0708208e-26
0.022058824               0.0054622629 0.0196292 -3.7495171e-21
0.029411765               0.002467136 0.022092404 8.3715169e-27
0.036764706               -0.00019859226 0.022786317 5.9364245e-27
0.044117647               -0.0035591943 0.022538403 3.6688171e-27
0.051470588               -0.0054416452 0.020120164 4.155263e-27
0.058823529               -0.0061965746 0.016420791 -1.5071111e-26
0.066176471               -0.0048102938 0.011850416 -5.4642254e-21
0.073529412               -0.0022962107 0.006860324 -2.1156185e-27
0.080882353               0.0017355239 0.0027453245 7.5658787e-28
0.088235294               0.0059279296 -0.00045718815 -3.0366206e-27
0.095588235               0.01038354 -0.0027998258 -1.2769243e-21
0.10294118               0.014626125 -0.0044974908 1.6121953e-27
0.11029412               0.018733998 -0.0053224133 1.1221055e-27
0.11764706               0.021685899 -0.0062872063 2.6094717e-27
0.125               0.024954403 -0.0064021391 3.4820918e-27
0.13235294               0.028067111 -0.0060786551 3.8818821e-27
0.13970588               0.030630182 -0.0058619989 6.8554222e-27
0.14705882               0.032930807 -0.0053078371 8.559274e-27
0.15441176               0.035060689 -0.0044382894 7.2090029e-27
0.16176471               0.036823467 -0.0031080836 5.8722304e-27
0.16911765               0.038305403 -0.0016428491 5.8034226e-27
0.17647059               0.039403518 0.00018321822 6.9769038e-27
0.18382353               0.039988875 0.0022251649 1.105637e-26
0.19117647               0.040008065 0.0043440772 1.2985798e-26
0.19852941               0.039481221 0.0062207488 6.2085594e-27
0.20588235               0.038587304 0.0074270523 1.5542093e-26
0.21323529               0.036808766 0.0079025964 7.1780827e-27
0.22058824               0.036262208 0.0071976272 7.4249846e-27
0.22794118               0.035720893 0.0053808303 6.680658e-27
0.23529412               0.036544099 0.0031219358 3.9397053e-27
0.24264706               0.037528864 0.00044065695 -1.9273998e-21
0.25               0.040283055 -0.0014470888 4.1207572e-27
0.25735294               0.042359549 -0.0032028038 4.7046447e-27
0.26470588               0.044814648 -0.004105646 3.0738148e-27
0.27205882               0.046723379 -0.0047413794 5.2061672e-27
0.27941176               0.048705216 -0.0050754121 2.9059524e-27
0.28676471               0.049989066 -0.0051680928 5.8370669e-27
0.29411765               0.051693609 -0.0049482513 5.0116405e-27
0.30147059               0.053229335 -0.0043861282 5.6990744e-27
0.30882353               0.054673631 -0.0038038428 4.8161513e-27
0.31617647               0.055805485 -0.0032613911 5.4474806e-27
0.32352941               0.056741019 -0.002301027 -1.5071432e-20
0.33088235               0.057611471 -0.001145077 8.7553316e-27
0.33823529               0.057937382 0.00055915239 1.2442407e-26
0.34558824               0.058101109 0.0019616042 6.2646455e-27
0.35294118               0.057853636 0.0038545431 8.3083849e-27
0.36029412               0.056625205 0.0058441149 5.5634165e-27
0.36764706               0.055877495 0.0071835243 4.2660083e-27
0.375               0.054623107 0.0077928523 5.866868e-27
0.38235294               0.052922538 0.0077962953 1.5575185e-27
0.38970588               0.051878271 0.0066570062 4.4948284e-27
0.39705882               0.051879851 0.0047408912 1.5363763e-27
0.40441176               0.052714932 0.0025633519 2.7976999e-27
0.41176471               0.053750951 0.00027115039 2.1072046e-27
0.41911765               0.05512993 -0.0015766825 1.8863439e-27
0.42647059               0.056995004 -0.0028072158 1.0303284e-26
0.43382353               0.059301351 -0.0035315187 3.5917413e-27
0.44117647               0.060880254 -0.0039750346 5.2392884e-27
0.44852941               0.062343426 -0.0042383398 1.3913704e-27
0.45588235               0.063709146 -0.0037778453 6.2985326e-29
0.46323529               0.064862603 -0.0037772442 3.527025e-27
0.47058824               0.065848419 -0.0033983972 5.0474303e-27
0.47794118               0.066810068 -0.0027535425 2.663981e-27
0.48529412               0.067487129 -0.0020509337 -2.1131094e-21
0.49264706               0.068222277 -0.0010674249 3.8984777e-27
0.5               0.068666212 0.00015301169 4.4193713e-27
0.50735294               0.068942106 0.0015084173 3.3302523e-27
0.51470588               0.068430332 0.0031440983 1.095849e-26
0.52205882               0.068099829 0.0048718478 -1.069324e-20
0.52941176               0.066868851 0.0063974715 4.8963195e-27
0.53676471               0.065597535 0.0074305326 7.3459787e-27
0.54411765               0.064031473 0.0079389004 1.7799885e-27
0.55147059               0.062810013 0.0073670236 5.7983017e-27
0.55882353               0.06223509 0.0060513755 -1.6837893e-20
0.56617647               0.06199002 0.0040535709 2.6865629e-27
0.57352941               0.062430585 0.0016859561 1.509342e-27
0.58088235               0.063953445 -0.0002476899 3.2863857e-27
0.58823529               0.065094914 -0.0018137193 -3.2153348e-21
0.59558824               0.066906064 -0.0028698951 4.87885e-27
0.60294118               0.068449678 -0.0034160895 3.1332873e-27
0.61029412               0.069942524 -0.003585589 1.080148e-27
0.61764706               0.07090973 -0.0039055501 4.0247743e-27
0.625               0.072196033 -0.0036168261 1.2252605e-27
0.63235294               0.073364961 -0.0032060367 -1.8839478e-28
0.63970588               0.073944798 -0.0028841752 4.4132374e-27
0.64705882               0.074643466 -0.002277492 -2.9451165e-21
0.65441176               0.075125023 -0.0014208621 2.3896515e-27
0.66176471               0.075516813 -0.00038331489 2.6665971e-27
0.66911765               0.075849573 0.00075870644 2.6446715e-27
0.67647059               0.075738893 0.0021922902 6.9276272e-27
0.68382353               0.075181187 0.004013306 3.8132978e-27
0.69117647               0.074567081 0.0054345904 8.8272606e-27
0.69852941               0.073426131 0.0067419976 1.3237715e-27
0.70588235               0.071872801 0.0074678065 1.2573635e-26
0.71323529               0.070094 0.0076044828 2.2295701e-27
0.72058824               0.069365192 0.0067956831 2.7960959e-27
0.72794118               0.068528169 0.0052367066 -2.0268166e-20
0.73529412               0.068836689 0.0031927209 -5.3760837e-21
0.74264706               0.069411064 0.0011476966 -9.0782179e-21
0.75               0.070735991 -0.00073094928 2.2709549e-27
0.75735294               0.072339121 -0.0020749658 2.3579158e-27
0.76470588               0.073958409 -0.002777361 1.6214871e-27
0.77205882               0.075140259 -0.003247669 4.5168818e-27
0.77941176               0.076497819 -0.0035417157 2.6646235e-27
0.78676471               0.077179572 -0.0037181956 1.4671109e-27
0.79411765               0.077974742 -0.0035031556 -9.5253397e-22
0.80147059               0.078908078 -0.0030199774 2.1526019e-27
0.80882353               0.079730356 -0.0024530681 4.6120953e-27
0.81617647               0.080100646 -0.002001886 2.1103652e-27
0.82352941               0.080582115 -0.001150339 2.6970704e-27
0.83088235               0.080742409 -0.00015003377 5.0321194e-27
0.83823529               0.080709654 0.0013659668 3.8727337e-27
0.84558824               0.080360444 0.0025651448 1.0229276e-26
0.85294118               0.079855354 0.0040191203 4.6707536e-27
0.86029412               0.078568908 0.0057003019 -1.7406974e-27
0.86764706               0.077776766 0.006683808 5.2318528e-27
0.875               0.076185839 0.0072931934 4.8766044e-27
0.88235294               0.074596962 0.0071257979 8.8695979e-27
0.88970588               0.07347718 0.0059519407 -1.3394281e-20
0.89705882               0.073037007 0.0042678979 1.9040723e-27
0.90441176               0.073494396 0.0022139943 -8.0291565e-21
0.91176471               0.074162767 0.00017895047 -9.3716954e-21
0.91911765               0.075302919 -0.0013619935 4.0837647e-27
0.92647059               0.076780675 -0.0025334258 3.681092e-27
0.93382353               0.078378972 -0.0031600337 -1.1085135e-20
0.94117647               0.079226207 -0.0035289572 -5.3395405e-21
0.94852941               0.080507572 -0.0037407295 3.1337328e-27
0.95588235               0.081524433 -0.0034421765 -5.3169411e-21
0.96323529               0.082249294 -0.0033321608 3.9329412e-27
0.97058824               0.082825067 -0.0029307674 4.7766349e-27
0.97794118               0.083185538 -0.0024233179 1.5669968e-27
0.98529412               0.08390515 -0.0017189791 4.7236974e-27
0.99264706               0.083839994 -0.00059732584 3.4098815e-27
1.0               0.084194487 0.00048866961 9.9740166e-27
1.0073529               0.084046844 0.0017848371 5.6023954e-27
1.0147059               0.083605682 0.0030411226 6.2985937e-27
1.0220588               0.082861468 0.0045209855 4.8199301e-27
1.0294118               0.081739779 0.005908827 3.6453549e-27
1.0367647               0.080351296 0.0067284602 7.5454184e-27
1.0441176               0.078822784 0.0071406515 1.1133856e-26
1.0514706               0.077563409 0.0065831257 -6.6548272e-21
1.0588235               0.076599692 0.0053460274 1.3322408e-27
1.0661765               0.076497366 0.0035424198 3.1136162e-27
1.0735294               0.076638267 0.0014486043 -1.1429901e-20
1.0808824               0.077938776 -0.00040864891 2.9346769e-27
1.0882353               0.078915053 -0.0018155809 2.272151e-27
1.0955882               0.080260802 -0.0027996304 -1.1854717e-20
1.1029412               0.081477843 -0.0034314243 2.0968031e-27
1.1102941               0.082757159 -0.0034750833 2.2415543e-27
1.1176471               0.083312193 -0.0037517701 2.2097643e-27
1.125               0.084188765 -0.0035102629 1.9182715e-27
1.1323529               0.085176172 -0.0030808006 3.5965842e-27
1.1397059               0.085658629 -0.002693735 -3.86775e-21
1.1470588               0.086061148 -0.0021439269 4.0746972e-27
1.1544118               0.086412117 -0.0013628885 1.2083123e-27
1.1617647               0.086548264 -0.00026413757 -1.1541783e-24
1.1691176               0.086511869 0.00082261916 3.2401352e-27
1.1764706               0.086227473 0.0021546124 2.854828e-27
1.1838235               0.085579894 0.0036099887 1.2449675e-26
1.1911765               0.084743439 0.0050345163 7.4071405e-27
1.1985294               0.083495559 0.0062861148 2.9472797e-27
1.2058824               0.08215916 0.0069066587 -6.8219765e-21
1.2132353               0.080088674 0.0070611637 4.0413558e-27
1.2205882               0.079519065 0.006166119 5.3512967e-27
1.2279412               0.078523121 0.0045840949 -8.7093248e-21
1.2352941               0.078804156 0.0027576124 -1.7237632e-20
1.2426471               0.079356161 0.00066215243 -8.5540649e-21
1.25               0.080800209 -0.00090838402 1.0900945e-28
1.2573529               0.081978845 -0.0023018517 -7.3810451e-21
1.2647059               0.083320813 -0.0029261914 1.381461e-27
1.2720588               0.08429284 -0.0033937474 2.8970968e-27
1.2794118               0.085319949 -0.0035807074 3.3405828e-27
1.2867647               0.085834491 -0.0036879445 -1.038146e-20
1.2941176               0.086537165 -0.0034556172 1.5377147e-27
1.3014706               0.087210056 -0.0029436802 1.8996705e-27
1.3088235               0.087782434 -0.002363256 -9.5379898e-21
1.3161765               0.088136305 -0.0018681373 -3.0113211e-21
1.3235294               0.088324179 -0.0011104918 -4.195445e-22
1.3308824               0.088496758 -0.00021649732 3.4952798e-27
1.3382353               0.08819667 0.0011696641 4.1521799e-27
1.3455882               0.087774768 0.0024082765 8.430686e-28
1.3529412               0.086973407 0.0038788846 7.836056e-27
1.3602941               0.085695135 0.0054075275 3.4649444e-27
1.3676471               0.08469099 0.0063493195 4.7045546e-29
1.375               0.08335464 0.0067685188 6.0592085e-27
1.3823529               0.081727709 0.0065866123 6.1977867e-27
1.3897059               0.080420197 0.0055444457 -2.5251059e-21
1.3970588               0.080262699 0.0038417386 -5.6709877e-21
1.4044118               0.080677923 0.0019279489 1.2545738e-27
1.4117647               0.081284114 -8.5176834e-05 1.9922428e-27
1.4191176               0.082190136 -0.0015735013 2.7199938e-27
1.4264706               0.083560378 -0.0027343328 -6.1591474e-23
1.4338235               0.085040755 -0.0031658297 -1.3711926e-20
1.4411765               0.08591438 -0.0034991087 9.2187791e-28
1.4485294               0.086749929 -0.0037075303 1.3326361e-27
1.4558824               0.087597228 -0.0033154484 1.6293233e-27
1.4632353               0.088228604 -0.0032665649 3.2580304e-27
1.4705882               0.088720135 -0.0028922339 7.5539705e-28
1.4779412               0.089087148 -0.0023449429 2.6366563e-27
1.4852941               0.089422985 -0.0016834156 2.078729e-27
1.4926471               0.089609387 -0.00075468146 1.781731e-27
1.5               0.089666822 0.00031875735 5.0392383e-27
1.5073529               0.089491509 0.0015847885 3.6773762e-27
1.5147059               0.08884689 0.002919415 7.1853152e-27
1.5220588               0.088103901 0.0043595797 6.765568e-27
1.5294118               0.086819711 0.0056183334 7.2058458e-27
1.5367647               0.085378146 0.0064033107 -6.8344116e-21
1.5441176               0.084071985 0.0067086439 4.647509e-27
1.5514706               0.082737202 0.0061161317 2.6400877e-27
1.5588235               0.081816283 0.0049699327 4.5194211e-27
1.5661765               0.081621512 0.0032188565 -1.0695542e-20
1.5735294               0.081863653 0.0011213675 -6.689124e-21
1.5808824               0.08291022 -0.00063187286 -3.9620795e-21
1.5882353               0.08376687 -0.0019607591 3.470256e-27
1.5955882               0.085145694 -0.0028688263 1.333191e-27
1.6029412               0.086328167 -0.0033993015 -1.6084506e-21
1.6102941               0.08738369 -0.0036180351 3.3992246e-27
1.6176471               0.088018219 -0.0038503697 2.1592288e-27
1.625               0.088784982 -0.0035428519 -1.3158189e-20
1.6323529               0.089612823 -0.003129229 2.7803918e-27
1.6397059               0.089741451 -0.0027440972 1.4151559e-27
1.6470588               0.090338708 -0.0022904569 3.5545614e-27
1.6544118               0.090464735 -0.0014023701 4.1524837e-27
1.6617647               0.090538928 -0.0004266228 2.7195201e-27
1.6691176               0.090536469 0.00066987689 1.9914359e-27
1.6764706               0.090244444 0.0019034692 -6.5720844e-21
1.6838235               0.089284946 0.0034239549 1.0750148e-26
1.6911765               0.088736247 0.0046848142 6.4683258e-27
1.6985294               0.087366761 0.0059412886 8.233639e-27
1.7058824               0.085959803 0.0065652416 4.0364661e-27
1.7132353               0.084016022 0.0067090279 7.8188428e-27
1.7205882               0.08327285 0.0058514073 2.5872281e-27
1.7279412               0.082346694 0.0043903667 -6.798591e-21
1.7352941               0.082641321 0.0025082456 -1.0703458e-20
1.7426471               0.083012886 0.00057577936 2.8235894e-27
1.75               0.083985733 -0.001109185 2.1916222e-27
1.7573529               0.085255399 -0.0023332116 3.7295715e-27
1.7647059               0.086591973 -0.002905703 -8.855526e-21
1.7720588               0.087545203 -0.0033278414 -8.1618066e-21
1.7794118               0.088627746 -0.0035437955 -4.6749692e-21
1.7867647               0.088873229 -0.0037398826 -2.0001087e-21
1.7941176               0.089562118 -0.00358694 2.8461233e-27
1.8014706               0.090275869 -0.0029308703 -2.0357051e-21
1.8088235               0.090747385 -0.0023353996 2.0095233e-27
1.8161765               0.091048181 -0.0019597091 -2.1710105e-21
1.8235294               0.091197292 -0.0011909878 2.4548685e-27
1.8308824               0.091267425 -0.00019817871 6.3748302e-27
1.8382353               0.091127518 0.00108089 -5.8393517e-21
1.8455882               0.090581882 0.0022542876 1.7265707e-27
1.8529412               0.089856437 0.0036780872 1.4341611e-27
1.8602941               0.088438246 0.0052523997 7.0817232e-27
1.8676471               0.087780256 0.0060308201 2.2172965e-27
1.875               0.086036405 0.0066374276 -4.6839288e-21
1.8823529               0.084687719 0.0063719013 2.349988e-27
1.8897059               0.083356577 0.0053840818 2.9018928e-27
1.8970588               0.082748034 0.0038331331 -1.6592577e-28
1.9044118               0.083156712 0.0017458311 -1.9214247e-21
1.9117647               0.083684262 -0.00013721642 -1.623288e-20
1.9191176               0.08463463 -0.0015856505 -5.648971e-21
1.9264706               0.085909065 -0.0027377216 3.0838826e-27
1.9338235               0.087478331 -0.00327562 -1.2850075e-20
1.9411765               0.087891585 -0.0035549334 1.6639388e-27
1.9485294               0.089004378 -0.0036806327 2.770863e-27
1.9558824               0.090021235 -0.0034444522 -1.4398348e-21
1.9632353               0.090533711 -0.0033351033 4.6913213e-27
1.9705882               0.090936287 -0.002974287 3.650765e-28
1.9779412               0.091216079 -0.0024411396 2.6496438e-27
1.9852941               0.091659972 -0.0017097195 7.7873862e-27
1.9926471               0.09152252 -0.00070445322 -4.2664367e-21
