t               Ux1 Uy1 Uz1
0.0073529412               0.017016739 0.015211014 0.0
0.014705882               0.023400888 0.018713352 0.0
0.022058824               0.029952737 0.019720869 0.0
0.029411765               0.035589665 0.019452685 0.0
0.036764706               0.04020843 0.018072897 0.0
0.044117647               0.044045338 0.015558104 0.0
0.051470588               0.04745406 0.011986611 0.0
0.058823529               0.0507896 0.0075107266 0.0
0.066176471               0.054326454 0.0026105285 0.0
0.073529412               0.058175237 -0.0021252799 0.0
0.080882353               0.062213695 -0.0060991516 0.0
0.088235294               0.066168335 -0.0089675881 0.0
0.095588235               0.0698098 -0.010652636 0.0
0.10294118               0.072964153 -0.011331203 0.0
0.11029412               0.075637514 -0.011190818 0.0
0.11764706               0.077891397 -0.010424902 0.0
0.125               0.079719539 -0.0091567655 0.0
0.13235294               0.081258143 -0.0076013431 0.0
0.13970588               0.082499266 -0.0057073747 0.0
0.14705882               0.083514671 -0.0036744576 0.0
0.15441176               0.084356369 -0.001434485 0.0
0.16176471               0.084967899 0.00092849318 0.0
0.16911765               0.085344012 0.0032767941 0.0
0.17647059               0.085507786 0.0055116831 0.0
0.18382353               0.085462081 0.007475844 0.0
0.19117647               0.085146003 0.0090458593 0.0
0.19852941               0.084651436 0.0098978526 0.0
0.20588235               0.083999922 0.0099506739 0.0
0.21323529               0.08336135 0.0090089023 0.0
0.22058824               0.082874033 0.0069733416 0.0
0.22794118               0.08275998 0.0039904879 0.0
0.23529412               0.083117156 0.00043889585 0.0
0.24264706               0.084008098 -0.0032714463 0.0
0.25               0.085442181 -0.0065696671 0.0
0.25735294               0.087085199 -0.0089044045 0.0
0.26470588               0.088599897 -0.01014005 0.0
0.27205882               0.08986383 -0.010518229 0.0
0.27941176               0.090845489 -0.010201806 0.0
0.28676471               0.091599925 -0.0093797244 0.0
0.29411765               0.092165902 -0.0082304919 0.0
0.30147059               0.092519843 -0.0067861959 0.0
0.30882353               0.092711137 -0.0050182025 0.0
0.31617647               0.092824029 -0.0031121064 0.0
0.32352941               0.092830634 -0.0010467427 0.0
0.33088235               0.092713431 0.0011155601 0.0
0.33823529               0.092426085 0.0032430475 0.0
0.34558824               0.091954759 0.0052512235 0.0
0.35294118               0.091254915 0.0069888546 0.0
0.36029412               0.090361338 0.008189981 0.0
0.36764706               0.089341411 0.008684621 0.0
0.375               0.088229792 0.0083363279 0.0
0.38235294               0.08722501 0.0069312642 0.0
0.38970588               0.086535828 0.0045905521 0.0
0.39705882               0.086292726 0.0015230936 0.0
0.40441176               0.086647112 -0.001842169 0.0
0.41176471               0.087549268 -0.0049999471 0.0
0.41911765               0.088768983 -0.0075016715 0.0
0.42647059               0.090071983 -0.0091372175 0.0
0.43382353               0.091249021 -0.0099388551 0.0
0.44117647               0.09219343 -0.0099985141 0.0
0.44852941               0.092931679 -0.0095415605 0.0
0.45588235               0.09342672 -0.0086252419 0.0
0.46323529               0.093747097 -0.0073678949 0.0
0.47058824               0.093939809 -0.0058475471 0.0
0.47794118               0.094003846 -0.0040754258 0.0
0.48529412               0.093991446 -0.0021462936 0.0
0.49264706               0.093844834 -6.6114107e-05 0.0
0.5               0.093624532 0.0020611085 0.0
0.50735294               0.093184775 0.0041492992 0.0
0.51470588               0.092536708 0.006087304 0.0
0.52205882               0.09170873 0.0076481252 0.0
0.52941176               0.090699099 0.0086725312 0.0
0.53676471               0.089572428 0.0089088389 0.0
0.54411765               0.08843909 0.0081355289 0.0
0.55147059               0.087451602 0.006362215 0.0
0.55882353               0.086826795 0.0036929003 0.0
0.56617647               0.086753716 0.00043041179 0.0
0.57352941               0.087302622 -0.0029262289 0.0
0.58088235               0.08831966 -0.0058495064 0.0
0.58823529               0.089564015 -0.0080242264 0.0
0.59558824               0.090802205 -0.0093202621 0.0
0.60294118               0.091846485 -0.0098445065 0.0
0.61029412               0.092672657 -0.0097287764 0.0
0.61764706               0.093306686 -0.0091032619 0.0
0.625               0.093704223 -0.0080457374 0.0
0.63235294               0.093980274 -0.0067502196 0.0
0.63970588               0.094101352 -0.0051459462 0.0
0.64705882               0.094117621 -0.0034128958 0.0
0.65441176               0.094068591 -0.0014687194 0.0
0.66176471               0.093878467 0.00060933516 0.0
0.66911765               0.093531548 0.002695492 0.0
0.67647059               0.09303575 0.0046998018 0.0
0.68382353               0.092385102 0.0064646589 0.0
0.69117647               0.091502816 0.0078741694 0.0
0.69852941               0.090471202 0.0086046899 0.0
0.70588235               0.089303842 0.0085578994 0.0
0.71323529               0.088180161 0.0075268687 0.0
0.72058824               0.087274647 0.0054366168 0.0
0.72794118               0.08683334 0.0024937198 0.0
0.73529412               0.086969275 -0.00087987662 0.0
0.74264706               0.087720789 -0.0041836016 0.0
0.75               0.088919875 -0.0068968985 0.0
0.75735294               0.090170742 -0.0087579025 0.0
0.76470588               0.091317528 -0.0097348895 0.0
0.77205882               0.092273724 -0.0099827748 0.0
0.77941176               0.093004396 -0.0096016917 0.0
0.78676471               0.093546521 -0.0087490658 0.0
0.79411765               0.093930199 -0.0075907479 0.0
0.80147059               0.094123784 -0.0061531755 0.0
0.80882353               0.094169644 -0.0044148556 0.0
0.81617647               0.094150131 -0.0025515962 0.0
0.82352941               0.094036835 -0.00053774734 0.0
0.83088235               0.093812048 0.0015683394 0.0
0.83823529               0.093428343 0.0036387249 0.0
0.84558824               0.092870896 0.0055890658 0.0
0.85294118               0.092094599 0.0072688597 0.0
0.86029412               0.091134764 0.0084163046 0.0
0.86764706               0.090055825 0.0088668905 0.0
0.875               0.088894955 0.0084837674 0.0
0.88235294               0.087839647 0.0070557289 0.0
0.88970588               0.087100121 0.004697411 0.0
0.89705882               0.086809316 0.0016123051 0.0
0.90441176               0.087119446 -0.0017719184 0.0
0.91176471               0.087987117 -0.0049443306 0.0
0.91911765               0.08917703 -0.0074532378 0.0
0.92647059               0.090450739 -0.00908998 0.0
0.93382353               0.091594662 -0.009891309 0.0
0.94117647               0.092507259 -0.0099534781 0.0
0.94852941               0.093217916 -0.0095000757 0.0
0.95588235               0.093685974 -0.0085922155 0.0
0.96323529               0.093982681 -0.0073455079 0.0
0.97058824               0.094155396 -0.0058364581 0.0
0.97794118               0.094200713 -0.0040765424 0.0
0.98529412               0.094173022 -0.0021602564 0.0
0.99264706               0.094013942 -9.068315e-05 0.0
1.0               0.093780309 0.0020280311 0.0
1.0073529               0.09333373 0.0041096248 0.0
1.0147059               0.092679426 0.0060457351 0.0
1.0220588               0.091847081 0.0076108749 0.0
1.0294118               0.090835331 0.0086509213 0.0
1.0367647               0.089704945 0.008909606 0.0
1.0441176               0.088563411 0.0081655028 0.0
1.0514706               0.087560777 0.0064222447 0.0
1.0588235               0.086914257 0.0037795842 0.0
1.0661765               0.086823591 0.00052823757 0.0
1.0735294               0.087351777 -0.0028265333 0.0
1.0808824               0.088346731 -0.0057418158 0.0
1.0882353               0.089569958 -0.0079195206 0.0
1.0955882               0.090795794 -0.0092272948 0.0
1.1029412               0.091830576 -0.0097645401 0.0
1.1102941               0.09265023 -0.0096687334 0.0
1.1176471               0.093287041 -0.0090602754 0.0
1.125               0.093695179 -0.0080120671 0.0
1.1323529               0.093981358 -0.0067266338 0.0
1.1397059               0.094115198 -0.005123127 0.0
1.1470588               0.094145864 -0.0033848795 0.0
1.1544118               0.094112406 -0.0014268359 0.0
1.1617647               0.093940403 0.00067491195 0.0
1.1691176               0.09361589 0.0027955873 0.0
1.1764706               0.093149067 0.0048474254 0.0
1.1838235               0.09253355 0.0066785487 0.0
1.1911765               0.091696906 0.0081754076 0.0
1.1985294               0.090722853 0.0090175536 0.0
1.2058824               0.089621617 0.0091160222 0.0
1.2132353               0.088553194 0.008272676 0.0
1.2205882               0.087656905 0.0063761643 0.0
1.2279412               0.087150486 0.0035705296 0.0
1.2352941               0.087112871 0.00019835339 0.0
1.2426471               0.087639224 -0.003355127 0.0
1.25               0.088728196 -0.0065232525 0.0
1.2573529               0.090041876 -0.0087683868 0.0
1.2647059               0.091262769 -0.0099612472 0.0
1.2720588               0.092267052 -0.010326404 0.0
1.2794118               0.093022016 -0.010016851 0.0
1.2867647               0.093575751 -0.0092132622 0.0
1.2941176               0.093963899 -0.0080921969 0.0
1.3014706               0.094159627 -0.0066814256 0.0
1.3088235               0.094210046 -0.004949594 0.0
1.3161765               0.094197589 -0.0030810557 0.0
1.3235294               0.094092232 -0.001051514 0.0
1.3308824               0.093874883 0.0010779639 0.0
1.3382353               0.093497601 0.0031769855 0.0
1.3455882               0.092945785 0.0051627323 0.0
1.3529412               0.092173174 0.0068852318 0.0
1.3602941               0.091213104 0.0080797329 0.0
1.3676471               0.090131484 0.0085755421 0.0
1.375               0.088962088 0.0082368949 0.0
1.3823529               0.087902006 0.0068478736 0.0
1.3897059               0.087158327 0.0045281962 0.0
1.3970588               0.086862867 0.0014827291 0.0
1.4044118               0.087165939 -0.0018609965 0.0
1.4117647               0.088019453 -0.0050002944 0.0
1.4191176               0.089193126 -0.0074885354 0.0
1.4264706               0.090453975 -0.0091157394 0.0
1.4338235               0.091593243 -0.0099138416 0.0
1.4411765               0.092504422 -0.0099727882 0.0
1.4485294               0.093213306 -0.0095176367 0.0
1.4558824               0.093682499 -0.0086047703 0.0
1.4632353               0.093979821 -0.007351736 0.0
1.4705882               0.094152232 -0.0058359017 0.0
1.4779412               0.094198196 -0.004068716 0.0
1.4852941               0.094169695 -0.0021445796 0.0
1.4926471               0.094008852 -6.9219291e-05 0.0
1.5               0.093775573 0.0020538014 0.0
1.5073529               0.093324262 0.004138541 0.0
1.5147059               0.092665674 0.006073959 0.0
1.5220588               0.091828226 0.0076332737 0.0
1.5294118               0.090809875 0.0086570429 0.0
1.5367647               0.089675166 0.0088939862 0.0
1.5441176               0.088534221 0.0081220609 0.0
1.5514706               0.087539376 0.006351039 0.0
1.5588235               0.086907319 0.0036846406 0.0
1.5661765               0.086827528 0.00042514069 0.0
1.5735294               0.087369856 -0.0029287485 0.0
1.5808824               0.08838057 -0.0058496261 0.0
1.5882353               0.089618951 -0.0080225486 0.0
1.5955882               0.090851688 -0.0093174848 0.0
1.6029412               0.091891143 -0.0098411886 0.0
1.6102941               0.092712973 -0.0097251983 0.0
1.6176471               0.093343202 -0.0091000643 0.0
1.625               0.093737367 -0.0080427843 0.0
1.6323529               0.094010414 -0.0067478448 0.0
1.6397059               0.094128941 -0.0051441614 0.0
1.6470588               0.09414272 -0.0034118306 0.0
1.6544118               0.094091602 -0.0014682045 0.0
1.6617647               0.093899707 0.00060917693 0.0
1.6691176               0.093551176 0.0026948045 0.0
1.6764706               0.093053886 0.0046987519 0.0
1.6838235               0.092401802 0.0064632228 0.0
1.6911765               0.091518221 0.0078725759 0.0
1.6985294               0.090485414 0.0086027441 0.0
1.7058824               0.089316984 0.0085556834 0.0
1.7132353               0.088192267 0.0075246225 0.0
1.7205882               0.087285863 0.0054345052 0.0
1.7279412               0.086843736 0.0024918462 0.0
1.7352941               0.086978937 -0.00088140953 0.0
1.7426471               0.087729734 -0.0041846762 0.0
1.75               0.08892804 -0.0068974951 0.0
1.7573529               0.090178187 -0.0087579803 0.0
1.7647059               0.09132425 -0.0097346137 0.0
1.7720588               0.092279749 -0.0099821973 0.0
1.7794118               0.093009837 -0.0096010325 0.0
1.7867647               0.093551362 -0.0087482856 0.0
1.7941176               0.093934658 -0.0075900684 0.0
1.8014706               0.094127769 -0.0061527546 0.0
1.8088235               0.094173136 -0.00441413 0.0
1.8161765               0.094153178 -0.0025510784 0.0
1.8235294               0.094039588 -0.00053728483 0.0
1.8308824               0.093814605 0.0015687351 0.0
1.8382353               0.093430612 0.0036390674 0.0
1.8455882               0.092872986 0.0055892999 0.0
1.8529412               0.09209652 0.0072689701 0.0
1.8602941               0.091136516 0.0084164162 0.0
1.8676471               0.090057287 0.0088665753 0.0
1.875               0.088896238 0.0084832871 0.0
1.8823529               0.087840876 0.007054924 0.0
1.8897059               0.087101356 0.0046963707 0.0
1.8970588               0.086810612 0.0016111788 0.0
1.9044118               0.087120815 -0.0017730398 0.0
1.9117647               0.08798851 -0.0049452408 0.0
1.9191176               0.089178433 -0.0074538771 0.0
1.9264706               0.090452072 -0.009090293 0.0
1.9338235               0.091595867 -0.0098913545 0.0
1.9411765               0.092508374 -0.0099532063 0.0
1.9485294               0.093218879 -0.0094997551 0.0
1.9558824               0.093686826 -0.0085919148 0.0
1.9632353               0.093983317 -0.0073452216 0.0
1.9705882               0.094155866 -0.0058359354 0.0
1.9779412               0.094201206 -0.0040758954 0.0
1.9852941               0.094173387 -0.0021595739 0.0
1.9926471               0.094014371 -9.0051865e-05 0.0
