t               Ux1 Uy1 Uz1
0.0073529412               0.0083530154 0.0093185914 0.0
0.014705882               0.0073135746 0.01160667 0.0
0.022058824               0.0055997819 0.013632262 0.0
0.029411765               0.0032752989 0.015267864 0.0
0.036764706               0.00045555297 0.016340767 0.0
0.044117647               -0.0027259236 0.016689856 0.0
0.051470588               -0.0059532911 0.016179022 0.0
0.058823529               -0.0088991916 0.014817674 0.0
0.066176471               -0.011275912 0.012804285 0.0
0.073529412               -0.012886844 0.010423757 0.0
0.080882353               -0.013809963 0.0079504078 0.0
0.088235294               -0.014117773 0.0055571662 0.0
0.095588235               -0.013937901 0.0032684981 0.0
0.10294118               -0.013362422 0.0011064403 0.0
0.11029412               -0.012440225 -0.00092873195 0.0
0.11764706               -0.0112614 -0.0028606399 0.0
0.125               -0.0097936365 -0.0046822185 0.0
0.13235294               -0.0080588894 -0.0063478858 0.0
0.13970588               -0.0060669374 -0.0078047999 0.0
0.14705882               -0.0038919243 -0.0089614525 0.0
0.15441176               -0.0015489644 -0.0097663059 0.0
0.16176471               0.00086673239 -0.010196118 0.0
0.16911765               0.0032732202 -0.010177636 0.0
0.17647059               0.0055745462 -0.0097109593 0.0
0.18382353               0.0076401105 -0.0088090311 0.0
0.19117647               0.0093771701 -0.0075171793 0.0
0.19852941               0.010632587 -0.0059571442 0.0
0.20588235               0.011321305 -0.0043024041 0.0
0.21323529               0.011450972 -0.0027566521 0.0
0.22058824               0.011084401 -0.0015546946 0.0
0.22794118               0.010476781 -0.0008717291 0.0
0.23529412               0.0099046518 -0.00068911829 0.0
0.24264706               0.0095247269 -0.00085286801 0.0
0.25               0.0093796216 -0.0012557046 0.0
0.25735294               0.0095246389 -0.0018479791 0.0
0.26470588               0.010007809 -0.0024434419 0.0
0.27205882               0.010726965 -0.0029138765 0.0
0.27941176               0.011538916 -0.0032586056 0.0
0.28676471               0.012414965 -0.0035294831 0.0
0.29411765               0.013346564 -0.0037368724 0.0
0.30147059               0.014314905 -0.0038870676 0.0
0.30882353               0.015327469 -0.0039563101 0.0
0.31617647               0.016405674 -0.0039241435 0.0
0.32352941               0.017513224 -0.0037652269 0.0
0.33088235               0.018649261 -0.0034430233 0.0
0.33823529               0.019759967 -0.0029261871 0.0
0.34558824               0.020779296 -0.002187628 0.0
0.35294118               0.021622917 -0.0012479635 0.0
0.36029412               0.022214915 -0.00015350017 0.0
0.36764706               0.0224672 0.001013938 0.0
0.375               0.022328747 0.0020914113 0.0
0.38235294               0.021850355 0.0028955623 0.0
0.38970588               0.021171638 0.0032867536 0.0
0.39705882               0.020500432 0.0032124359 0.0
0.40441176               0.020023368 0.0027609513 0.0
0.41176471               0.019894807 0.0020658495 0.0
0.41911765               0.020122991 0.0013308146 0.0
0.42647059               0.020612254 0.00067025274 0.0
0.43382353               0.021276086 0.00012361002 0.0
0.44117647               0.022012557 -0.00031506685 0.0
0.44852941               0.022790138 -0.000679035 0.0
0.45588235               0.023598102 -0.00099659916 0.0
0.46323529               0.024440336 -0.0012646172 0.0
0.47058824               0.025303108 -0.0014795165 0.0
0.47794118               0.026209985 -0.0016420585 0.0
0.48529412               0.02716677 -0.0017108866 0.0
0.49264706               0.028139 -0.0016683721 0.0
0.5               0.029144358 -0.001494681 0.0
0.50735294               0.030087906 -0.0011519909 0.0
0.51470588               0.030953302 -0.00061264641 0.0
0.52205882               0.031655894 0.0001040462 0.0
0.52941176               0.03211963 0.00093754127 0.0
0.53676471               0.032281602 0.0018107597 0.0
0.54411765               0.03209839 0.0025574177 0.0
0.55147059               0.031610466 0.0030405994 0.0
0.55882353               0.030972907 0.0031322989 0.0
0.56617647               0.030413462 0.0028083976 0.0
0.57352941               0.030118809 0.0021720707 0.0
0.58088235               0.03014303 0.0013983727 0.0
0.58823529               0.030469618 0.00063756338 0.0
0.59558824               0.030999717 -1.8198134e-05 0.0
0.60294118               0.031640082 -0.00056426647 0.0
0.61029412               0.03236228 -0.0010059833 0.0
0.61764706               0.033102648 -0.0013621541 0.0
0.625               0.033856966 -0.0016591463 0.0
0.63235294               0.034631991 -0.0019032966 0.0
0.63970588               0.03543013 -0.0020860245 0.0
0.64705882               0.036245984 -0.0021972092 0.0
0.65441176               0.037081725 -0.0022025165 0.0
0.66176471               0.037926762 -0.0020962303 0.0
0.66911765               0.038749825 -0.0018476028 0.0
0.67647059               0.039516311 -0.0014431619 0.0
0.68382353               0.040190536 -0.00088514352 0.0
0.69117647               0.040675662 -0.00016532299 0.0
0.69852941               0.0409167 0.00063107228 0.0
0.70588235               0.040844176 0.0014193012 0.0
0.71323529               0.04046209 0.002066212 0.0
0.72058824               0.039820003 0.0024080595 0.0
0.72794118               0.039138414 0.0023370589 0.0
0.73529412               0.038614056 0.0019119722 0.0
0.74264706               0.0383683 0.0012580953 0.0
0.75               0.038479458 0.00053582928 0.0
0.75735294               0.03879461 -0.00012384507 0.0
0.76470588               0.039273397 -0.00066988261 0.0
0.77205882               0.03984682 -0.0011101156 0.0
0.77941176               0.040461548 -0.0014714559 0.0
0.78676471               0.041111996 -0.0017655687 0.0
0.79411765               0.041790009 -0.0020072473 0.0
0.80147059               0.042466338 -0.0021897362 0.0
0.80882353               0.043145956 -0.0022975734 0.0
0.81617647               0.043862381 -0.0023284563 0.0
0.82352941               0.044592067 -0.0022689159 0.0
0.83088235               0.045329412 -0.002087028 0.0
0.83823529               0.046038906 -0.0017638272 0.0
0.84558824               0.046670945 -0.0012767268 0.0
0.85294118               0.047154349 -0.00064138053 0.0
0.86029412               0.047450914 0.00010761376 0.0
0.86764706               0.047477574 0.00091171211 0.0
0.875               0.047191117 0.0016468619 0.0
0.88235294               0.046632114 0.0021668104 0.0
0.88970588               0.045914069 0.0023566824 0.0
0.89705882               0.045204861 0.0021692598 0.0
0.90441176               0.044679904 0.0016758137 0.0
0.91176471               0.044471538 0.00098995869 0.0
0.91911765               0.044575935 0.00028403161 0.0
0.92647059               0.044914001 -0.00034305834 0.0
0.93382353               0.045404071 -0.00085561212 0.0
0.94117647               0.045948238 -0.0012553641 0.0
0.94852941               0.046524462 -0.0015825903 0.0
0.95588235               0.047115351 -0.0018511558 0.0
0.96323529               0.047721848 -0.0020611284 0.0
0.97058824               0.04833198 -0.0022200732 0.0
0.97794118               0.048977893 -0.0023140257 0.0
0.98529412               0.049645257 -0.002326036 0.0
0.99264706               0.05031911 -0.0022416358 0.0
1.0               0.051022667 -0.0020454724 0.0
1.0073529               0.051641973 -0.0017055982 0.0
1.0147059               0.052187104 -0.0011990937 0.0
1.0220588               0.052585133 -0.00054710854 0.0
1.0294118               0.052778931 0.00019961975 0.0
1.0367647               0.052703657 0.00098321224 0.0
1.0441176               0.052331395 0.0016450971 0.0
1.0514706               0.051685681 0.0020862705 0.0
1.0588235               0.050906767 0.0021876877 0.0
1.0661765               0.050209345 0.0019171742 0.0
1.0735294               0.049766571 0.0013641771 0.0
1.0808824               0.049625222 0.00068747875 0.0
1.0882353               0.049770507 2.0014403e-05 0.0
1.0955882               0.050111907 -0.00055612934 0.0
1.1029412               0.050558623 -0.0010309967 0.0
1.1102941               0.051088331 -0.001411797 0.0
1.1176471               0.0516385 -0.0017082708 0.0
1.125               0.052197404 -0.0019446368 0.0
1.1323529               0.052773526 -0.0021292863 0.0
1.1397059               0.05336667 -0.0022543673 0.0
1.1470588               0.053969146 -0.0023141391 0.0
1.1544118               0.054589168 -0.0022803665 0.0
1.1617647               0.055215908 -0.0021445062 0.0
1.1691176               0.055818133 -0.0018855285 0.0
1.1764706               0.056366763 -0.0014895031 0.0
1.1838235               0.056835056 -0.00096166808 0.0
1.1911765               0.0571267 -0.00028466706 0.0
1.1985294               0.057209063 0.00045093672 0.0
1.2058824               0.057015256 0.0011849386 0.0
1.2132353               0.056553281 0.0018120549 0.0
1.2205882               0.055860613 0.0021903995 0.0
1.2279412               0.055123413 0.0022499583 0.0
1.2352941               0.0544744 0.0020059791 0.0
1.2426471               0.054009701 0.0015432294 0.0
1.25               0.053809915 0.00090864653 0.0
1.2573529               0.053852535 0.00018111121 0.0
1.2647059               0.054172957 -0.00047298737 0.0
1.2720588               0.054644588 -0.00098529017 0.0
1.2794118               0.055159024 -0.0013806367 0.0
1.2867647               0.055690676 -0.0016949576 0.0
1.2941176               0.05624687 -0.0019624627 0.0
1.3014706               0.056796401 -0.0021679147 0.0
1.3088235               0.057343783 -0.002298175 0.0
1.3161765               0.057929137 -0.0023582082 0.0
1.3235294               0.058530956 -0.0023356453 0.0
1.3308824               0.059139198 -0.0021988462 0.0
1.3382353               0.059722741 -0.0019324038 0.0
1.3455882               0.060236021 -0.0015150845 0.0
1.3529412               0.060612776 -0.00095716548 0.0
1.3602941               0.060821235 -0.00029631257 0.0
1.3676471               0.060785068 0.00042148907 0.0
1.375               0.060456418 0.00108411 0.0
1.3823529               0.059879011 0.0015539873 0.0
1.3897059               0.059156029 0.0017267684 0.0
1.3970588               0.058441629 0.0015540411 0.0
1.4044118               0.057912313 0.0011023202 0.0
1.4117647               0.057684088 0.00048152788 0.0
1.4191176               0.057744064 -0.00015628871 0.0
1.4264706               0.058022072 -0.00072023564 0.0
1.4338235               0.058440968 -0.0011758768 0.0
1.4411765               0.058900327 -0.0015238113 0.0
1.4485294               0.059387829 -0.0018066438 0.0
1.4558824               0.059881313 -0.0020326728 0.0
1.4632353               0.060381559 -0.0022007481 0.0
1.4705882               0.060880253 -0.0023276319 0.0
1.4779412               0.061412205 -0.0023855395 0.0
1.4852941               0.061952831 -0.0023735954 0.0
1.4926471               0.062498388 -0.0022736546 0.0
1.5               0.063073398 -0.0020734344 0.0
1.5073529               0.063551478 -0.0017422785 0.0
1.5147059               0.063956378 -0.0012600027 0.0
1.5220588               0.064220635 -0.00064926309 0.0
1.5294118               0.064292266 4.3076748e-05 0.0
1.5367647               0.064107429 0.00076528348 0.0
1.5441176               0.063648749 0.0013580255 0.0
1.5514706               0.062939316 0.0017394733 0.0
1.5588235               0.062114207 0.0018007092 0.0
1.5661765               0.061388519 0.0015061042 0.0
1.5735294               0.060930864 0.00094868131 0.0
1.5808824               0.060778064 0.00028493215 0.0
1.5882353               0.060907589 -0.00035602377 0.0
1.5955882               0.061223456 -0.00089661948 0.0
1.6029412               0.061629688 -0.0013299507 0.0
1.6102941               0.062106423 -0.0016702223 0.0
1.6176471               0.062594826 -0.0019257172 0.0
1.625               0.063079915 -0.0021217769 0.0
1.6323529               0.063573313 -0.0022686455 0.0
1.6397059               0.064075698 -0.0023604911 0.0
1.6470588               0.064578651 -0.002393922 0.0
1.6544118               0.065095329 -0.0023423418 0.0
1.6617647               0.065612381 -0.0021939791 0.0
1.6691176               0.066098748 -0.0019353447 0.0
1.6764706               0.066528376 -0.0015531064 0.0
1.6838235               0.066877981 -0.0010541869 0.0
1.6911765               0.067048473 -0.00041838595 0.0
1.6985294               0.067016486 0.0002576967 0.0
1.7058824               0.066712046 0.00092005692 0.0
1.7132353               0.06614508 0.0014594782 0.0
1.7205882               0.065367267 0.0017193411 0.0
1.7279412               0.06458392 0.0016419763 0.0
1.7352941               0.063942024 0.0012477056 0.0
1.7426471               0.063581662 0.00064432036 0.0
1.75               0.06358169 -1.2344936e-05 0.0
1.7573529               0.06375351 -0.00060582969 0.0
1.7647059               0.064081784 -0.0010885705 0.0
1.7720588               0.064496207 -0.0014702384 0.0
1.7794118               0.064950037 -0.0017730963 0.0
1.7867647               0.065421053 -0.0020014035 0.0
1.7941176               0.065911057 -0.0021912903 0.0
1.8014706               0.066383852 -0.0023200679 0.0
1.8088235               0.066843449 -0.0023760801 0.0
1.8161765               0.0673323 -0.0023697736 0.0
1.8235294               0.067831457 -0.0022885481 0.0
1.8308824               0.068328188 -0.0021007728 0.0
1.8382353               0.068792029 -0.0017946038 0.0
1.8455882               0.069177728 -0.0013512002 0.0
1.8529412               0.069423423 -0.00078073209 0.0
1.8602941               0.069501972 -0.00012736464 0.0
1.8676471               0.069342923 0.00057173857 0.0
1.875               0.068901311 0.0012070224 0.0
1.8823529               0.068223983 0.001646614 0.0
1.8897059               0.067416278 0.0017907488 0.0
1.8970588               0.066628699 0.0015927687 0.0
1.9044118               0.066042387 0.0011183341 0.0
1.9117647               0.06576879 0.0004808726 0.0
1.9191176               0.065789877 -0.00017050887 0.0
1.9264706               0.06603227 -0.00074519836 0.0
1.9338235               0.066418146 -0.0012079461 0.0
1.9411765               0.066841269 -0.0015600347 0.0
1.9485294               0.067294267 -0.0018466705 0.0
1.9558824               0.067749912 -0.0020737475 0.0
1.9632353               0.068209159 -0.0022396074 0.0
1.9705882               0.068665069 -0.0023663993 0.0
1.9779412               0.069152529 -0.0024179282 0.0
1.9852941               0.069643063 -0.0024040833 0.0
1.9926471               0.07013771 -0.0023032343 0.0
