t               Ux1 Uy1 Uz1
0.0073529412               0.0078531874 0.012082329 -4.7364242e-28
0.014705882               0.0070335666 0.014805481 -3.5000944e-27
0.022058824               0.0047682959 0.017478317 3.8042029e-27
0.029411765               0.0019615836 0.018933911 -1.1941781e-27
0.036764706               -0.0016734725 0.02023939 4.1986725e-28
0.044117647               -0.0051809842 0.020053739 3.6123532e-27
0.051470588               -0.0082221977 0.0182274 1.4929605e-27
0.058823529               -0.0097886054 0.015638399 -7.3721404e-28
0.066176471               -0.010673922 0.011505591 1.3985535e-27
0.073529412               -0.0089879353 0.0075997538 -5.4031005e-21
0.080882353               -0.006853609 0.0041835426 1.0621676e-27
0.088235294               -0.0037578942 0.00085982636 2.1913547e-27
0.095588235               -0.00029435552 -0.0017630458 -2.3040133e-22
0.10294118               0.0033305665 -0.003484013 1.638244e-21
0.11029412               0.0069242685 -0.0045814632 -3.8603093e-28
0.11764706               0.010353352 -0.0054936668 9.3555951e-21
0.125               0.013450153 -0.006149761 4.3465914e-21
0.13235294               0.016348591 -0.0066192688 6.6460017e-21
0.13970588               0.019117654 -0.0067676078 1.1238839e-20
0.14705882               0.021927247 -0.0064841244 1.4108381e-21
0.15441176               0.024241338 -0.0061003395 3.3082592e-21
0.16176471               0.02636038 -0.00518678 9.494336e-21
0.16911765               0.028479839 -0.0039683846 3.3642504e-21
0.17647059               0.029967061 -0.0026136853 2.204145e-21
0.18382353               0.031156226 -0.00081952949 1.0683139e-20
0.19117647               0.031791091 0.0010241855 1.7006881e-21
0.19852941               0.031316903 0.0028026656 1.1831167e-20
0.20588235               0.030875381 0.0042711063 6.9918869e-21
0.21323529               0.029989009 0.0051317938 1.3681514e-20
0.22058824               0.029011645 0.0049543545 1.0439421e-20
0.22794118               0.028077644 0.0038313822 3.5490168e-27
0.23529412               0.028186542 0.0022315664 7.0102098e-21
0.24264706               0.029249955 0.00061848181 1.3690779e-27
0.25               0.030575524 -0.00098593389 1.0040447e-20
0.25735294               0.032307897 -0.0025617881 7.2325185e-21
0.26470588               0.034275685 -0.0036821818 7.1343953e-21
0.27205882               0.036265072 -0.0042360546 8.2233933e-21
0.27941176               0.03842438 -0.004406252 8.3936293e-21
0.28676471               0.039949667 -0.004615727 5.4666319e-21
0.29411765               0.04168604 -0.0045453669 9.9267032e-21
0.30147059               0.043110971 -0.0042998083 1.1438647e-20
0.30882353               0.044679522 -0.0039642874 8.9499488e-21
0.31617647               0.045819388 -0.0035139128 5.4270614e-21
0.32352941               0.047158343 -0.0029162771 9.9049472e-21
0.33088235               0.048080085 -0.0020514433 2.6063817e-21
0.33823529               0.04905835 -0.00096801147 9.6945949e-21
0.34558824               0.049616583 0.00047305132 1.1417627e-21
0.35294118               0.0499 0.0020227358 7.3688364e-21
0.36029412               0.049652149 0.0036294923 1.3956581e-20
0.36764706               0.048702347 0.0050898166 1.9078112e-20
0.375               0.04775075 0.0060641419 5.3428845e-21
0.38235294               0.046470745 0.0062998024 3.2797748e-21
0.38970588               0.045451026 0.0056473985 1.1455468e-20
0.39705882               0.044986736 0.0042210164 1.9336018e-22
0.40441176               0.044997557 0.0028997497 1.0140197e-20
0.41176471               0.045888279 0.001345816 1.9306226e-27
0.41911765               0.047444109 9.56998e-06 8.2201938e-21
0.42647059               0.048729502 -0.00139837 4.8387435e-21
0.43382353               0.050399982 -0.0023366986 8.5230385e-21
0.44117647               0.051791829 -0.0029690561 7.7994778e-21
0.44852941               0.053220445 -0.0031060594 7.4681107e-21
0.45588235               0.054729307 -0.0031786762 1.1027317e-20
0.46323529               0.055884956 -0.0031698681 6.0970235e-21
0.47058824               0.056925758 -0.0028994231 9.0762829e-21
0.47794118               0.057826797 -0.0025971405 1.0430652e-20
0.48529412               0.058714794 -0.0021956881 7.43661e-21
0.49264706               0.059772051 -0.0015783313 4.16128e-21
0.5               0.060725357 -0.00076854627 4.2896426e-22
0.50735294               0.061316185 0.00029242663 9.8902905e-21
0.51470588               0.061377311 0.0016146607 1.2945075e-20
0.52205882               0.061039555 0.002976622 5.92457e-21
0.52941176               0.060529253 0.0042014834 1.080496e-20
0.53676471               0.059543002 0.0054433994 9.7796262e-21
0.54411765               0.058350124 0.0060700609 7.8058504e-21
0.55147059               0.057110443 0.0058334045 4.45619e-27
0.55882353               0.056188402 0.0053842871 6.9916802e-21
0.56617647               0.055426389 0.0036186457 4.2379076e-21
0.57352941               0.056176503 0.0021347551 9.4282643e-21
0.58088235               0.056466647 0.0006003847 9.7557169e-21
0.58823529               0.058030624 -0.00071193091 3.3271833e-21
0.59558824               0.059475022 -0.0018600593 4.9805595e-21
0.60294118               0.060661307 -0.0025098345 6.9896845e-21
0.61029412               0.061970825 -0.0027441763 6.4211182e-22
0.61764706               0.06326853 -0.0030164821 4.4934023e-21
0.625               0.064517431 -0.002862263 1.1375413e-20
0.63235294               0.065448136 -0.0028429913 5.9020397e-21
0.63970588               0.066259895 -0.0026913718 1.4731248e-20
0.64705882               0.067263652 -0.0023334602 9.3467598e-21
0.65441176               0.067975135 -0.0017982716 8.0209144e-21
0.66176471               0.068529903 -0.0010120885 7.5989699e-21
0.66911765               0.069095498 -0.00014633182 3.7702642e-21
0.67647059               0.069354311 0.00071141182 3.3819899e-21
0.68382353               0.069373155 0.0019719393 1.5344875e-20
0.69117647               0.068978044 0.0034025485 6.8009526e-21
0.69852941               0.067943588 0.0044809833 1.152026e-20
0.70588235               0.06706038 0.0054812579 3.3548659e-21
0.71323529               0.065624604 0.0059479971 4.6830161e-21
0.72058824               0.064416199 0.0055448535 6.5469928e-21
0.72794118               0.063218851 0.0043451863 9.0871559e-21
0.73529412               0.063158568 0.0029989462 3.5261295e-27
0.74264706               0.063575184 0.001409509 6.0054881e-28
0.75               0.064457841 0.00019999806 7.9617982e-21
0.75735294               0.065794685 -0.0010540074 9.141234e-21
0.76470588               0.066848857 -0.0021291585 2.5559077e-21
0.77205882               0.068134626 -0.002463401 9.4542429e-21
0.77941176               0.069386055 -0.0027668675 1.0447456e-20
0.78676471               0.070346753 -0.0029195641 1.0802141e-20
0.79411765               0.071470709 -0.0029524025 1.0763203e-20
0.80147059               0.072146601 -0.0027183143 1.5726264e-20
0.80882353               0.073045781 -0.0024232794 1.1148041e-20
0.81617647               0.073519468 -0.0020554325 1.4773441e-20
0.82352941               0.074181674 -0.0015900288 1.0523731e-20
0.83088235               0.074624588 -0.00095213747 7.1493575e-21
0.83823529               0.074972793 0.00011926395 7.7747315e-21
0.84558824               0.075099871 0.0011132603 1.0056484e-20
0.85294118               0.074839992 0.0023988289 1.9350262e-20
0.86029412               0.074312329 0.003568121 7.1597736e-21
0.86764706               0.073013532 0.004702146 3.5282082e-21
0.875               0.071863597 0.0054547909 6.9024453e-21
0.88235294               0.070646512 0.0057083585 -1.6780986e-21
0.88970588               0.069384157 0.0050008581 4.9966865e-21
0.89705882               0.068877325 0.0035554417 -8.6125082e-23
0.90441176               0.06853133 0.0022966433 -2.4841198e-27
0.91176471               0.069413433 0.00093986826 4.163597e-22
0.91911765               0.070619941 -0.00027904489 3.0237694e-27
0.92647059               0.071378406 -0.0014552169 3.6302223e-21
0.93382353               0.072695836 -0.0021551584 5.397946e-21
0.94117647               0.073662795 -0.0024993987 4.1959707e-21
0.94852941               0.07470712 -0.0028864995 6.6017009e-21
0.95588235               0.075637401 -0.0028941283 -2.42984e-27
0.96323529               0.076298276 -0.0029378707 2.853669e-21
0.97058824               0.077147795 -0.0028056434 4.2497539e-21
0.97794118               0.07774424 -0.0023871883 4.8956319e-21
0.98529412               0.078220852 -0.0020223773 1.0887588e-20
0.99264706               0.078738021 -0.0013870228 1.016651e-20
1.0               0.079411012 -0.00063297357 8.5271281e-21
1.0073529               0.079708893 0.0003260771 6.2366576e-21
1.0147059               0.079338602 0.0014881599 3.7625186e-21
1.0220588               0.078849332 0.0028501696 7.1808609e-21
1.0294118               0.078235123 0.0036822124 4.5111348e-21
1.0367647               0.07719041 0.0047949452 7.0108712e-21
1.0441176               0.07582851 0.0053356887 4.1939414e-21
1.0514706               0.074343224 0.0051920533 1.5148431e-21
1.0588235               0.073647351 0.0046842423 8.34081e-21
1.0661765               0.072793905 0.0031162939 4.9497231e-21
1.0735294               0.073233228 0.0017024549 8.2503967e-21
1.0808824               0.07354243 0.00030883783 -4.543528e-21
1.0882353               0.074650574 -0.00086369082 1.5402099e-21
1.0955882               0.075721625 -0.0019340739 9.8526565e-21
1.1029412               0.076845693 -0.0024711278 8.9992217e-21
1.1102941               0.07780497 -0.0026497437 7.247696e-21
1.1176471               0.078840598 -0.0028802028 5.2665457e-21
1.125               0.079834945 -0.0027906773 4.2037623e-21
1.1323529               0.080436127 -0.0027390373 4.4039553e-22
1.1397059               0.08106028 -0.00257158 7.1762979e-21
1.1470588               0.081813496 -0.002276132 6.5656573e-21
1.1544118               0.082200434 -0.0019322214 7.60066e-21
1.1617647               0.082630966 -0.0012132657 6.7604394e-21
1.1691176               0.083099441 -0.00028275737 4.0307379e-21
1.1764706               0.082796383 0.00060473511 8.1027424e-21
1.1838235               0.082751618 0.0017787169 9.8809296e-22
1.1911765               0.082156623 0.0031501274 8.2916772e-21
1.1985294               0.080986944 0.0041653776 1.3067204e-20
1.2058824               0.079746143 0.0050780959 1.3366376e-20
1.2132353               0.078328849 0.0053510872 5.6263805e-21
1.2205882               0.077430342 0.0047477158 7.1271942e-21
1.2279412               0.076279992 0.0037691112 -2.4862761e-27
1.2352941               0.076089208 0.0023834435 7.4348365e-21
1.2426471               0.076730357 0.0011931809 1.2900199e-27
1.25               0.077329689 -0.00022917925 1.4847959e-27
1.2573529               0.078341969 -0.0012850451 7.2717415e-21
1.2647059               0.079320225 -0.0022719213 7.6594452e-21
1.2720588               0.080432564 -0.0025155708 1.048122e-20
1.2794118               0.081578598 -0.0027247646 1.5626778e-27
1.2867647               0.082226252 -0.0029378328 9.1900311e-21
1.2941176               0.082893875 -0.0029716397 7.8790462e-21
1.3014706               0.083544993 -0.0026580845 9.8388885e-21
1.3088235               0.084323587 -0.0024676735 2.7794021e-27
1.3161765               0.084649879 -0.0020857231 1.0613163e-20
1.3235294               0.085288446 -0.0016316158 9.6932139e-21
1.3308824               0.085455638 -0.0010150716 -5.9350506e-27
1.3382353               0.085660824 -5.3669893e-05 8.4727395e-21
1.3455882               0.085643487 0.00098015097 4.3693945e-21
1.3529412               0.085349263 0.002148072 2.4477675e-21
1.3602941               0.084757579 0.0033175817 5.8219348e-21
1.3676471               0.083220108 0.0043654886 1.7322812e-21
1.375               0.082157378 0.0049869617 1.2886243e-21
1.3823529               0.080611 0.0051304852 4.4846417e-21
1.3897059               0.079750263 0.0046407991 6.7565796e-21
1.3970588               0.079202519 0.0033001085 2.4216953e-21
1.4044118               0.078936836 0.0020359888 2.6805312e-21
1.4117647               0.079691612 0.00069776075 -4.1305716e-27
1.4191176               0.080706834 -0.00053192713 6.8497886e-21
1.4264706               0.081513086 -0.0016184465 9.2676632e-21
1.4338235               0.082595365 -0.0021767197 4.8937238e-21
1.4411765               0.083496258 -0.0025938839 2.2244704e-21
1.4485294               0.084159123 -0.0029268068 8.3250867e-21
1.4558824               0.084918499 -0.0029492865 6.0319996e-28
1.4632353               0.085574896 -0.0029723359 7.610855e-21
1.4705882               0.086215846 -0.002659063 1.0506492e-20
1.4779412               0.086599821 -0.0025095409 7.025369e-21
1.4852941               0.086831515 -0.0020538911 1.3582639e-20
1.4926471               0.087326946 -0.0014492888 1.116223e-20
1.5               0.087827678 -0.00065031705 5.7122939e-21
1.5073529               0.088053519 0.00023437851 7.388321e-21
1.5147059               0.087718932 0.0012577399 3.6884766e-21
1.5220588               0.086999326 0.0026017726 8.577793e-21
1.5294118               0.086232608 0.0034917247 7.9445165e-21
1.5367647               0.085044559 0.0043849141 8.4991316e-21
1.5441176               0.08385983 0.0049302008 5.1444859e-21
1.5514706               0.082640585 0.0047748001 5.5530758e-21
1.5588235               0.081499498 0.004064283 1.2022315e-20
1.5661765               0.080788703 0.002526005 8.0099947e-21
1.5735294               0.081140726 0.0012305186 -6.8617795e-28
1.5808824               0.081454819 1.7562467e-05 2.1071593e-28
1.5882353               0.082792065 -0.00097257153 9.974183e-21
1.5955882               0.08369207 -0.0019795663 -5.6494741e-22
1.6029412               0.08453489 -0.0025091611 1.1037605e-20
1.6102941               0.085316812 -0.0027251589 8.6699635e-22
1.6176471               0.08634666 -0.0029203653 1.0101853e-20
1.625               0.087034463 -0.002936416 3.2364802e-21
1.6323529               0.087748649 -0.0028861763 1.0260017e-20
1.6397059               0.088292856 -0.0026734226 3.6925374e-21
1.6470588               0.088823917 -0.0024328396 1.4872117e-21
1.6544118               0.08916871 -0.002057984 7.349232e-21
1.6617647               0.089495489 -0.0011810012 7.5855927e-21
1.6691176               0.089763948 -0.00034032246 -3.0654041e-27
1.6764706               0.08945101 0.00042138806 -1.8104688e-28
1.6838235               0.089275267 0.0013980827 6.756787e-21
1.6911765               0.088594426 0.0027801759 6.3437124e-21
1.6985294               0.08748889 0.0038046672 8.044335e-24
1.7058824               0.086354328 0.0045888107 5.4853239e-21
1.7132353               0.084769264 0.0049433882 -3.7703208e-27
1.7205882               0.083778867 0.004451903 5.5045036e-21
1.7279412               0.082596894 0.0033225058 -3.4261629e-27
1.7352941               0.08285761 0.0020640048 1.2455592e-20
1.7426471               0.083162749 0.00081100718 3.9927123e-21
1.75               0.083639481 -0.00047474808 2.3933867e-21
1.7573529               0.084798507 -0.0014129479 1.7810389e-21
1.7647059               0.085547587 -0.0023343409 3.6834935e-21
1.7720588               0.086458282 -0.0027149638 4.0536891e-21
1.7794118               0.087521346 -0.0028524738 2.0171761e-21
1.7867647               0.088173951 -0.0029882864 2.6762823e-21
1.7941176               0.088811668 -0.0029631866 1.3218564e-21
1.8014706               0.089409167 -0.0027437037 5.2782753e-22
1.8088235               0.090025832 -0.0025211003 6.8455571e-21
1.8161765               0.090257385 -0.0022330438 8.8505833e-21
1.8235294               0.090777992 -0.0018706118 9.1511291e-21
1.8308824               0.09088744 -0.0010599099 8.7615003e-21
1.8382353               0.090995196 -0.00021878535 -2.0908665e-27
1.8455882               0.090851966 0.00086444708 4.3934918e-21
1.8529412               0.090495504 0.0019372566 4.5487225e-21
1.8602941               0.089786107 0.0031298764 1.4213068e-21
1.8676471               0.088450521 0.0040794032 2.1061363e-21
1.875               0.087376956 0.0048157117 6.6649573e-21
1.8823529               0.08599481 0.004826975 5.3412085e-21
1.8897059               0.085043618 0.0042081913 5.2803715e-28
1.8970588               0.084338695 0.0029764665 -1.7301927e-27
1.9044118               0.084060439 0.0017446122 -1.5216705e-27
1.9117647               0.084766906 0.00050221927 1.1014172e-27
1.9191176               0.085751547 -0.00065159592 2.4467952e-21
1.9264706               0.086455118 -0.0017730407 8.4390893e-21
1.9338235               0.087457001 -0.0023697453 5.2636331e-21
1.9411765               0.08823578 -0.0026734256 1.075978e-20
1.9485294               0.088907606 -0.0029952877 -3.8381721e-28
1.9558824               0.089642302 -0.0030518742 6.9079249e-21
1.9632353               0.090171049 -0.002956353 6.5384423e-21
1.9705882               0.090673305 -0.0028592648 9.2263507e-21
1.9779412               0.091078596 -0.0025977386 5.154079e-21
1.9852941               0.091300114 -0.0021091661 7.2111149e-21
1.9926471               0.0917042 -0.0015226023 7.6055067e-21
