Re			Sr
49.23403437	0.108330285
60.54264238	0.127203528
82.40443156	0.137796685
81.51731011	0.142499965
103.7677957	0.156122006
111.3958515	0.155585428
134.4401817	0.157983579
134.3633854	0.159921158
143.2923381	0.165749777
130.0757925	0.173892599
159.0598352	0.179754116
181.4230426	0.165668099
203.5812716	0.158913799
262.8223101	0.172816041
255.2572366	0.175854001
249.6889691	0.186644546
217.6085782	0.188964422
213.3051251	0.192696644
315.2097974	0.1804722
317.9645654	0.182965641
335.2578574	0.179379759
364.9141424	0.179953773
387.7276936	0.182321294
394.019438	0.191736929
438.1266444	0.199928532
