time	vel
0	-0.0062566
0.001	-0.0077692
0.002	-0.026641
0.003	-0.011385
0.004	-0.014525
0.005	-0.016959
0.006	-0.019383
0.007	-0.022854
0.008	-0.042417
0.009	-0.028037
0.01	-0.030907
0.011	-0.050796
0.012	-0.036954
0.013	-0.039767
0.014	-0.06201
0.015	-0.047109
0.016	-0.067457
0.017	-0.052728
0.018	-0.074172
0.019	-0.074068
0.02	-0.061035
0.021	-0.081695
0.022	-0.066313
0.023	-0.086349
0.024	-0.09076
0.025	-0.090982
0.026	-0.096558
0.027	-0.080894
0.028	-0.11911
0.029	-0.087256
0.03	-0.10647
0.031	-0.11082
0.032	-0.11189
0.033	-0.11695
0.034	-0.11843
0.035	-0.12217
0.036	-0.14256
0.037	-0.12585
0.038	-0.13258
0.039	-0.13233
0.04	-0.13673
0.041	-0.15699
0.042	-0.14008
0.043	-0.14508
0.044	-0.16551
0.045	-0.14906
0.046	-0.15305
0.047	-0.17334
0.048	-0.15833
0.049	-0.17784
0.05	-0.16429
0.051	-0.18377
0.052	-0.18603
0.053	-0.17104
0.054	-0.19186
0.055	-0.19496
0.056	-0.17995
0.057	-0.20095
0.058	-0.20374
0.059	-0.20644
0.06	-0.19088
0.061	-0.21251
0.062	-0.21618
0.063	-0.21823
0.064	-0.22057
0.065	-0.22387
0.066	-0.2258
0.067	-0.22886
0.068	-0.23067
0.069	-0.23413
0.07	-0.23563
0.071	-0.23963
0.072	-0.26002
0.073	-0.24445
0.074	-0.24819
0.075	-0.24975
0.076	-0.26932
0.077	-0.25482
0.078	-0.25752
0.079	-0.27904
0.08	-0.26182
0.081	-0.28186
0.082	-0.26905
0.083	-0.27027
0.084	-0.29146
0.085	-0.293
0.086	-0.27791
0.087	-0.29738
0.088	-0.28389
0.089	-0.30303
0.09	-0.28812
0.091	-0.31068
0.092	-0.31048
0.093	-0.31616
0.094	-0.31541
0.095	-0.30112
0.096	-0.32223
0.097	-0.32433
0.098	-0.32668
0.099	-0.32977
0.1	-0.33301
0.101	-0.33524
0.102	-0.33817
0.103	-0.34047
0.104	-0.34439
0.105	-0.34584
0.106	-0.3476
0.107	-0.35013
0.108	-0.35322
0.109	-0.35504
0.11	-0.37493
0.111	-0.35921
0.112	-0.36058
0.113	-0.36365
0.114	-0.38358
0.115	-0.36896
0.116	-0.37016
0.117	-0.39323
0.118	-0.37658
0.119	-0.39711
0.12	-0.37948
0.121	-0.39919
0.122	-0.38002
0.123	-0.38463
0.124	-0.4063
0.125	-0.40925
0.126	-0.3924
0.127	-0.41422
0.128	-0.39731
0.129	-0.41777
0.13	-0.41911
0.131	-0.40231
0.132	-0.42268
0.133	-0.42531
0.134	-0.42739
0.135	-0.4096
0.136	-0.43208
0.137	-0.43307
0.138	-0.43252
0.139	-0.43657
0.14	-0.43893
0.141	-0.42245
0.142	-0.44359
0.143	-0.44417
0.144	-0.44668
0.145	-0.45033
0.146	-0.45156
0.147	-0.45255
0.148	-0.45253
0.149	-0.45615
0.15	-0.45629
0.151	-0.45758
0.152	-0.47844
0.153	-0.4593
0.154	-0.46307
0.155	-0.46322
0.156	-0.46696
0.157	-0.48673
0.158	-0.47112
0.159	-0.47205
0.16	-0.47342
0.161	-0.47575
0.162	-0.4971
0.163	-0.47986
0.164	-0.49988
0.165	-0.48407
0.166	-0.48599
0.167	-0.48834
0.168	-0.50798
0.169	-0.50685
0.17	-0.48991
0.171	-0.49115
0.172	-0.49289
0.173	-0.53322
0.174	-0.49832
0.175	-0.4994
0.176	-0.50222
0.177	-0.5402
0.178	-0.50459
0.179	-0.50314
0.18	-0.52394
0.181	-0.52565
0.182	-0.50876
0.183	-0.50905
0.184	-0.54784
0.185	-0.51323
0.186	-0.51523
0.187	-0.55366
0.188	-0.5176
0.189	-0.53543
0.19	-0.53818
0.191	-0.52046
0.192	-0.55918
0.193	-0.52222
0.194	-0.5201
0.195	-0.55922
0.196	-0.52365
0.197	-0.56494
0.198	-0.529
0.199	-0.52936
0.2	-0.56759
0.201	-0.52176
0.202	-0.5593
0.203	-0.53822
0.204	-0.58536
0.205	-0.54583
0.206	-0.58225
0.207	-0.54288
0.208	-0.57828
0.209	-0.5443
0.21	-0.58131
0.211	-0.54762
0.212	-0.58144
0.213	-0.54352
0.214	-0.57585
0.215	-0.53891
0.216	-0.582
0.217	-0.55359
0.218	-0.59395
0.219	-0.55955
0.22	-0.6006
0.221	-0.55965
0.222	-0.59841
0.223	-0.60214
0.224	-0.5626
0.225	-0.60502
0.226	-0.56902
0.227	-0.6052
0.228	-0.60448
0.229	-0.56579
0.23	-0.60412
0.231	-0.56583
0.232	-0.60095
0.233	-0.60154
0.234	-0.5644
0.235	-0.60706
0.236	-0.60741
0.237	-0.57124
0.238	-0.6115
0.239	-0.61116
0.24	-0.57581
0.241	-0.6155
0.242	-0.61418
0.243	-0.57707
0.244	-0.61466
0.245	-0.61508
0.246	-0.58007
0.247	-0.61695
0.248	-0.61346
0.249	-0.56809
0.25	-0.60709
0.251	-0.61462
0.252	-0.58214
0.253	-0.61908
0.254	-0.61918
0.255	-0.59961
0.256	-0.6001
0.257	-0.6229
0.258	-0.62203
0.259	-0.57385
0.26	-0.61216
0.261	-0.6211
0.262	-0.62732
0.263	-0.60125
0.264	-0.63792
0.265	-0.63525
0.266	-0.63291
0.267	-0.596
0.268	-0.63584
0.269	-0.63697
0.27	-0.63381
0.271	-0.63354
0.272	-0.60394
0.273	-0.6445
0.274	-0.64284
0.275	-0.64254
0.276	-0.64361
0.277	-0.64262
0.278	-0.60641
0.279	-0.64427
0.28	-0.64706
0.281	-0.64712
0.282	-0.64976
0.283	-0.65106
0.284	-0.63277
0.285	-0.63262
0.286	-0.64998
0.287	-0.64967
0.288	-0.649
0.289	-0.64713
0.29	-0.64454
0.291	-0.64793
0.292	-0.63273
0.293	-0.63465
0.294	-0.65361
0.295	-0.65496
0.296	-0.65686
0.297	-0.65759
0.298	-0.65667
0.299	-0.65564
0.3	-0.65524
0.301	-0.63677
0.302	-0.65898
0.303	-0.66133
0.304	-0.66014
0.305	-0.65962
0.306	-0.66204
0.307	-0.66224
0.308	-0.66453
0.309	-0.64971
0.31	-0.6681
0.311	-0.66826
0.312	-0.66893
0.313	-0.66816
0.314	-0.669
0.315	-0.6718
0.316	-0.67186
0.317	-0.66973
0.318	-0.66962
0.319	-0.6699
0.32	-0.66855
0.321	-0.66404
0.322	-0.66775
0.323	-0.66958
0.324	-0.66997
0.325	-0.66947
0.326	-0.66868
0.327	-0.6714
0.328	-0.67149
0.329	-0.65413
0.33	-0.66852
0.331	-0.6572
0.332	-0.6532
0.333	-0.6222
0.334	-0.6505
0.335	-0.66152
0.336	-0.66679
0.337	-0.5385
0.338	0.49776
0.339	0.48152
0.34	0.48932
0.341	0.50317
0.342	0.45793
0.343	0.44752
0.344	0.41576
0.345	0.44774
0.346	0.44173
0.347	0.4488
0.348	0.44699
0.349	0.44512
0.35	0.44197
0.351	0.43814
0.352	0.43342
0.353	0.4292
0.354	0.42197
0.355	0.40009
0.356	0.40972
0.357	0.40251
0.358	0.37827
0.359	0.36955
0.36	0.36174
0.361	0.3688
0.362	0.32502
0.363	0.35067
0.364	0.30795
0.365	0.33446
0.366	0.29145
0.367	0.29808
0.368	0.27318
0.369	0.26683
0.37	0.27499
0.371	0.25288
0.372	0.24468
0.373	0.23821
0.374	0.23192
0.375	0.22694
0.376	0.22031
0.377	0.21518
0.378	0.23134
0.379	0.18723
0.38	0.20093
0.381	0.198
0.382	0.19255
0.383	0.15572
0.384	0.18549
0.385	0.18036
0.386	0.17692
0.387	0.15605
0.388	0.15265
0.389	0.16609
0.39	0.14563
0.391	0.15935
0.392	0.13857
0.393	0.13336
0.394	0.13103
0.395	0.12592
0.396	0.12448
0.397	0.13697
0.398	0.098736
0.399	0.13117
0.4	0.09215
0.401	0.12311
0.402	0.084975
0.403	0.11692
0.404	0.077939
0.405	0.074509
0.406	0.10597
0.407	0.066211
0.408	0.082457
0.409	0.061725
0.41	0.072991
0.411	0.073079
0.412	0.049072
0.413	0.066273
0.414	0.043317
0.415	0.057697
0.416	0.036375
0.417	0.052013
0.418	0.030438
0.419	0.027277
0.42	0.02446
0.421	0.021131
0.422	0.017766
0.423	0.016265
0.424	0.047336
0.425	0.0081525
0.426	0.0053786
0.427	0.0035219
0.428	-0.017209
0.429	-0.0038301
0.43	-0.0055952
0.431	-0.0087717
0.432	-0.011687
0.433	-0.014385
0.434	-0.017161
0.435	-0.039103
0.436	-0.023139
0.437	-0.026125
0.438	-0.03041
0.439	-0.031733
0.44	-0.070582
0.441	-0.037189
0.442	-0.040833
0.443	-0.042801
0.444	-0.046981
0.445	-0.084619
0.446	-0.052408
0.447	-0.054263
0.448	-0.093237
0.449	-0.06126
0.45	-0.079705
0.451	-0.066458
0.452	-0.085836
0.453	-0.08955
0.454	-0.092078
0.455	-0.076743
0.456	-0.099282
0.457	-0.099656
0.458	-0.086202
0.459	-0.12322
0.46	-0.090862
0.461	-0.12896
0.462	-0.095274
0.463	-0.13468
0.464	-0.11954
0.465	-0.12187
0.466	-0.1241
0.467	-0.12843
0.468	-0.1294
0.469	-0.15049
0.47	-0.13477
0.471	-0.13768
0.472	-0.13953
0.473	-0.16133
0.474	-0.16283
0.475	-0.13139
0.476	-0.1691
0.477	-0.17151
0.478	-0.13875
0.479	-0.1765
0.48	-0.17904
0.481	-0.18139
0.482	-0.16678
0.483	-0.18582
0.484	-0.17166
0.485	-0.19197
0.486	-0.19597
0.487	-0.19741
0.488	-0.19891
0.489	-0.1692
0.49	-0.20593
0.491	-0.20842
0.492	-0.21055
0.493	-0.21211
0.494	-0.21622
0.495	-0.21658
0.496	-0.21878
0.497	-0.22146
0.498	-0.22323
0.499	-0.22518
0.5	-0.22833
0.501	-0.23054
0.502	-0.23333
0.503	-0.23627
0.504	-0.23946
0.505	-0.24305
0.506	-0.26264
0.507	-0.24718
0.508	-0.24991
0.509	-0.25067
0.51	-0.26949
0.511	-0.2549
0.512	-0.25534
0.513	-0.25985
0.514	-0.29586
0.515	-0.26568
0.516	-0.26879
0.517	-0.27157
0.518	-0.28959
0.519	-0.29082
0.52	-0.27628
0.521	-0.29728
0.522	-0.28193
0.523	-0.29873
0.524	-0.28579
0.525	-0.31867
0.526	-0.28942
0.527	-0.28382
0.528	-0.3181
0.529	-0.2921
0.53	-0.28553
0.531	-0.30302
0.532	-0.29379
0.533	-0.32873
0.534	-0.31192
0.535	-0.32815
0.536	-0.31765
0.537	-0.34247
0.538	-0.30448
0.539	-0.26559
0.54	0.24491
0.541	0.22926
0.542	0.23196
0.543	0.23284
0.544	0.22564
0.545	0.20534
0.546	0.21417
0.547	0.21244
0.548	0.204
0.549	0.1972
0.55	0.17809
0.551	0.18611
0.552	0.18158
0.553	0.16246
0.554	0.16012
0.555	0.17475
0.556	0.1408
0.557	0.1659
0.558	0.1627
0.559	0.14448
0.56	0.14011
0.561	0.15635
0.562	0.13592
0.563	0.13357
0.564	0.14835
0.565	0.10845
0.566	0.1404
0.567	0.11947
0.568	0.11778
0.569	0.11274
0.57	0.11232
0.571	0.10532
0.572	0.0859
0.573	0.10039
0.574	0.097649
0.575	0.09347
0.576	0.075498
0.577	0.10258
0.578	0.066858
0.579	0.081748
0.58	0.078231
0.581	0.057886
0.582	0.054312
0.583	0.085277
0.584	0.0488
0.585	0.044222
0.586	0.057954
0.587	0.039338
0.588	0.036689
0.589	0.048659
0.59	0.029485
0.591	0.043563
0.592	0.023706
0.593	0.02016
0.594	0.018078
0.595	0.031647
0.596	0.010306
0.597	0.0080366
0.598	0.0039701
0.599	0.0012416
0.6	-0.0018906
0.601	-0.0039484
0.602	-0.0075936
0.603	-0.010473
0.604	-0.030241
0.605	-0.017534
0.606	-0.019287
0.607	-0.022273
0.608	-0.042839
0.609	-0.027883
0.61	-0.047984
0.611	-0.035061
0.612	-0.037228
0.613	-0.056041
0.614	-0.042623
0.615	-0.046131
0.616	-0.067022
0.617	-0.068724
0.618	-0.055362
0.619	-0.056987
0.62	-0.094882
0.621	-0.062789
0.622	-0.066431
0.623	-0.10263
0.624	-0.071856
0.625	-0.091324
0.626	-0.095915
0.627	-0.096891
0.628	-0.083566
0.629	-0.11948
0.63	-0.090147
0.631	-0.10773
0.632	-0.12729
0.633	-0.098002
0.634	-0.13345
0.635	-0.10221
0.636	-0.14018
0.637	-0.10838
0.638	-0.14526
0.639	-0.12901
0.64	-0.13194
0.641	-0.14765
0.642	-0.13496
0.643	-0.13763
0.644	-0.14177
0.645	-0.16283
0.646	-0.1465
0.647	-0.14661
0.648	-0.14768
0.649	-0.1679
0.65	-0.1686
0.651	-0.1443
0.652	-0.17677
0.653	-0.18193
0.654	-0.18777
0.655	-0.19318
0.656	-0.16653
0.657	-0.1976
0.658	-0.19625
0.659	-0.19947
0.66	-0.19716
0.661	-0.18072
0.662	-0.19457
0.663	-0.16194
0.664	0.16241
0.665	0.14746
0.666	0.13583
0.667	0.12359
0.668	0.1254
0.669	0.13387
0.67	0.10685
0.671	0.099938
0.672	0.12876
0.673	0.091963
0.674	0.12064
0.675	0.085625
0.676	0.11335
0.677	0.080457
0.678	0.090725
0.679	0.083981
0.68	0.083769
0.681	0.064772
0.682	0.074044
0.683	0.07143
0.684	0.055013
0.685	0.06461
0.686	0.047297
0.687	0.042087
0.688	0.038647
0.689	0.065089
0.69	0.033801
0.691	0.030831
0.692	0.028185
0.693	0.022277
0.694	0.021347
0.695	0.018164
0.696	0.031283
0.697	0.012738
0.698	0.0075122
0.699	0.0053139
0.7	0.0039473
0.701	0.00014154
0.702	-0.0011996
0.703	-0.0055495
0.704	-0.0083587
0.705	-0.010907
0.706	-0.028864
0.707	-0.017166
0.708	-0.020304
0.709	-0.022626
0.71	-0.024822
0.711	-0.028505
0.712	-0.030624
0.713	-0.063666
0.714	-0.038607
0.715	-0.039711
0.716	-0.04517
0.717	-0.058608
0.718	-0.051188
0.719	-0.067226
0.72	-0.054299
0.721	-0.074137
0.722	-0.073496
0.723	-0.067303
0.724	-0.097841
0.725	-0.07216
0.726	-0.076552
0.727	-0.10743
0.728	-0.080741
0.729	-0.11394
0.73	-0.086461
0.731	-0.089663
0.732	-0.11713
0.733	-0.0949
0.734	-0.10771
0.735	-0.12641
0.736	-0.097142
0.737	-0.12729
0.738	-0.1027
0.739	-0.11362
0.74	-0.13015
0.741	-0.0094662
0.742	0.10566
0.743	0.069022
0.744	0.064662
0.745	0.089686
0.746	0.060112
0.747	0.054909
0.748	0.052363
0.749	0.07463
0.75	0.047561
0.751	0.058256
0.752	0.042288
0.753	0.036006
0.754	0.032249
0.755	0.046993
0.756	0.026949
0.757	0.024272
0.758	0.018753
0.759	0.015945
0.76	0.014893
0.761	0.010764
0.762	0.0092118
0.763	0.0053279
0.764	0.0018408
0.765	0.014262
0.766	-0.0038083
0.767	-0.0086997
0.768	-0.01124
0.769	-0.013503
0.77	-0.016653
0.771	-0.030859
0.772	-0.02194
0.773	-0.02745
0.774	-0.027414
0.775	-0.033073
0.776	-0.059767
0.777	-0.037748
0.778	-0.039478
0.779	-0.042321
0.78	-0.045573
0.781	-0.072495
0.782	-0.047713
0.783	-0.066268
0.784	-0.054293
0.785	-0.055825
0.786	-0.068111
0.787	-0.076587
0.788	-0.072518
0.789	-0.063776
0.79	0.036949
0.791	0.040282
0.792	0.064628
0.793	0.034884
0.794	0.03087
0.795	0.026068
0.796	0.024502
0.797	0.021528
0.798	0.03202
0.799	0.013631
0.8	0.012467
0.801	0.0089529
0.802	0.0061175
0.803	0.0040057
0.804	-7.1988E-05
0.805	0.013029
0.806	-0.0063242
0.807	-0.009333
0.808	-0.013074
0.809	-0.040366
0.81	-0.01658
0.811	-0.01884
0.812	-0.023418
0.813	-0.023194
0.814	-0.026742
0.815	-0.029776
0.816	-0.045006
0.817	-0.035652
0.818	-0.034304
0.819	-0.044092
0.82	0.038327
0.821	0.020119
0.822	0.015238
0.823	0.013866
0.824	0.022907
0.825	0.0063965
0.826	0.0040811
0.827	0.00022799
0.828	-0.0024158
0.829	-0.033475
0.83	-0.007315
0.831	-0.0086636
0.832	-0.01298
0.833	0.00092492
0.834	-0.016211
0.835	-0.019495
0.836	0.0034389
0.837	0.0086474
0.838	-0.0079278
0.839	0.00017353
0.84	-0.00095058
0.841	-0.0029632
0.842	-0.0070126
0.843	-0.0050075
0.844	0.0010602
0.845	0.0036931
0.846	0.00095158
0.847	-0.0034573
0.848	2.9201E-05
0.849	0.0018244
0.85	0.0019046
0.851	0.014932
0.852	0.00026969
0.853	0.0014091
0.854	-0.00048402
0.855	-0.012716
0.856	0.00016055
0.857	-0.00098656
0.858	-0.0013356
0.859	0.0014129
0.86	-0.00077032
0.861	0.00021
0.862	0.00047044
0.863	0.00090072
0.864	-0.00030484
0.865	-4.1724E-05
0.866	-0.00089621
0.867	-0.00024811
0.868	0.00011498
0.869	0.013753
0.87	1.1622E-06
0.871	0.0014871
0.872	-0.0011273
0.873	0.00061568
0.874	-0.013605
0.875	-8.4666E-06
0.876	-0.0014041
0.877	-0.0010342
0.878	2.2113E-05
0.879	-0.0016981
0.88	-0.00043908
0.881	-4.2801E-05
0.882	0.0005817
0.883	-5.6207E-05
0.884	-0.00056293
0.885	-0.00028451
0.886	4.0286E-05
0.887	-0.00079701
0.888	0.014264
0.889	-0.001632
0.89	-0.00085055
0.891	0.00034425
0.892	-0.0124
0.893	0.00069203
0.894	-0.00032606
0.895	-0.0010233
0.896	0.00017652
0.897	-0.002954
0.898	0.0017435
0.899	-0.00077246
0.9	-0.00087512
0.901	0.00035409
0.902	1.657E-05
0.903	0.0014345
0.904	-2.2458E-05
0.905	0.00015818
0.906	-0.00039669
0.907	0.014749
0.908	0.00010151
0.909	-0.0022303
0.91	0.0020227
0.911	-0.00047095
0.912	-0.011096
0.913	-0.00071015
0.914	0.00037883
0.915	-0.0015918
0.916	-0.0013585
0.917	0.0011126
0.918	-0.00063907
0.919	-0.0012211
0.92	0.00072218
0.921	-0.0015461
0.922	0.00040141
0.923	0.0010646
0.924	-0.00047478
0.925	0.00051983
0.926	-0.0015086
0.927	0.014822
0.928	0.00041036
0.929	-0.0007498
0.93	-0.0017854
0.931	-0.0010519
0.932	-0.0095401
0.933	0.00015368
0.934	-2.3256E-05
0.935	-0.0013587
0.936	-0.00022757
0.937	-0.0017379
0.938	-0.00018476
0.939	0.00074781
0.94	-0.0020997
0.941	0.00082972
0.942	0.00032021
0.943	-0.0004037
0.944	0.0015113
0.945	-0.0019038
0.946	-0.00025072
0.947	0.00054097
0.948	0.014641
0.949	-0.00038278
0.95	-0.0019445
0.951	-0.0004285
0.952	0.00091008
0.953	-0.010935
0.954	0.0006774
0.955	-0.001673
0.956	-0.001081
0.957	-0.0012205
0.958	1.6856E-05
0.959	-0.00032456
0.96	-0.0013462
0.961	-0.00031704
0.962	-0.00010046
0.963	-0.00034935
0.964	0.00043427
0.965	-0.0013664
0.966	-0.00050961
0.967	0.001122
0.968	-0.00048102
0.969	0.00053157
0.97	0.013942
0.971	-0.00019407
0.972	0.0011554
0.973	-0.00021643
0.974	-0.00047224
0.975	-0.011282
0.976	-0.0013002
0.977	0.00038022
0.978	3.3129E-05
0.979	-0.00073848
0.98	-0.0015075
0.981	-0.00010649
0.982	-0.00019911
0.983	0.00080825
0.984	0.00071639
0.985	-0.00016707
0.986	-0.0024716
0.987	0.00075207
0.988	-0.00041984
0.989	-0.00019696
0.99	-0.00029881
0.991	0.00050663
0.992	0.0013982
0.993	-0.0021374
0.994	0.00084386
0.995	0.01496
0.996	-0.00071546
0.997	-0.00078947
0.998	-0.0011738
0.999	-0.00025621
1	-0.00064299
1.001	-0.010675
1.002	1.4877E-05
1.003	0.00033624
1.004	-0.0009889
1.005	-0.00059315
1.006	-0.0012334
1.007	-0.00012038
1.008	-0.0006227
1.009	-0.0005493
1.01	-0.0013494
1.011	9.4579E-05
1.012	-0.00083496
1.013	0.00080599
1.014	-0.0017204
1.015	0.0014612
1.016	-0.0018211
1.017	0.0012557
1.018	-0.0015332
1.019	0.00033274
1.02	-0.0018604
1.021	0.00049169
1.022	-0.00012663
1.023	0.00037414
1.024	0.014509
1.025	-0.00064349
1.026	-0.00063735
1.027	-0.00087911
1.028	-0.00020543
1.029	-0.00053919
1.03	-0.0093979
1.031	-0.0011689
1.032	0.00071206
1.033	-0.00072703
1.034	0.00059976
1.035	-0.00091884
1.036	-0.0016529
1.037	0.0005152
1.038	-0.0017074
1.039	-0.00076299
1.04	-0.0004711
1.041	-0.00021066
1.042	1.1485E-05
1.043	-0.00027865
1.044	-0.00011211
1.045	-0.00038131
1.046	-0.0019678
1.047	0.00040309
1.048	-0.00055321
1.049	-0.0010123
1.05	-0.00072776
1.051	0.0007727
1.052	-0.00055059
1.053	0.00079434
1.054	-0.00095837
1.055	-0.00016216
1.056	-0.00091057
1.057	3.1689E-05
1.058	-0.0005566
1.059	0.012292
1.06	-0.012515
1.061	-3.0228E-05
1.062	-0.001107
1.063	-0.00021459
1.064	0.00011085
1.065	0.0039651
1.066	-0.0021633
1.067	-0.00055557
1.068	-0.00052748
1.069	-0.0012739
1.07	-0.00074493
1.071	-0.000197
1.072	-0.00010079
1.073	-0.00087362
1.074	-0.001077
1.075	0.00025621
1.076	-0.0015495
1.077	0.0001301
1.078	-0.0012399
1.079	-0.00032637
1.08	-0.0010858
1.081	-0.0010193
1.082	0.00070801
1.083	-0.00012287
1.084	0.00060998
1.085	-0.0016257
1.086	-0.00035143
1.087	-0.00098252
1.088	-0.0015077
1.089	-0.00026173
1.09	0.0004377
1.091	-0.0012168
1.092	-0.0012182
1.093	0.00094676
1.094	-0.00041188
1.095	-0.0003467
1.096	-0.0019586
1.097	0.0010921
1.098	-0.0022955
1.099	0.0015448
1.1	-0.00014238
1.101	-0.0014667
1.102	-4.8833E-05
1.103	-0.0005605
1.104	0.0056392
1.105	-0.0023351
1.106	-0.00053104
1.107	-0.00047797
1.108	-0.0015551
1.109	-0.0021043
1.11	-0.0002193
1.111	-0.0012971
1.112	0.00016003
1.113	-0.0011315
1.114	-0.0007296
1.115	-0.00014777
1.116	-0.0029079
1.117	3.439E-05
1.118	-0.0014061
1.119	8.9178E-06
1.12	-7.0816E-05
1.121	-0.0010378
1.122	0.00029623
1.123	-0.0027079
1.124	0.0017062
1.125	-0.0025116
1.126	0.0013882
1.127	-0.0018246
1.128	0.0005937
1.129	-0.001322
1.13	-7.8722E-05
1.131	-0.0011164
1.132	0.0013916
1.133	0.00022445
1.134	0.00037928
1.135	-0.00052696
1.136	-0.0013718
1.137	0.0023606
1.138	-0.0019396
1.139	-0.00037783
1.14	0.00044989
1.141	0.0059544
1.142	-0.0010592
1.143	-0.00018283
1.144	-6.547E-05
1.145	-0.0014023
1.146	-0.00039865
1.147	-0.00028609
1.148	-0.0029294
1.149	0.0004845
1.15	-0.001213
1.151	0.00023029
1.152	-0.0012055
1.153	-0.00012331
1.154	-0.00087613
1.155	-0.00075884
1.156	0.001495
1.157	-0.0026391
1.158	-0.00047273
1.159	-0.0011884
1.16	-0.00057681
1.161	0.00088672
1.162	-0.0010519
1.163	-0.00019347
1.164	0.00047444
1.165	-1.6986E-05
1.166	-0.00075388
1.167	-0.0018547
1.168	-8.9769E-06
1.169	-0.00098215
1.17	-0.00025526
1.171	0.00080052
1.172	-0.0010723
1.173	0.0012032
1.174	-0.00031555
1.175	0.00023484
1.176	-0.012932
1.177	-0.0029317
1.178	0.00036345
1.179	-0.0013473
1.18	0.00033606
1.181	0.021082
1.182	-0.00086359
1.183	-0.0014182
1.184	-0.00050275
1.185	0.00060636
1.186	-0.00083386
1.187	-0.0013143
1.188	-0.0021861
1.189	-0.00038776
1.19	-0.00040893
1.191	-0.00046239
1.192	0.0007979
1.193	-0.001879
1.194	-0.00021305
1.195	0.00065651
1.196	-0.00054837
1.197	-0.0022135
1.198	-0.00073628
1.199	-0.00054971
1.2	0.0015834
1.201	-0.0017807
1.202	-0.00019805
1.203	-0.0017939
1.204	0.0013788
1.205	-0.0001516
1.206	-0.00094982
1.207	-0.00056391
1.208	-0.0015558
1.209	-0.0013375
1.21	0.00054069
1.211	0.00031236
1.212	0.00030446
1.213	-0.0010856
1.214	0.00097801
1.215	0.00073926
1.216	-0.013178
1.217	-0.00054036
1.218	-0.0012086
1.219	0.00061225
1.22	-0.00036447
1.221	-0.0012779
1.222	0.020459
1.223	-0.00014176
1.224	-0.0005869
1.225	-0.00079042
1.226	-0.0016945
1.227	-9.6655E-05
1.228	-0.0026217
1.229	0.00079114
1.23	-0.00065863
1.231	-0.0018819
1.232	0.00033636
1.233	-5.2575E-05
1.234	-0.00055062
1.235	-0.0015903
1.236	0.00080497
1.237	-0.0012555
1.238	-0.0020424
1.239	-0.00050228
1.24	-0.00010854
1.241	4.6869E-06
1.242	0.00021355
1.243	-0.00059784
1.244	-0.00053075
1.245	-5.139E-05
1.246	-0.0015028
1.247	-4.8485E-06
1.248	-0.00086004
1.249	-3.0655E-05
1.25	-0.0003073
1.251	0.00018542
1.252	-0.00034972
1.253	-0.0095984
1.254	-0.00053035
1.255	0.00028731
1.256	-0.00023748
1.257	-0.00068579
1.258	-0.0016888
1.259	0.00015237
1.26	0.0013789
1.261	0.019022
1.262	0.0008838
1.263	-0.0015984
1.264	0.00023841
1.265	0.00059598
1.266	-0.0010349
1.267	-0.0003404
1.268	-0.0011106
1.269	-0.00011039
1.27	-0.00064378
1.271	0.00016374
1.272	0.0001506
1.273	-0.0005779
1.274	0.0010813
1.275	-0.00066353
1.276	-0.0014073
1.277	-0.00012846
1.278	-0.00042423
1.279	-0.00025476
1.28	-0.0013373
1.281	0.00027071
1.282	-0.00034141
1.283	-9.5151E-06
1.284	0.0013247
1.285	-0.00083146
1.286	-0.00030589
1.287	-0.0012942
1.288	-0.0010062
1.289	0.00063193
1.29	-0.00045479
1.291	-0.00162
1.292	0.0028599
1.293	-0.0022156
1.294	0.0012893
1.295	-0.00082934
1.296	0.00025611
1.297	-0.00055982
1.298	-0.00032135
1.299	-4.8171E-05
