time	vel
0.000	     -0.0077692
0.001	      -0.026641
0.002	      -0.011385
0.003	      -0.014525
0.004	      -0.016959
0.005	      -0.019383
0.006	      -0.022854
0.007	      -0.042417
0.008	      -0.028037
0.009	      -0.030907
0.010	      -0.050796
0.011	      -0.036954
0.012	      -0.039767
0.013	       -0.06201
0.014	      -0.047109
0.015	      -0.067457
0.016	      -0.052728
0.017	      -0.074172
0.018	      -0.074068
0.019	      -0.061035
0.020	      -0.081695
0.021	      -0.066313
0.022	      -0.086349
0.023	       -0.09076
0.024	      -0.090982
0.025	      -0.096558
0.026	      -0.080894
0.027	       -0.11911
0.028	      -0.087256
0.029	       -0.10647
0.030	       -0.11082
0.031	       -0.11189
0.032	       -0.11695
0.033	       -0.11843
0.034	       -0.12217
0.035	       -0.14256
0.036	       -0.12585
0.037	       -0.13258
0.038	       -0.13233
0.039	       -0.13673
0.040	       -0.15699
0.041	       -0.14008
0.042	       -0.14508
0.043	       -0.16551
0.044	       -0.14906
0.045	       -0.15305
0.046	       -0.17334
0.047	       -0.15833
0.048	       -0.17784
0.049	       -0.16429
0.050	       -0.18377
0.051	       -0.18603
0.052	       -0.17104
0.053	       -0.19186
0.054	       -0.19496
0.055	       -0.17995
0.056	       -0.20095
0.057	       -0.20374
0.058	       -0.20644
0.059	       -0.19088
0.060	       -0.21251
0.061	       -0.21618
0.062	       -0.21823
0.063	       -0.22057
0.064	       -0.22387
0.065	        -0.2258
0.066	       -0.22886
0.067	       -0.23067
0.068	       -0.23413
0.069	       -0.23563
0.070	       -0.23963
0.071	       -0.26002
0.072	       -0.24445
0.073	       -0.24819
0.074	       -0.24975
0.075	       -0.26932
0.076	       -0.25482
0.077	       -0.25752
0.078	       -0.27904
0.079	       -0.26182
0.080	       -0.28186
0.081	       -0.26905
0.082	       -0.27027
0.083	       -0.29146
0.084	         -0.293
0.085	       -0.27791
0.086	       -0.29738
0.087	       -0.28389
0.088	       -0.30303
0.089	       -0.28812
0.090	       -0.31068
0.091	       -0.31048
0.092	       -0.31616
0.093	       -0.31541
0.094	       -0.30112
0.095	       -0.32223
0.096	       -0.32433
0.097	       -0.32668
0.098	       -0.32977
0.099	       -0.33301
0.100	       -0.33524
0.101	       -0.33817
0.102	       -0.34047
0.103	       -0.34439
0.104	       -0.34584
0.105	        -0.3476
0.106	       -0.35013
0.107	       -0.35322
0.108	       -0.35504
0.109	       -0.37493
0.110	       -0.35921
0.111	       -0.36058
0.112	       -0.36365
0.113	       -0.38358
0.114	       -0.36896
0.115	       -0.37016
0.116	       -0.39323
0.117	       -0.37658
0.118	       -0.39711
0.119	       -0.37948
0.120	       -0.39919
0.121	       -0.38002
0.122	       -0.38463
0.123	        -0.4063
0.124	       -0.40925
0.125	        -0.3924
0.126	       -0.41422
0.127	       -0.39731
0.128	       -0.41777
0.129	       -0.41911
0.130	       -0.40231
0.131	       -0.42268
0.132	       -0.42531
0.133	       -0.42739
0.134	        -0.4096
0.135	       -0.43208
0.136	       -0.43307
0.137	       -0.43252
0.138	       -0.43657
0.139	       -0.43893
0.140	       -0.42245
0.141	       -0.44359
0.142	       -0.44417
0.143	       -0.44668
0.144	       -0.45033
0.145	       -0.45156
0.146	       -0.45255
0.147	       -0.45253
0.148	       -0.45615
0.149	       -0.45629
0.150	       -0.45758
0.151	       -0.47844
0.152	        -0.4593
0.153	       -0.46307
0.154	       -0.46322
0.155	       -0.46696
0.156	       -0.48673
0.157	       -0.47112
0.158	       -0.47205
0.159	       -0.47342
0.160	       -0.47575
0.161	        -0.4971
0.162	       -0.47986
0.163	       -0.49988
0.164	       -0.48407
0.165	       -0.48599
0.166	       -0.48834
0.167	       -0.50798
0.168	       -0.50685
0.169	       -0.48991
0.170	       -0.49115
0.171	       -0.49289
0.172	       -0.53322
0.173	       -0.49832
0.174	        -0.4994
0.175	       -0.50222
0.176	        -0.5402
0.177	       -0.50459
0.178	       -0.50314
0.179	       -0.52394
0.180	       -0.52565
0.181	       -0.50876
0.182	       -0.50905
0.183	       -0.54784
0.184	       -0.51323
0.185	       -0.51523
0.186	       -0.55366
0.187	        -0.5176
0.188	       -0.53543
0.189	       -0.53818
0.190	       -0.52046
0.191	       -0.55918
0.192	       -0.52222
0.193	        -0.5201
0.194	       -0.55922
0.195	       -0.52365
0.196	       -0.56494
0.197	         -0.529
0.198	       -0.52936
0.199	       -0.56759
0.200	       -0.52176
0.201	        -0.5593
0.202	       -0.53822
0.203	       -0.58536
0.204	       -0.54583
0.205	       -0.58225
0.206	       -0.54288
0.207	       -0.57828
0.208	        -0.5443
0.209	       -0.58131
0.210	       -0.54762
0.211	       -0.58144
0.212	       -0.54352
0.213	       -0.57585
0.214	       -0.53891
0.215	         -0.582
0.216	       -0.55359
0.217	       -0.59395
0.218	       -0.55955
0.219	        -0.6006
0.220	       -0.55965
0.221	       -0.59841
0.222	       -0.60214
0.223	        -0.5626
0.224	       -0.60502
0.225	       -0.56902
0.226	        -0.6052
0.227	       -0.60448
0.228	       -0.56579
0.229	       -0.60412
0.230	       -0.56583
0.231	       -0.60095
0.232	       -0.60154
0.233	        -0.5644
0.234	       -0.60706
0.235	       -0.60741
0.236	       -0.57124
0.237	        -0.6115
0.238	       -0.61116
0.239	       -0.57581
0.240	        -0.6155
0.241	       -0.61418
0.242	       -0.57707
0.243	       -0.61466
0.244	       -0.61508
0.245	       -0.58007
0.246	       -0.61695
0.247	       -0.61346
0.248	       -0.56809
0.249	       -0.60709
0.250	       -0.61462
0.251	       -0.58214
0.252	       -0.61908
0.253	       -0.61918
0.254	       -0.59961
0.255	        -0.6001
0.256	        -0.6229
0.257	       -0.62203
0.258	       -0.57385
0.259	       -0.61216
0.260	        -0.6211
0.261	       -0.62732
0.262	       -0.60125
0.263	       -0.63792
0.264	       -0.63525
0.265	       -0.63291
0.266	         -0.596
0.267	       -0.63584
0.268	       -0.63697
0.269	       -0.63381
0.270	       -0.63354
0.271	       -0.60394
0.272	        -0.6445
0.273	       -0.64284
0.274	       -0.64254
0.275	       -0.64361
0.276	       -0.64262
0.277	       -0.60641
0.278	       -0.64427
0.279	       -0.64706
0.280	       -0.64712
0.281	       -0.64976
0.282	       -0.65106
0.283	       -0.63277
0.284	       -0.63262
0.285	       -0.64998
0.286	       -0.64967
0.287	         -0.649
0.288	       -0.64713
0.289	       -0.64454
0.290	       -0.64793
0.291	       -0.63273
0.292	       -0.63465
0.293	       -0.65361
0.294	       -0.65496
0.295	       -0.65686
0.296	       -0.65759
0.297	       -0.65667
0.298	       -0.65564
0.299	       -0.65524
0.300	       -0.63677
0.301	       -0.65898
0.302	       -0.66133
0.303	       -0.66014
0.304	       -0.65962
0.305	       -0.66204
0.306	       -0.66224
0.307	       -0.66453
0.308	       -0.64971
0.309	        -0.6681
0.310	       -0.66826
0.311	       -0.66893
0.312	       -0.66816
0.313	         -0.669
0.314	        -0.6718
0.315	       -0.67186
0.316	       -0.66973
0.317	       -0.66962
0.318	        -0.6699
0.319	       -0.66855
0.320	       -0.66404
0.321	       -0.66775
0.322	       -0.66958
0.323	       -0.66997
0.324	       -0.66947
0.325	       -0.66868
0.326	        -0.6714
0.327	       -0.67149
0.328	       -0.65413
0.329	       -0.66852
0.330	        -0.6572
0.331	        -0.6532
0.332	        -0.6222
0.333	        -0.6505
0.334	       -0.66152
0.335	       -0.66679
0.336	        -0.5385
0.337	        0.49776
0.338	        0.48152
0.339	        0.48932
0.340	        0.50317
0.341	        0.45793
0.342	        0.44752
0.343	        0.41576
0.344	        0.44774
0.345	        0.44173
0.346	         0.4488
0.347	        0.44699
0.348	        0.44512
0.349	        0.44197
0.350	        0.43814
0.351	        0.43342
0.352	         0.4292
0.353	        0.42197
0.354	        0.40009
0.355	        0.40972
0.356	        0.40251
0.357	        0.37827
0.358	        0.36955
0.359	        0.36174
0.360	         0.3688
0.361	        0.32502
0.362	        0.35067
0.363	        0.30795
0.364	        0.33446
0.365	        0.29145
0.366	        0.29808
0.367	        0.27318
0.368	        0.26683
0.369	        0.27499
0.370	        0.25288
0.371	        0.24468
0.372	        0.23821
0.373	        0.23192
0.374	        0.22694
0.375	        0.22031
0.376	        0.21518
0.377	        0.23134
0.378	        0.18723
0.379	        0.20093
0.380	          0.198
0.381	        0.19255
0.382	        0.15572
0.383	        0.18549
0.384	        0.18036
0.385	        0.17692
0.386	        0.15605
0.387	        0.15265
0.388	        0.16609
0.389	        0.14563
0.390	        0.15935
0.391	        0.13857
0.392	        0.13336
0.393	        0.13103
0.394	        0.12592
0.395	        0.12448
0.396	        0.13697
0.397	       0.098736
0.398	        0.13117
0.399	        0.09215
0.400	        0.12311
0.401	       0.084975
0.402	        0.11692
0.403	       0.077939
0.404	       0.074509
0.405	        0.10597
0.406	       0.066211
0.407	       0.082457
0.408	       0.061725
0.409	       0.072991
0.410	       0.073079
0.411	       0.049072
0.412	       0.066273
0.413	       0.043317
0.414	       0.057697
0.415	       0.036375
0.416	       0.052013
0.417	       0.030438
0.418	       0.027277
0.419	        0.02446
0.420	       0.021131
0.421	       0.017766
0.422	       0.016265
0.423	       0.047336
0.424	      0.0081525
0.425	      0.0053786
0.426	      0.0035219
0.427	      -0.017209
0.428	     -0.0038301
0.429	     -0.0055952
0.430	     -0.0087717
0.431	      -0.011687
0.432	      -0.014385
0.433	      -0.017161
0.434	      -0.039103
0.435	      -0.023139
0.436	      -0.026125
0.437	       -0.03041
0.438	      -0.031733
0.439	      -0.070582
0.440	      -0.037189
0.441	      -0.040833
0.442	      -0.042801
0.443	      -0.046981
0.444	      -0.084619
0.445	      -0.052408
0.446	      -0.054263
0.447	      -0.093237
0.448	       -0.06126
0.449	      -0.079705
0.450	      -0.066458
0.451	      -0.085836
0.452	       -0.08955
0.453	      -0.092078
0.454	      -0.076743
0.455	      -0.099282
0.456	      -0.099656
0.457	      -0.086202
0.458	       -0.12322
0.459	      -0.090862
0.460	       -0.12896
0.461	      -0.095274
0.462	       -0.13468
0.463	       -0.11954
0.464	       -0.12187
0.465	        -0.1241
0.466	       -0.12843
0.467	        -0.1294
0.468	       -0.15049
0.469	       -0.13477
0.470	       -0.13768
0.471	       -0.13953
0.472	       -0.16133
0.473	       -0.16283
0.474	       -0.13139
0.475	        -0.1691
0.476	       -0.17151
0.477	       -0.13875
0.478	        -0.1765
0.479	       -0.17904
0.480	       -0.18139
0.481	       -0.16678
0.482	       -0.18582
0.483	       -0.17166
0.484	       -0.19197
0.485	       -0.19597
0.486	       -0.19741
0.487	       -0.19891
0.488	        -0.1692
0.489	       -0.20593
0.490	       -0.20842
0.491	       -0.21055
0.492	       -0.21211
0.493	       -0.21622
0.494	       -0.21658
0.495	       -0.21878
0.496	       -0.22146
0.497	       -0.22323
0.498	       -0.22518
0.499	       -0.22833
0.500	       -0.23054
0.501	       -0.23333
0.502	       -0.23627
0.503	       -0.23946
0.504	       -0.24305
0.505	       -0.26264
0.506	       -0.24718
0.507	       -0.24991
0.508	       -0.25067
0.509	       -0.26949
0.510	        -0.2549
0.511	       -0.25534
0.512	       -0.25985
0.513	       -0.29586
0.514	       -0.26568
0.515	       -0.26879
0.516	       -0.27157
0.517	       -0.28959
0.518	       -0.29082
0.519	       -0.27628
0.520	       -0.29728
0.521	       -0.28193
0.522	       -0.29873
0.523	       -0.28579
0.524	       -0.31867
0.525	       -0.28942
0.526	       -0.28382
0.527	        -0.3181
0.528	        -0.2921
0.529	       -0.28553
0.530	       -0.30302
0.531	       -0.29379
0.532	       -0.32873
0.533	       -0.31192
0.534	       -0.32815
0.535	       -0.31765
0.536	       -0.34247
0.537	       -0.30448
0.538	       -0.26559
0.539	        0.24491
0.540	        0.22926
0.541	        0.23196
0.542	        0.23284
0.543	        0.22564
0.544	        0.20534
0.545	        0.21417
0.546	        0.21244
0.547	          0.204
0.548	         0.1972
0.549	        0.17809
0.550	        0.18611
0.551	        0.18158
0.552	        0.16246
0.553	        0.16012
0.554	        0.17475
0.555	         0.1408
0.556	         0.1659
0.557	         0.1627
0.558	        0.14448
0.559	        0.14011
0.560	        0.15635
0.561	        0.13592
0.562	        0.13357
0.563	        0.14835
0.564	        0.10845
0.565	         0.1404
0.566	        0.11947
0.567	        0.11778
0.568	        0.11274
0.569	        0.11232
0.570	        0.10532
0.571	         0.0859
0.572	        0.10039
0.573	       0.097649
0.574	        0.09347
0.575	       0.075498
0.576	        0.10258
0.577	       0.066858
0.578	       0.081748
0.579	       0.078231
0.580	       0.057886
0.581	       0.054312
0.582	       0.085277
0.583	         0.0488
0.584	       0.044222
0.585	       0.057954
0.586	       0.039338
0.587	       0.036689
0.588	       0.048659
0.589	       0.029485
0.590	       0.043563
0.591	       0.023706
0.592	        0.02016
0.593	       0.018078
0.594	       0.031647
0.595	       0.010306
0.596	      0.0080366
0.597	      0.0039701
0.598	      0.0012416
0.599	     -0.0018906
0.600	     -0.0039484
0.601	     -0.0075936
0.602	      -0.010473
0.603	      -0.030241
0.604	      -0.017534
0.605	      -0.019287
0.606	      -0.022273
0.607	      -0.042839
0.608	      -0.027883
0.609	      -0.047984
0.610	      -0.035061
0.611	      -0.037228
0.612	      -0.056041
0.613	      -0.042623
0.614	      -0.046131
0.615	      -0.067022
0.616	      -0.068724
0.617	      -0.055362
0.618	      -0.056987
0.619	      -0.094882
0.620	      -0.062789
0.621	      -0.066431
0.622	       -0.10263
0.623	      -0.071856
0.624	      -0.091324
0.625	      -0.095915
0.626	      -0.096891
0.627	      -0.083566
0.628	       -0.11948
0.629	      -0.090147
0.630	       -0.10773
0.631	       -0.12729
0.632	      -0.098002
0.633	       -0.13345
0.634	       -0.10221
0.635	       -0.14018
0.636	       -0.10838
0.637	       -0.14526
0.638	       -0.12901
0.639	       -0.13194
0.640	       -0.14765
0.641	       -0.13496
0.642	       -0.13763
0.643	       -0.14177
0.644	       -0.16283
0.645	        -0.1465
0.646	       -0.14661
0.647	       -0.14768
0.648	        -0.1679
0.649	        -0.1686
0.650	        -0.1443
0.651	       -0.17677
0.652	       -0.18193
0.653	       -0.18777
0.654	       -0.19318
0.655	       -0.16653
0.656	        -0.1976
0.657	       -0.19625
0.658	       -0.19947
0.659	       -0.19716
0.660	       -0.18072
0.661	       -0.19457
0.662	       -0.16194
0.663	        0.16241
0.664	        0.14746
0.665	        0.13583
0.666	        0.12359
0.667	         0.1254
0.668	        0.13387
0.669	        0.10685
0.670	       0.099938
0.671	        0.12876
0.672	       0.091963
0.673	        0.12064
0.674	       0.085625
0.675	        0.11335
0.676	       0.080457
0.677	       0.090725
0.678	       0.083981
0.679	       0.083769
0.680	       0.064772
0.681	       0.074044
0.682	        0.07143
0.683	       0.055013
0.684	        0.06461
0.685	       0.047297
0.686	       0.042087
0.687	       0.038647
0.688	       0.065089
0.689	       0.033801
0.690	       0.030831
0.691	       0.028185
0.692	       0.022277
0.693	       0.021347
0.694	       0.018164
0.695	       0.031283
0.696	       0.012738
0.697	      0.0075122
0.698	      0.0053139
0.699	      0.0039473
0.700	     0.00014154
0.701	     -0.0011996
0.702	     -0.0055495
0.703	     -0.0083587
0.704	      -0.010907
0.705	      -0.028864
0.706	      -0.017166
0.707	      -0.020304
0.708	      -0.022626
0.709	      -0.024822
0.710	      -0.028505
0.711	      -0.030624
0.712	      -0.063666
0.713	      -0.038607
0.714	      -0.039711
0.715	       -0.04517
0.716	      -0.058608
0.717	      -0.051188
0.718	      -0.067226
0.719	      -0.054299
0.720	      -0.074137
0.721	      -0.073496
0.722	      -0.067303
0.723	      -0.097841
0.724	       -0.07216
0.725	      -0.076552
0.726	       -0.10743
0.727	      -0.080741
0.728	       -0.11394
0.729	      -0.086461
0.730	      -0.089663
0.731	       -0.11713
0.732	        -0.0949
0.733	       -0.10771
0.734	       -0.12641
0.735	      -0.097142
0.736	       -0.12729
0.737	        -0.1027
0.738	       -0.11362
0.739	       -0.13015
0.740	     -0.0094662
0.741	        0.10566
0.742	       0.069022
0.743	       0.064662
0.744	       0.089686
0.745	       0.060112
0.746	       0.054909
0.747	       0.052363
0.748	        0.07463
0.749	       0.047561
0.750	       0.058256
0.751	       0.042288
0.752	       0.036006
0.753	       0.032249
0.754	       0.046993
0.755	       0.026949
0.756	       0.024272
0.757	       0.018753
0.758	       0.015945
0.759	       0.014893
0.760	       0.010764
0.761	      0.0092118
0.762	      0.0053279
0.763	      0.0018408
0.764	       0.014262
0.765	     -0.0038083
0.766	     -0.0086997
0.767	       -0.01124
0.768	      -0.013503
0.769	      -0.016653
0.770	      -0.030859
0.771	       -0.02194
0.772	       -0.02745
0.773	      -0.027414
0.774	      -0.033073
0.775	      -0.059767
0.776	      -0.037748
0.777	      -0.039478
0.778	      -0.042321
0.779	      -0.045573
0.780	      -0.072495
0.781	      -0.047713
0.782	      -0.066268
0.783	      -0.054293
0.784	      -0.055825
0.785	      -0.068111
0.786	      -0.076587
0.787	      -0.072518
0.788	      -0.063776
0.789	       0.036949
0.790	       0.040282
0.791	       0.064628
0.792	       0.034884
0.793	        0.03087
0.794	       0.026068
0.795	       0.024502
0.796	       0.021528
0.797	        0.03202
0.798	       0.013631
0.799	       0.012467
0.800	      0.0089529
0.801	      0.0061175
0.802	      0.0040057
0.803	    -7.1988e-05
0.804	       0.013029
0.805	     -0.0063242
0.806	      -0.009333
0.807	      -0.013074
0.808	      -0.040366
0.809	       -0.01658
0.810	       -0.01884
0.811	      -0.023418
0.812	      -0.023194
0.813	      -0.026742
0.814	      -0.029776
0.815	      -0.045006
0.816	      -0.035652
0.817	      -0.034304
0.818	      -0.044092
0.819	       0.038327
0.820	       0.020119
0.821	       0.015238
0.822	       0.013866
0.823	       0.022907
0.824	      0.0063965
0.825	      0.0040811
0.826	     0.00022799
0.827	     -0.0024158
0.828	      -0.033475
0.829	      -0.007315
0.830	     -0.0086636
0.831	       -0.01298
0.832	     0.00092492
0.833	      -0.016211
0.834	      -0.019495
0.835	      0.0034389
0.836	      0.0086474
0.837	     -0.0079278
0.838	     0.00017353
0.839	    -0.00095058
0.840	     -0.0029632
0.841	     -0.0070126
0.842	     -0.0050075
0.843	      0.0010602
0.844	      0.0036931
0.845	     0.00095158
0.846	     -0.0034573
0.847	     2.9201e-05
0.848	      0.0018244
0.849	      0.0019046
0.850	       0.014932
0.851	     0.00026969
0.852	      0.0014091
0.853	    -0.00048402
0.854	      -0.012716
0.855	     0.00016055
0.856	    -0.00098656
0.857	     -0.0013356
0.858	      0.0014129
0.859	    -0.00077032
0.860	        0.00021
0.861	     0.00047044
0.862	     0.00090072
0.863	    -0.00030484
0.864	    -4.1724e-05
0.865	    -0.00089621
0.866	    -0.00024811
0.867	     0.00011498
0.868	       0.013753
0.869	     1.1622e-06
0.870	      0.0014871
0.871	     -0.0011273
0.872	     0.00061568
0.873	      -0.013605
0.874	    -8.4666e-06
0.875	     -0.0014041
0.876	     -0.0010342
0.877	     2.2113e-05
0.878	     -0.0016981
0.879	    -0.00043908
0.880	    -4.2801e-05
0.881	      0.0005817
0.882	    -5.6207e-05
0.883	    -0.00056293
0.884	    -0.00028451
0.885	     4.0286e-05
0.886	    -0.00079701
0.887	       0.014264
0.888	      -0.001632
0.889	    -0.00085055
0.890	     0.00034425
0.891	        -0.0124
0.892	     0.00069203
0.893	    -0.00032606
0.894	     -0.0010233
0.895	     0.00017652
0.896	      -0.002954
0.897	      0.0017435
0.898	    -0.00077246
0.899	    -0.00087512
0.900	     0.00035409
0.901	      1.657e-05
0.902	      0.0014345
0.903	    -2.2458e-05
0.904	     0.00015818
0.905	    -0.00039669
0.906	       0.014749
0.907	     0.00010151
0.908	     -0.0022303
0.909	      0.0020227
0.910	    -0.00047095
0.911	      -0.011096
0.912	    -0.00071015
0.913	     0.00037883
0.914	     -0.0015918
0.915	     -0.0013585
0.916	      0.0011126
0.917	    -0.00063907
0.918	     -0.0012211
0.919	     0.00072218
0.920	     -0.0015461
0.921	     0.00040141
0.922	      0.0010646
0.923	    -0.00047478
0.924	     0.00051983
0.925	     -0.0015086
0.926	       0.014822
0.927	     0.00041036
0.928	     -0.0007498
0.929	     -0.0017854
0.930	     -0.0010519
0.931	     -0.0095401
0.932	     0.00015368
0.933	    -2.3256e-05
0.934	     -0.0013587
0.935	    -0.00022757
0.936	     -0.0017379
0.937	    -0.00018476
0.938	     0.00074781
0.939	     -0.0020997
0.940	     0.00082972
0.941	     0.00032021
0.942	     -0.0004037
0.943	      0.0015113
0.944	     -0.0019038
0.945	    -0.00025072
0.946	     0.00054097
0.947	       0.014641
0.948	    -0.00038278
0.949	     -0.0019445
0.950	     -0.0004285
0.951	     0.00091008
0.952	      -0.010935
0.953	      0.0006774
0.954	      -0.001673
0.955	      -0.001081
0.956	     -0.0012205
0.957	     1.6856e-05
0.958	    -0.00032456
0.959	     -0.0013462
0.960	    -0.00031704
0.961	    -0.00010046
0.962	    -0.00034935
0.963	     0.00043427
0.964	     -0.0013664
0.965	    -0.00050961
0.966	       0.001122
0.967	    -0.00048102
0.968	     0.00053157
0.969	       0.013942
0.970	    -0.00019407
0.971	      0.0011554
0.972	    -0.00021643
0.973	    -0.00047224
0.974	      -0.011282
0.975	     -0.0013002
0.976	     0.00038022
0.977	     3.3129e-05
0.978	    -0.00073848
0.979	     -0.0015075
0.980	    -0.00010649
0.981	    -0.00019911
0.982	     0.00080825
0.983	     0.00071639
0.984	    -0.00016707
0.985	     -0.0024716
0.986	     0.00075207
0.987	    -0.00041984
0.988	    -0.00019696
0.989	    -0.00029881
0.990	     0.00050663
0.991	      0.0013982
0.992	     -0.0021374
0.993	     0.00084386
0.994	        0.01496
0.995	    -0.00071546
0.996	    -0.00078947
0.997	     -0.0011738
0.998	    -0.00025621
0.999	    -0.00064299
1.000	      -0.010675
1.001	     1.4877e-05
1.002	     0.00033624
1.003	     -0.0009889
1.004	    -0.00059315
1.005	     -0.0012334
1.006	    -0.00012038
1.007	     -0.0006227
1.008	     -0.0005493
1.009	     -0.0013494
1.010	     9.4579e-05
1.011	    -0.00083496
1.012	     0.00080599
1.013	     -0.0017204
1.014	      0.0014612
1.015	     -0.0018211
1.016	      0.0012557
1.017	     -0.0015332
1.018	     0.00033274
1.019	     -0.0018604
1.020	     0.00049169
1.021	    -0.00012663
1.022	     0.00037414
1.023	       0.014509
1.024	    -0.00064349
1.025	    -0.00063735
1.026	    -0.00087911
1.027	    -0.00020543
1.028	    -0.00053919
1.029	     -0.0093979
1.030	     -0.0011689
1.031	     0.00071206
1.032	    -0.00072703
1.033	     0.00059976
1.034	    -0.00091884
1.035	     -0.0016529
1.036	      0.0005152
1.037	     -0.0017074
1.038	    -0.00076299
1.039	     -0.0004711
1.040	    -0.00021066
1.041	     1.1485e-05
1.042	    -0.00027865
1.043	    -0.00011211
1.044	    -0.00038131
1.045	     -0.0019678
1.046	     0.00040309
1.047	    -0.00055321
1.048	     -0.0010123
1.049	    -0.00072776
1.050	      0.0007727
1.051	    -0.00055059
1.052	     0.00079434
1.053	    -0.00095837
1.054	    -0.00016216
1.055	    -0.00091057
1.056	     3.1689e-05
1.057	     -0.0005566
1.058	       0.012292
1.059	      -0.012515
1.060	    -3.0228e-05
1.061	      -0.001107
1.062	    -0.00021459
1.063	     0.00011085
1.064	      0.0039651
1.065	     -0.0021633
1.066	    -0.00055557
1.067	    -0.00052748
1.068	     -0.0012739
1.069	    -0.00074493
1.070	      -0.000197
1.071	    -0.00010079
1.072	    -0.00087362
1.073	      -0.001077
1.074	     0.00025621
1.075	     -0.0015495
1.076	      0.0001301
1.077	     -0.0012399
1.078	    -0.00032637
1.079	     -0.0010858
1.080	     -0.0010193
1.081	     0.00070801
1.082	    -0.00012287
1.083	     0.00060998
1.084	     -0.0016257
1.085	    -0.00035143
1.086	    -0.00098252
1.087	     -0.0015077
1.088	    -0.00026173
1.089	      0.0004377
1.090	     -0.0012168
1.091	     -0.0012182
1.092	     0.00094676
1.093	    -0.00041188
1.094	     -0.0003467
1.095	     -0.0019586
1.096	      0.0010921
1.097	     -0.0022955
1.098	      0.0015448
1.099	    -0.00014238
1.100	     -0.0014667
1.101	    -4.8833e-05
1.102	     -0.0005605
1.103	      0.0056392
1.104	     -0.0023351
1.105	    -0.00053104
1.106	    -0.00047797
1.107	     -0.0015551
1.108	     -0.0021043
1.109	     -0.0002193
1.110	     -0.0012971
1.111	     0.00016003
1.112	     -0.0011315
1.113	     -0.0007296
1.114	    -0.00014777
1.115	     -0.0029079
1.116	      3.439e-05
1.117	     -0.0014061
1.118	     8.9178e-06
1.119	    -7.0816e-05
1.120	     -0.0010378
1.121	     0.00029623
1.122	     -0.0027079
1.123	      0.0017062
1.124	     -0.0025116
1.125	      0.0013882
1.126	     -0.0018246
1.127	      0.0005937
1.128	      -0.001322
1.129	    -7.8722e-05
1.130	     -0.0011164
1.131	      0.0013916
1.132	     0.00022445
1.133	     0.00037928
1.134	    -0.00052696
1.135	     -0.0013718
1.136	      0.0023606
1.137	     -0.0019396
1.138	    -0.00037783
1.139	     0.00044989
1.140	      0.0059544
1.141	     -0.0010592
1.142	    -0.00018283
1.143	     -6.547e-05
1.144	     -0.0014023
1.145	    -0.00039865
1.146	    -0.00028609
1.147	     -0.0029294
1.148	      0.0004845
1.149	      -0.001213
1.150	     0.00023029
1.151	     -0.0012055
1.152	    -0.00012331
1.153	    -0.00087613
1.154	    -0.00075884
1.155	       0.001495
1.156	     -0.0026391
1.157	    -0.00047273
1.158	     -0.0011884
1.159	    -0.00057681
1.160	     0.00088672
1.161	     -0.0010519
1.162	    -0.00019347
1.163	     0.00047444
1.164	    -1.6986e-05
1.165	    -0.00075388
1.166	     -0.0018547
1.167	    -8.9769e-06
1.168	    -0.00098215
1.169	    -0.00025526
1.170	     0.00080052
1.171	     -0.0010723
1.172	      0.0012032
1.173	    -0.00031555
1.174	     0.00023484
1.175	      -0.012932
1.176	     -0.0029317
1.177	     0.00036345
1.178	     -0.0013473
1.179	     0.00033606
1.180	       0.021082
1.181	    -0.00086359
1.182	     -0.0014182
1.183	    -0.00050275
1.184	     0.00060636
1.185	    -0.00083386
1.186	     -0.0013143
1.187	     -0.0021861
1.188	    -0.00038776
1.189	    -0.00040893
1.190	    -0.00046239
1.191	      0.0007979
1.192	      -0.001879
1.193	    -0.00021305
1.194	     0.00065651
1.195	    -0.00054837
1.196	     -0.0022135
1.197	    -0.00073628
1.198	    -0.00054971
1.199	      0.0015834
1.200	     -0.0017807
1.201	    -0.00019805
1.202	     -0.0017939
1.203	      0.0013788
1.204	     -0.0001516
1.205	    -0.00094982
1.206	    -0.00056391
1.207	     -0.0015558
1.208	     -0.0013375
1.209	     0.00054069
1.210	     0.00031236
1.211	     0.00030446
1.212	     -0.0010856
1.213	     0.00097801
1.214	     0.00073926
1.215	      -0.013178
1.216	    -0.00054036
1.217	     -0.0012086
1.218	     0.00061225
1.219	    -0.00036447
1.220	     -0.0012779
1.221	       0.020459
1.222	    -0.00014176
1.223	     -0.0005869
1.224	    -0.00079042
1.225	     -0.0016945
1.226	    -9.6655e-05
1.227	     -0.0026217
1.228	     0.00079114
1.229	    -0.00065863
1.230	     -0.0018819
1.231	     0.00033636
1.232	    -5.2575e-05
1.233	    -0.00055062
1.234	     -0.0015903
1.235	     0.00080497
1.236	     -0.0012555
1.237	     -0.0020424
1.238	    -0.00050228
1.239	    -0.00010854
1.240	     4.6869e-06
1.241	     0.00021355
1.242	    -0.00059784
1.243	    -0.00053075
1.244	     -5.139e-05
1.245	     -0.0015028
1.246	    -4.8485e-06
1.247	    -0.00086004
1.248	    -3.0655e-05
1.249	     -0.0003073
1.250	     0.00018542
1.251	    -0.00034972
1.252	     -0.0095984
1.253	    -0.00053035
1.254	     0.00028731
1.255	    -0.00023748
1.256	    -0.00068579
1.257	     -0.0016888
1.258	     0.00015237
1.259	      0.0013789
1.260	       0.019022
1.261	      0.0008838
1.262	     -0.0015984
1.263	     0.00023841
1.264	     0.00059598
1.265	     -0.0010349
1.266	     -0.0003404
1.267	     -0.0011106
1.268	    -0.00011039
1.269	    -0.00064378
1.270	     0.00016374
1.271	      0.0001506
1.272	     -0.0005779
1.273	      0.0010813
1.274	    -0.00066353
1.275	     -0.0014073
1.276	    -0.00012846
1.277	    -0.00042423
1.278	    -0.00025476
1.279	     -0.0013373
1.280	     0.00027071
1.281	    -0.00034141
1.282	    -9.5151e-06
1.283	      0.0013247
1.284	    -0.00083146
1.285	    -0.00030589
1.286	     -0.0012942
1.287	     -0.0010062
1.288	     0.00063193
1.289	    -0.00045479
1.290	       -0.00162
1.291	      0.0028599
1.292	     -0.0022156
1.293	      0.0012893
1.294	    -0.00082934
1.295	     0.00025611
1.296	    -0.00055982
1.297	    -0.00032135
1.298	    -4.8171e-05
1.299	     0.00037675
