t	velX	velY
0.002381	-0.004383	0.001111
0.003905	-0.009495	0.001270
0.005429	-0.015549	0.001524
0.006952	-0.021612	0.001524
0.008476	-0.027681	0.001524
0.010000	-0.033743	0.001524
0.011667	-0.039776	0.001524
0.013333	-0.046367	0.001667
0.015000	-0.052948	0.001667
0.016667	-0.059553	0.001667
0.018333	-0.066106	0.001667
0.020000	-0.072653	0.001667
0.021667	-0.079135	0.001667
0.023333	-0.085688	0.001667
0.025000	-0.092223	0.001667
0.026667	-0.098687	0.001667
0.028333	-0.105094	0.001667
0.030000	-0.111614	0.001667
0.031667	-0.118000	0.001667
0.033333	-0.124510	0.001667
0.035000	-0.130923	0.001667
0.036667	-0.137219	0.001667
0.038333	-0.143699	0.001667
0.040000	-0.149951	0.001667
0.041429	-0.156415	0.001667
0.042857	-0.161680	0.001429
0.044286	-0.167242	0.001429
0.045714	-0.172542	0.001429
0.047143	-0.178099	0.001429
0.048095	-0.183354	0.001429
0.049048	-0.186947	0.000952
0.050000	-0.190484	0.000952
0.051000	-0.194210	0.000952
0.052125	-0.198041	0.001000
0.053250	-0.202206	0.001125
0.054375	-0.206553	0.001125
0.055500	-0.210700	0.001125
0.056625	-0.215075	0.001125
0.057750	-0.219233	0.001125
0.058875	-0.223548	0.001125
0.059437	-0.227722	0.001125
0.060000	-0.229711	0.000562
0.060667	-0.231849	0.000562
0.061385	-0.234395	0.000667
0.062168	-0.237222	0.000718
0.063038	-0.240183	0.000783
0.063908	-0.243341	0.000870
0.064779	-0.246700	0.000870
0.065649	-0.249986	0.000870
0.066519	-0.253268	0.000870
0.067389	-0.256502	0.000870
0.068260	-0.259591	0.000870
0.069130	-0.262986	0.000870
0.070000	-0.266077	0.000870
0.070909	-0.269420	0.000870
0.071818	-0.272607	0.000909
0.072727	-0.276173	0.000909
0.073636	-0.279281	0.000909
0.074432	-0.282752	0.000909
0.075227	-0.285403	0.000795
0.076023	-0.288524	0.000795
0.076818	-0.291353	0.000795
0.077614	-0.294346	0.000795
0.078409	-0.297213	0.000795
0.079205	-0.300290	0.000795
0.080000	-0.303187	0.000795
0.080769	-0.306177	0.000795
0.081538	-0.308947	0.000769
0.082308	-0.311784	0.000769
0.083077	-0.314617	0.000769
0.083846	-0.317298	0.000769
0.084615	-0.320217	0.000769
0.085385	-0.322768	0.000769
0.086154	-0.325681	0.000769
0.086923	-0.328361	0.000769
0.087692	-0.331251	0.000769
0.088462	-0.333894	0.000769
0.089231	-0.336743	0.000769
0.089615	-0.339377	0.000769
0.090000	-0.340373	0.000385
0.090455	-0.341464	0.000385
0.090957	-0.343135	0.000455
0.091522	-0.344860	0.000502
0.092128	-0.346614	0.000565
0.092784	-0.348795	0.000606
0.093440	-0.350968	0.000656
0.094096	-0.352956	0.000656
0.094752	-0.355023	0.000656
0.095408	-0.356833	0.000656
0.096064	-0.359020	0.000656
0.096720	-0.360722	0.000656
0.097376	-0.362951	0.000656
0.098032	-0.364669	0.000656
0.098688	-0.366854	0.000656
0.099344	-0.368744	0.000656
0.100000	-0.370860	0.000656
0.100667	-0.372714	0.000656
0.101333	-0.375038	0.000667
0.102000	-0.376931	0.000667
0.102667	-0.379432	0.000667
0.103333	-0.381309	0.000667
0.104000	-0.383657	0.000667
0.104600	-0.385631	0.000667
0.105200	-0.387736	0.000600
0.105800	-0.389482	0.000600
0.106400	-0.391707	0.000600
0.107000	-0.393650	0.000600
0.107600	-0.395775	0.000600
0.108200	-0.397939	0.000600
0.108800	-0.400002	0.000600
0.109400	-0.402201	0.000600
0.110000	-0.404339	0.000600
0.110588	-0.406487	0.000600
0.111176	-0.408519	0.000588
0.111765	-0.410627	0.000588
0.112353	-0.412595	0.000588
0.112899	-0.414769	0.000588
0.113491	-0.416370	0.000546
0.114083	-0.418635	0.000592
0.114674	-0.420512	0.000592
0.115266	-0.422633	0.000592
0.115858	-0.424462	0.000592
0.116450	-0.426624	0.000592
0.116957	-0.428403	0.000592
0.117464	-0.430099	0.000507
0.117971	-0.431589	0.000507
0.118478	-0.433547	0.000507
0.118986	-0.435020	0.000507
0.119493	-0.436977	0.000507
0.120000	-0.438608	0.000507
0.120556	-0.440341	0.000507
0.121111	-0.442315	0.000556
0.121667	-0.444096	0.000556
0.122222	-0.446073	0.000556
0.122778	-0.447954	0.000556
0.123294	-0.449932	0.000556
0.123853	-0.451427	0.000516
0.124411	-0.453337	0.000559
0.124919	-0.455045	0.000559
0.125427	-0.456709	0.000508
0.125936	-0.458003	0.000508
0.126444	-0.459794	0.000508
0.126952	-0.460969	0.000508
0.127460	-0.462710	0.000508
0.127968	-0.463860	0.000508
0.128476	-0.465553	0.000508
0.128984	-0.466749	0.000508
0.129492	-0.468357	0.000508
0.130000	-0.469568	0.000508
0.130526	-0.471198	0.000508
0.131053	-0.472562	0.000526
0.131579	-0.474220	0.000526
0.132105	-0.475577	0.000526
0.132632	-0.477321	0.000526
0.133123	-0.478657	0.000526
0.133614	-0.480153	0.000491
0.134105	-0.481533	0.000491
0.134596	-0.483215	0.000491
0.135088	-0.484905	0.000491
0.135579	-0.486585	0.000491
0.136070	-0.488496	0.000491
0.136561	-0.490477	0.000491
0.137053	-0.492566	0.000491
0.137544	-0.494596	0.000491
0.138035	-0.496338	0.000491
0.138526	-0.497936	0.000491
0.139018	-0.499579	0.000491
0.139509	-0.501157	0.000491
0.140000	-0.502813	0.000491
0.140500	-0.504053	0.000491
0.141000	-0.505825	0.000500
0.141500	-0.507013	0.000500
0.141972	-0.508779	0.000500
0.142474	-0.509821	0.000472
0.142976	-0.511584	0.000502
0.143444	-0.512811	0.000502
0.143912	-0.514327	0.000468
0.144381	-0.515452	0.000468
0.144813	-0.517121	0.000468
0.145245	-0.517732	0.000432
0.145721	-0.519294	0.000432
0.146149	-0.520385	0.000475
0.146576	-0.521757	0.000428
0.147004	-0.522556	0.000428
0.147432	-0.524103	0.000428
0.147860	-0.525312	0.000428
0.148288	-0.526711	0.000428
0.148716	-0.528030	0.000428
0.149144	-0.529012	0.000428
0.149572	-0.530464	0.000428
0.150000	-0.531336	0.000428
0.150455	-0.532897	0.000428
0.150909	-0.534038	0.000455
0.151342	-0.535604	0.000455
0.151798	-0.536375	0.000433
0.152229	-0.537955	0.000456
0.152661	-0.538718	0.000432
0.153093	-0.540212	0.000432
0.153524	-0.541165	0.000432
0.153956	-0.542634	0.000432
0.154388	-0.543889	0.000432
0.154820	-0.545053	0.000432
0.155251	-0.546315	0.000432
0.155647	-0.547358	0.000432
0.156082	-0.548424	0.000396
0.156518	-0.549553	0.000435
0.156953	-0.550882	0.000435
0.157388	-0.551972	0.000435
0.157761	-0.553313	0.000435
0.158134	-0.553820	0.000373
0.158508	-0.555111	0.000373
0.158881	-0.555854	0.000373
0.159254	-0.556942	0.000373
0.159627	-0.558065	0.000373
0.160000	-0.558841	0.000373
0.160400	-0.560050	0.000373
0.160800	-0.560850	0.000400
0.161218	-0.562190	0.000400
0.161636	-0.563260	0.000418
0.162055	-0.564610	0.000418
0.162433	-0.565551	0.000418
0.162831	-0.566416	0.000378
0.163253	-0.567744	0.000398
0.163650	-0.568853	0.000422
0.164047	-0.570026	0.000397
0.164444	-0.570782	0.000397
0.164840	-0.572151	0.000397
0.165237	-0.572893	0.000397
0.165634	-0.574284	0.000397
0.166031	-0.574984	0.000397
0.166392	-0.576114	0.000397
0.166753	-0.576883	0.000361
0.167114	-0.578075	0.000361
0.167474	-0.579278	0.000361
0.167835	-0.580057	0.000361
0.168196	-0.581223	0.000361
0.168557	-0.581769	0.000361
0.168918	-0.582831	0.000361
0.169278	-0.583864	0.000361
0.169639	-0.584593	0.000361
0.170000	-0.585944	0.000361
0.170370	-0.586680	0.000361
0.170714	-0.588060	0.000370
0.171071	-0.588405	0.000344
0.171443	-0.589426	0.000357
0.171815	-0.590570	0.000372
0.172171	-0.591277	0.000372
0.172527	-0.592421	0.000356
0.172883	-0.593031	0.000356
0.173239	-0.594152	0.000356
0.173577	-0.594823	0.000356
0.173934	-0.595557	0.000338
0.174291	-0.596753	0.000357
0.174647	-0.597187	0.000357
0.175004	-0.598515	0.000357
0.175361	-0.598909	0.000357
0.175718	-0.600067	0.000357
0.176047	-0.600835	0.000357
0.176407	-0.601472	0.000329
0.176733	-0.602798	0.000359
0.177096	-0.602979	0.000327
0.177459	-0.604345	0.000363
0.177777	-0.605074	0.000363
0.178094	-0.605783	0.000318
0.178412	-0.606669	0.000318
0.178730	-0.606972	0.000318
0.179047	-0.608067	0.000318
0.179365	-0.608557	0.000318
0.179682	-0.609338	0.000318
0.180000	-0.610502	0.000318
0.180345	-0.610866	0.000318
0.180702	-0.612015	0.000345
0.181060	-0.612829	0.000358
0.181418	-0.613878	0.000358
0.181761	-0.614758	0.000358
0.182104	-0.615388	0.000343
0.182448	-0.616574	0.000343
0.182807	-0.616661	0.000343
0.183167	-0.617595	0.000360
0.183508	-0.618096	0.000360
0.183850	-0.618487	0.000342
0.184212	-0.619120	0.000342
0.184533	-0.619570	0.000362
0.184875	-0.620185	0.000322
0.185217	-0.620104	0.000342
0.185558	-0.620776	0.000342
0.185876	-0.620892	0.000342
0.186219	-0.621006	0.000317
0.186563	-0.621779	0.000344
0.186907	-0.621992	0.000344
0.187250	-0.622805	0.000344
0.187556	-0.623029	0.000344
0.187861	-0.623367	0.000306
0.188167	-0.624081	0.000306
0.188472	-0.624365	0.000306
0.188778	-0.625172	0.000306
0.189083	-0.625516	0.000306
0.189389	-0.625927	0.000306
0.189694	-0.626766	0.000306
0.190000	-0.627146	0.000306
0.190333	-0.627858	0.000306
0.190667	-0.628524	0.000333
0.191000	-0.629004	0.000333
0.191346	-0.630205	0.000333
0.191692	-0.630836	0.000346
0.192025	-0.631795	0.000346
0.192344	-0.632409	0.000332
0.192692	-0.632890	0.000319
0.193009	-0.633992	0.000348
0.193342	-0.634413	0.000318
0.193693	-0.635659	0.000333
0.194025	-0.636364	0.000350
0.194376	-0.637279	0.000332
0.194707	-0.637929	0.000351
0.195038	-0.638470	0.000331
0.195369	-0.639232	0.000331
0.195699	-0.639821	0.000331
0.196030	-0.641128	0.000331
0.196361	-0.641467	0.000331
0.196664	-0.642372	0.000331
0.196998	-0.642657	0.000303
0.197298	-0.643273	0.000334
0.197598	-0.644169	0.000300
0.197899	-0.644412	0.000300
0.198199	-0.645471	0.000300
0.198499	-0.645891	0.000300
0.198799	-0.646410	0.000300
0.199099	-0.647221	0.000300
0.199400	-0.647530	0.000300
0.199700	-0.648373	0.000300
0.200000	-0.648789	0.000300
0.200323	-0.649380	0.000300
0.200645	-0.650606	0.000323
0.200968	-0.650811	0.000323
0.201279	-0.651739	0.000323
0.201591	-0.652100	0.000311
0.201902	-0.652517	0.000311
0.202202	-0.653346	0.000311
0.202527	-0.653832	0.000300
0.202826	-0.654915	0.000325
0.203138	-0.655099	0.000299
0.203450	-0.655492	0.000312
0.203777	-0.656314	0.000312
0.204088	-0.656906	0.000328
0.204400	-0.657956	0.000311
0.204711	-0.658096	0.000311
0.205041	-0.658517	0.000311
0.205372	-0.659282	0.000331
0.205680	-0.659733	0.000331
0.205989	-0.660512	0.000309
0.206297	-0.660633	0.000309
0.206582	-0.661504	0.000309
0.206893	-0.661462	0.000285
0.207204	-0.661976	0.000311
0.207514	-0.662984	0.000311
0.207825	-0.663187	0.000311
0.208097	-0.664066	0.000311
0.208369	-0.663784	0.000272
0.208641	-0.663930	0.000272
0.208913	-0.664837	0.000272
0.209184	-0.664886	0.000272
0.209456	-0.664917	0.000272
0.209728	-0.665390	0.000272
0.210000	-0.665733	0.000272
0.210303	-0.666419	0.000272
0.210616	-0.667290	0.000303
0.210919	-0.668144	0.000313
0.211232	-0.669081	0.000303
0.211569	-0.670088	0.000313
0.211906	-0.671212	0.000337
0.212243	-0.672598	0.000337
0.212581	-0.673744	0.000337
0.212918	-0.675382	0.000337
0.213255	-0.676738	0.000337
0.213592	-0.678007	0.000337
0.213913	-0.678862	0.000337
0.214251	-0.680001	0.000320
0.214589	-0.680906	0.000338
0.214927	-0.682231	0.000338
0.215244	-0.682727	0.000338
0.215561	-0.683574	0.000317
0.215878	-0.684035	0.000317
0.216195	-0.684363	0.000317
0.216513	-0.685155	0.000317
0.216830	-0.685725	0.000317
0.217147	-0.686732	0.000317
0.217464	-0.687066	0.000317
0.217781	-0.688149	0.000317
0.218098	-0.688389	0.000317
0.218415	-0.688940	0.000317
0.218732	-0.689391	0.000317
0.218985	-0.689999	0.000317
0.219239	-0.690358	0.000254
0.219493	-0.690671	0.000254
0.219746	-0.690983	0.000254
0.220000	-0.691606	0.000254
0.220278	-0.691820	0.000254
0.220572	-0.692849	0.000278
0.220867	-0.693199	0.000295
0.221171	-0.693371	0.000295
0.221476	-0.694310	0.000304
0.221792	-0.694432	0.000304
0.222096	-0.695601	0.000316
0.222400	-0.695824	0.000304
0.222704	-0.696442	0.000304
0.222995	-0.696867	0.000304
0.223287	-0.697208	0.000292
0.223592	-0.698359	0.000292
0.223884	-0.698468	0.000305
0.224190	-0.699205	0.000291
0.224495	-0.699463	0.000306
0.224801	-0.699975	0.000306
0.225090	-0.700680	0.000306
0.225379	-0.700709	0.000289
0.225687	-0.701654	0.000289
0.225974	-0.701903	0.000308
0.226262	-0.702430	0.000288
0.226550	-0.702965	0.000288
0.226837	-0.703292	0.000288
0.227125	-0.704174	0.000288
0.227412	-0.704162	0.000288
0.227700	-0.704778	0.000288
0.227987	-0.705132	0.000288
0.228275	-0.705447	0.000288
0.228562	-0.706420	0.000288
0.228850	-0.706550	0.000288
0.229137	-0.707347	0.000288
0.229425	-0.707610	0.000288
0.229712	-0.707936	0.000288
0.230000	-0.708675	0.000288
0.230286	-0.708742	0.000288
0.230571	-0.709755	0.000286
0.230849	-0.709821	0.000286
0.231126	-0.710271	0.000277
0.231412	-0.711082	0.000277
0.231699	-0.711131	0.000286
0.231985	-0.712268	0.000286
0.232252	-0.712295	0.000286
0.232529	-0.712470	0.000267
0.232828	-0.713351	0.000277
0.233114	-0.713643	0.000299
0.233401	-0.714418	0.000287
0.233688	-0.714562	0.000287
0.233963	-0.715014	0.000287
0.234250	-0.715543	0.000274
0.234538	-0.715994	0.000287
0.234811	-0.716685	0.000287
0.235099	-0.716681	0.000273
0.235371	-0.717491	0.000288
0.235661	-0.717900	0.000272
0.235950	-0.718093	0.000289
0.236239	-0.718838	0.000289
0.236508	-0.719075	0.000289
0.236799	-0.719498	0.000269
0.237090	-0.720061	0.000291
0.237381	-0.720237	0.000291
0.237672	-0.721119	0.000291
0.237931	-0.721128	0.000291
0.238189	-0.721668	0.000259
0.238448	-0.721899	0.000259
0.238707	-0.722142	0.000259
0.238965	-0.722970	0.000259
0.239224	-0.722649	0.000259
0.239483	-0.723388	0.000259
0.239741	-0.723916	0.000259
0.240000	-0.724066	0.000259
0.240278	-0.724587	0.000259
0.240548	-0.724963	0.000278
0.240826	-0.725180	0.000270
0.241113	-0.725789	0.000278
0.241382	-0.726037	0.000287
0.241669	-0.726780	0.000269
0.241956	-0.727307	0.000287
0.242234	-0.727635	0.000287
0.242511	-0.728027	0.000277
0.242788	-0.728236	0.000277
0.243046	-0.728972	0.000277
0.243324	-0.729158	0.000258
0.243602	-0.729705	0.000278
0.243881	-0.730183	0.000278
0.244172	-0.730121	0.000278
0.244437	-0.730964	0.000291
0.244715	-0.730914	0.000265
0.244979	-0.731632	0.000278
0.245258	-0.731805	0.000264
0.245522	-0.731943	0.000279
0.245802	-0.732458	0.000263
0.246081	-0.732812	0.000280
0.246343	-0.733291	0.000280
0.246604	-0.733536	0.000261
0.246865	-0.733760	0.000261
0.247126	-0.734272	0.000261
0.247388	-0.734631	0.000261
0.247649	-0.734913	0.000261
0.247910	-0.735425	0.000261
0.248171	-0.735369	0.000261
0.248433	-0.735871	0.000261
0.248694	-0.735983	0.000261
0.248955	-0.735770	0.000261
0.249216	-0.736190	0.000261
0.249478	-0.736047	0.000261
0.249739	-0.736220	0.000261
0.250000	-0.736083	0.000261
0.250270	-0.735727	0.000261
0.250541	-0.736237	0.000270
0.250803	-0.736016	0.000270
0.251074	-0.735697	0.000263
0.251329	-0.735713	0.000270
0.251600	-0.735091	0.000255
0.251871	-0.735544	0.000271
0.252125	-0.735626	0.000271
0.252387	-0.735162	0.000254
0.252650	-0.735653	0.000263
0.252912	-0.735273	0.000263
0.253175	-0.735700	0.000263
0.253459	-0.735684	0.000263
0.253721	-0.735640	0.000284
0.253994	-0.736002	0.000262
0.254267	-0.735979	0.000273
0.254540	-0.736339	0.000273
0.254813	-0.736544	0.000273
0.255072	-0.736200	0.000273
0.255346	-0.736743	0.000259
0.255605	-0.737006	0.000274
0.255863	-0.737295	0.000259
0.256139	-0.737546	0.000259
0.256396	-0.737426	0.000276
0.256654	-0.737793	0.000257
0.256911	-0.737802	0.000257
0.257169	-0.738217	0.000257
0.257426	-0.738759	0.000257
0.257683	-0.738574	0.000257
0.257915	-0.739304	0.000257
0.258147	-0.739377	0.000232
0.258378	-0.739309	0.000232
0.258610	-0.739923	0.000232
0.258842	-0.740061	0.000232
0.259073	-0.739937	0.000232
0.259305	-0.740461	0.000232
0.259537	-0.740613	0.000232
0.259768	-0.740540	0.000232
0.260000	-0.741012	0.000232
0.260256	-0.741124	0.000232
0.260513	-0.741540	0.000256
0.260769	-0.742057	0.000256
0.261026	-0.742184	0.000256
0.261290	-0.742859	0.000256
0.261546	-0.743127	0.000264
0.261810	-0.743101	0.000256
0.262058	-0.743872	0.000264
0.262314	-0.743705	0.000248
0.262579	-0.744267	0.000256
0.262827	-0.744786	0.000265
0.263083	-0.744444	0.000247
0.263349	-0.745323	0.000256
0.263595	-0.745602	0.000266
0.263862	-0.745488	0.000246
0.264108	-0.746237	0.000267
0.264353	-0.745865	0.000246
0.264610	-0.746668	0.000246
0.264867	-0.746931	0.000257
0.265111	-0.746720	0.000257
0.265368	-0.747446	0.000244
0.265626	-0.747633	0.000257
0.265883	-0.747504	0.000257
0.266140	-0.748234	0.000257
0.266398	-0.747877	0.000257
0.266638	-0.748557	0.000257
0.266878	-0.748706	0.000240
0.267138	-0.748519	0.000240
0.267377	-0.749249	0.000260
0.267615	-0.749191	0.000238
0.267854	-0.749117	0.000238
0.268092	-0.749359	0.000238
0.268331	-0.749085	0.000238
0.268569	-0.749468	0.000238
0.268808	-0.749690	0.000238
0.269046	-0.749421	0.000238
0.269285	-0.749735	0.000238
0.269523	-0.749924	0.000238
0.269762	-0.749637	0.000238
0.270000	-0.749850	0.000238
0.270256	-0.749768	0.000238
0.270506	-0.749705	0.000256
0.270763	-0.749948	0.000250
0.271019	-0.749555	0.000257
0.271269	-0.749730	0.000257
0.271526	-0.749791	0.000249
0.271775	-0.749425	0.000257
0.272032	-0.749741	0.000249
0.272289	-0.749421	0.000257
0.272555	-0.749557	0.000257
0.272812	-0.750295	0.000266
0.273078	-0.750066	0.000257
0.273334	-0.750897	0.000266
0.273612	-0.751487	0.000256
0.273890	-0.752357	0.000278
0.274167	-0.753170	0.000278
0.274433	-0.754209	0.000278
0.274711	-0.755347	0.000265
0.274989	-0.756620	0.000278
0.275268	-0.757880	0.000278
0.275531	-0.758741	0.000278
0.275793	-0.758796	0.000263
0.276056	-0.759732	0.000263
0.276319	-0.759998	0.000263
0.276602	-0.760544	0.000263
0.276864	-0.761501	0.000283
0.277125	-0.761363	0.000261
0.277365	-0.761979	0.000261
0.277604	-0.761500	0.000240
0.277844	-0.761907	0.000240
0.278083	-0.762641	0.000240
0.278323	-0.762252	0.000240
0.278563	-0.762749	0.000240
0.278802	-0.763206	0.000240
0.279042	-0.763001	0.000240
0.279281	-0.763603	0.000240
0.279521	-0.763490	0.000240
0.279760	-0.763549	0.000240
0.280000	-0.764182	0.000240
0.280250	-0.763862	0.000240
0.280507	-0.764522	0.000250
0.280756	-0.765189	0.000257
0.281000	-0.765077	0.000250
0.281257	-0.765611	0.000243
0.281500	-0.765832	0.000257
0.281750	-0.765704	0.000243
0.281992	-0.766483	0.000250
0.282251	-0.766338	0.000243
0.282501	-0.766752	0.000258
0.282743	-0.766995	0.000250
0.282993	-0.766921	0.000242
0.283243	-0.767706	0.000250
0.283484	-0.767342	0.000250
0.283735	-0.767369	0.000241
0.283976	-0.768344	0.000251
0.284217	-0.767964	0.000241
0.284458	-0.768305	0.000241
0.284710	-0.768628	0.000241
0.284962	-0.768668	0.000252
0.285191	-0.769452	0.000252
0.285420	-0.768696	0.000229
0.285674	-0.768754	0.000229
0.285915	-0.769684	0.000254
0.286155	-0.769322	0.000240
0.286395	-0.769686	0.000240
0.286635	-0.770145	0.000240
0.286876	-0.770144	0.000240
0.287116	-0.770733	0.000240
0.287356	-0.770552	0.000240
0.287597	-0.770689	0.000240
0.287837	-0.771286	0.000240
0.288077	-0.770855	0.000240
0.288318	-0.771011	0.000240
0.288558	-0.771409	0.000240
0.288798	-0.771688	0.000240
0.289039	-0.772117	0.000240
0.289279	-0.772035	0.000240
0.289459	-0.772075	0.000240
0.289640	-0.772114	0.000180
0.289820	-0.771644	0.000180
0.290000	-0.771696	0.000180
0.290204	-0.771761	0.000180
0.290432	-0.772600	0.000204
0.290665	-0.772433	0.000228
0.290905	-0.772556	0.000233
0.291150	-0.773209	0.000239
0.291383	-0.772967	0.000246
0.291623	-0.773106	0.000233
0.291869	-0.773131	0.000239
0.292108	-0.773276	0.000246
0.292363	-0.773916	0.000239
0.292594	-0.773838	0.000255
0.292833	-0.773640	0.000231
0.293057	-0.774251	0.000239
0.293296	-0.773730	0.000224
0.293536	-0.774190	0.000239
0.293775	-0.774447	0.000239
0.294006	-0.774349	0.000239
0.294246	-0.774632	0.000231
0.294485	-0.774486	0.000240
0.294715	-0.774536	0.000240
0.294967	-0.775162	0.000230
0.295196	-0.774912	0.000252
0.295436	-0.774692	0.000229
0.295676	-0.775345	0.000240
0.295916	-0.775149	0.000240
0.296156	-0.775643	0.000240
0.296383	-0.775545	0.000240
0.296609	-0.775535	0.000226
0.296851	-0.776209	0.000226
0.297093	-0.775911	0.000242
0.297317	-0.775843	0.000242
0.297523	-0.776400	0.000224
0.297748	-0.775597	0.000206
0.297973	-0.775474	0.000225
0.298199	-0.776470	0.000225
0.298424	-0.775983	0.000225
0.298649	-0.775880	0.000225
0.298874	-0.776435	0.000225
0.299099	-0.776161	0.000225
0.299324	-0.776416	0.000225
0.299550	-0.776625	0.000225
0.299775	-0.776511	0.000225
0.300000	-0.776821	0.000225
0.300233	-0.776839	0.000225
0.300477	-0.776847	0.000233
0.300715	-0.777229	0.000244
0.300947	-0.776910	0.000238
0.301192	-0.776890	0.000232
0.301417	-0.777683	0.000245
0.301649	-0.776885	0.000226
0.301888	-0.776699	0.000232
0.302134	-0.777211	0.000239
0.302372	-0.777299	0.000246
0.302603	-0.777670	0.000238
0.302850	-0.777352	0.000231
0.303081	-0.777257	0.000247
0.303319	-0.777625	0.000231
0.303535	-0.777376	0.000239
0.303766	-0.776763	0.000216
0.303988	-0.777693	0.000231
0.304203	-0.776949	0.000223
0.304435	-0.776563	0.000215
0.304657	-0.777265	0.000232
0.304880	-0.776767	0.000223
0.305113	-0.776715	0.000223
0.305335	-0.776968	0.000233
0.305557	-0.776621	0.000222
0.305779	-0.776566	0.000222
0.305990	-0.776697	0.000222
0.306191	-0.776544	0.000211
0.306356	-0.776265	0.000200
0.306508	-0.775943	0.000166
0.306648	-0.775975	0.000152
0.306777	-0.775790	0.000140
0.306892	-0.776713	0.000129
0.307007	-0.716912	0.000115
0.307118	-0.625738	0.000115
0.307238	-0.537968	0.000111
0.307364	-0.453720	0.000120
0.307495	-0.362285	0.000126
0.307643	-0.269245	0.000132
0.307800	-0.173795	0.000147
0.307969	-0.069580	0.000157
0.308154	0.036121	0.000169
0.308338	0.145297	0.000185
0.308523	0.258802	0.000185
0.308708	0.364967	0.000185
0.308869	0.467249	0.000185
0.308982	0.566368	0.000162
0.309075	0.650343	0.000113
0.309178	0.651260	0.000093
0.309269	0.652501	0.000103
0.309360	0.652736	0.000091
0.309452	0.652330	0.000091
0.309543	0.651836	0.000091
0.309634	0.650403	0.000091
0.309726	0.648802	0.000091
0.309817	0.647916	0.000091
0.309909	0.646280	0.000091
0.310000	0.645037	0.000091
0.310106	0.643721	0.000091
0.310229	0.642626	0.000106
0.310366	0.641461	0.000122
0.310522	0.640329	0.000138
0.310694	0.639499	0.000155
0.310884	0.638657	0.000172
0.311091	0.637423	0.000190
0.311303	0.636049	0.000207
0.311510	0.634309	0.000212
0.311717	0.633321	0.000207
0.311919	0.632242	0.000207
0.312126	0.630927	0.000202
0.312328	0.629508	0.000207
0.312530	0.628793	0.000202
0.312727	0.627787	0.000202
0.312929	0.626706	0.000197
0.313131	0.625580	0.000202
0.313333	0.625017	0.000202
0.313529	0.624104	0.000202
0.313725	0.623263	0.000196
0.313921	0.622345	0.000196
0.314117	0.621834	0.000196
0.314313	0.621166	0.000196
0.314509	0.620464	0.000196
0.314706	0.619629	0.000196
0.314902	0.619199	0.000196
0.315098	0.618491	0.000196
0.315294	0.617796	0.000196
0.315490	0.616947	0.000196
0.315686	0.616272	0.000196
0.315882	0.615482	0.000196
0.316078	0.614659	0.000196
0.316274	0.613810	0.000196
0.316470	0.613211	0.000196
0.316666	0.612597	0.000196
0.316852	0.611649	0.000196
0.317048	0.610668	0.000185
0.317245	0.610184	0.000197
0.317442	0.609479	0.000197
0.317625	0.608428	0.000197
0.317823	0.607487	0.000183
0.318021	0.606758	0.000198
0.318219	0.606117	0.000198
0.318416	0.605129	0.000198
0.318614	0.604260	0.000198
0.318812	0.603129	0.000198
0.319010	0.602383	0.000198
0.319208	0.601396	0.000198
0.319406	0.600473	0.000198
0.319604	0.599487	0.000198
0.319802	0.598631	0.000198
0.320000	0.597697	0.000198
0.320204	0.596675	0.000198
0.320408	0.595765	0.000204
0.320612	0.594832	0.000204
0.320816	0.593897	0.000204
0.321020	0.592789	0.000204
0.321229	0.591655	0.000204
0.321438	0.590813	0.000209
0.321642	0.589878	0.000209
0.321851	0.588508	0.000204
0.322065	0.587543	0.000209
0.322274	0.586591	0.000214
0.322483	0.585559	0.000209
0.322698	0.584155	0.000209
0.322912	0.582943	0.000215
0.323127	0.582000	0.000215
0.323342	0.580883	0.000215
0.323564	0.579410	0.000215
0.323786	0.578184	0.000222
0.324008	0.577158	0.000222
0.324230	0.575719	0.000222
0.324461	0.574393	0.000222
0.324691	0.572883	0.000231
0.324922	0.571668	0.000231
0.325153	0.570396	0.000231
0.325395	0.568785	0.000231
0.325638	0.567364	0.000242
0.325880	0.566103	0.000242
0.326122	0.564611	0.000242
0.326365	0.562939	0.000242
0.326607	0.561569	0.000242
0.326868	0.560138	0.000242
0.327109	0.558633	0.000261
0.327372	0.556850	0.000241
0.327635	0.555719	0.000263
0.327897	0.554164	0.000263
0.328160	0.552354	0.000263
0.328423	0.550782	0.000263
0.328686	0.549417	0.000263
0.328949	0.547682	0.000263
0.329212	0.545859	0.000263
0.329474	0.544477	0.000263
0.329737	0.542984	0.000263
0.330000	0.541288	0.000263
0.330286	0.539808	0.000263
0.330589	0.538674	0.000286
0.330883	0.536793	0.000304
0.331168	0.534984	0.000294
0.331463	0.533433	0.000285
0.331747	0.531877	0.000294
0.332042	0.530045	0.000285
0.332348	0.528499	0.000295
0.332654	0.526928	0.000306
0.332960	0.524993	0.000306
0.333266	0.523492	0.000306
0.333572	0.521999	0.000306
0.333878	0.520177	0.000306
0.334185	0.518596	0.000306
0.334491	0.517125	0.000306
0.334797	0.515385	0.000306
0.335122	0.513717	0.000306
0.335447	0.512177	0.000325
0.335772	0.510461	0.000325
0.336098	0.508740	0.000325
0.336423	0.507207	0.000325
0.336748	0.505396	0.000325
0.337073	0.503847	0.000325
0.337398	0.502376	0.000325
0.337724	0.500633	0.000325
0.338049	0.498984	0.000325
0.338374	0.497560	0.000325
0.338699	0.495833	0.000325
0.339024	0.494202	0.000325
0.339350	0.492812	0.000325
0.339675	0.491137	0.000325
0.340000	0.489516	0.000325
0.340333	0.488046	0.000325
0.340667	0.486498	0.000333
0.341000	0.484813	0.000333
0.341333	0.483363	0.000333
0.341667	0.481898	0.000333
0.342000	0.480199	0.000333
0.342348	0.478881	0.000333
0.342696	0.477312	0.000348
0.343043	0.475516	0.000348
0.343391	0.474096	0.000348
0.343739	0.472504	0.000348
0.344087	0.470798	0.000348
0.344435	0.469407	0.000348
0.344783	0.467812	0.000348
0.345130	0.466165	0.000348
0.345478	0.464723	0.000348
0.345855	0.463275	0.000348
0.346232	0.461535	0.000377
0.346609	0.459890	0.000377
0.346986	0.458276	0.000377
0.347362	0.456436	0.000377
0.347739	0.454924	0.000377
0.348116	0.453183	0.000377
0.348493	0.451358	0.000377
0.348870	0.449907	0.000377
0.349246	0.448211	0.000377
0.349623	0.446428	0.000377
0.350000	0.444905	0.000377
0.350400	0.443243	0.000377
0.350800	0.441387	0.000400
0.351200	0.439742	0.000400
0.351619	0.438053	0.000400
0.352038	0.436158	0.000419
0.352457	0.434386	0.000419
0.352876	0.432480	0.000419
0.353295	0.430843	0.000419
0.353714	0.429029	0.000419
0.354133	0.427063	0.000419
0.354552	0.425516	0.000419
0.354971	0.423693	0.000419
0.355390	0.421825	0.000419
0.355810	0.420131	0.000419
0.356229	0.418378	0.000419
0.356648	0.416577	0.000419
0.357067	0.414681	0.000419
0.357486	0.412833	0.000419
0.357905	0.410970	0.000419
0.358324	0.409016	0.000419
0.358743	0.406915	0.000419
0.359162	0.405051	0.000419
0.359581	0.402931	0.000419
0.360000	0.400805	0.000419
0.360400	0.398894	0.000419
0.360800	0.396837	0.000400
0.361200	0.394865	0.000400
0.361600	0.392873	0.000400
0.362000	0.390837	0.000400
0.362381	0.388816	0.000400
0.362762	0.386955	0.000381
0.363143	0.385182	0.000381
0.363524	0.383270	0.000381
0.363905	0.381497	0.000381
0.364286	0.379714	0.000381
0.364667	0.377864	0.000381
0.365022	0.376026	0.000381
0.365378	0.374379	0.000356
0.365733	0.372714	0.000356
0.366089	0.371036	0.000356
0.366444	0.369321	0.000356
0.366800	0.367839	0.000356
0.367156	0.366258	0.000356
0.367511	0.364523	0.000356
0.367867	0.362940	0.000356
0.368222	0.361375	0.000356
0.368578	0.359822	0.000356
0.368933	0.358171	0.000356
0.369289	0.356606	0.000356
0.369644	0.355075	0.000356
0.370000	0.353577	0.000356
0.370370	0.351945	0.000356
0.370741	0.350406	0.000370
0.371111	0.348861	0.000370
0.371481	0.347272	0.000370
0.371852	0.345654	0.000370
0.372222	0.344182	0.000370
0.372593	0.342628	0.000370
0.372963	0.341082	0.000370
0.373333	0.339439	0.000370
0.373725	0.337915	0.000370
0.374118	0.336311	0.000392
0.374510	0.334600	0.000392
0.374902	0.332931	0.000392
0.375294	0.331306	0.000392
0.375686	0.329780	0.000392
0.376078	0.328090	0.000392
0.376471	0.326384	0.000392
0.376863	0.324795	0.000392
0.377255	0.323265	0.000392
0.377647	0.321588	0.000392
0.378039	0.319888	0.000392
0.378431	0.318300	0.000392
0.378824	0.316685	0.000392
0.379216	0.315042	0.000392
0.379608	0.313314	0.000392
0.380000	0.311736	0.000392
0.380417	0.310060	0.000392
0.380833	0.308387	0.000417
0.381270	0.306563	0.000417
0.381706	0.304870	0.000437
0.382143	0.303079	0.000437
0.382579	0.301169	0.000437
0.383016	0.299376	0.000437
0.383452	0.297635	0.000437
0.383889	0.295804	0.000437
0.384325	0.293982	0.000437
0.384762	0.292182	0.000437
0.385198	0.290390	0.000437
0.385635	0.288531	0.000437
0.386071	0.286641	0.000437
0.386508	0.284900	0.000437
0.386944	0.283089	0.000437
0.387381	0.281302	0.000437
0.387817	0.279441	0.000437
0.388254	0.277647	0.000437
0.388690	0.275849	0.000437
0.389127	0.274035	0.000437
0.389563	0.272183	0.000437
0.390000	0.270355	0.000437
0.390455	0.268554	0.000437
0.390888	0.266720	0.000455
0.391344	0.264824	0.000434
0.391800	0.262983	0.000456
0.392255	0.261090	0.000456
0.392711	0.259246	0.000456
0.393166	0.257316	0.000456
0.393622	0.255354	0.000456
0.394077	0.253452	0.000456
0.394533	0.251583	0.000456
0.394989	0.249708	0.000456
0.395444	0.247755	0.000456
0.395900	0.245839	0.000456
0.396355	0.243920	0.000456
0.396811	0.242061	0.000456
0.397267	0.240116	0.000456
0.397722	0.238159	0.000456
0.398178	0.236248	0.000456
0.398633	0.234364	0.000456
0.399089	0.232513	0.000456
0.399544	0.230512	0.000456
0.400000	0.228621	0.000456
0.400455	0.226693	0.000456
0.400909	0.224849	0.000455
0.401388	0.222949	0.000455
0.401841	0.220949	0.000478
0.402294	0.218977	0.000453
0.402747	0.217115	0.000453
0.403201	0.215210	0.000453
0.403686	0.213338	0.000453
0.404137	0.211246	0.000486
0.404588	0.209335	0.000451
0.405039	0.207497	0.000451
0.405490	0.205595	0.000451
0.405941	0.203651	0.000451
0.406392	0.201719	0.000451
0.406843	0.199790	0.000451
0.407294	0.197942	0.000451
0.407745	0.196076	0.000451
0.408196	0.194167	0.000451
0.408647	0.192295	0.000451
0.409098	0.190355	0.000451
0.409549	0.188490	0.000451
0.410000	0.186591	0.000451
0.410500	0.184687	0.000451
0.411000	0.182626	0.000500
0.411500	0.180450	0.000500
0.412000	0.178398	0.000500
0.412500	0.176311	0.000500
0.413000	0.174211	0.000500
0.413500	0.172137	0.000500
0.414000	0.170009	0.000500
0.414500	0.167897	0.000500
0.415000	0.165767	0.000500
0.415500	0.163657	0.000500
0.416000	0.161549	0.000500
0.416500	0.159475	0.000500
0.417000	0.157350	0.000500
0.417500	0.155234	0.000500
0.418000	0.153113	0.000500
0.418500	0.150986	0.000500
0.419000	0.148815	0.000500
0.419500	0.146701	0.000500
0.420000	0.144625	0.000500
0.420526	0.142535	0.000500
0.421053	0.140325	0.000526
0.421579	0.138111	0.000526
0.422105	0.135889	0.000526
0.422632	0.133637	0.000526
0.423158	0.131417	0.000526
0.423684	0.129256	0.000526
0.424211	0.127051	0.000526
0.424737	0.124840	0.000526
0.425263	0.122618	0.000526
0.425789	0.120412	0.000526
0.426316	0.118204	0.000526
0.426842	0.115955	0.000526
0.427368	0.113801	0.000526
0.427895	0.111608	0.000526
0.428421	0.109431	0.000526
0.428947	0.107273	0.000526
0.429298	0.105112	0.000526
0.429649	0.103599	0.000351
0.430000	0.102137	0.000351
0.430385	0.100677	0.000351
0.430803	0.099099	0.000385
0.431263	0.097411	0.000418
0.431722	0.095519	0.000460
0.432182	0.093639	0.000460
0.432642	0.091759	0.000460
0.433102	0.089877	0.000460
0.433562	0.087992	0.000460
0.434022	0.086122	0.000460
0.434482	0.084275	0.000460
0.434941	0.082425	0.000460
0.435401	0.080550	0.000460
0.435861	0.078703	0.000460
0.436321	0.076820	0.000460
0.436781	0.074961	0.000460
0.437241	0.073084	0.000460
0.437701	0.071228	0.000460
0.438161	0.069368	0.000460
0.438620	0.067529	0.000460
0.439080	0.065700	0.000460
0.439540	0.063873	0.000460
0.440000	0.062052	0.000460
0.440500	0.060221	0.000460
0.441000	0.058246	0.000500
0.441500	0.056257	0.000500
0.442000	0.054259	0.000500
0.442500	0.052279	0.000500
0.443036	0.050278	0.000500
0.443571	0.048132	0.000536
0.444107	0.045985	0.000536
0.444643	0.043831	0.000536
0.445179	0.041707	0.000536
0.445714	0.039548	0.000536
0.446250	0.037399	0.000536
0.446786	0.035247	0.000536
0.447321	0.033104	0.000536
0.447857	0.030951	0.000536
0.448393	0.028793	0.000536
0.448929	0.026643	0.000536
0.449464	0.024482	0.000536
0.450000	0.022335	0.000536
0.450588	0.020187	0.000536
0.451176	0.017833	0.000588
0.451765	0.015468	0.000588
0.452353	0.013101	0.000588
0.452941	0.010733	0.000588
0.453529	0.008359	0.000588
0.454118	0.005988	0.000588
0.454706	0.003604	0.000588
0.455294	0.001235	0.000588
0.455882	-0.001121	0.000588
0.456471	-0.003464	0.000588
0.457059	-0.005832	0.000588
0.457647	-0.008187	0.000588
0.458235	-0.010525	0.000588
0.458824	-0.012864	0.000588
0.459412	-0.015219	0.000588
0.460000	-0.017555	0.000588
0.460588	-0.019891	0.000588
0.461176	-0.022232	0.000588
0.461765	-0.024571	0.000588
0.462353	-0.026902	0.000588
0.462941	-0.029251	0.000588
0.463529	-0.031596	0.000588
0.464118	-0.033910	0.000588
0.464706	-0.036204	0.000588
0.465294	-0.038519	0.000588
0.465882	-0.040809	0.000588
0.466471	-0.043105	0.000588
0.467059	-0.045395	0.000588
0.467647	-0.047699	0.000588
0.468235	-0.049974	0.000588
0.468824	-0.052243	0.000588
0.469412	-0.054507	0.000588
0.470000	-0.056771	0.000588
0.470625	-0.059015	0.000588
0.471250	-0.061459	0.000625
0.471875	-0.063899	0.000625
0.472500	-0.066349	0.000625
0.473125	-0.068834	0.000625
0.473750	-0.071267	0.000625
0.474375	-0.073685	0.000625
0.475000	-0.076072	0.000625
0.475625	-0.078443	0.000625
0.476250	-0.080842	0.000625
0.476875	-0.083140	0.000625
0.477500	-0.085509	0.000625
0.478125	-0.087906	0.000625
0.478750	-0.090319	0.000625
0.479375	-0.092714	0.000625
0.480000	-0.095087	0.000625
0.480667	-0.097428	0.000625
0.481333	-0.099922	0.000667
0.482000	-0.102407	0.000667
0.482667	-0.104913	0.000667
0.483333	-0.107450	0.000667
0.484000	-0.109980	0.000667
0.484667	-0.112471	0.000667
0.485333	-0.114924	0.000667
0.486000	-0.117373	0.000667
0.486667	-0.119842	0.000667
0.487333	-0.122359	0.000667
0.488000	-0.124804	0.000667
0.488667	-0.127218	0.000667
0.489333	-0.129612	0.000667
0.490000	-0.132000	0.000667
0.490714	-0.134415	0.000667
0.491429	-0.137032	0.000714
0.492143	-0.139671	0.000714
0.492857	-0.142300	0.000714
0.493571	-0.144854	0.000714
0.494286	-0.147336	0.000714
0.495000	-0.149928	0.000714
0.495714	-0.152558	0.000714
0.496429	-0.155146	0.000714
0.497143	-0.157583	0.000714
0.497857	-0.160066	0.000714
0.498571	-0.162656	0.000714
0.499286	-0.165228	0.000714
0.500000	-0.167733	0.000714
0.500769	-0.170216	0.000714
0.501608	-0.173035	0.000769
0.502448	-0.176054	0.000839
0.503287	-0.178939	0.000839
0.504126	-0.181988	0.000839
0.504965	-0.185005	0.000839
0.505804	-0.187942	0.000839
0.506643	-0.190908	0.000839
0.507483	-0.193957	0.000839
0.508322	-0.196928	0.000839
0.509161	-0.199909	0.000839
0.510000	-0.203015	0.000839
0.510909	-0.206011	0.000839
0.511818	-0.209319	0.000909
0.512727	-0.212748	0.000909
0.513535	-0.215978	0.000909
0.514343	-0.218872	0.000808
0.515152	-0.221871	0.000808
0.515960	-0.224768	0.000808
0.516768	-0.227642	0.000808
0.517576	-0.230665	0.000808
0.518384	-0.233559	0.000808
0.519192	-0.236579	0.000808
0.520000	-0.239545	0.000808
0.520833	-0.242462	0.000808
0.521667	-0.245580	0.000833
0.522500	-0.248567	0.000833
0.523333	-0.251595	0.000833
0.524167	-0.254703	0.000833
0.525000	-0.257742	0.000833
0.525833	-0.260775	0.000833
0.526667	-0.263823	0.000833
0.527500	-0.266936	0.000833
0.528333	-0.269867	0.000833
0.528889	-0.273051	0.000833
0.529444	-0.274769	0.000556
0.530000	-0.276843	0.000556
0.530625	-0.278972	0.000556
0.531295	-0.281229	0.000625
0.532020	-0.283610	0.000670
0.532746	-0.286410	0.000725
0.533471	-0.288912	0.000725
0.534196	-0.291627	0.000725
0.534922	-0.294131	0.000725
0.535647	-0.296803	0.000725
0.536373	-0.299495	0.000725
0.537098	-0.302056	0.000725
0.537824	-0.304756	0.000725
0.538549	-0.307260	0.000725
0.539275	-0.309913	0.000725
0.540000	-0.312418	0.000725
0.540714	-0.315090	0.000725
0.541429	-0.317584	0.000714
0.542143	-0.320195	0.000714
0.542857	-0.322688	0.000714
0.543571	-0.325187	0.000714
0.544286	-0.327710	0.000714
0.545000	-0.330136	0.000714
0.545714	-0.332748	0.000714
0.546429	-0.335099	0.000714
0.547143	-0.337674	0.000714
0.547857	-0.339991	0.000714
0.548571	-0.342513	0.000714
0.549286	-0.344893	0.000714
0.550000	-0.347393	0.000714
0.550667	-0.349685	0.000714
0.551333	-0.352011	0.000667
0.552000	-0.354040	0.000667
0.552667	-0.356523	0.000667
0.553333	-0.358470	0.000667
0.554000	-0.360869	0.000667
0.554667	-0.362897	0.000667
0.555333	-0.365375	0.000667
0.556000	-0.367491	0.000667
0.556667	-0.370032	0.000667
0.557333	-0.372332	0.000667
0.558000	-0.374931	0.000667
0.558667	-0.377500	0.000667
0.559333	-0.380198	0.000667
0.560000	-0.382828	0.000667
0.560625	-0.385523	0.000667
0.561250	-0.387732	0.000625
0.561875	-0.390199	0.000625
0.562500	-0.392348	0.000625
0.563125	-0.394726	0.000625
0.563750	-0.396756	0.000625
0.564375	-0.399068	0.000625
0.565000	-0.401112	0.000625
0.565625	-0.403365	0.000625
0.566250	-0.405378	0.000625
0.566875	-0.407600	0.000625
0.567500	-0.409652	0.000625
0.568000	-0.411973	0.000625
0.568500	-0.413299	0.000500
0.569000	-0.415049	0.000500
0.569500	-0.416717	0.000500
0.570000	-0.418301	0.000500
0.570556	-0.420111	0.000500
0.571146	-0.421887	0.000556
0.571736	-0.424113	0.000590
0.572326	-0.425994	0.000590
0.572874	-0.427975	0.000590
0.573468	-0.429668	0.000548
0.574013	-0.431915	0.000594
0.574557	-0.433556	0.000544
0.575052	-0.435465	0.000544
0.575602	-0.436874	0.000495
0.576151	-0.438884	0.000550
0.576701	-0.440653	0.000550
0.577251	-0.442459	0.000550
0.577801	-0.444091	0.000550
0.578351	-0.445945	0.000550
0.578900	-0.447705	0.000550
0.579450	-0.449385	0.000550
0.580000	-0.451191	0.000550
0.580526	-0.452952	0.000550
0.581053	-0.454516	0.000526
0.581579	-0.456249	0.000526
0.582105	-0.457913	0.000526
0.582599	-0.459478	0.000526
0.583127	-0.461102	0.000493
0.583618	-0.462712	0.000529
0.584109	-0.464281	0.000491
0.584645	-0.465714	0.000491
0.585132	-0.467538	0.000536
0.585618	-0.468796	0.000487
0.586105	-0.470451	0.000487
0.586592	-0.471781	0.000487
0.587018	-0.473377	0.000487
0.587444	-0.474251	0.000426
0.587870	-0.475585	0.000426
0.588296	-0.476962	0.000426
0.588722	-0.478043	0.000426
0.589148	-0.479461	0.000426
0.589574	-0.480553	0.000426
0.590000	-0.481835	0.000426
0.590455	-0.483000	0.000426
0.590932	-0.484320	0.000455
0.591385	-0.485802	0.000477
0.591864	-0.486913	0.000453
0.592316	-0.488525	0.000479
0.592796	-0.489731	0.000452
0.593246	-0.491193	0.000480
0.593697	-0.492369	0.000450
0.594147	-0.493671	0.000450
0.594597	-0.494929	0.000450
0.595047	-0.496131	0.000450
0.595498	-0.497591	0.000450
0.595948	-0.498679	0.000450
0.596398	-0.500056	0.000450
0.596848	-0.501225	0.000450
0.597299	-0.502668	0.000450
0.597684	-0.503673	0.000450
0.598070	-0.504708	0.000386
0.598456	-0.505802	0.000386
0.598842	-0.506699	0.000386
0.599228	-0.507944	0.000386
0.599614	-0.508777	0.000386
0.600000	-0.509857	0.000386
0.600417	-0.511046	0.000386
0.600852	-0.512119	0.000417
0.601288	-0.513617	0.000436
0.601723	-0.514438	0.000436
0.602159	-0.515726	0.000436
0.602595	-0.516828	0.000436
0.603006	-0.518042	0.000436
0.603443	-0.519167	0.000411
0.603880	-0.520270	0.000437
0.604288	-0.521558	0.000437
0.604728	-0.522327	0.000408
0.605133	-0.523845	0.000439
0.605539	-0.524593	0.000406
0.605944	-0.525757	0.000406
0.606350	-0.526547	0.000406
0.606755	-0.527668	0.000406
0.607161	-0.528768	0.000406
0.607567	-0.529498	0.000406
0.607972	-0.530601	0.000406
0.608378	-0.531644	0.000406
0.608783	-0.532699	0.000406
0.609189	-0.533510	0.000406
0.609594	-0.534661	0.000406
0.609797	-0.535541	0.000406
0.610000	-0.534778	0.000203
0.610233	-0.535289	0.000203
0.610497	-0.536005	0.000233
0.610785	-0.536719	0.000264
0.611064	-0.537625	0.000288
0.611319	-0.538125	0.000279
0.611536	-0.538511	0.000255
0.611748	-0.538991	0.000217
0.611944	-0.539415	0.000212
0.612127	-0.540264	0.000196
0.612302	-0.483102	0.000183
0.612486	-0.345507	0.000175
0.612689	-0.227391	0.000183
0.612917	-0.104890	0.000203
0.613179	0.014514	0.000228
0.613476	0.158997	0.000262
0.613802	0.313998	0.000297
0.614041	0.458924	0.000326
0.614193	0.459414	0.000238
0.614332	0.459500	0.000153
0.614481	0.459213	0.000138
0.614638	0.459179	0.000149
0.614811	0.458635	0.000158
0.614997	0.457860	0.000173
0.615197	0.456727	0.000185
0.615415	0.455376	0.000200
0.615656	0.453675	0.000218
0.615898	0.452040	0.000241
0.616154	0.450396	0.000241
0.616429	0.448900	0.000256
0.616726	0.447040	0.000275
0.617054	0.445052	0.000298
0.617381	0.443419	0.000327
0.617709	0.441959	0.000327
0.618036	0.440268	0.000327
0.618363	0.438816	0.000327
0.618691	0.437463	0.000327
0.619018	0.435698	0.000327
0.619345	0.434091	0.000327
0.619673	0.432575	0.000327
0.620000	0.431076	0.000327
0.620357	0.429214	0.000327
0.620743	0.427478	0.000357
0.621145	0.425742	0.000386
0.621548	0.423489	0.000402
0.621970	0.421558	0.000402
0.622393	0.419660	0.000423
0.622816	0.417319	0.000423
0.623238	0.415245	0.000423
0.623661	0.413276	0.000423
0.624083	0.411080	0.000423
0.624506	0.409138	0.000423
0.624899	0.407261	0.000423
0.625324	0.405297	0.000392
0.625749	0.403494	0.000425
0.626174	0.401532	0.000425
0.626599	0.399555	0.000425
0.626977	0.397616	0.000425
0.627355	0.395771	0.000378
0.627733	0.393961	0.000378
0.628111	0.392280	0.000378
0.628488	0.390663	0.000378
0.628866	0.388874	0.000378
0.629244	0.387221	0.000378
0.629622	0.385483	0.000378
0.630000	0.383650	0.000378
0.630417	0.381837	0.000378
0.630852	0.380167	0.000417
0.631288	0.378195	0.000436
0.631746	0.375954	0.000436
0.632181	0.374134	0.000459
0.632615	0.372030	0.000434
0.633050	0.369854	0.000434
0.633484	0.368016	0.000434
0.633918	0.366046	0.000434
0.634386	0.363851	0.000434
0.634854	0.361946	0.000468
0.635322	0.359777	0.000468
0.635790	0.357450	0.000468
0.636257	0.355393	0.000468
0.636725	0.353182	0.000468
0.637193	0.350951	0.000468
0.637661	0.348896	0.000468
0.638129	0.346740	0.000468
0.638597	0.344483	0.000468
0.639064	0.342473	0.000468
0.639532	0.340318	0.000468
0.640000	0.338138	0.000468
0.640500	0.336070	0.000468
0.641028	0.333894	0.000500
0.641589	0.331535	0.000528
0.642149	0.329087	0.000561
0.642710	0.326554	0.000561
0.643271	0.323907	0.000561
0.643832	0.321496	0.000561
0.644392	0.319048	0.000561
0.644953	0.316533	0.000561
0.645514	0.314174	0.000561
0.646075	0.311731	0.000561
0.646635	0.309241	0.000561
0.647196	0.306804	0.000561
0.647757	0.304370	0.000561
0.648318	0.301950	0.000561
0.648878	0.299530	0.000561
0.649439	0.297098	0.000561
0.650000	0.294703	0.000561
