t	velX	velY
0.002381	-0.004239	0.001111
0.003905	-0.009118	0.001270
0.005429	-0.014959	0.001524
0.006952	-0.020777	0.001524
0.008476	-0.026572	0.001524
0.010000	-0.032336	0.001524
0.011667	-0.038065	0.001524
0.013333	-0.044298	0.001667
0.015000	-0.050505	0.001667
0.016667	-0.056687	0.001667
0.018333	-0.062831	0.001667
0.020000	-0.068963	0.001667
0.022000	-0.075056	0.001667
0.024000	-0.082338	0.002000
0.026000	-0.089594	0.002000
0.028000	-0.096786	0.002000
0.030000	-0.103944	0.002000
0.032000	-0.111052	0.002000
0.034000	-0.118137	0.002000
0.036000	-0.125163	0.002000
0.038000	-0.132147	0.002000
0.040000	-0.139072	0.002000
0.041667	-0.146002	0.002000
0.043333	-0.151672	0.001667
0.045000	-0.157372	0.001667
0.046667	-0.163081	0.001667
0.048333	-0.168728	0.001667
0.049167	-0.174339	0.001667
0.050000	-0.176972	0.000833
0.050909	-0.179812	0.000833
0.051919	-0.182878	0.000909
0.053074	-0.186301	0.001010
0.054228	-0.190231	0.001154
0.055382	-0.194067	0.001154
0.056537	-0.197917	0.001154
0.057691	-0.201730	0.001154
0.058846	-0.205551	0.001154
0.060000	-0.209373	0.001154
0.061250	-0.213157	0.001154
0.062500	-0.217243	0.001250
0.063750	-0.221290	0.001250
0.065000	-0.225342	0.001250
0.066000	-0.229355	0.001250
0.067000	-0.232497	0.001000
0.068000	-0.235692	0.001000
0.069000	-0.238900	0.001000
0.070000	-0.242057	0.001000
0.071111	-0.245259	0.001000
0.072222	-0.248845	0.001111
0.073333	-0.252339	0.001111
0.074286	-0.255816	0.001111
0.075238	-0.258755	0.000952
0.076190	-0.261700	0.000952
0.077143	-0.264664	0.000952
0.078095	-0.267620	0.000952
0.079048	-0.270583	0.000952
0.080000	-0.273527	0.000952
0.081000	-0.276419	0.000952
0.082000	-0.279531	0.001000
0.083000	-0.282594	0.001000
0.083875	-0.285610	0.001000
0.084750	-0.288202	0.000875
0.085625	-0.290835	0.000875
0.086500	-0.293466	0.000875
0.087375	-0.296121	0.000875
0.088250	-0.298752	0.000875
0.089125	-0.301304	0.000875
0.090000	-0.303955	0.000875
0.090909	-0.306568	0.000875
0.091818	-0.309219	0.000909
0.092636	-0.311933	0.000909
0.093455	-0.314295	0.000818
0.094273	-0.316646	0.000818
0.095091	-0.319044	0.000818
0.095909	-0.321440	0.000818
0.096727	-0.323754	0.000818
0.097545	-0.326158	0.000818
0.098364	-0.328539	0.000818
0.099182	-0.330815	0.000818
0.100000	-0.333196	0.000818
0.100833	-0.335532	0.000818
0.101667	-0.337857	0.000833
0.102424	-0.340265	0.000833
0.103182	-0.342335	0.000758
0.103939	-0.344432	0.000758
0.104697	-0.346576	0.000758
0.105455	-0.348694	0.000758
0.106212	-0.350761	0.000758
0.106970	-0.352890	0.000758
0.107727	-0.354997	0.000758
0.108485	-0.357044	0.000758
0.109242	-0.359163	0.000758
0.110000	-0.361241	0.000758
0.110769	-0.363286	0.000758
0.111538	-0.365410	0.000769
0.112308	-0.367489	0.000769
0.113007	-0.369584	0.000769
0.113706	-0.371378	0.000699
0.114406	-0.373269	0.000699
0.115105	-0.375157	0.000699
0.115804	-0.377014	0.000699
0.116503	-0.378867	0.000699
0.117203	-0.380710	0.000699
0.117902	-0.382557	0.000699
0.118601	-0.384403	0.000699
0.119301	-0.386232	0.000699
0.120000	-0.388076	0.000699
0.120714	-0.389892	0.000699
0.121429	-0.391791	0.000714
0.122143	-0.393622	0.000714
0.122857	-0.395470	0.000714
0.123506	-0.397329	0.000714
0.124156	-0.398821	0.000649
0.124805	-0.400532	0.000649
0.125455	-0.402223	0.000649
0.126104	-0.403813	0.000649
0.126753	-0.405471	0.000649
0.127403	-0.407166	0.000649
0.128052	-0.408739	0.000649
0.128701	-0.410386	0.000649
0.129351	-0.412055	0.000649
0.130000	-0.413612	0.000649
0.130667	-0.415253	0.000649
0.131333	-0.416980	0.000667
0.132000	-0.418569	0.000667
0.132615	-0.420236	0.000667
0.133231	-0.421680	0.000615
0.133846	-0.423105	0.000615
0.134462	-0.424662	0.000615
0.135077	-0.426191	0.000615
0.135692	-0.427626	0.000615
0.136308	-0.429132	0.000615
0.136923	-0.430653	0.000615
0.137538	-0.432060	0.000615
0.138154	-0.433575	0.000615
0.138769	-0.435092	0.000615
0.139385	-0.436472	0.000615
0.140000	-0.437968	0.000615
0.140625	-0.439460	0.000615
0.141250	-0.440883	0.000625
0.141875	-0.442375	0.000625
0.142500	-0.443881	0.000625
0.143125	-0.445238	0.000625
0.143750	-0.446718	0.000625
0.144375	-0.448181	0.000625
0.144937	-0.449591	0.000625
0.145500	-0.450792	0.000562
0.146063	-0.452097	0.000562
0.146625	-0.453338	0.000562
0.147187	-0.454639	0.000562
0.147750	-0.455940	0.000562
0.148313	-0.457138	0.000562
0.148875	-0.458467	0.000562
0.149438	-0.459787	0.000562
0.150000	-0.460988	0.000562
0.150588	-0.462270	0.000562
0.151176	-0.463668	0.000588
0.151765	-0.464942	0.000588
0.152353	-0.466253	0.000588
0.152941	-0.467592	0.000588
0.153529	-0.468835	0.000588
0.154118	-0.470148	0.000588
0.154706	-0.471463	0.000588
0.155294	-0.472637	0.000588
0.155882	-0.473966	0.000588
0.156471	-0.475259	0.000588
0.157059	-0.476499	0.000588
0.157647	-0.477767	0.000588
0.158235	-0.479033	0.000588
0.158824	-0.480323	0.000588
0.159412	-0.481507	0.000588
0.159706	-0.482779	0.000588
0.160000	-0.482849	0.000294
0.160345	-0.483412	0.000294
0.160747	-0.484135	0.000345
0.161188	-0.485122	0.000402
0.161677	-0.486111	0.000441
0.162197	-0.487280	0.000490
0.162755	-0.488411	0.000520
0.163312	-0.489678	0.000557
0.163869	-0.490858	0.000557
0.164427	-0.491986	0.000557
0.164984	-0.493160	0.000557
0.165541	-0.494288	0.000557
0.166099	-0.495436	0.000557
0.166656	-0.496581	0.000557
0.167213	-0.497711	0.000557
0.167771	-0.498867	0.000557
0.168328	-0.499918	0.000557
0.168885	-0.501059	0.000557
0.169443	-0.502225	0.000557
0.170000	-0.503215	0.000557
0.170556	-0.504357	0.000557
0.171111	-0.505473	0.000556
0.171634	-0.506539	0.000556
0.172157	-0.507508	0.000523
0.172680	-0.508539	0.000523
0.173203	-0.509549	0.000523
0.173725	-0.510555	0.000523
0.174248	-0.511592	0.000523
0.174771	-0.512594	0.000523
0.175294	-0.513602	0.000523
0.175817	-0.514621	0.000523
0.176340	-0.515632	0.000523
0.176863	-0.516625	0.000523
0.177386	-0.517639	0.000523
0.177908	-0.518642	0.000523
0.178431	-0.519641	0.000523
0.178954	-0.520620	0.000523
0.179477	-0.521622	0.000523
0.180000	-0.522574	0.000523
0.180500	-0.523550	0.000523
0.181000	-0.524479	0.000500
0.181500	-0.525314	0.000500
0.182000	-0.526260	0.000500
0.182500	-0.527228	0.000500
0.183000	-0.528114	0.000500
0.183500	-0.529038	0.000500
0.184000	-0.529993	0.000500
0.184500	-0.530902	0.000500
0.185000	-0.531789	0.000500
0.185500	-0.532726	0.000500
0.186000	-0.533625	0.000500
0.186500	-0.534494	0.000500
0.187000	-0.535427	0.000500
0.187500	-0.536318	0.000500
0.187917	-0.537189	0.000500
0.188333	-0.537763	0.000417
0.188750	-0.538461	0.000417
0.189167	-0.539212	0.000417
0.189583	-0.539895	0.000417
0.190000	-0.540638	0.000417
0.190455	-0.541267	0.000417
0.190932	-0.542211	0.000455
0.191409	-0.543156	0.000477
0.191886	-0.543969	0.000477
0.192364	-0.544791	0.000477
0.192841	-0.545594	0.000477
0.193318	-0.546424	0.000477
0.193795	-0.547250	0.000477
0.194273	-0.548028	0.000477
0.194750	-0.548890	0.000477
0.195188	-0.549690	0.000477
0.195625	-0.550265	0.000438
0.196063	-0.551045	0.000438
0.196500	-0.551818	0.000438
0.196937	-0.552536	0.000438
0.197375	-0.553219	0.000438
0.197813	-0.553906	0.000438
0.198250	-0.554670	0.000438
0.198687	-0.555440	0.000438
0.199125	-0.556123	0.000438
0.199563	-0.556839	0.000438
0.200000	-0.557512	0.000438
0.200455	-0.558233	0.000438
0.200909	-0.559083	0.000455
0.201364	-0.559755	0.000455
0.201818	-0.560518	0.000455
0.202273	-0.561284	0.000455
0.202727	-0.562013	0.000455
0.203155	-0.562718	0.000455
0.203583	-0.563298	0.000428
0.204011	-0.563974	0.000428
0.204438	-0.564644	0.000428
0.204866	-0.565257	0.000428
0.205294	-0.565932	0.000428
0.205722	-0.566614	0.000428
0.206150	-0.567303	0.000428
0.206578	-0.567961	0.000428
0.207005	-0.568547	0.000428
0.207433	-0.569252	0.000428
0.207861	-0.569952	0.000428
0.208289	-0.570555	0.000428
0.208717	-0.571231	0.000428
0.209144	-0.571779	0.000428
0.209572	-0.572500	0.000428
0.210000	-0.573207	0.000428
0.210435	-0.573852	0.000428
0.210870	-0.574493	0.000435
0.211285	-0.575114	0.000435
0.211700	-0.575701	0.000415
0.212115	-0.576363	0.000415
0.212530	-0.576880	0.000415
0.212945	-0.577521	0.000415
0.213360	-0.578116	0.000415
0.213775	-0.578733	0.000415
0.214190	-0.579407	0.000415
0.214605	-0.579917	0.000415
0.215020	-0.580553	0.000415
0.215435	-0.581140	0.000415
0.215850	-0.581758	0.000415
0.216265	-0.582415	0.000415
0.216680	-0.582905	0.000415
0.217095	-0.583560	0.000415
0.217510	-0.584133	0.000415
0.217925	-0.584739	0.000415
0.218340	-0.585336	0.000415
0.218755	-0.585882	0.000415
0.219066	-0.586476	0.000415
0.219377	-0.586651	0.000311
0.219689	-0.587051	0.000311
0.220000	-0.587442	0.000311
0.220345	-0.587907	0.000311
0.220716	-0.588401	0.000345
0.221120	-0.589103	0.000371
0.221523	-0.589720	0.000404
0.221927	-0.590353	0.000404
0.222331	-0.590963	0.000404
0.222734	-0.591502	0.000404
0.223117	-0.592045	0.000404
0.223499	-0.592422	0.000382
0.223882	-0.593003	0.000382
0.224264	-0.593541	0.000382
0.224646	-0.594075	0.000382
0.225029	-0.594629	0.000382
0.225411	-0.595138	0.000382
0.225794	-0.595624	0.000382
0.226176	-0.596034	0.000382
0.226558	-0.596613	0.000382
0.226941	-0.597136	0.000382
0.227323	-0.597642	0.000382
0.227706	-0.598199	0.000382
0.228088	-0.598704	0.000382
0.228470	-0.599177	0.000382
0.228853	-0.599574	0.000382
0.229235	-0.600139	0.000382
0.229618	-0.600646	0.000382
0.230000	-0.601165	0.000382
0.230385	-0.601710	0.000382
0.230769	-0.602196	0.000385
0.231154	-0.602641	0.000385
0.231538	-0.603064	0.000385
0.231906	-0.603631	0.000385
0.232274	-0.604102	0.000368
0.232642	-0.604542	0.000368
0.233010	-0.605053	0.000368
0.233378	-0.605510	0.000368
0.233746	-0.605956	0.000368
0.234114	-0.606360	0.000368
0.234482	-0.606870	0.000368
0.234849	-0.607293	0.000368
0.235217	-0.607785	0.000368
0.235585	-0.608269	0.000368
0.235953	-0.608707	0.000368
0.236321	-0.609212	0.000368
0.236689	-0.609623	0.000368
0.237057	-0.610076	0.000368
0.237425	-0.610423	0.000368
0.237793	-0.610940	0.000368
0.238161	-0.611377	0.000368
0.238528	-0.611850	0.000368
0.238896	-0.612355	0.000368
0.239264	-0.612744	0.000368
0.239632	-0.613193	0.000368
0.240000	-0.613585	0.000368
0.240357	-0.614086	0.000368
0.240714	-0.614429	0.000357
0.241071	-0.614879	0.000357
0.241429	-0.615332	0.000357
0.241786	-0.615744	0.000357
0.242143	-0.616216	0.000357
0.242500	-0.616584	0.000357
0.242857	-0.617020	0.000357
0.243214	-0.617385	0.000357
0.243571	-0.617836	0.000357
0.243929	-0.618149	0.000357
0.244286	-0.618658	0.000357
0.244643	-0.619054	0.000357
0.245000	-0.619494	0.000357
0.245357	-0.619950	0.000357
0.245714	-0.620335	0.000357
0.246071	-0.620753	0.000357
0.246429	-0.621129	0.000357
0.246786	-0.621556	0.000357
0.247143	-0.621851	0.000357
0.247500	-0.622317	0.000357
0.247857	-0.622722	0.000357
0.248163	-0.623153	0.000357
0.248469	-0.623381	0.000306
0.248776	-0.623662	0.000306
0.249082	-0.624052	0.000306
0.249388	-0.624383	0.000306
0.249694	-0.624705	0.000306
0.250000	-0.625070	0.000306
0.250333	-0.625390	0.000306
0.250679	-0.625873	0.000333
0.251024	-0.626294	0.000345
0.251369	-0.626711	0.000345
0.251714	-0.627124	0.000345
0.252060	-0.627480	0.000345
0.252405	-0.627925	0.000345
0.252750	-0.628258	0.000345
0.253095	-0.628639	0.000345
0.253440	-0.629008	0.000345
0.253786	-0.629398	0.000345
0.254131	-0.629715	0.000345
0.254476	-0.630133	0.000345
0.254821	-0.630425	0.000345
0.255167	-0.630847	0.000345
0.255512	-0.631207	0.000345
0.255857	-0.631569	0.000345
0.256202	-0.631980	0.000345
0.256519	-0.632325	0.000345
0.256835	-0.632607	0.000316
0.257152	-0.632877	0.000316
0.257468	-0.633268	0.000316
0.257785	-0.633541	0.000316
0.258101	-0.633940	0.000316
0.258418	-0.634211	0.000316
0.258734	-0.634587	0.000316
0.259051	-0.634881	0.000316
0.259367	-0.635247	0.000316
0.259684	-0.635553	0.000316
0.260000	-0.635887	0.000316
0.260333	-0.636220	0.000316
0.260667	-0.636612	0.000333
0.261000	-0.636976	0.000333
0.261333	-0.637283	0.000333
0.261667	-0.637549	0.000333
0.262000	-0.637932	0.000333
0.262333	-0.638173	0.000333
0.262667	-0.638605	0.000333
0.263000	-0.638887	0.000333
0.263333	-0.639271	0.000333
0.263667	-0.639574	0.000333
0.264000	-0.639941	0.000333
0.264333	-0.640312	0.000333
0.264667	-0.640616	0.000333
0.265000	-0.641007	0.000333
0.265333	-0.641274	0.000333
0.265667	-0.641632	0.000333
0.266000	-0.641956	0.000333
0.266333	-0.642251	0.000333
0.266639	-0.642496	0.000333
0.266944	-0.642739	0.000306
0.267250	-0.643005	0.000306
0.267556	-0.643318	0.000306
0.267861	-0.643566	0.000306
0.268167	-0.643906	0.000306
0.268472	-0.644154	0.000306
0.268778	-0.644509	0.000306
0.269083	-0.644742	0.000306
0.269389	-0.645088	0.000306
0.269694	-0.645363	0.000306
0.270000	-0.645690	0.000306
0.270323	-0.645978	0.000306
0.270645	-0.646363	0.000323
0.270968	-0.646648	0.000323
0.271290	-0.646983	0.000323
0.271613	-0.647213	0.000323
0.271935	-0.647539	0.000323
0.272258	-0.647794	0.000323
0.272581	-0.648169	0.000323
0.272903	-0.648349	0.000323
0.273226	-0.648718	0.000323
0.273548	-0.648997	0.000323
0.273871	-0.649346	0.000323
0.274194	-0.649611	0.000323
0.274516	-0.649934	0.000323
0.274839	-0.650236	0.000323
0.275161	-0.650525	0.000323
0.275484	-0.650850	0.000323
0.275806	-0.651149	0.000323
0.276129	-0.651462	0.000323
0.276452	-0.651699	0.000323
0.276774	-0.652043	0.000323
0.277097	-0.652298	0.000323
0.277419	-0.652562	0.000323
0.277742	-0.652816	0.000323
0.278024	-0.653130	0.000323
0.278306	-0.653171	0.000282
0.278589	-0.653454	0.000282
0.278871	-0.653715	0.000282
0.279153	-0.653976	0.000282
0.279435	-0.654186	0.000282
0.279718	-0.654483	0.000282
0.280000	-0.654679	0.000282
0.280313	-0.654962	0.000282
0.280625	-0.655320	0.000313
0.280938	-0.655608	0.000313
0.281250	-0.655895	0.000313
0.281562	-0.656201	0.000313
0.281875	-0.656446	0.000313
0.282187	-0.656774	0.000313
0.282500	-0.656988	0.000313
0.282813	-0.657303	0.000313
0.283125	-0.657573	0.000313
0.283438	-0.657860	0.000313
0.283750	-0.658073	0.000313
0.284062	-0.658386	0.000313
0.284375	-0.658598	0.000313
0.284687	-0.658911	0.000313
0.285000	-0.659102	0.000313
0.285313	-0.659375	0.000313
0.285625	-0.659652	0.000313
0.285938	-0.659892	0.000313
0.286250	-0.660135	0.000313
0.286562	-0.660393	0.000313
0.286875	-0.660576	0.000313
0.287187	-0.660887	0.000313
0.287500	-0.661095	0.000313
0.287813	-0.661374	0.000313
0.288125	-0.661567	0.000313
0.288438	-0.661890	0.000313
0.288750	-0.662038	0.000313
0.289062	-0.662393	0.000313
0.289375	-0.662571	0.000313
0.289687	-0.662866	0.000313
0.290000	-0.663085	0.000313
0.290312	-0.663360	0.000313
0.290615	-0.663584	0.000313
0.290918	-0.663818	0.000303
0.291221	-0.664054	0.000303
0.291523	-0.664315	0.000303
0.291826	-0.664549	0.000303
0.292129	-0.664810	0.000303
0.292432	-0.665020	0.000303
0.292734	-0.665290	0.000303
0.293037	-0.665513	0.000303
0.293340	-0.665747	0.000303
0.293643	-0.665996	0.000303
0.293945	-0.666233	0.000303
0.294248	-0.666493	0.000303
0.294551	-0.666718	0.000303
0.294854	-0.666983	0.000303
0.295156	-0.667177	0.000303
0.295459	-0.667453	0.000303
0.295762	-0.667618	0.000303
0.296064	-0.667920	0.000303
0.296367	-0.668088	0.000303
0.296670	-0.668370	0.000303
0.296973	-0.668570	0.000303
0.297275	-0.668838	0.000303
0.297578	-0.669057	0.000303
0.297881	-0.669298	0.000303
0.298184	-0.669501	0.000303
0.298486	-0.669767	0.000303
0.298789	-0.669976	0.000303
0.299092	-0.670229	0.000303
0.299395	-0.670397	0.000303
0.299697	-0.670670	0.000303
0.300000	-0.670844	0.000303
0.300303	-0.671114	0.000303
0.300606	-0.671250	0.000303
0.300909	-0.671558	0.000303
0.301212	-0.671704	0.000303
0.301515	-0.671970	0.000303
0.301818	-0.672167	0.000303
0.302121	-0.672377	0.000303
0.302424	-0.672614	0.000303
0.302727	-0.672803	0.000303
0.303030	-0.673035	0.000303
0.303333	-0.673236	0.000303
0.303636	-0.673413	0.000303
0.303939	-0.673640	0.000303
0.304242	-0.673785	0.000303
0.304545	-0.674084	0.000303
0.304848	-0.674208	0.000303
0.305135	-0.674481	0.000303
0.305421	-0.674587	0.000286
0.305707	-0.674817	0.000286
0.305993	-0.674950	0.000286
0.306279	-0.675188	0.000286
0.306566	-0.675377	0.000286
0.306852	-0.675598	0.000286
0.307138	-0.675814	0.000286
0.307424	-0.676004	0.000286
0.307710	-0.676180	0.000286
0.307997	-0.676438	0.000286
0.308283	-0.676588	0.000286
0.308569	-0.676840	0.000286
0.308855	-0.677011	0.000286
0.309141	-0.677232	0.000286
0.309428	-0.677394	0.000286
0.309714	-0.677617	0.000286
0.310000	-0.677751	0.000286
0.310294	-0.677990	0.000286
0.310588	-0.678188	0.000294
0.310882	-0.678393	0.000294
0.311176	-0.678584	0.000294
0.311471	-0.678779	0.000294
0.311765	-0.678976	0.000294
0.312059	-0.679167	0.000294
0.312353	-0.679374	0.000294
0.312647	-0.679550	0.000294
0.312941	-0.679756	0.000294
0.313235	-0.679929	0.000294
0.313529	-0.680133	0.000294
0.313824	-0.680304	0.000294
0.314118	-0.680506	0.000294
0.314412	-0.680676	0.000294
0.314706	-0.680878	0.000294
0.315000	-0.681044	0.000294
0.315294	-0.681237	0.000294
0.315588	-0.681403	0.000294
0.315882	-0.681582	0.000294
0.316176	-0.681763	0.000294
0.316471	-0.681944	0.000294
0.316765	-0.682124	0.000294
0.317059	-0.682295	0.000294
0.317353	-0.682480	0.000294
0.317647	-0.682648	0.000294
0.317941	-0.682834	0.000294
0.318235	-0.682993	0.000294
0.318529	-0.683183	0.000294
0.318824	-0.683322	0.000294
0.319118	-0.683516	0.000294
0.319412	-0.683630	0.000294
0.319706	-0.683841	0.000294
0.320000	-0.683962	0.000294
0.320294	-0.684157	0.000294
0.320588	-0.684244	0.000294
0.320882	-0.684463	0.000294
0.321176	-0.684537	0.000294
0.321461	-0.684724	0.000294
0.321746	-0.684777	0.000285
0.322030	-0.684970	0.000285
0.322315	-0.685042	0.000285
0.322600	-0.685199	0.000285
0.322884	-0.685311	0.000285
0.323169	-0.685424	0.000285
0.323454	-0.685547	0.000285
0.323738	-0.685620	0.000285
0.324023	-0.685761	0.000285
0.324307	-0.685839	0.000285
0.324592	-0.685968	0.000285
0.324877	-0.686018	0.000285
0.325161	-0.686134	0.000285
0.325446	-0.686156	0.000285
0.325731	-0.686295	0.000285
0.326015	-0.686231	0.000285
0.326300	-0.686385	0.000285
0.326584	-0.686315	0.000285
0.326869	-0.686465	0.000285
0.327154	-0.686408	0.000285
0.327438	-0.686498	0.000285
0.327723	-0.686466	0.000285
0.328008	-0.686513	0.000285
0.328292	-0.686406	0.000285
0.328577	-0.686452	0.000285
0.328861	-0.686308	0.000285
0.329146	-0.686295	0.000285
0.329431	-0.686186	0.000285
0.329620	-0.686069	0.000285
0.329810	-0.685504	0.000190
0.330000	-0.685369	0.000190
0.330213	-0.685184	0.000190
0.330446	-0.685134	0.000213
0.330653	-0.685079	0.000233
0.330848	-0.684754	0.000208
0.331028	-0.684410	0.000195
0.331180	-0.684227	0.000179
0.331308	-0.684031	0.000152
0.331434	-0.684297	0.000128
0.331560	-0.684680	0.000126
0.331674	-0.684900	0.000126
0.331780	-0.685520	0.000114
0.331881	-0.621598	0.000107
0.331981	-0.572335	0.000100
0.332081	-0.537573	0.000100
0.332180	-0.507737	0.000100
0.332282	-0.439144	0.000099
0.332392	-0.355560	0.000102
0.332511	-0.257680	0.000110
0.332642	-0.136544	0.000119
0.332792	0.013434	0.000131
0.332964	0.159704	0.000150
0.333154	0.276805	0.000172
0.333350	0.360630	0.000190
0.333485	0.403002	0.000196
0.333606	0.424303	0.000136
0.333720	0.480189	0.000121
0.333830	0.547787	0.000114
0.333933	0.541701	0.000110
0.334038	0.539842	0.000103
0.334146	0.537675	0.000105
0.334263	0.535913	0.000108
0.334388	0.534250	0.000117
0.334522	0.532166	0.000125
0.334662	0.530027	0.000134
0.334806	0.528256	0.000140
0.334951	0.525962	0.000144
0.335104	0.524169	0.000144
0.335257	0.522641	0.000153
0.335410	0.520649	0.000153
0.335574	0.518741	0.000153
0.335738	0.516852	0.000164
0.335901	0.514997	0.000164
0.336065	0.513396	0.000164
0.336223	0.511436	0.000164
0.336380	0.509630	0.000157
0.336538	0.507726	0.000157
0.336695	0.506119	0.000157
0.336852	0.504500	0.000157
0.337010	0.502769	0.000157
0.337167	0.501184	0.000157
0.337316	0.499395	0.000157
0.337465	0.497907	0.000149
0.337614	0.496610	0.000149
0.337763	0.495069	0.000149
0.337913	0.493576	0.000149
0.338062	0.492186	0.000149
0.338211	0.490639	0.000149
0.338360	0.489495	0.000149
0.338509	0.488082	0.000149
0.338658	0.486707	0.000149
0.338807	0.485370	0.000149
0.338956	0.483946	0.000149
0.339105	0.482693	0.000149
0.339255	0.481497	0.000149
0.339404	0.480121	0.000149
0.339553	0.478840	0.000149
0.339702	0.477569	0.000149
0.339851	0.476098	0.000149
0.340000	0.475017	0.000149
0.340154	0.473645	0.000149
0.340310	0.472356	0.000154
0.340464	0.471079	0.000156
0.340618	0.469619	0.000154
0.340772	0.468338	0.000154
0.340925	0.467216	0.000154
0.341082	0.465823	0.000154
0.341236	0.464528	0.000156
0.341392	0.463214	0.000154
0.341546	0.461686	0.000157
0.341700	0.460633	0.000154
0.341853	0.459270	0.000154
0.342010	0.458012	0.000154
0.342164	0.456765	0.000157
0.342317	0.455299	0.000154
0.342471	0.454077	0.000154
0.342628	0.452926	0.000154
0.342785	0.451543	0.000157
0.342941	0.450267	0.000157
0.343098	0.448869	0.000157
0.343252	0.447511	0.000157
0.343405	0.446251	0.000153
0.343562	0.445107	0.000153
0.343719	0.443723	0.000157
0.343876	0.442370	0.000157
0.344033	0.441048	0.000157
0.344190	0.439470	0.000157
0.344347	0.438464	0.000157
0.344504	0.437033	0.000157
0.344661	0.435774	0.000157
0.344818	0.434332	0.000157
0.344975	0.433135	0.000157
0.345132	0.431593	0.000157
0.345289	0.430512	0.000157
0.345446	0.429094	0.000157
0.345603	0.427781	0.000157
0.345760	0.426470	0.000157
0.345917	0.425159	0.000157
0.346074	0.423686	0.000157
0.346231	0.422604	0.000157
0.346388	0.421199	0.000157
0.346546	0.419866	0.000157
0.346703	0.418552	0.000157
0.346860	0.417253	0.000157
0.347017	0.415766	0.000157
0.347174	0.414682	0.000157
0.347331	0.413298	0.000157
0.347488	0.412038	0.000157
0.347645	0.410623	0.000157
0.347802	0.409434	0.000157
0.347959	0.407776	0.000157
0.348116	0.406797	0.000157
0.348273	0.405432	0.000157
0.348430	0.404147	0.000157
0.348587	0.402832	0.000157
0.348744	0.401435	0.000157
0.348901	0.400050	0.000157
0.349058	0.398792	0.000157
0.349215	0.397667	0.000157
0.349372	0.396222	0.000157
0.349529	0.394909	0.000157
0.349686	0.393663	0.000157
0.349843	0.392163	0.000157
0.350000	0.390828	0.000157
0.350167	0.389746	0.000157
0.350336	0.388325	0.000167
0.350506	0.386945	0.000170
0.350675	0.385414	0.000170
0.350845	0.384139	0.000170
0.351014	0.382340	0.000170
0.351184	0.381298	0.000170
0.351357	0.379806	0.000170
0.351530	0.378405	0.000173
0.351702	0.376897	0.000173
0.351875	0.375458	0.000173
0.352052	0.373704	0.000173
0.352229	0.372460	0.000177
0.352405	0.371109	0.000177
0.352582	0.369529	0.000177
0.352758	0.368038	0.000177
0.352935	0.366434	0.000177
0.353116	0.364816	0.000177
0.353297	0.363405	0.000181
0.353484	0.362031	0.000181
0.353670	0.360323	0.000186
0.353851	0.358742	0.000186
0.354037	0.357072	0.000181
0.354223	0.355470	0.000186
0.354416	0.353907	0.000186
0.354608	0.352487	0.000193
0.354801	0.350670	0.000193
0.354994	0.349013	0.000193
0.355186	0.347255	0.000193
0.355379	0.345521	0.000193
0.355580	0.343935	0.000193
0.355781	0.342409	0.000201
0.355981	0.340530	0.000201
0.356182	0.338811	0.000201
0.356383	0.336994	0.000201
0.356584	0.335039	0.000201
0.356798	0.333469	0.000201
0.357011	0.331818	0.000213
0.357225	0.329880	0.000213
0.357438	0.327955	0.000213
0.357652	0.326185	0.000213
0.357865	0.323944	0.000213
0.358079	0.322438	0.000213
0.358292	0.320505	0.000213
0.358506	0.318551	0.000213
0.358719	0.316692	0.000213
0.358933	0.314839	0.000213
0.359146	0.312792	0.000213
0.359360	0.311188	0.000213
0.359573	0.309270	0.000213
0.359787	0.307347	0.000213
0.360000	0.305528	0.000213
0.360233	0.303688	0.000213
0.360471	0.301562	0.000233
0.360709	0.299814	0.000238
0.360947	0.297717	0.000238
0.361185	0.295643	0.000238
0.361424	0.293689	0.000238
0.361656	0.291466	0.000238
0.361887	0.289506	0.000232
0.362119	0.287750	0.000232
0.362351	0.285711	0.000232
0.362583	0.283768	0.000232
0.362814	0.281875	0.000232
0.363046	0.279798	0.000232
0.363271	0.277909	0.000232
0.363495	0.276236	0.000224
0.363719	0.274325	0.000224
0.363944	0.272430	0.000224
0.364168	0.270642	0.000224
0.364392	0.268859	0.000224
0.364616	0.266807	0.000224
0.364841	0.265263	0.000224
0.365056	0.263532	0.000224
0.365271	0.261733	0.000215
0.365486	0.260044	0.000215
0.365701	0.258432	0.000215
0.365905	0.256706	0.000215
0.366110	0.254946	0.000205
0.366315	0.253538	0.000205
0.366520	0.252064	0.000205
0.366724	0.250460	0.000205
0.366917	0.248826	0.000205
0.367110	0.247393	0.000193
0.367302	0.245963	0.000193
0.367495	0.244469	0.000193
0.367688	0.242982	0.000193
0.367880	0.241693	0.000193
0.368073	0.240383	0.000193
0.368266	0.238954	0.000193
0.368458	0.237579	0.000193
0.368651	0.236198	0.000193
0.368844	0.234873	0.000193
0.369037	0.233550	0.000193
0.369229	0.232111	0.000193
0.369422	0.230772	0.000193
0.369615	0.229571	0.000193
0.369807	0.228305	0.000193
0.370000	0.226966	0.000193
0.370208	0.225649	0.000193
0.370417	0.224292	0.000208
0.370625	0.222958	0.000208
0.370833	0.221620	0.000208
0.371042	0.220172	0.000208
0.371250	0.218847	0.000208
0.371458	0.217623	0.000208
0.371667	0.216326	0.000208
0.371875	0.214982	0.000208
0.372083	0.213656	0.000208
0.372292	0.212394	0.000208
0.372500	0.211133	0.000208
0.372708	0.209869	0.000208
0.372917	0.208526	0.000208
0.373125	0.207290	0.000208
0.373333	0.206134	0.000208
0.373542	0.204923	0.000208
0.373750	0.203667	0.000208
0.373958	0.202418	0.000208
0.374167	0.201218	0.000208
0.374375	0.200028	0.000208
0.374583	0.198836	0.000208
0.374792	0.197599	0.000208
0.375000	0.196380	0.000208
0.375208	0.195265	0.000208
0.375417	0.194157	0.000208
0.375625	0.192973	0.000208
0.375833	0.191806	0.000208
0.376042	0.190644	0.000208
0.376250	0.189521	0.000208
0.376458	0.188395	0.000208
0.376667	0.187274	0.000208
0.376875	0.186105	0.000208
0.377083	0.184952	0.000208
0.377292	0.183893	0.000208
0.377500	0.182838	0.000208
0.377708	0.181746	0.000208
0.377917	0.180633	0.000208
0.378125	0.179529	0.000208
0.378333	0.178447	0.000208
0.378542	0.177353	0.000208
0.378750	0.176290	0.000208
0.378958	0.175225	0.000208
0.379167	0.174126	0.000208
0.379375	0.173074	0.000208
0.379583	0.172058	0.000208
0.379792	0.171055	0.000208
0.380000	0.169987	0.000208
0.380227	0.168939	0.000208
0.380466	0.167813	0.000227
0.380704	0.166645	0.000238
0.380949	0.165460	0.000238
0.381193	0.164261	0.000245
0.381438	0.163057	0.000245
0.381683	0.161830	0.000245
0.381935	0.160687	0.000245
0.382187	0.159527	0.000252
0.382439	0.158331	0.000252
0.382691	0.157105	0.000252
0.382943	0.155902	0.000252
0.383195	0.154704	0.000252
0.383447	0.153504	0.000252
0.383699	0.152326	0.000252
0.383951	0.151140	0.000252
0.384203	0.149935	0.000252
0.384455	0.148786	0.000252
0.384707	0.147659	0.000252
0.384959	0.146499	0.000252
0.385211	0.145318	0.000252
0.385463	0.144162	0.000252
0.385715	0.143014	0.000252
0.385967	0.141864	0.000252
0.386219	0.140722	0.000252
0.386471	0.139577	0.000252
0.386723	0.138427	0.000252
0.386975	0.137277	0.000252
0.387228	0.136164	0.000252
0.387480	0.135069	0.000252
0.387732	0.133964	0.000252
0.387984	0.132830	0.000252
0.388236	0.131713	0.000252
0.388488	0.130600	0.000252
0.388740	0.129483	0.000252
0.388992	0.128378	0.000252
0.389244	0.127276	0.000252
0.389496	0.126172	0.000252
0.389748	0.125058	0.000252
0.390000	0.123948	0.000252
0.390278	0.122864	0.000252
0.390556	0.121688	0.000278
0.390842	0.120515	0.000278
0.391128	0.119284	0.000286
0.391414	0.118043	0.000286
0.391700	0.116819	0.000286
0.391987	0.115594	0.000286
0.392273	0.114373	0.000286
0.392559	0.113150	0.000286
0.392857	0.111933	0.000286
0.393154	0.110675	0.000298
0.393452	0.109403	0.000298
0.393749	0.108150	0.000298
0.394047	0.106914	0.000298
0.394345	0.105684	0.000298
0.394642	0.104440	0.000298
0.394940	0.103175	0.000298
0.395238	0.101934	0.000298
0.395535	0.100693	0.000298
0.395833	0.099457	0.000298
0.396131	0.098217	0.000298
0.396428	0.096987	0.000298
0.396726	0.095754	0.000298
0.397024	0.094517	0.000298
0.397321	0.093283	0.000298
0.397619	0.092052	0.000298
0.397917	0.090843	0.000298
0.398214	0.089638	0.000298
0.398512	0.088428	0.000298
0.398809	0.087207	0.000298
0.399107	0.085975	0.000298
0.399405	0.084762	0.000298
0.399702	0.083556	0.000298
0.400000	0.082344	0.000298
0.400303	0.081130	0.000298
0.400606	0.079896	0.000303
0.400909	0.078671	0.000303
0.401212	0.077437	0.000303
0.401515	0.076217	0.000303
0.401818	0.074983	0.000303
0.402121	0.073756	0.000303
0.402424	0.072532	0.000303
0.402727	0.071324	0.000303
0.403030	0.070111	0.000303
0.403333	0.068904	0.000303
0.403636	0.067687	0.000303
0.403939	0.066471	0.000303
0.404242	0.065245	0.000303
0.404545	0.064037	0.000303
0.404848	0.062824	0.000303
0.405152	0.061617	0.000303
0.405455	0.060407	0.000303
0.405758	0.059195	0.000303
0.406061	0.057988	0.000303
0.406364	0.056775	0.000303
0.406667	0.055567	0.000303
0.406970	0.054359	0.000303
0.407273	0.053153	0.000303
0.407576	0.051949	0.000303
0.407879	0.050746	0.000303
0.408182	0.049539	0.000303
0.408485	0.048336	0.000303
0.408788	0.047133	0.000303
0.409091	0.045933	0.000303
0.409394	0.044738	0.000303
0.409697	0.043540	0.000303
0.410000	0.042345	0.000303
0.410313	0.041151	0.000303
0.410625	0.039920	0.000313
0.410938	0.038685	0.000313
0.411250	0.037449	0.000313
0.411552	0.036214	0.000313
0.411853	0.035021	0.000302
0.412155	0.033824	0.000302
0.412457	0.032638	0.000302
0.412759	0.031448	0.000302
0.413060	0.030258	0.000302
0.413362	0.029070	0.000302
0.413664	0.027884	0.000302
0.413966	0.026695	0.000302
0.414267	0.025505	0.000302
0.414569	0.024317	0.000302
0.414871	0.023130	0.000302
0.415156	0.021940	0.000302
0.415441	0.020815	0.000285
0.415726	0.019691	0.000285
0.416011	0.018568	0.000285
0.416295	0.017444	0.000285
0.416580	0.016321	0.000285
0.416865	0.015197	0.000285
0.417150	0.014071	0.000285
0.417435	0.012945	0.000285
0.417720	0.011820	0.000285
0.418005	0.010696	0.000285
0.418290	0.009570	0.000285
0.418575	0.008446	0.000285
0.418860	0.007322	0.000285
0.419145	0.006198	0.000285
0.419430	0.005075	0.000285
0.419715	0.003952	0.000285
0.420000	0.002828	0.000285
0.420294	0.001705	0.000285
0.420588	0.000545	0.000294
0.420882	-0.000614	0.000294
0.421176	-0.001773	0.000294
0.421471	-0.002932	0.000294
0.421765	-0.004092	0.000294
0.422059	-0.005252	0.000294
0.422353	-0.006411	0.000294
0.422647	-0.007571	0.000294
0.422941	-0.008730	0.000294
0.423235	-0.009890	0.000294
0.423529	-0.011049	0.000294
0.423824	-0.012207	0.000294
0.424118	-0.013365	0.000294
0.424412	-0.014521	0.000294
0.424706	-0.015678	0.000294
0.425000	-0.016833	0.000294
0.425294	-0.017988	0.000294
0.425588	-0.019140	0.000294
0.425882	-0.020290	0.000294
0.426176	-0.021444	0.000294
0.426471	-0.022599	0.000294
0.426765	-0.023753	0.000294
0.427059	-0.024903	0.000294
0.427353	-0.026051	0.000294
0.427647	-0.027200	0.000294
0.427941	-0.028343	0.000294
0.428235	-0.029489	0.000294
0.428529	-0.030632	0.000294
0.428824	-0.031774	0.000294
0.429118	-0.032921	0.000294
0.429412	-0.034066	0.000294
0.429706	-0.035200	0.000294
0.430000	-0.036328	0.000294
0.430312	-0.037459	0.000294
0.430625	-0.038660	0.000313
0.430937	-0.039862	0.000313
0.431250	-0.041073	0.000313
0.431563	-0.042280	0.000313
0.431875	-0.043480	0.000313
0.432188	-0.044685	0.000313
0.432500	-0.045880	0.000313
0.432812	-0.047075	0.000313
0.433125	-0.048266	0.000313
0.433437	-0.049451	0.000313
0.433750	-0.050640	0.000313
0.434063	-0.051831	0.000313
0.434375	-0.053026	0.000313
0.434688	-0.054219	0.000313
0.435000	-0.055407	0.000313
0.435312	-0.056579	0.000313
0.435625	-0.057747	0.000313
0.435937	-0.058921	0.000313
0.436250	-0.060085	0.000313
0.436563	-0.061256	0.000313
0.436875	-0.062428	0.000313
0.437188	-0.063601	0.000313
0.437500	-0.064764	0.000313
0.437812	-0.065938	0.000313
0.438125	-0.067093	0.000313
0.438437	-0.068246	0.000313
0.438750	-0.069403	0.000313
0.439063	-0.070558	0.000313
0.439375	-0.071717	0.000313
0.439688	-0.072867	0.000313
0.440000	-0.074011	0.000313
0.440345	-0.075161	0.000313
0.440690	-0.076424	0.000345
0.441034	-0.077698	0.000345
0.441379	-0.078945	0.000345
0.441724	-0.080191	0.000345
0.442069	-0.081448	0.000345
0.442414	-0.082708	0.000345
0.442759	-0.083962	0.000345
0.443103	-0.085211	0.000345
0.443448	-0.086473	0.000345
0.443793	-0.087720	0.000345
0.444138	-0.088960	0.000345
0.444483	-0.090214	0.000345
0.444828	-0.091474	0.000345
0.445197	-0.092717	0.000345
0.445566	-0.094054	0.000369
0.445936	-0.095389	0.000369
0.446305	-0.096711	0.000369
0.446675	-0.098042	0.000369
0.447044	-0.099373	0.000369
0.447414	-0.100684	0.000369
0.447783	-0.102019	0.000369
0.448153	-0.103337	0.000369
0.448522	-0.104655	0.000369
0.448892	-0.105980	0.000369
0.449261	-0.107303	0.000369
0.449631	-0.108624	0.000369
0.450000	-0.109933	0.000369
0.450385	-0.111235	0.000369
0.450769	-0.112615	0.000385
0.451171	-0.113966	0.000385
0.451572	-0.115390	0.000401
0.451973	-0.116809	0.000401
0.452375	-0.118220	0.000401
0.452776	-0.119652	0.000401
0.453177	-0.121067	0.000401
0.453579	-0.122472	0.000401
0.453980	-0.123864	0.000401
0.454381	-0.125275	0.000401
0.454783	-0.126674	0.000401
0.455184	-0.128070	0.000401
0.455585	-0.129463	0.000401
0.455987	-0.130882	0.000401
0.456388	-0.132287	0.000401
0.456789	-0.133670	0.000401
0.457191	-0.135047	0.000401
0.457592	-0.136431	0.000401
0.457993	-0.137805	0.000401
0.458395	-0.139184	0.000401
0.458796	-0.140572	0.000401
0.459197	-0.141968	0.000401
0.459599	-0.143355	0.000401
0.460000	-0.144698	0.000401
0.460435	-0.146073	0.000401
0.460890	-0.147552	0.000435
0.461346	-0.149097	0.000455
0.461801	-0.150663	0.000455
0.462257	-0.152239	0.000455
0.462712	-0.153753	0.000455
0.463168	-0.155284	0.000455
0.463623	-0.156806	0.000455
0.464079	-0.158335	0.000455
0.464534	-0.159883	0.000455
0.464990	-0.161441	0.000455
0.465445	-0.162930	0.000455
0.465901	-0.164436	0.000455
0.466356	-0.165938	0.000455
0.466812	-0.167458	0.000455
0.467267	-0.169013	0.000455
0.467723	-0.170493	0.000455
0.468178	-0.171986	0.000455
0.468634	-0.173474	0.000455
0.469089	-0.174963	0.000455
0.469545	-0.176495	0.000455
0.470000	-0.177980	0.000455
0.470455	-0.179455	0.000455
0.470909	-0.180925	0.000455
0.471364	-0.182392	0.000455
0.471818	-0.183907	0.000455
0.472273	-0.185359	0.000455
0.472727	-0.186823	0.000455
0.473182	-0.188278	0.000455
0.473636	-0.189730	0.000455
0.474091	-0.191230	0.000455
0.474545	-0.192667	0.000455
0.475000	-0.194121	0.000455
0.475455	-0.195558	0.000455
0.475909	-0.197004	0.000455
0.476364	-0.198467	0.000455
0.476818	-0.199907	0.000455
0.477273	-0.201346	0.000455
0.477727	-0.202756	0.000455
0.478182	-0.204225	0.000455
0.478636	-0.205639	0.000455
0.479091	-0.207070	0.000455
0.479545	-0.208466	0.000455
0.480000	-0.209914	0.000455
0.480476	-0.211338	0.000455
0.480952	-0.212850	0.000476
0.481429	-0.214306	0.000476
0.481905	-0.215796	0.000476
0.482381	-0.217291	0.000476
0.482857	-0.218777	0.000476
0.483333	-0.220229	0.000476
0.483810	-0.221725	0.000476
0.484286	-0.223203	0.000476
0.484762	-0.224672	0.000476
0.485238	-0.226138	0.000476
0.485714	-0.227640	0.000476
0.486190	-0.229094	0.000476
0.486667	-0.230575	0.000476
0.487143	-0.232036	0.000476
0.487619	-0.233531	0.000476
0.488095	-0.234991	0.000476
0.488571	-0.236455	0.000476
0.489048	-0.237948	0.000476
0.489524	-0.239414	0.000476
0.490000	-0.240892	0.000476
0.490526	-0.242367	0.000476
0.491053	-0.244045	0.000526
0.491579	-0.245668	0.000526
0.492105	-0.247288	0.000526
0.492632	-0.248947	0.000526
0.493158	-0.250560	0.000526
0.493684	-0.252184	0.000526
0.494211	-0.253846	0.000526
0.494737	-0.255453	0.000526
0.495263	-0.257078	0.000526
0.495789	-0.258734	0.000526
0.496316	-0.260344	0.000526
0.496842	-0.261970	0.000526
0.497368	-0.263614	0.000526
0.497895	-0.265236	0.000526
0.498421	-0.266851	0.000526
0.498947	-0.268487	0.000526
0.499474	-0.270105	0.000526
0.500000	-0.271726	0.000526
0.500556	-0.273336	0.000526
0.501111	-0.275055	0.000556
0.501667	-0.276762	0.000556
0.502222	-0.278459	0.000556
0.502778	-0.280153	0.000556
0.503333	-0.281870	0.000556
0.503889	-0.283558	0.000556
0.504444	-0.285243	0.000556
0.505000	-0.286917	0.000556
0.505556	-0.288601	0.000556
0.506111	-0.290305	0.000556
0.506667	-0.291986	0.000556
0.507222	-0.293658	0.000556
0.507778	-0.295320	0.000556
0.508333	-0.296984	0.000556
0.508889	-0.298679	0.000556
0.509444	-0.300325	0.000556
0.510000	-0.301994	0.000556
0.510556	-0.303646	0.000556
0.511146	-0.305292	0.000556
0.511736	-0.307078	0.000590
0.512326	-0.308812	0.000590
0.512917	-0.310580	0.000590
0.513507	-0.312297	0.000590
0.514097	-0.314040	0.000590
0.514687	-0.315747	0.000590
0.515278	-0.317457	0.000590
0.515868	-0.319170	0.000590
0.516458	-0.320854	0.000590
0.517049	-0.322538	0.000590
0.517639	-0.324213	0.000590
0.518229	-0.325857	0.000590
0.518819	-0.327495	0.000590
0.519410	-0.329121	0.000590
0.520000	-0.330731	0.000590
0.520556	-0.332327	0.000590
0.521080	-0.333764	0.000556
0.521550	-0.335120	0.000525
0.521994	-0.336241	0.000469
0.522395	-0.337371	0.000445
0.522775	-0.338331	0.000400
0.523119	-0.339198	0.000380
0.523418	-0.340023	0.000344
0.523671	-0.340755	0.000299
0.523925	-0.341538	0.000253
0.524168	-0.342452	0.000253
0.524392	-0.343169	0.000243
0.524592	-0.343974	0.000224
0.524800	-0.254278	0.000200
0.525026	-0.149908	0.000208
0.525275	-0.057895	0.000226
0.525570	0.026784	0.000249
0.525911	0.133360	0.000295
0.526283	0.277989	0.000341
0.526531	0.308720	0.000372
0.526723	0.305551	0.000248
0.526905	0.303434	0.000193
0.527087	0.301810	0.000182
0.527269	0.300117	0.000182
0.527464	0.298579	0.000182
0.527659	0.296971	0.000195
0.527872	0.295346	0.000195
0.528109	0.293781	0.000213
0.528345	0.292021	0.000236
0.528582	0.290315	0.000236
0.528818	0.288510	0.000236
0.529054	0.286875	0.000236
0.529291	0.285145	0.000236
0.529527	0.283600	0.000236
0.529764	0.282018	0.000236
0.530000	0.280528	0.000236
0.530270	0.278977	0.000236
0.530574	0.277388	0.000270
0.530911	0.275498	0.000304
0.531275	0.273542	0.000337
0.531654	0.271411	0.000364
0.532051	0.269110	0.000379
0.532449	0.266728	0.000397
0.532868	0.264417	0.000397
0.533288	0.262010	0.000420
0.533707	0.259547	0.000420
0.534127	0.257103	0.000420
0.534579	0.254735	0.000420
0.535030	0.252235	0.000452
0.535482	0.249713	0.000452
0.535934	0.247244	0.000452
0.536386	0.244808	0.000452
0.536838	0.242362	0.000452
0.537289	0.239926	0.000452
0.537741	0.237571	0.000452
0.538193	0.235222	0.000452
0.538645	0.232881	0.000452
0.539096	0.230543	0.000452
0.539548	0.228238	0.000452
0.540000	0.225950	0.000452
0.540500	0.223690	0.000452
0.541028	0.221205	0.000500
0.541589	0.218630	0.000528
0.542149	0.215862	0.000561
0.542710	0.213095	0.000561
0.543271	0.210378	0.000561
0.543832	0.207663	0.000561
0.544392	0.204954	0.000561
0.544953	0.202267	0.000561
0.545514	0.199607	0.000561
0.546075	0.196945	0.000561
0.546635	0.194278	0.000561
0.547196	0.191663	0.000561
0.547757	0.189058	0.000561
0.548318	0.186457	0.000561
0.548878	0.183853	0.000561
0.549439	0.181289	0.000561
0.550000	0.178723	0.000561
