time	vel
0.0	0.0
0.001001001001001001	-0.0036870137949428102
0.002002002002002002	-0.0073736480739560843
0.003003003003003003	-0.011059753211554295
0.004004004004004004	-0.014745206145273219
0.005005005005005005	-0.018429902271170029
0.006006006006006006	-0.022113745571471208
0.0070070070070070069	-0.025796642401946349
0.0080080080080080079	-0.029478502614845352
0.0090090090090090089	-0.033159241687566399
0.01001001001001001	-0.03683877459391071
0.011011011011011011	-0.040517020062979248
0.012012012012012012	-0.044193896303871244
0.013013013013013013	-0.047869324110625125
0.014014014014014014	-0.051543224124549321
0.015015015015015015	-0.055215519170197597
0.016016016016016016	-0.058886130721275354
0.017017017017017015	-0.062554980332811039
0.018018018018018018	-0.06622199256838246
0.019019019019019021	-0.069887091530346862
0.02002002002002002	-0.073550200609901362
0.021021021021021019	-0.077211244173724311
0.022022022022022022	-0.080870147866138706
0.023023023023023025	-0.084526836342362369
0.024024024024024024	-0.088181235273134026
0.025025025025025023	-0.091833268470040919
0.026026026026026026	-0.095482863762243422
0.027027027027027029	-0.099129946304491942
0.028028028028028028	-0.10277444203347472
0.029029029029029027	-0.10641627746710366
0.03003003003003003	-0.11005537915765763
0.031031031031031032	-0.1136916740107268
0.032032032032032032	-0.11732508928521275
0.033033033033033031	-0.12095555219306608
0.03403403403403403	-0.12458298953999943
0.035035035035035036	-0.12820732887634373
0.036036036036036036	-0.13182849800826854
0.037037037037037035	-0.13544642498019452
0.038038038038038041	-0.13906103798333436
0.03903903903903904	-0.1426722650386576
0.04004004004004004	-0.14628003455460184
0.041041041041041039	-0.14988427516135946
0.042042042042042038	-0.15348491567715733
0.043043043043043044	-0.15708188511892654
0.044044044044044044	-0.16067511281298202
0.045045045045045043	-0.164264528253382
0.046046046046046049	-0.16785006111471296
0.047047047047047048	-0.17143164127427563
0.048048048048048048	-0.17500919881530533
0.049049049049049047	-0.17858266418830465
0.050050050050050046	-0.18215196807455716
0.051051051051051052	-0.18571704132064065
0.052052052052052052	-0.18927781499885243
0.053053053053053051	-0.19283422040720932
0.054054054054054057	-0.19638618932451235
0.055055055055055056	-0.19993365391337864
0.056056056056056056	-0.20347654634193407
0.057057057057057055	-0.20701479902195491
0.058058058058058054	-0.2105483446092741
0.05905905905905906	-0.21407711600378126
0.06006006006006006	-0.21760104634942273
0.061061061061061059	-0.22112006903420151
0.062062062062062065	-0.22463411769017738
0.063063063063063057	-0.22814312681070295
0.064064064064064064	-0.23164703164652675
0.06506506506506507	-0.23514576707444104
0.066066066066066062	-0.23863926825957726
0.067067067067067068	-0.24212747065971563
0.068068068068068061	-0.24561031002528513
0.069069069069069067	-0.24908772239936369
0.070070070070070073	-0.2525596441176779
0.071071071071071065	-0.25602601180860307
0.072072072072072071	-0.25948676296989054
0.073073073073073078	-0.26294183600817395
0.07407407407407407	-0.26639116895975573
0.075075075075075076	-0.2698347001935687
0.076076076076076082	-0.27327236842110803
0.077077077077077075	-0.27670411269643141
0.078078078078078081	-0.28012987241615933
0.079079079079079073	-0.28354958731947438
0.080080080080080079	-0.2869631974881221
0.081081081081081086	-0.29037064383800981
0.082082082082082078	-0.29377186828378216
0.083083083083083084	-0.29716681243894344
0.084084084084084076	-0.30055541828997856
0.085085085085085083	-0.30393762821290932
0.086086086086086089	-0.30731338497329458
0.087087087087087081	-0.3106826317262299
0.088088088088088087	-0.314045312016348
0.089089089089089094	-0.3174013697778183
0.090090090090090086	-0.32075074825532596
0.091091091091091092	-0.32409339686227917
0.092092092092092098	-0.32742925868329853
0.093093093093093091	-0.3307582797938724
0.094094094094094097	-0.33408040667203809
0.095095095095095089	-0.33739558620303289
0.096096096096096095	-0.34070376568394667
0.097097097097097101	-0.34400489282837304
0.098098098098098094	-0.34729891577106192
0.0990990990990991	-0.35058578334899648
0.10010010010010009	-0.35386544537401371
0.1011011011011011	-0.35713785163565342
0.1021021021021021	-0.36040295238204756
0.1031031031031031	-0.36366069835271359
0.1041041041041041	-0.36691104078555459
0.10510510510510511	-0.37015393142385855
0.1061061061061061	-0.37338932252329848
0.10710710710710711	-0.37661716685893237
0.10810810810810811	-0.37983741773220264
0.10910910910910911	-0.38305002897793605
0.11011011011011011	-0.38625495495552764
0.1111111111111111	-0.38945215021660706
0.11211211211211211	-0.39264156995545479
0.11311311311311312	-0.39582317002329798
0.11411411411411411	-0.39899690681591915
0.11511511511511512	-0.40216273727943441
0.11611611611611611	-0.40532061891607146
0.11711711711711711	-0.4084705097899482
0.11811811811811812	-0.41161236853285044
0.11911911911911911	-0.41474615435001039
0.12012012012012012	-0.41787182702588521
0.12112112112112113	-0.4209893469299345
0.12212212212212212	-0.42409867462909551
0.12312312312312312	-0.42719977051959934
0.12412412412412413	-0.43029259624692834
0.12512512512512514	-0.43337711403742524
0.12612612612612611	-0.43645328666486849
0.12712712712712712	-0.43952107745292879
0.12812812812812813	-0.44258045027762527
0.12912912912912913	-0.44563136956978211
0.13013013013013014	-0.44867380031748494
0.13113113113113112	-0.45170770806853733
0.13213213213213212	-0.45473305893291754
0.13313313313313313	-0.45774981957053046
0.13413413413413414	-0.46075795688311738
0.13513513513513514	-0.46375743842386941
0.13613613613613612	-0.46674823240480962
0.13713713713713713	-0.46973030759062012
0.13813813813813813	-0.4727036332999805
0.13913913913913914	-0.47566817940690742
0.14014014014014015	-0.47862391634209328
0.14114114114114115	-0.48157081509424576
0.14214214214214213	-0.48450884721142629
0.14314314314314314	-0.48743798480238981
0.14414414414414414	-0.49035820053792328
0.14514514514514515	-0.49326946754069523
0.14614614614614616	-0.49617175928264534
0.14714714714714713	-0.49906504998404316
0.14814814814814814	-0.50194931442469237
0.14914914914914915	-0.50482452793438948
0.15015015015015015	-0.50769066639332694
0.15115115115115116	-0.51054770623249612
0.15215215215215216	-0.51339562443408981
0.15315315315315314	-0.516234398531905
0.15415415415415415	-0.51906400661174601
0.15515515515515516	-0.5218844273118266
0.15615615615615616	-0.52469563960048837
0.15715715715715717	-0.52749762347001572
0.15815815815815815	-0.53029035868189711
0.15915915915915915	-0.53307382596670205
0.16016016016016016	-0.5358480065892588
0.16116116116116116	-0.53861288234884919
0.16216216216216217	-0.54136843557932701
0.16316316316316315	-0.54411464914916163
0.16416416416416416	-0.54685150646140646
0.16516516516516516	-0.54957899145359013
0.16616616616616617	-0.55229708859753457
0.16716716716716717	-0.55500578289909641
0.16816816816816815	-0.55770505978191665
0.16916916916916916	-0.56039490499343081
0.17017017017017017	-0.56307530501628922
0.17117117117117117	-0.56574624686163144
0.17217217217217218	-0.56840771805719992
0.17317317317317318	-0.57105970664565964
0.17417417417417416	-0.57370220118281567
0.17517517517517517	-0.5763351907357277
0.17617617617617617	-0.57895866488072212
0.17717717717717718	-0.58157261370130109
0.17817817817817819	-0.58417702778594971
0.17917917917917917	-0.58677189822583997
0.18018018018018017	-0.5893572166124319
0.18118118118118118	-0.59193297503497244
0.18218218218218218	-0.59449916607789188
0.18318318318318319	-0.59705578281809679
0.1841841841841842	-0.59960281878042654
0.18518518518518517	-0.60214026780019958
0.18618618618618618	-0.60466812432118389
0.18718718718718719	-0.60718638328026264
0.18818818818818819	-0.60969504008206155
0.1891891891891892	-0.6121940905949983
0.19019019019019018	-0.61468353114721241
0.19119119119119118	-0.61716335852237336
0.19219219219219219	-0.61963356995536956
0.1931931931931932	-0.62209416312787669
0.1941941941941942	-0.62454513616380503
0.19519519519519518	-0.6269864876246275
0.19619619619619619	-0.62941821650458651
0.19719719719719719	-0.63184032222578046
0.1981981981981982	-0.63425280463313083
0.19919919919919921	-0.63665566398922724
0.20020020020020018	-0.63904890102815937
0.20120120120120119	-0.64143251750171237
0.2022022022022022	-0.64380651526525301
0.2032032032032032	-0.64617089645500636
0.20420420420420421	-0.64852566362831354
0.20520520520520522	-0.65087081975978545
0.20620620620620619	-0.65320636823739364
0.2072072072072072	-0.65553231285849944
0.20820820820820821	-0.65784865782581881
0.20920920920920921	-0.66015540774332571
0.21021021021021022	-0.66245256761209181
0.2112112112112112	-0.66474014282606386
0.2122122122122122	-0.66701813916777852
0.21321321321321321	-0.66928656280401333
0.21421421421421422	-0.67154542028137609
0.21521521521521522	-0.6737947185218307
0.21621621621621623	-0.67603446482535801
0.21721721721721721	-0.6782646671391126
0.21821821821821821	-0.68048533371647557
0.21921921921921922	-0.68269647306059478
0.22022022022022023	-0.68489809404200208
0.22122122122122123	-0.68709020589477343
0.22222222222222221	-0.68927281821265474
0.22322322322322322	-0.69144594094515455
0.22422422422422422	-0.69360958439360165
0.22522522522522523	-0.69576375920716993
0.22622622622622623	-0.69790847637886855
0.22722722722722721	-0.70004374724149787
0.22822822822822822	-0.70216958346357239
0.22922922922922923	-0.70428599704520878
0.23023023023023023	-0.70639300031398022
0.23123123123123124	-0.70849060592073732
0.23223223223223222	-0.71057882683539408
0.23323323323323322	-0.71265767645028089
0.23423423423423423	-0.71472716850657303
0.23523523523523523	-0.71678731696737197
0.23623623623623624	-0.71883813610524172
0.23723723723723725	-0.72087964049832931
0.23823823823823823	-0.72291184502646622
0.23923923923923923	-0.72493476486724995
0.24024024024024024	-0.72694841549210554
0.24124124124124124	-0.72895281266232825
0.24224224224224225	-0.73094797242510623
0.24324324324324323	-0.73293391110952411
0.24424424424424424	-0.73491064532254702
0.24524524524524524	-0.73687819194498438
0.24624624624624625	-0.73883656812743503
0.24724724724724725	-0.74078579128621247
0.24824824824824826	-0.74272587909925059
0.24924924924924924	-0.74465684956190736
0.25025025025025027	-0.74657872100994949
0.25125125125125125	-0.74849151193671537
0.25225225225225223	-0.7503952410839263
0.25325325325325326	-0.75228992744108647
0.25425425425425424	-0.75417559024171765
0.25525525525525528	-0.75605224895958834
0.25625625625625625	-0.75791992330493341
0.25725725725725723	-0.75977863322066908
0.25825825825825827	-0.76162839887859946
0.25925925925925924	-0.76346924067561639
0.26026026026026028	-0.76530117922989294
0.26126126126126126	-0.76712423537706842
0.26226226226226224	-0.76893843016642816
0.26326326326326327	-0.77074378485707518
0.26426426426426425	-0.7725403209140943
0.26526526526526528	-0.77432805997474086
0.26626626626626626	-0.77610702415948518
0.26726726726726724	-0.77787723549698518
0.26826826826826827	-0.779638716284489
0.26926926926926925	-0.78139148901109334
0.27027027027027029	-0.78313557635425601
0.27127127127127126	-0.78487100117630693
0.27227227227227224	-0.78659778652096035
0.27327327327327328	-0.78831595560982637
0.27427427427427425	-0.79002553183892221
0.27527527527527529	-0.79172653877518495
0.27627627627627627	-0.79341900015298217
0.2772772772772773	-0.79510293987062464
0.27827827827827828	-0.79677838198687689
0.27927927927927926	-0.79844535071747014
0.28028028028028029	-0.80010387043161324
0.28128128128128127	-0.80175396566481372
0.2822822822822823	-0.80339566122954154
0.28328328328328328	-0.80502898199937234
0.28428428428428426	-0.80665395296232634
0.28528528528528529	-0.80827059924562794
0.28628628628628627	-0.80987894611231925
0.28728728728728731	-0.81147901895787466
0.28828828828828829	-0.81307084330681434
0.28928928928928926	-0.81465444480931848
0.2902902902902903	-0.81622984923784137
0.29129129129129128	-0.81779708248372496
0.29229229229229231	-0.81935617055381349
0.29329329329329329	-0.82090713956706651
0.29429429429429427	-0.82245001575117394
0.2952952952952953	-0.8239848254391694
0.29629629629629628	-0.82551159506604388
0.29729729729729731	-0.82703035116536094
0.29829829829829829	-0.82854112036586924
0.29929929929929927	-0.83004392938811755
0.3003003003003003	-0.83153880505336319
0.30130130130130128	-0.83302577441693493
0.30230230230230232	-0.83450486462780404
0.3033033033033033	-0.83597610293636204
0.30430430430430433	-0.837439516719649
0.30530530530530531	-0.83889513341743727
0.30630630630630629	-0.84034298030761667
0.30730730730730732	-0.84178308483177244
0.3083083083083083	-0.84321547449181056
0.30930930930930933	-0.8446401768241163
0.31031031031031031	-0.84605721949031554
0.31131131131131129	-0.8474666303475531
0.31231231231231232	-0.84886843723282268
0.3133133133133133	-0.85026266805235695
0.31431431431431434	-0.85164935078246407
0.31531531531531531	0.67417801333970562
0.31631631631631629	0.66905751241109079
0.31731731731731733	0.66395859732580731
0.31831831831831831	0.65888100723938692
0.31931931931931934	0.65382448467648357
0.32032032032032032	0.64878877547124836
0.3213213213213213	0.64377362867728305
0.32232232232232233	0.63877879651334246
0.32332332332332331	0.63380403430493748
0.32432432432432434	0.6288491004684521
0.32532532532532532	0.62391375645336888
0.3263263263263263	0.61899776664142769
0.32732732732732733	0.61410089832944925
0.32832832832832831	0.6092229216967342
0.32932932932932935	0.6043636097133348
0.33033033033033032	0.59952273810992418
0.3313313313313313	0.59470008535126584
0.33233233233233234	0.5898954325568273
0.33333333333333331	0.58510856346407758
0.33433433433433435	0.58033926440549632
0.33533533533533533	0.57558732424127135
0.33633633633633631	0.57085253431963157
0.33733733733733734	0.56613468851884563
0.33833833833833832	0.56143358308529112
0.33933933933933935	0.55674901660322906
0.34034034034034033	0.5520807899709399
0.34134134134134136	0.54742870635827723
0.34234234234234234	0.54279257116525947
0.34334334334334332	0.53817219198168853
0.34434434434434436	0.53356737854780334
0.34534534534534533	0.52897794271596599
0.34634634634634637	0.52440369859166858
0.34734734734734735	0.51984446246559435
0.34834834834834832	0.51530005251186828
0.34934934934934936	0.51077028891550347
0.35035035035035034	0.50625499384420591
0.35135135135135137	0.50175399142108112
0.35235235235235235	0.49726710769859156
0.35335335335335333	0.49279417063376085
0.35435435435435436	0.48833501006462837
0.35535535535535534	0.48388945760565139
0.35635635635635637	0.47945734626769898
0.35735735735735735	0.47503851106375067
0.35835835835835833	0.47063278879594822
0.35935935935935936	0.46624001798010489
0.36036036036036034	0.46186003882240867
0.36136136136136138	0.45749269319704072
0.36236236236236236	0.45313782462471519
0.36336336336336333	0.44879527825213267
0.36436436436436437	0.44446490082823331
0.36536536536536535	0.44014654032844758
0.36636636636636638	0.43584004623696809
0.36736736736736736	0.43154526970322837
0.36836836836836839	0.42726206335008549
0.36936936936936937	0.42299028125187588
0.37037037037037035	0.41872977891306229
0.37137137137137138	0.41448041324747981
0.37237237237237236	0.41024204255817648
0.3733733733733734	0.40601452651784781
0.37437437437437437	0.40179772609802278
0.37537537537537535	0.39759150346482475
0.37637637637637639	0.39339572217561775
0.37737737737737737	0.38921024707025936
0.3783783783783784	0.38503494424473922
0.37937937937937938	0.38086968103260616
0.38038038038038036	0.37671432598686921
0.38138138138138139	0.37256874886238006
0.38238238238238237	0.36843282059869342
0.3833833833833834	0.36430641329700764
0.38438438438438438	0.36018940009599998
0.38538538538538536	0.35608165528814539
0.38638638638638639	0.35198305430156396
0.38738738738738737	0.34789347365291129
0.38838838838838841	0.34381279093121031
0.38938938938938938	0.33974088478207698
0.39039039039039036	0.33567763489233338
0.3913913913913914	0.3316229219750137
0.39239239239239238	0.32757662775476065
0.39339339339339341	0.32353863490515444
0.39439439439439439	0.31950882702386557
0.39539539539539537	0.3154870887212774
0.3963963963963964	0.31147330555222547
0.39739739739739738	0.30746736400115271
0.39839839839839841	0.30346915146830505
0.39939939939939939	0.29947855625625175
0.40040040040040037	0.29549546755672385
0.4014014014014014	0.29151977543777557
0.40240240240240238	0.28755137081451843
0.40340340340340342	0.28359014533824328
0.40440440440440439	0.27963599155756558
0.40540540540540543	0.27568880285946001
0.40640640640640641	0.27174847343814845
0.40740740740740738	0.26781489828339505
0.40840840840840842	0.26388797316909635
0.4094094094094094	0.25996759464216446
0.41041041041041043	0.25605366001170193
0.41141141141141141	0.25214606733847222
0.41241241241241239	0.24824471542466114
0.41341341341341342	0.24434950380393272
0.4144144144144144	0.24046033273177914
0.41541541541541543	0.23657710304814622
0.41641641641641641	0.23269971608690629
0.41741741741741739	0.22882807405801336
0.41841841841841843	0.22496207984142239
0.4194194194194194	0.22110163696966229
0.42042042042042044	0.21724664961789941
0.42142142142142142	0.21339702259422605
0.42242242242242239	0.2095526613301677
0.42342342342342343	0.20571347187141423
0.42442442442442441	0.20187936086877323
0.42542542542542544	0.19805023556934268
0.42642642642642642	0.19422600380790905
0.4274274274274274	0.19040657399586325
0.42842842842842843	0.18659185489328478
0.42942942942942941	0.1827817558182851
0.43043043043043044	0.1789761867369131
0.43143143143143142	0.17517505814198064
0.43243243243243246	0.17137828104402789
0.43343343343343343	0.16758576696245062
0.43443443443443441	0.16379742791678362
0.43543543543543545	0.16001317641814491
0.43643643643643643	0.15623292546083906
0.43743743743743746	0.15245658851411709
0.43843843843843844	0.14868407951409887
0.43943943943943942	0.14491531285585085
0.44044044044044045	0.14115020333471351
0.44144144144144143	0.13738866581785886
0.44244244244244246	0.13363061578911783
0.44344344344344344	0.12987596919676339
0.44444444444444442	0.12612464237966323
0.44544544544544545	0.12237655205777039
0.44644644644644643	0.11863161532268264
0.44744744744744747	0.11488974962826902
0.44844844844844844	0.1111508727813684
0.44944944944944942	0.10741490293255417
0.45045045045045046	0.10368175856696991
0.45145145145145144	0.099951358495234274
0.45245245245245247	0.096223621844412716
0.45345345345345345	0.092498467610682533
0.45445445445445443	0.088775814327432034
0.45545545545545546	0.085055581463058055
0.45645645645645644	0.081337688713169071
0.45745745745745747	0.077622055955927
0.45845845845845845	0.073908603236207848
0.45945945945945943	0.070197250749575849
0.46046046046046046	0.066487918826076159
0.46146146146146144	0.062780527913844281
0.46246246246246248	0.059074998562529776
0.46346346346346345	0.055371251406539833
0.46446446446446443	0.051669207148096183
0.46546546546546547	0.04796878652940352
0.46646646646646645	0.044269908640540548
0.46746746746746748	0.040572489577348957
0.46846846846846846	0.036876446108289801
0.46946946946946949	0.033181697068942695
0.47047047047047047	0.02948815922082753
0.47147147147147145	0.025795746639961654
0.47247247247247248	0.022104372027794875
0.47347347347347346	0.018413945855609071
0.47447447447447449	0.014724374763492223
0.47547547547547547	0.011035560593287939
0.47647647647647645	0.0073473963110076233
0.47747747747747749	0.0036597639183437855
0.47847847847847846	-2.74436587981838e-05
0.4794794794794795	-0.0037143269036423515
0.48048048048048048	-0.0074009397339700527
0.48148148148148145	-0.011087039071941487
0.48248248248248249	-0.014772486723136002
0.48348348348348347	-0.018457176960102534
0.4844844844844845	-0.022141012087689455
0.48548548548548548	-0.025823899758589612
0.48648648648648646	-0.029505751993024635
0.48748748748748749	-0.033186483557658616
0.48848848848848847	-0.036866007862578834
0.4894894894894895	-0.040544243713376768
0.49049049049049048	-0.044221110528722928
0.49149149149149146	-0.047896527148407961
0.4924924924924925	-0.051570415905697484
0.49349349349349347	-0.0552426977927441
0.49449449449449451	-0.058913295219559569
0.49549549549549549	-0.062582131506395577
0.49649649649649652	-0.066249129486971814
0.4974974974974975	-0.069914213974031664
0.49849849849849848	-0.073577308940255409
0.49949949949949951	-0.077238338072272344
0.50050050050050054	-0.080897225343367962
0.50150150150150152	-0.08455389710201805
0.5025025025025025	-0.088208278777875154
0.50350350350350348	-0.091860295413818391
0.50450450450450446	-0.095509872221798603
0.50550550550550555	-0.099156936067872736
0.50650650650650653	-0.10280141324374845
0.5075075075075075	-0.10644322973870481
0.50850850850850848	-0.11008231313092909
0.50950950950950946	-0.11371858690132557
0.51051051051051055	-0.11735198135648357
0.51151151151151153	-0.12098242285344687
0.51251251251251251	-0.12460983801376053
0.51351351351351349	-0.12823415461314236
0.51451451451451446	-0.13185530040346699
0.51551551551551555	-0.13547320318800918
0.51651651651651653	-0.1390877910449439
0.51751751751751751	-0.14269899232734873
0.51851851851851849	-0.14630673566320226
0.51951951951951947	-0.14991094974043101
0.52052052052052056	-0.15351156306253352
0.52152152152152154	-0.15710850470517784
0.52252252252252251	-0.16070170399105194
0.52352352352352349	-0.16429109047193294
0.52452452452452447	-0.16787659392868765
0.52552552552552556	-0.17145814436840034
0.52652652652652654	-0.17503567190510372
0.52752752752752752	-0.17860910688013271
0.5285285285285285	-0.18217837989924329
0.52952952952952947	-0.18574342178621098
0.53053053053053056	-0.18930416358283114
0.53153153153153154	-0.19286053654891738
0.53253253253253252	-0.19641247226032021
0.5335335335335335	-0.19995990290207397
0.53453453453453448	-0.20350276067738482
0.53553553553553557	-0.20704097800667004
0.53653653653653655	-0.21057448756157826
0.53753753753753752	-0.2141032222649917
0.5385385385385385	-0.21762711473985669
0.53953953953953948	-0.22114610015190428
0.54054054054054057	-0.22466011162392122
0.54154154154154155	-0.22816908344978609
0.54254254254254253	-0.23167295018587564
0.54354354354354351	-0.23517164665659601
0.54454454454454448	-0.23866510795991622
0.54554554554554557	-0.2421532695485823
0.54654654654654655	-0.24563606770534668
0.54754754754754753	-0.24911343873545627
0.54854854854854851	-0.25258531918358063
0.5495495495495496	-0.25605164593444485
0.55055055055055058	-0.25951235622041219
0.55155155155155156	-0.26296738762906979
0.55255255255255253	-0.26641667811081127
0.55355355355355351	-0.26986016598642071
0.5545545545545546	-0.27329778995465703
0.55555555555555558	-0.27672948909983613
0.55655655655655656	-0.28015520292017793
0.55755755755755754	-0.28357487145179483
0.55855855855855852	-0.28698843506902283
0.55955955955955961	-0.29039583454946488
0.56056056056056058	-0.29379701110401529
0.56156156156156156	-0.29719190638496401
0.56256256256256254	-0.30058046249409659
0.56356356356356352	-0.30396262199079671
0.56456456456456461	-0.30733832790014787
0.56556556556556559	-0.310707523721034
0.56656656656656657	-0.31407015343424327
0.56756756756756754	-0.31742616137697555
0.56856856856856852	-0.32077549157389018
0.56956956956956961	-0.32411808898612321
0.57057057057057059	-0.3274538991550508
0.57157157157157157	-0.33078286808607643
0.57257257257257255	-0.334104942253653
0.57357357357357353	-0.33742006860630736
0.57457457457457461	-0.34072819457166459
0.57557557557557559	-0.34402926806147016
0.57657657657657657	-0.34732323747661653
0.57757757757757755	-0.35061005171216519
0.57857857857857853	-0.35388966011639933
0.57957957957957962	-0.35716201228525063
0.5805805805805806	-0.36042705846508577
0.58158158158158157	-0.36368474943474638
0.58258258258258255	-0.36693503647373626
0.58358358358358353	-0.37017787136626473
0.58458458458458462	-0.37341320640528991
0.5855855855855856	-0.3766409943965604
0.58658658658658658	-0.37986118866266028
0.58758758758758756	-0.38307374304705077
0.58858858858858853	-0.38627861191811347
0.58958958958958962	-0.38947575012863306
0.5905905905905906	-0.3926651128353898
0.59159159159159158	-0.39584665586267498
0.59259259259259256	-0.39902033558982686
0.59359359359359354	-0.4021861089245356
0.59459459459459463	-0.40534393330600343
0.59559559559559561	-0.40849376670810361
0.59659659659659658	-0.41163556764254206
0.59759759759759756	-0.41476929516201649
0.59859859859859854	-0.41789490886337621
0.59959959959959963	-0.42101236889078297
0.60060060060060061	-0.42412163573887918
0.60160160160160159	-0.42722267073684561
0.60260260260260257	-0.43031543529628424
0.60360360360360354	-0.43339989165692205
0.60460460460460463	-0.43647600260103786
0.60560560560560561	-0.43954373145636377
0.60660660660660659	-0.44260304209890688
0.60760760760760757	-0.44565389895568264
0.60860860860860866	-0.44869626700736664
0.60960960960960964	-0.45173011179086026
0.61061061061061062	-0.45475539940177573
0.61161161161161159	-0.45777209641859412
0.61261261261261257	-0.4607801696590943
0.61361361361361366	-0.46377958674347924
0.61461461461461464	-0.46677031588441975
0.61561561561561562	-0.46975232584841736
0.6166166166166166	-0.47272558595679004
0.61761761761761758	-0.47569006608654829
0.61861861861861867	-0.47864573667116111
0.61961961961961964	-0.48159256870120937
0.62062062062062062	-0.48453053372493154
0.6216216216216216	-0.487459603848656
0.62262262262262258	-0.49037975173712378
0.62362362362362367	-0.49329095061370082
0.62462462462462465	-0.49619317426047799
0.62562562562562563	-0.49908639701826352
0.6266266266266266	-0.50197059378646158
0.62762762762762758	-0.50484574002284166
0.62862862862862867	-0.50771181167223678
0.62962962962962965	-0.51056878481719248
0.63063063063063063	-0.51341663636528967
0.63163163163163161	-0.51625534383080063
0.63263263263263259	-0.5190848852638521
0.63363363363363367	-0.52190523924830834
0.63463463463463465	-0.52471638489950967
0.63563563563563563	-0.52751830186187088
0.63663663663663661	-0.53031097030633201
0.63763763763763759	-0.53309437092766798
0.63863863863863868	-0.53586848494165396
0.63963963963963966	-0.53863329408208604
0.64064064064064064	-0.54138878059766182
0.64164164164164161	-0.54413492724871293
0.64264264264264259	-0.54687171730379713
0.64364364364364368	-0.54959913453614573
0.64464464464464466	-0.55231716321996649
0.64564564564564564	-0.55502578815231585
0.64664664664664662	-0.55772499492788563
0.6476476476476476	-0.5604147697300601
0.64864864864864868	-0.56309509936877422
0.64964964964964966	-0.56576597135116036
0.65065065065065064	-0.5684273732265579
0.65165165165165162	-0.30881077063901646
0.6526526526526526	0.44910498749793076
0.65365365365365369	0.4447737462823344
0.65465465465465467	0.44045453264785467
0.65565565565565564	0.43614719614905229
0.65665665665665662	0.43185158783296379
0.6576576576576576	0.42756756021556147
0.65865865865865869	0.42329496726378069
0.65965965965965967	0.41903366436743572
0.66066066066066065	0.41478350831960964
0.66166166166166163	0.41054435729228461
0.6626626626626626	0.4063160708160633
0.66366366366366369	0.40209850975723355
0.66466466466466467	0.39789153629808943
0.66566566566566565	0.39369501391908374
0.66666666666666663	0.3895088073935955
0.66766766766766761	0.38533278273467664
0.6686686686686687	0.38116680718500207
0.66966966966966968	0.37701074919858218
0.67067067067067065	0.37286447842061876
0.67167167167167163	0.36872786566774846
0.67267267267267261	0.36460078290866771
0.6736736736736737	0.3604831032451411
0.67467467467467468	0.35637470089339562
0.67567567567567566	0.35227545116589343
0.67667667667667664	0.34818523049571992
0.67767767767767773	0.344103916455267
0.6786786786786787	0.34003138760391488
0.67967967967967968	0.33596752353658937
0.68068068068068066	0.33191220487135564
0.68168168168168164	0.32786531323463319
0.68268268268268273	0.3238267312468403
0.68368368368368371	0.31979634250847
0.68468468468468469	0.31577403158659068
0.68568568568568566	0.31175968400178045
0.68668668668668664	0.30775318621548881
0.68768768768768773	0.30375442550349679
0.68868868868868871	0.29976328999534024
0.68968968968968969	0.29577966879970741
0.69069069069069067	0.29180345190115736
0.69169169169169165	0.28783453014781052
0.69269269269269274	0.28387279523939757
0.69369369369369371	0.27991813971566482
0.69469469469469469	0.27597045694512895
0.69569569569569567	0.27202964111419004
0.69669669669669665	0.2680955872165966
0.69769769769769774	0.26416819103700384
0.69869869869869872	0.26024734892271906
0.6996996996996997	0.25633295801386924
0.70070070070070067	0.2524249162790419
0.70170170170170165	0.24852312241904193
0.70270270270270274	0.24462747585582459
0.70370370370370372	0.24073787672167535
0.7047047047047047	0.23685422584862992
0.70570570570570568	0.23297642475814331
0.70670670670670666	0.22910437565100134
0.70770770770770774	0.22523798139747664
0.70870870870870872	0.2213771455138443
0.7097097097097097	0.21752177203760326
0.71071071071071068	0.21367176569475127
0.71171171171171166	0.20982703185523244
0.71271271271271275	0.20598747649810881
0.71371371371371373	0.20215300620178428
0.71471471471471471	0.19832352813441148
0.71571571571571568	0.19449895004449042
0.71671671671671666	0.19067918025165215
0.71771771771771775	0.18686412763763
0.71871871871871873	0.18305370163742032
0.71971971971971971	0.17924781219798458
0.72072072072072069	0.17544636968122429
0.72172172172172167	0.17164928504558216
0.72272272272272275	0.16785646976610341
0.72372372372372373	0.16406783581448703
0.72472472472472471	0.16028329564994265
0.72572572572572569	0.15650276221018111
0.72672672672672667	0.1527261489025328
0.72772772772772776	0.1489533695951957
0.72872872872872874	0.14518433860861518
0.72972972972972971	0.14141897070698939
0.73073073073073069	0.13765718094232895
0.73173173173173167	0.13389888484466456
0.73273273273273276	0.13014399824514739
0.73373373373373374	0.12639243746307197
0.73473473473473472	0.12264411919564222
0.7357357357357357	0.1188989605083341
0.73673673673673679	0.11515687882525565
0.73773773773773776	0.11141779191950978
0.73873873873873874	0.10768161790355257
0.73973973973973972	0.10394827521955599
0.7407407407407407	0.10021768262888528
0.74174174174174179	0.096489758536213791
0.74274274274274277	0.092764421498904973
0.74374374374374375	0.08904159079677057
0.74474474474474472	0.085321185946387934
0.7457457457457457	0.081603126689371364
0.74674674674674679	0.077887332980643265
0.74774774774774777	0.074173724976707614
0.74874874874874875	0.070462223023919079
0.74974974974974973	0.066752747646756427
0.75075075075075071	0.063045219536093766
0.7517517517517518	0.05933955953747181
0.75275275275275277	0.055635688639371253
0.75375375375375375	0.051933527946647538
0.75475475475475473	0.04823299640402931
0.75575575575575571	0.04453401013032815
0.7567567567567568	0.040836488451408887
0.75775775775775778	0.037140349942665483
0.75875875875875876	0.033445511758622315
0.75975975975975973	0.029751890138678197
0.76076076076076071	0.026059399915822394
0.7617617617617618	0.022367953788254943
0.76276276276276278	0.01867746140517406
0.76376376376376376	0.014987831044370499
0.76476476476476474	0.011298964260132173
0.76576576576576572	0.0076107502176621508
0.76676676676676681	0.0039230764880329371
0.76776776776776778	0.00023582870640100843
0.76876876876876876	-0.003451105925042961
0.76976976976976974	-0.007137764440751166
0.77077077077077072	-0.010823905958443458
0.77177177177177181	-0.014509403806229001
0.77277277277277279	-0.018194151359953517
0.77377377377377377	-0.02187805060878965
0.77477477477477474	-0.025561009063437442
0.77577577577577572	-0.029242939330591595
0.77677677677677681	-0.032923753339090818
0.77777777777777779	-0.036603366097610959
0.77877877877877877	-0.040281697042559378
0.77977977977977975	-0.04395866345483166
0.78078078078078073	-0.047634186575693592
0.78178178178178181	-0.051308186844200299
0.78278278278278279	-0.054980585794967958
0.78378378378378377	-0.05865130625996668
0.78478478478478475	-0.062320270573719361
0.78578578578578573	-0.065987403158765237
0.78678678678678682	-0.069652627448308954
0.7877877877877878	-0.073315866640091834
0.78878878878878878	-0.076977044640377079
0.78978978978978975	-0.080636087642531579
0.79079079079079073	-0.084292920476532626
0.79179179179179182	-0.087947467821203218
0.7927927927927928	-0.091599655041240666
0.79379379379379378	-0.09524940880721304
0.79479479479479476	-0.098896654834966236
0.79579579579579574	-0.10254131879966587
0.79679679679679682	-0.10618332778821565
0.7977977977977978	-0.10982260714950316
0.79879879879879878	-0.11345908496834824
0.79979979979979976	-0.1170926874195093
0.80080080080080074	-0.12072334152819666
0.80180180180180183	-0.1243509748159539
0.80280280280280281	-0.12797551469444179
0.80380380380380378	-0.13159688886208523
0.80480480480480476	-0.13521502530407162
0.80580580580580585	-0.13882985229235159
0.80680680680680683	-0.14244129804389369
0.80780780780780781	-0.14604929063491909
0.80880880880880879	-0.14965375873921349
0.80980980980980977	-0.15325463126213021
0.81081081081081086	-0.1568518373356495
0.81181181181181183	-0.16044530631837692
0.81281281281281281	-0.1640349677235147
0.81381381381381379	-0.16762075110882907
0.81481481481481477	-0.17120258636277105
0.81581581581581586	-0.17478040358979999
0.81681681681681684	-0.1783541331018407
0.81781781781781782	-0.18192370541828573
0.81881881881881879	-0.18548905133119295
0.81981981981981977	-0.18905010215133736
0.82082082082082086	-0.19260678925995345
0.82182182182182184	-0.19615904424346647
0.82282282282282282	-0.19970679892459253
0.8238238238238238	-0.20324998536233718
0.82482482482482478	-0.20678853561049973
0.82582582582582587	-0.21032238333947789
0.82682682682682684	-0.21385146106626587
0.82782782782782782	-0.21737570211198948
0.8288288288288288	-0.22089504004708063
0.82982982982982978	-0.22440940869666723
0.83083083083083087	-0.22791874216511132
0.83183183183183185	-0.23142297525472233
0.83283283283283283	-0.23492204295127747
0.8338338338338338	-0.23841588041250369
0.83483483483483478	-0.24190442311468388
0.83583583583583587	-0.24538760686015415
0.83683683683683685	-0.24886536778479915
0.83783783783783783	-0.25233764236555112
0.83883883883883881	-0.25580436742788515
0.83983983983983979	-0.25926548015331657
0.84084084084084088	-0.2627209180875919
0.84184184184184185	-0.26617061926401797
0.84284284284284283	-0.26961452211336667
0.84384384384384381	-0.27305256539748973
0.84484484484484479	-0.27648468828345796
0.84584584584584588	-0.27991083035173259
0.84684684684684686	-0.28333093160433481
0.84784784784784784	-0.28674493247301924
0.84884884884884881	-0.29015277382744337
0.84984984984984979	-0.29355439698333924
0.85085085085085088	-0.29694974371068472
0.85185185185185186	-0.30033875588789238
0.85285285285285284	-0.30372137554686418
0.85385385385385382	-0.30709754552918361
0.8548548548548548	-0.31046720911661863
0.85585585585585588	-0.31383031003385725
0.85685685685685686	-0.31718679245380593
0.85785785785785784	-0.32053660100289166
0.85885885885885882	-0.32387968076636031
0.8598598598598598	-0.32721597729357643
0.86086086086086089	-0.33054543660332403
0.86186186186186187	-0.33386800512123072
0.86286286286286284	-0.33718362960776532
0.86386386386386382	-0.34049225741749911
0.86486486486486491	-0.34379383638816052
0.86586586586586589	-0.3470883148381273
0.86686686686686687	-0.35037564157088025
0.86786786786786785	-0.35365576587945347
0.86886886886886883	-0.35692863755088666
0.86986986986986992	-0.36019420687067705
0.87087087087087089	-0.36345242462722954
0.87187187187187187	-0.36670324208006266
0.87287287287287285	-0.36994661084068714
0.87387387387387383	-0.37318248312848057
0.87487487487487492	-0.37641081168794499
0.8758758758758759	-0.37963154977489311
0.87687687687687688	-0.38284465116012523
0.87787787787787785	-0.38605007013310244
0.87887887887887883	-0.38924776150562174
0.87987987987987992	-0.39243768061549106
0.8808808808808809	-0.39561978333020259
0.88188188188188188	-0.39879402604356451
0.88288288288288286	-0.40196036558534515
0.88388388388388384	-0.40511875925300772
0.88488488488488493	-0.40826916488375875
0.8858858858858859	-0.41141154097898563
0.88688688688688688	-0.41454584657475085
0.88788788788788786	0.32807893342022126
0.88888888888888884	0.32403991547195726
0.88988988988988993	0.32000909691115775
0.89089089089089091	0.31598636223602367
0.89189189189189189	0.31197159688439319
0.89289289289289286	0.30796468721438025
0.89389389389389384	0.30396552045477226
0.89489489489489493	0.29997398477768067
0.89589589589589591	0.29598996925946569
0.89689689689689689	0.29201336385928089
0.89789789789789787	0.28804405940388439
0.89889889889889885	0.28408194757244692
0.89989989989989994	0.28012692088136065
0.90090090090090091	0.27617887266904978
0.90190190190190189	0.27223769704818312
0.90290290290290287	0.26830328888559851
0.90390390390390385	0.26437554385481621
0.90490490490490494	0.26045435838438341
0.90590590590590592	0.2565396296418016
0.9069069069069069	0.2526312555178839
0.90790790790790787	0.24872913461111754
0.90890890890890885	0.24483316621202361
0.90990990990990994	0.24094325029907979
0.91091091091091092	0.23705928783999941
0.9119119119119119	0.23318118041998456
0.91291291291291288	0.22930883017998996
0.91391391391391386	0.22544213991393802
0.91491491491491495	0.22158101305565014
0.91591591591591592	0.21772535366578005
0.9169169169169169	0.21387506641874268
0.91791791791791788	0.21003005658964777
0.91891891891891886	0.20619023008794993
0.91991991991991995	0.20235549361315058
0.92092092092092093	0.1985257543212697
0.92192192192192191	0.19470091991782745
0.92292292292292288	0.19088089866885538
0.92392392392392386	0.18706559938944453
0.92492492492492495	0.18325493143229324
0.92592592592592593	0.17944880467625746
0.92692692692692691	0.1756471295148965
0.92792792792792789	0.17184981691215506
0.92892892892892887	0.16805677839085598
0.92992992992992995	0.16426792589725941
0.93093093093093093	0.16048317185899552
0.93193193193193191	0.15670242917498234
0.93293293293293289	0.15292561120484643
0.93393393393393398	0.14915263175834087
0.93493493493493496	0.14538340508476585
0.93593593593593594	0.14161784586312057
0.93693693693693691	0.13785586920801254
0.93793793793793789	0.1340973906396756
0.93893893893893898	0.13034232607212087
0.93993993993993996	0.12659059180801918
0.94094094094094094	0.12284210452825001
0.94194194194194192	0.11909678128145423
0.9429429429429429	0.11535453947358516
0.94394394394394399	0.11161529685745925
0.94494494494494496	0.10787897141222064
0.94594594594594594	0.10414548102508875
0.94694694694694692	0.10041474419785304
0.9479479479479479	0.096686679760881453
0.94894894894894899	0.092961206816596392
0.94994994994994997	0.08923824472802161
0.95095095095095095	0.085517713107325116
0.95195195195195192	0.081799531804366055
0.9529529529529529	0.07808362089523968
0.95395395395395399	0.074369900670822192
0.95495495495495497	0.070658291625317782
0.95595595595595595	0.066948714444801355
0.95695695695695693	0.063241089995765581
0.95795795795795791	0.059535339075353286
0.958958958958959	0.055831379916084209
0.95995995995995997	0.052129131588969452
0.96096096096096095	0.048428513532239897
0.96196196196196193	0.044729444957323006
0.96296296296296291	0.041031844813202309
0.963963963963964	0.037335631750776976
0.96496496496496498	0.033640724087223288
0.96596596596596596	0.029947039647819664
0.96696696696696693	0.026254492207758152
0.96796796796796791	0.022562993375160625
0.968968968968969	0.018872454400748036
0.96996996996996998	0.015182782462268609
0.97097097097097096	0.011493879992814086
0.97197197197197194	0.0078056402024374721
0.97297297297297292	0.0041179446923707997
0.97397397397397401	0.00043067423869448413
0.97497497497497498	-0.0032562793125085745
0.97597597597597596	-0.0069429593436745058
0.97697697697697694	-0.010629131698226423
0.97797797797797792	-0.014314666299619817
0.97897897897897901	-0.017999455997353427
0.97997997997997999	-0.021683402423007345
0.98098098098098097	-0.025366413012228462
0.98198198198198194	-0.029048400087754341
0.98298298298298292	-0.032729274811584351
0.98398398398398401	-0.036408953292331264
0.98498498498498499	-0.040087353990624283
0.98598598598598597	-0.043764394388967363
0.98698698698698695	-0.047439995859801146
0.98798798798798793	-0.051114078380569861
0.98898898898898902	-0.054786564004513837
0.98998998998998999	-0.058457375053816853
0.99099099099099097	-0.062126434211759549
0.99199199199199195	-0.065793665776876259
0.99299299299299304	-0.069458992836110428
0.99399399399399402	-0.073122338434090842
0.994994994994995	-0.076783627266254983
0.99599599599599598	-0.080442785136480496
0.99699699699699695	-0.084099736611867953
0.99799799799799804	-0.087754406283276937
0.99899899899899902	-0.091406720201667679
1.0	-0.095056604537670758
