time	vel
0.0	0.0
0.001001001001001001	-0.003686744848596377
0.002002002002002002	-0.0073723596756671474
0.003003003003003003	-0.011056424183555277
0.004004004004004004	-0.014738627558487897
0.005005005005005005	-0.01841870279010468
0.006006006006006006	-0.022096400652997887
0.007007007007007007	-0.02577149681514144
0.008008008008008008	-0.029443778914091195
0.009009009009009009	-0.033113044037105306
0.01001001001001001	-0.03677909850293777
0.011011011011011011	-0.04044175674849174
0.012012012012012012	-0.04410083261877058
0.013013013013013013	-0.04775615226093824
0.014014014014014014	-0.05140754038128293
0.015015015015015015	-0.05505482997105424
0.016016016016016016	-0.058697854417519645
0.017017017017017015	-0.06233644943154096
0.018018018018018018	-0.06597045637398571
0.01901901901901902	-0.069599716165781
0.02002002002002002	-0.07322407385560972
0.02102102102102102	-0.07684337795712515
0.022022022022022022	-0.08045747628961156
0.023023023023023025	-0.08406621919138596
0.024024024024024024	-0.08766946065067643
0.025025025025025023	-0.09126705463793268
0.026026026026026026	-0.09485885653892236
0.02702702702702703	-0.09844472422514569
0.028028028028028028	-0.10202451681571019
0.029029029029029027	-0.1055980948841297
0.03003003003003003	-0.10916532078754987
0.031031031031031032	-0.11272605817573396
0.03203203203203203	-0.116280172041335
0.03303303303303303	-0.11982752898214004
0.03403403403403403	-0.12336799676893301
0.035035035035035036	-0.1269014444699365
0.036036036036036036	-0.13042774279496056
0.037037037037037035	-0.13394676389026786
0.03803803803803804	-0.1374583813385737
0.03903903903903904	-0.14096247011225585
0.04004004004004004	-0.1444589058293367
0.04104104104104104	-0.1479475656406115
0.04204204204204204	-0.15142832824057562
0.043043043043043044	-0.15490107367581804
0.044044044044044044	-0.15836568334502135
0.04504504504504504	-0.1618220399427556
0.04604604604604605	-0.1652700272780041
0.04704704704704705	-0.1687095306130099
0.04804804804804805	-0.172140436556577
0.04904904904904905	-0.17556263304422276
0.050050050050050046	-0.17897600933817778
0.05105105105105105	-0.1823804560601467
0.05205205205205205	-0.18577586519776434
0.05305305305305305	-0.18916213003902235
0.05405405405405406	-0.19253914520467394
0.055055055055055056	-0.19590680664855925
0.056056056056056056	-0.1992650116620356
0.057057057057057055	-0.20261365904381534
0.058058058058058054	-0.20595264893742607
0.05905905905905906	-0.20928188277868678
0.06006006006006006	-0.21260126335671775
0.06106106106106106	-0.21591069481394082
0.062062062062062065	-0.2192100827089604
0.06306306306306306	-0.2224993343395913
0.06406406406406406	-0.22577835813972813
0.06506506506506507	-0.22904706385312545
0.06606606606606606	-0.23230536259322992
0.06706706706706707	-0.23555316684318026
0.06806806806806806	-0.23879039045580705
0.06906906906906907	-0.24201694865363313
0.07007007007007007	-0.24523275802887312
0.07107107107107107	-0.2484377365434703
0.07207207207207207	-0.25163180412721065
0.07307307307307308	-0.25481488230370086
0.07407407407407407	-0.2579868935329456
0.07507507507507508	-0.2611477616800295
0.07607607607607608	-0.26429741201511725
0.07707707707707707	-0.2674357712134535
0.07807807807807808	-0.27056276735536333
0.07907907907907907	-0.2736783299262514
0.08008008008008008	-0.27678238981660286
0.08108108108108109	-0.27987487940952677
0.08208208208208208	-0.28295573296236165
0.08308308308308308	-0.2860248858580407
0.08408408408408408	-0.28908227483950505
0.08508508508508508	-0.29212783807494713
0.08608608608608609	-0.29516151515781053
0.08708708708708708	-0.2981832471067902
0.08808808808808809	-0.30119297636583214
0.0890890890890891	-0.3041906468041338
0.09009009009009009	-0.30717620371609794
0.09109109109109109	-0.31014959378518486
0.0920920920920921	-0.3131107651108642
0.09309309309309309	-0.3160596672410619
0.0940940940940941	-0.3189962511469345
0.09509509509509509	-0.3219204692228687
0.0960960960960961	-0.3248322752864821
0.0970970970970971	-0.32773162457862226
0.0980980980980981	-0.3306184737633675
0.0990990990990991	-0.33349278092802653
0.10010010010010009	-0.3363545054551648
0.1011011011011011	-0.33920360755002965
0.1021021021021021	-0.3420400492184517
0.1031031031031031	-0.3448637939378439
0.1041041041041041	-0.34767480658260624
0.10510510510510511	-0.35047305342412577
0.1061061061061061	-0.3532585021307767
0.10710710710710711	-0.3560311217679204
0.10810810810810811	-0.3587908827979054
0.1091091091091091	-0.36153775707646024
0.11011011011011011	-0.364271716921547
0.1111111111111111	-0.366992735905212
0.11211211211211211	-0.3697007895293833
0.11311311311311312	-0.3723958546433682
0.11411411411411411	-0.3750779094438535
0.11511511511511512	-0.3777469334749055
0.11611611611611611	-0.3804029076279698
0.11711711711711711	-0.38304581414187144
0.11811811811811812	-0.38567563660281495
0.11911911911911911	-0.38829235956074304
0.12012012012012012	-0.3908959673335485
0.12112112112112113	-0.3934864466306698
0.12212212212212212	-0.3960637856128002
0.12312312312312312	-0.39862797371756525
0.12412412412412413	-0.4011790016595228
0.12512512512512514	-0.4037168614301631
0.12612612612612611	-0.40624154629790876
0.12712712712712712	-0.40875305080811486
0.12812812812812813	-0.4112513707697827
0.12912912912912913	-0.41373650153891656
0.13013013013013014	-0.4162084396381732
0.13113113113113112	-0.41866718374719836
0.13213213213213212	-0.4211127337347518
0.13313313313313313	-0.42354509065870666
0.13413413413413414	-0.42596425676605026
0.13513513513513514	-0.42837023549288333
0.13613613613613612	-0.4307630314644206
0.13713713713713713	-0.43314265049499057
0.13813813813813813	-0.4355090990755563
0.13913913913913914	-0.4378623829591219
0.14014014014014015	-0.4402025102611504
0.14114114114114115	-0.44252949034195643
0.14214214214214213	-0.4448433336299261
0.14314314314314314	-0.44714405162151727
0.14414414414414414	-0.44943165688125913
0.14514514514514515	-0.4517061630417527
0.14614614614614616	-0.4539675843302403
0.14714714714714713	-0.4562159349448179
0.14814814814814814	-0.458451230951319
0.14914914914914915	-0.46067348946248704
0.15015015015015015	-0.4628827285808249
0.15115115115115116	-0.4650789673985948
0.15215215215215216	-0.46726222599781814
0.15315315315315314	-0.4694325254502759
0.15415415415415415	-0.4715898870055588
0.15515515515515516	-0.47373433179891955
0.15615615615615616	-0.47586588293433696
0.15715715715715717	-0.4779845644308463
0.15815815815815815	-0.48009040119833857
0.15915915915915915	-0.4821834190375608
0.16016016016016016	-0.4842636446401158
0.16116116116116116	-0.48633110558846215
0.16216216216216217	-0.4883858293032983
0.16316316316316315	-0.49042784337669515
0.16416416416416416	-0.4924571771460967
0.16516516516516516	-0.49447386074343563
0.16616616616616617	-0.49647792509348515
0.16716716716716717	-0.49846940191385913
0.16816816816816815	-0.5004483237150118
0.16916916916916916	-0.5024147268051558
0.17017017017017017	-0.5043686364459374
0.17117117117117117	-0.5063100910915451
0.17217217217217218	-0.5082391252478484
0.17317317317317318	-0.5101557741877789
0.17417417417417416	-0.5120600739389028
0.17517517517517517	-0.5139520612709947
0.17617617617617617	-0.5158317736836098
0.17717717717717718	-0.5176992493570328
0.1781781781781782	-0.5195545257072391
0.17917917917917917	-0.5213976409937899
0.18018018018018017	-0.5232286346445256
0.18118118118118118	-0.5250475466373299
0.18218218218218218	-0.5268544174812917
0.1831831831831832	-0.5286492881978675
0.1841841841841842	-0.5304322003020435
0.18518518518518517	-0.5322031957834984
0.18618618618618618	-0.5339623170877649
0.1871871871871872	-0.5357096070973925
0.1881881881881882	-0.5374451091230354
0.1891891891891892	-0.5391688669620394
0.19019019019019018	-0.5408809247540559
0.19119119119119118	-0.5425813269894374
0.1921921921921922	-0.54427011850778
0.1931931931931932	-0.5459473444794306
0.1941941941941942	-0.5476130503869955
0.19519519519519518	-0.549267282006847
0.1961961961961962	-0.5509100853906325
0.1971971971971972	-0.5525415068467803
0.1981981981981982	-0.5541615929220088
0.1991991991991992	-0.5557703908824642
0.20020020020020018	-0.5573679497952312
0.2012012012012012	-0.5589543178302091
0.2022022022022022	-0.560529543316607
0.2032032032032032	-0.5620936748623893
0.2042042042042042	-0.5636467613428513
0.20520520520520522	-0.5651888518891972
0.2062062062062062	-0.5667199958771155
0.2072072072072072	-0.5682402429153566
0.2082082082082082	-0.569749642834309
0.2092092092092092	-0.5712482456745761
0.21021021021021022	-0.5727361018469832
0.2112112112112112	-0.5742132621371909
0.2122122122122122	-0.5756797773180737
0.2132132132132132	-0.5771356983473498
0.21421421421421422	-0.5785810763603824
0.21521521521521522	-0.5800159626600453
0.21621621621621623	-0.5814404087065901
0.2172172172172172	-0.5828544661075113
0.2182182182182182	-0.584258186607414
0.21921921921921922	-0.5856516220778789
0.22022022022022023	-0.5870348245093597
0.22122122122122123	-0.588407846228863
0.2222222222222222	-0.5897707396787608
0.22322322322322322	-0.5911235572838938
0.22422422422422422	-0.5924663515654437
0.22522522522522523	-0.5937991751318971
0.22622622622622623	-0.595122080670008
0.2272272272272272	-0.5964351209357618
0.22822822822822822	-0.5977383487453377
0.22922922922922923	-0.5990318169660728
0.23023023023023023	-0.6003155785074243
0.23123123123123124	-0.601589686526199
0.23223223223223222	-0.6028541938274609
0.23323323323323322	-0.6041091539220868
0.23423423423423423	-0.6053546199445868
0.23523523523523523	-0.6065906450517001
0.23623623623623624	-0.6078172824136635
0.23723723723723725	-0.6090345852055876
0.23823823823823823	-0.6102426065989419
0.23923923923923923	-0.6114413997531454
0.24024024024024024	-0.6126310178072669
0.24124124124124124	-0.6138115138718322
0.24224224224224225	-0.6149829411033298
0.24324324324324323	-0.6161453529682007
0.24424424424424424	-0.617298802630994
0.24524524524524524	-0.6184433431701803
0.24624624624624625	-0.6195790276156841
0.24724724724724725	-0.6207059089425939
0.24824824824824826	-0.621824040065015
0.24924924924924924	-0.6229334738300656
0.2502502502502503	-0.6240342630120163
0.25125125125125125	-0.6251264603065714
0.25225225225225223	-0.6262101183252957
0.25325325325325326	-0.627285289590182
0.25425425425425424	-0.6283520265283625
0.2552552552552553	-0.6294103814669645
0.25625625625625625	-0.6304604066281069
0.25725725725725723	-0.6315021541240422
0.25825825825825827	-0.6325356759911008
0.25925925925925924	-0.6335610245806966
0.2602602602602603	-0.6345782519172185
0.26126126126126126	-0.6355874098101693
0.26226226226226224	-0.63658854995907
0.26326326326326327	-0.637581723950901
0.26426426426426425	-0.6385669832577264
0.2652652652652653	-0.6395443792345047
0.26626626626626626	-0.6405139631170808
0.26726726726726724	-0.6414757860203633
0.2682682682682683	-0.6424298989366861
0.26926926926926925	-0.643376352734353
0.2702702702702703	-0.6443151981563668
0.27127127127127126	-0.6452464858193427
0.27227227227227224	-0.646170266212605
0.2732732732732733	-0.6470865896974678
0.27427427427427425	-0.6479955064942547
0.2752752752752753	-0.6488970660452639
0.27627627627627627	-0.6497913177556954
0.2772772772772773	-0.6506783111745499
0.2782782782782783	-0.6515580956857563
0.27927927927927926	-0.6524307205061696
0.2802802802802803	-0.6532962346836834
0.28128128128128127	-0.6541546870954582
0.2822822822822823	-0.6550061264462665
0.2832832832832833	-0.6558506012669532
0.28428428428428426	-0.6566881599130113
0.2852852852852853	-0.6575188505632751
0.2862862862862863	-0.6583427212187275
0.2872872872872873	-0.6591598197014245
0.2882882882882883	-0.6599701936535343
0.28928928928928926	-0.6607738905364943
0.2902902902902903	-0.6615709576302815
0.2912912912912913	-0.6623614418040827
0.2922922922922923	-0.6631453896219108
0.2932932932932933	-0.6639228476741766
0.29429429429429427	-0.6646938623509933
0.2952952952952953	-0.6654584798404782
0.2962962962962963	-0.6662167461275258
0.2972972972972973	-0.6669687069926639
0.2982982982982983	-0.6677144080109917
0.29929929929929927	-0.6684538945512014
0.3003003003003003	-0.6691872117746818
0.3013013013013013	-0.6699144046347045
0.3023023023023023	-0.6706355178756929
0.3033033033033033	-0.6713505960325736
0.30430430430430433	-0.672059683430211
0.3053053053053053	-0.6727628241829233
0.3063063063063063	-0.6734600621940824
0.3073073073073073	-0.674151441096444
0.3083083083083083	-0.6748370042004307
0.30930930930930933	-0.6755167947106038
0.3103103103103103	-0.6761908556181704
0.3113113113113113	-0.6768592296948124
0.3123123123123123	-0.6775219594922779
0.3133133133133133	-0.6781790873420396
0.31431431431431434	-0.6788306553550231
0.3153153153153153	-0.6794767054214026
0.3163163163163163	-0.6801172792104659
0.3173173173173173	-0.6807524181705473
0.3183183183183183	-0.6813821635290289
0.31931931931931934	-0.682006556292411
0.3203203203203203	-0.6826256372464502
0.3213213213213213	-0.6832394469563666
0.32232232232232233	-0.6838480257671191
0.3233233233233233	-0.6844514137677207
0.32432432432432434	-0.6850496506626154
0.3253253253253253	-0.6856427760505508
0.3263263263263263	-0.6862308293251084
0.32732732732732733	-0.6868138496531079
0.3283283283283283	-0.6873918759747146
0.32932932932932935	-0.6879649470035996
0.3303303303303303	-0.6885331012271505
0.3313313313313313	-0.6890963769067361
0.33233233233233234	-0.6896548120780222
0.3333333333333333	-0.6902084445513395
0.33433433433433435	-0.6907573119121042
0.3353353353353353	-0.6913014515212906
0.3363363363363363	-0.6918409005159553
0.33733733733733734	-0.6923756958098138
0.3383383383383383	-0.6929058740938704
0.33933933933933935	-0.6934314718340242
0.34034034034034033	-0.6939525252241328
0.34134134134134136	-0.6944690702142657
0.34234234234234234	-0.6949811425085569
0.3433433433433433	-0.6954887775576148
0.34434434434434436	0.4317010234844038
0.34534534534534533	0.42672151747443576
0.34634634634634637	0.42176920050920114
0.34734734734734735	0.41684363727087403
0.3483483483483483	0.41194439969375407
0.34934934934934936	0.4070710667938263
0.35035035035035034	0.40222322450228387
0.35135135135135137	0.3974004655038084
0.35235235235235235	0.3926023890838447
0.3533533533533533	0.3878286010140294
0.35435435435435436	0.38307871333820653
0.35535535535535534	0.37835234422619873
0.3563563563563564	0.3736491178329601
0.35735735735735735	0.36896866415372936
0.35835835835835833	0.3643106188835889
0.35935935935935936	0.35967462329122657
0.36036036036036034	0.3550603243017346
0.3613613613613614	0.3504673741581739
0.36236236236236236	0.3458954302799239
0.36336336336336333	0.34134415521183015
0.36436436436436437	0.3368132165186835
0.36536536536536535	0.3323022866846068
0.3663663663663664	0.3278110430134087
0.36736736736736736	0.3233391672067588
0.3683683683683684	0.31888634550202716
0.36936936936936937	0.31445226875231946
0.37037037037037035	0.31003663219669936
0.3713713713713714	0.3056391353746159
0.37237237237237236	0.3012594820443865
0.3733733733733734	0.2968973801057321
0.3743743743743744	0.2925525411423041
0.37537537537537535	0.2882246804208859
0.3763763763763764	0.28391351727836345
0.37737737737737737	0.2796187747754741
0.3783783783783784	0.2753401796188497
0.3793793793793794	0.2710774620858888
0.38038038038038036	0.26683035595244164
0.3813813813813814	0.2625985982866427
0.38238238238238237	0.25838192929613696
0.3833833833833834	0.2541800925762857
0.3843843843843844	0.2499928348914906
0.38538538538538536	0.2458199061037655
0.3863863863863864	0.24166105910661298
0.38738738738738737	0.23751604976110943
0.3883883883883884	0.23338463675974305
0.3893893893893894	0.2292665814293991
0.39039039039039036	0.2251616479591137
0.3913913913913914	0.22106960322565616
0.3923923923923924	0.2169902167235424
0.3933933933933934	0.21292326050596272
0.3943943943943944	0.20886850912744123
0.39539539539539537	0.20482573955288527
0.3963963963963964	0.200794730916315
0.3973973973973974	0.1967752647738595
0.3983983983983984	0.1927671249263522
0.3993993993993994	0.18877009736205724
0.40040040040040037	0.1847839702019564
0.4014014014014014	0.18080853364655708
0.4024024024024024	0.17684357989243524
0.4034034034034034	0.17288890285431982
0.4044044044044044	0.16894429845138415
0.40540540540540543	0.16500956448220888
0.4064064064064064	0.1610845005305454
0.4074074074074074	0.15716890791319177
0.4084084084084084	0.1532625896284349
0.4094094094094094	0.14936535030497938
0.41041041041041043	0.14547699615128246
0.4114114114114114	0.14159733490522242
0.4124124124124124	0.1377261756500064
0.4134134134134134	0.13386332839021636
0.4144144144144144	0.1300086047364088
0.41541541541541543	0.12616181757761832
0.4164164164164164	0.1223227809783354
0.4174174174174174	0.11849131011416089
0.4184184184184184	0.11466722120610791
0.4194194194194194	0.11085033145343086
0.42042042042042044	0.10704045896486074
0.4214214214214214	0.1032374226881338
0.4224224224224224	0.09944104220379518
0.42342342342342343	0.09565113754521462
0.4244244244244244	0.091867529500191
0.42542542542542544	0.08809003934565883
0.4264264264264264	0.08431848875277657
0.4274274274274274	0.08055269969518913
0.42842842842842843	0.07679249435408293
0.4294294294294294	0.07303769501988959
0.43043043043043044	0.06928812399049371
0.4314314314314314	0.06554360346580841
0.43243243243243246	0.06180395408991671
0.43343343343343343	0.05806899504247369
0.4344344344344344	0.0543385454981261
0.43543543543543545	0.05061242347050644
0.4364364364364364	0.04689044558052932
0.43743743743743746	0.043172426809625214
0.43843843843843844	0.039458180237241396
0.4394394394394394	0.03574751672527368
0.44044044044044045	0.03204024140972196
0.44144144144144143	0.028336151030293875
0.44244244244244246	0.024635042929942074
0.44344344344344344	0.020936703168454775
0.4444444444444444	0.0172409086797995
0.44544544544544545	0.013547423148923286
0.44644644644644643	0.009855990702262037
0.44744744744744747	0.0061663257998390095
0.44844844844844844	0.0024780928243023654
0.4494494494494494	-0.0012091248686972944
0.45045045045045046	-0.004895558854634347
0.45145145145145144	-0.008580700452631535
0.45245245245245247	-0.012264185521185973
0.45345345345345345	-0.015945717634510546
0.4544544544544544	-0.01962503605275131
0.45545545545545546	-0.023301902585648814
0.45645645645645644	-0.026976095722787224
0.4574574574574575	-0.030647408349177483
0.45845845845845845	-0.03431563953262824
0.45945945945945943	-0.03798059836444444
0.46046046046046046	-0.041642098559118566
0.46146146146146144	-0.045299960126268225
0.4624624624624625	-0.04895400730590539
0.46346346346346345	-0.05260406848556305
0.46446446446446443	-0.05624997561746092
0.46546546546546547	-0.05989156311681509
0.46646646646646645	-0.06352866913446022
0.4674674674674675	-0.06716113571707744
0.46846846846846846	-0.07078880559530933
0.4694694694694695	-0.07441152334086248
0.47047047047047047	-0.07802913707948889
0.47147147147147145	-0.0816414964774194
0.4724724724724725	-0.08524845219819505
0.47347347347347346	-0.08884985770097892
0.4744744744744745	-0.09244556816065784
0.4754754754754755	-0.09603543964452249
0.47647647647647645	-0.09961933040022043
0.4774774774774775	-0.10319710036246571
0.47847847847847846	-0.10676861048263311
0.4794794794794795	-0.11033372345222547
0.4804804804804805	-0.11389230355377178
0.48148148148148145	-0.11744421601620711
0.4824824824824825	-0.12098932770037261
0.48348348348348347	-0.12452750710086877
0.4844844844844845	-0.1280586242061576
0.4854854854854855	-0.13158255049829726
0.48648648648648646	-0.13509915825480953
0.4874874874874875	-0.13860832081342908
0.48848848848848847	-0.14210991332650832
0.4894894894894895	-0.14560381232136516
0.4904904904904905	-0.14908989570028133
0.49149149149149146	-0.15256804262236584
0.4924924924924925	-0.15603813329279043
0.4934934934934935	-0.1595000494436922
0.4944944944944945	-0.16295367415445336
0.4954954954954955	-0.16639889183650966
0.4964964964964965	-0.16983558822879624
0.4974974974974975	-0.1732636503572369
0.4984984984984985	-0.17668296658917002
0.4994994994994995	-0.18009342662629385
0.5005005005005005	-0.1834949214971021
0.5015015015015015	-0.18688734355765504
0.5025025025025025	-0.19027058658200588
0.5035035035035035	-0.19364454569990855
0.5045045045045045	-0.1970091173395599
0.5055055055055055	-0.20036419926933502
0.5065065065065065	-0.20370969059778565
0.5075075075075075	-0.20704549193719238
0.5085085085085085	-0.21037150548710762
0.5095095095095095	-0.21368763454104675
0.5105105105105106	-0.21699378373769787
0.5115115115115115	-0.22028985906954887
0.5125125125125125	-0.2235757678828895
0.5135135135135135	-0.22685141887781002
0.5145145145145145	-0.23011672210820147
0.5155155155155156	-0.23337158898175608
0.5165165165165165	-0.23661593225996588
0.5175175175175175	-0.23984966637772548
0.5185185185185185	-0.24307270800656575
0.5195195195195195	-0.24628497447113346
0.5205205205205206	-0.24948638442100465
0.5215215215215215	-0.2526768578979829
0.5225225225225225	-0.2558563163361012
0.5235235235235235	-0.25902468256162076
0.5245245245245245	-0.2621818807930313
0.5255255255255256	-0.2653278366410512
0.5265265265265265	-0.2684624771086264
0.5275275275275275	-0.2715857307425809
0.5285285285285285	-0.27469752821754745
0.5295295295295295	-0.2777978011273888
0.5305305305305306	-0.2808864823899856
0.5315315315315315	-0.28396350634386697
0.5325325325325325	-0.28702880874821246
0.5335335335335335	-0.29008232678285084
0.5345345345345345	-0.29312399904826014
0.5355355355355356	-0.2961537655655683
0.5365365365365365	-0.29917156777655163
0.5375375375375375	-0.30217734855856415
0.5385385385385385	-0.30517105234194103
0.5395395395395395	-0.3081526249119826
0.5405405405405406	-0.31112201345224444
0.5415415415415415	-0.3140791665718442
0.5425425425425425	-0.3170240343054638
0.5435435435435435	-0.31995656811334783
0.5445445445445445	-0.3228767208813042
0.5455455455455456	-0.3257844469207042
0.5465465465465466	-0.3286797019684814
0.5475475475475475	-0.33156244315573413
0.5485485485485485	-0.3344326284514545
0.5495495495495496	-0.337290217440363
0.5505505505505506	-0.3401351712943485
0.5515515515515516	-0.3429674525884262
0.5525525525525525	-0.34578702530073674
0.5535535535535535	-0.34859385481254646
0.5545545545545546	-0.35138790790824787
0.5555555555555556	-0.35416915277535793
0.5565565565565566	-0.35693755900452057
0.5575575575575575	-0.35969309758225154
0.5585585585585585	-0.3624357403300019
0.5595595595595596	-0.3651654600073953
0.5605605605605606	-0.3678822307890297
0.5615615615615616	0.2298413202762167
0.5625625625625625	0.22573456708387077
0.5635635635635635	0.22164073509317397
0.5645645645645646	0.2175595934288676
0.5655655655655656	0.213490913758873
0.5665665665665666	0.20943447014097835
0.5675675675675675	0.20539003904306904
0.5685685685685685	0.20135739942628633
0.5695695695695696	0.1973363325995231
0.5705705705705706	0.19332662215433655
0.5715715715715716	0.18932805389985663
0.5725725725725725	0.18534041579769853
0.5735735735735735	0.18136349782886804
0.5745745745745746	0.17739709174678722
0.5755755755755756	0.17344099137277286
0.5765765765765766	0.16949499240045957
0.5775775775775776	0.16555889230949464
0.5785785785785785	0.16163249029744953
0.5795795795795796	0.15771558721173146
0.5805805805805806	0.15380798551542518
0.5815815815815816	0.14990948988144964
0.5825825825825826	0.1460199063750156
0.5835835835835835	0.1421390423512348
0.5845845845845846	0.13826670658513238
0.5855855855855856	0.13440270921185732
0.5865865865865866	0.13054686166688884
0.5875875875875876	0.12669897662624705
0.5885885885885885	0.12285886796239728
0.5895895895895896	0.11902635068576123
0.5905905905905906	0.1152012408566603
0.5915915915915916	0.1113833555408469
0.5925925925925926	0.10757251275013764
0.5935935935935935	0.10376853138294262
0.5945945945945946	0.09997123116479474
0.5955955955955956	0.09618043240865685
0.5965965965965966	0.09239595521789055
0.5975975975975976	0.0886176206934613
0.5985985985985985	0.08484525048747259
0.5995995995995996	0.08107866663836559
0.6006006006006006	0.07731769150090376
0.6016016016016016	0.07356214767615328
0.6026026026026026	0.06981185786769284
0.6036036036036035	0.06606664203971646
0.6046046046046046	0.06232632001646134
0.6056056056056056	0.05859071215463986
0.6066066066066066	0.05485963822868736
0.6076076076076076	0.05113291732460532
0.6086086086086087	0.047410367733801986
0.6096096096096096	0.04369180684693551
0.6106106106106106	0.039977047704855585
0.6116116116116116	0.03626589550659791
0.6126126126126126	0.03255815555989389
0.6136136136136137	0.028853629532455204
0.6146146146146146	0.025152114987037264
0.6156156156156156	0.021453399710435687
0.6166166166166166	0.017757257273470602
0.6176176176176176	0.014063454830213217
0.6186186186186187	0.010371748074522177
0.6196196196196196	0.006681855326498938
0.6206206206206206	0.0029934444367634722
0.6216216216216216	-0.0006938922448029043
0.6226226226226226	-0.004380432773459755
0.6236236236236237	-0.008065779328176228
0.6246246246246246	-0.0117495152470945
0.6256256256256256	-0.015431339639045442
0.6266266266266266	-0.019110984323103996
0.6276276276276276	-0.0227882097891858
0.6286286286286287	-0.026462792546779107
0.6296296296296297	-0.030134521636511383
0.6306306306306306	-0.033803197169146496
0.6316316316316316	-0.037468628284683135
0.6326326326326326	-0.041130624620635686
0.6336336336336337	-0.0447890078008852
0.6346346346346347	-0.04844359965246712
0.6356356356356356	-0.05209422989944841
0.6366366366366366	-0.05574072932773937
0.6376376376376376	-0.05938293155750584
0.6386386386386387	-0.06302067529803464
0.6396396396396397	-0.06665379970167319
0.6406406406406406	-0.07028214807495797
0.6416416416416416	-0.0739055672548956
0.6426426426426426	-0.07752390285891622
0.6436436436436437	-0.08113700431559687
0.6446446446446447	-0.08474472412719915
0.6456456456456456	-0.08834691421960895
0.6466466466466466	-0.09194342906246594
0.6476476476476476	-0.09553412522504925
0.6486486486486487	-0.0991188603664485
0.6496496496496497	-0.10269749399251027
0.6506506506506506	-0.10626988726067856
0.6516516516516516	-0.10983590248605786
0.6526526526526526	-0.11339540363159874
0.6536536536536537	-0.11694825610328233
0.6546546546546547	-0.12049432634157957
0.6556556556556556	-0.12403348251576729
0.6566566566566566	-0.12756559430599831
0.6576576576576576	-0.13109053286395123
0.6586586586586587	-0.134608170804877
0.6596596596596597	-0.13811838144722088
0.6606606606606606	-0.141621039379166
0.6616616616616616	-0.14511602089781647
0.6626626626626626	-0.14860320366767324
0.6636636636636637	-0.15208246672063452
0.6646646646646647	-0.1555536903714332
0.6656656656656657	-0.15901675597370954
0.6666666666666666	-0.16247154638690786
0.6676676676676676	-0.16591794582424588
0.6686686686686687	-0.16935583982851787
0.6696696696696697	-0.1727851152719871
0.6706706706706707	-0.1762056603485257
0.6716716716716716	-0.17961736457985072
0.6726726726726726	-0.18302011881953467
0.6736736736736737	-0.18641381524967118
0.6746746746746747	-0.18979834738087342
0.6756756756756757	-0.19317361009067308
0.6766766766766766	-0.19653949972416057
0.6776776776776777	-0.19989591389449599
0.6786786786786787	-0.20324275155013208
0.6796796796796797	-0.20657991298424283
0.6806806806806807	-0.20990729983624148
0.6816816816816816	-0.21322481520206654
0.6826826826826827	-0.21653236361564235
0.6836836836836837	0.1339260990308296
0.6846846846846847	0.13007124476263973
0.6856856856856857	0.12622433004618758
0.6866866866866866	0.12238516893125778
0.6876876876876877	0.118553576577218
0.6886886886886887	0.11472936917375402
0.6896896896896897	0.11091236385096546
0.6906906906906907	0.10710237865846634
0.6916916916916916	0.1032992324776507
0.6926926926926927	0.09950274495089215
0.6936936936936937	0.09571273641242992
0.6946946946946947	0.09192902781925084
0.6956956956956957	0.08815144052763747
0.6966966966966966	0.08437979561299815
0.6976976976976977	0.08061391484752534
0.6986986986986987	0.0768536203075647
0.6996996996996997	0.07309873421957364
0.7007007007007007	0.06934907888143443
0.7017017017017017	0.06560447658376527
0.7027027027027027	0.06186474919777044
0.7037037037037037	0.05812971530264981
0.7047047047047047	0.05439919361901949
0.7057057057057057	0.050673002356408224
0.7067067067067067	0.046950958600327664
0.7077077077077077	0.04323287816938665
0.7087087087087087	0.03951857454192442
0.7097097097097097	0.03580785376964501
0.7107107107107107	0.03210052042819654
0.7117117117117117	0.02839637591713632
0.7127127127127127	0.024695217584325507
0.7137137137137137	0.020996833282127883
0.7147147147147147	0.017300994587498005
0.7157157157157157	0.013607466236269449
0.7167167167167167	0.009916000208874398
0.7177177177177178	0.006226309379704409
0.7187187187187187	0.0025380547848989927
0.7197197197197197	-0.0011491775865451182
0.7207207207207207	-0.00483561176577168
0.7217217217217217	-0.008520777866281009
0.7227227227227228	-0.012204292910901315
0.7237237237237237	-0.01588586285145499
0.7247247247247247	-0.01956522121905596
0.7257257257257257	-0.02324213162012841
0.7267267267267267	-0.02691637297758863
0.7277277277277278	-0.030587735930416606
0.7287287287287287	-0.034256021383222056
0.7297297297297297	-0.03792103845005416
0.7307307307307307	-0.041582597959861335
0.7317317317317317	-0.04524052245784225
0.7327327327327328	-0.04889463416102952
0.7337337337337337	-0.052544763245991305
0.7347347347347347	-0.05619074035908515
0.7357357357357357	-0.05983240127551352
0.7367367367367368	-0.06346958261300584
0.7377377377377378	-0.0671021252572121
0.7387387387387387	-0.07072987354134837
0.7397397397397397	-0.07435267320126505
0.7407407407407407	-0.07797037027282432
0.7417417417417418	-0.08158281558721928
0.7427427427427428	-0.0851898606339732
0.7437437437437437	-0.08879135765932732
0.7447447447447447	-0.092387161789199
0.7457457457457457	-0.09597712947272928
0.7467467467467468	-0.09956111867262228
0.7477477477477478	-0.1031389892369995
0.7487487487487487	-0.10671060227854225
0.7497497497497497	-0.11027582039063072
0.7507507507507507	-0.11383450779039006
0.7517517517517518	-0.11738652973246909
0.7527527527527528	-0.12093175305563836
0.7537537537537538	-0.12447004621364703
0.7547547547547547	-0.12800127914788817
0.7557557557557557	-0.13152532328739927
0.7567567567567568	0.08073754703130713
0.7577577577577578	0.07697707366773103
0.7587587587587588	0.07322201506909506
0.7597597597597597	0.0694721931455323
0.7607607607607607	0.06572742947362219
0.7617617617617618	0.06198754517501874
0.7627627627627628	0.05825236022820955
0.7637637637637638	0.05452169176395922
0.7647647647647647	0.05079535844678611
0.7657657657657657	0.0470731792822275
0.7667667667667668	0.043354972515483106
0.7677677677677678	0.039640545149668936
0.7687687687687688	0.03592970589952711
0.7697697697697697	0.032222265394326405
0.7707707707707707	0.02851802002653755
0.7717717717717718	0.024816764315009787
0.7727727727727728	0.02111829025855555
0.7737737737737738	0.017422364354071754
0.7747747747747747	0.01372876276477017
0.7757757757757757	0.010037229884691416
0.7767767767767768	0.006347480159083337
0.7777777777777778	0.0026591731479293063
0.7787787787787788	-0.0010280682558508234
0.7797797797797797	-0.004714522694358135
0.7807807807807807	-0.008399737352843406
0.7817817817817818	-0.012083314794937336
0.7827827827827828	-0.01576495141724692
0.7837837837837838	-0.019444385854854137
0.7847847847847848	-0.0231213799569174
0.7857857857857857	-0.026795711999225393
0.7867867867867868	-0.030467174436633236
0.7877877877877878	-0.034135564291388344
0.7887887887887888	-0.03780069079208814
0.7897897897897898	-0.04146236650632161
0.7907907907907907	-0.045120412829768905
0.7917917917917918	-0.048774652549086084
0.7927927927927928	-0.05242491455045405
0.7937937937937938	-0.05607102938252859
0.7947947947947948	-0.05971283219262957
0.7957957957957957	-0.06335016261705713
0.7967967967967968	-0.06698286059641553
0.7977977977977978	-0.07061076864805879
0.7987987987987988	-0.07423373378346812
0.7997997997997998	-0.0778516022654629
0.8008008008008007	-0.08146422335451045
0.8018018018018018	0.04837610115091146
0.8028028028028028	0.044656527266061015
0.8038038038038038	0.04094079861141071
0.8048048048048048	0.0372287274660611
0.8058058058058059	0.03352012060824589
0.8068068068068068	0.029814777301632043
0.8078078078078078	0.0261125008403042
0.8088088088088088	0.022413074672846846
0.8098098098098098	0.0187162806162846
0.8108108108108109	0.01502189913386896
0.8118118118118118	0.011329671636342246
0.8128128128128128	0.007639332923747761
0.8138138138138138	0.003950564441679434
0.8148148148148148	0.00026296258557405707
0.8158158158158159	-0.003423815210039946
0.8168168168168168	-0.007109527689004687
0.8178178178178178	-0.010793714645194278
0.8188188188188188	-0.014476061594763175
0.8198198198198198	-0.018156295613835013
0.8208208208208209	-0.02183417038692611
0.8218218218218218	-0.0255094590943249
0.8228228228228228	-0.029181948113918
0.8238238238238238	-0.03285143539326809
0.8248248248248248	-0.036517727264276476
0.8258258258258259	-0.040180631878887485
0.8268268268268268	-0.04383997002377739
0.8278278278278278	-0.04749556118925441
0.8288288288288288	0.016052182337366418
0.8298298298298298	0.02826218540896335
0.8308308308308309	0.024561119601199752
0.8318318318318318	0.02086283301302765
0.8328328328328328	0.01716708917217831
0.8338338338338338	0.013473644392994503
0.8348348348348348	0.009782237660383407
0.8358358358358359	0.006092592986247821
0.8368368368368369	0.0024043712011846325
0.8378378378378378	-0.0012828776768395445
0.8388388388388388	-0.0049692708669905866
0.8398398398398398	-0.008654386552130276
0.8408408408408409	-0.012337844173203836
0.8418418418418419	-0.016019339310113245
0.8428428428428428	-0.01969861251488103
0.8438438438438438	-0.023375429603032266
0.8448448448448448	-0.027049569919740325
0.8458458458458459	-0.030720824602762913
0.8468468468468469	0.017483091155499102
0.8478478478478478	0.01378946091644406
0.8488488488488488	0.010097895673268197
0.8498498498498498	0.006408116237766029
0.8508508508508509	0.0027197804827830832
0.8518518518518519	-0.0009674337869476886
0.8528528528528528	-0.004653821581769659
0.8538538538538538	-0.008339060351864052
0.8548548548548548	-0.012022664935509922
0.8558558558558559	-0.015704336632640505
0.8568568568568569	-0.019383807738624033
0.8578578578578578	0.00938098084012919
0.8588588588588588	0.005691513795753468
0.8598598598598598	0.0020034236392893596
0.8608608608608609	-0.0016837185605243787
0.8618618618618619	-0.005369996126982451
0.8628628628628628	-0.009054943342899772
0.8638638638638638	0.007584381918967148
0.8648648648648649	0.0038956428431048636
0.8658658658658659	0.00020805986325770224
0.8668668668668669	-0.00347872169960923
0.8678678678678678	-0.007164411852735148
0.8688688688688688	0.0018913445832630705
0.8698698698698699	-0.001795788851514148
0.8708708708708709	0.0025216863821525253
0.8718718718718719	-0.0011655800989112406
0.8728728728728729	0.0001885586452382217
0.8738738738738738	-0.0003082568229801867
0.8748748748748749	0.00015188189958670025
0.8758758758758759	-2.3926723077213396e-06
0.8768768768768769	-9.200178331513542e-08
0.8778778778778779	2.8646878732497873e-09
0.8788788788788788	8.586145294944982e-12
0.8798798798798799	1.6565838787362296e-12
0.8808808808808809	1.021722820519855e-12
0.8818818818818819	3.868617623034802e-13
0.8828828828828829	-3.3449425223432635e-14
0.8838838838838838	-2.3485334020972666e-14
0.8848848848848849	-1.3521242818511595e-14
0.8858858858858859	-3.557151616051626e-15
0.8868868868868869	-6.680822084640115e-16
0.8878878878878879	-6.52064846996642e-16
0.8888888888888888	-6.360474855292724e-16
0.8898898898898899	-6.200301240619011e-16
0.8908908908908909	-6.040127625945316e-16
0.8918918918918919	-5.87995401127162e-16
0.8928928928928929	-5.719780396597924e-16
0.8938938938938938	-5.559606781924229e-16
0.8948948948948949	-5.399433167250516e-16
0.8958958958958959	-5.23925955257682e-16
0.8968968968968969	-5.079085937903124e-16
0.8978978978978979	-4.918912323229429e-16
0.8988988988988988	-4.758738708555734e-16
0.8998998998998999	-4.598565093882021e-16
0.9009009009009009	-4.438391479208325e-16
0.9019019019019019	-4.27821786453463e-16
0.9029029029029029	-4.1180442498609346e-16
0.9039039039039038	-3.957870635187239e-16
0.9049049049049049	-3.797697020513526e-16
0.9059059059059059	-3.63752340583983e-16
0.9069069069069069	-3.477349791166134e-16
0.9079079079079079	-3.3171761764924393e-16
0.9089089089089089	-3.1570025618187435e-16
0.9099099099099099	-2.99682894714503e-16
0.9109109109109109	-2.8366553324713346e-16
0.9119119119119119	-2.6764817177976393e-16
0.9129129129129129	-2.516308103123944e-16
0.9139139139139139	-2.3561344884502487e-16
0.914914914914915	-2.1959608737765351e-16
0.9159159159159159	-2.0357872591028398e-16
0.9169169169169169	-1.875613644429144e-16
0.9179179179179179	-1.7154400297554487e-16
0.9189189189189189	-1.5552664150817534e-16
0.91991991991992	-1.39509280040804e-16
0.9209209209209209	-1.2349191857343445e-16
0.9219219219219219	-1.0747455710606491e-16
0.9229229229229229	-9.668034761286974e-17
0.9239239239239239	-9.11958701464266e-17
0.924924924924925	-8.571139267998282e-17
0.9259259259259259	-8.022691521353968e-17
0.9269269269269269	-7.474243774709652e-17
0.9279279279279279	-6.925796028065338e-17
0.9289289289289289	-6.377348281421021e-17
0.92992992992993	-5.828900534776646e-17
0.9309309309309309	-5.280452788132332e-17
0.9319319319319319	-4.7320050414880157e-17
0.9329329329329329	-4.1835572948436993e-17
0.933933933933934	-3.635109548199326e-17
0.934934934934935	-3.08666180155501e-17
0.9359359359359359	-2.5382140549106936e-17
0.9369369369369369	-1.9897663082663797e-17
0.9379379379379379	-1.4413185616220634e-17
0.938938938938939	-8.928708149776879e-18
0.93993993993994	-3.4442306833337275e-18
0.9409409409409409	2.0402467831094236e-18
0.9419419419419419	7.524724249552575e-18
0.9429429429429429	1.3009201715995738e-17
0.943943943943944	1.8493679182439493e-17
0.944944944944945	2.3978156648882644e-17
0.9459459459459459	2.9462634115325795e-17
0.9469469469469469	3.4947111581768934e-17
0.9479479479479479	4.04315890482121e-17
0.948948948948949	4.591606651465585e-17
0.94994994994995	5.1400543981099004e-17
0.950950950950951	5.688502144754217e-17
0.9519519519519519	6.23694989139853e-17
0.9529529529529529	6.785397638042847e-17
0.953953953953954	7.333845384687222e-17
0.954954954954955	7.882293131331538e-17
0.955955955955956	8.430740877975853e-17
0.9569569569569569	8.979188624620168e-17
0.9579579579579579	9.527636371264483e-17
0.958958958958959	9.914507134345236e-17
0.95995995995996	9.8870971129228e-17
0.960960960960961	9.859687091500365e-17
0.9619619619619619	9.832277070077928e-17
0.9629629629629629	9.804867048655493e-17
0.963963963963964	9.777457027233052e-17
0.964964964964965	9.750047005810617e-17
0.965965965965966	9.722636984388182e-17
0.9669669669669669	9.695226962965745e-17
0.9679679679679679	9.66781694154331e-17
0.968968968968969	9.64040692012087e-17
0.96996996996997	9.612996898698434e-17
0.970970970970971	9.585586877275998e-17
0.9719719719719719	9.558176855853563e-17
0.9729729729729729	9.530766834431127e-17
0.973973973973974	9.503356813008688e-17
0.974974974974975	9.475946791586252e-17
0.975975975975976	9.448536770163816e-17
0.9769769769769769	9.42112674874138e-17
0.9779779779779779	9.393716727318943e-17
0.978978978978979	9.366306705896506e-17
0.97997997997998	9.338896684474069e-17
0.980980980980981	9.311486663051634e-17
0.9819819819819819	9.284076641629197e-17
0.9829829829829829	9.256666620206762e-17
0.983983983983984	9.229256598784323e-17
0.984984984984985	9.201846577361887e-17
0.985985985985986	9.174436555939451e-17
0.986986986986987	9.147026534517016e-17
0.9879879879879879	9.119616513094579e-17
0.988988988988989	9.09220649167214e-17
0.98998998998999	9.064796470249705e-17
0.990990990990991	9.03738644882727e-17
0.991991991991992	9.009976427404833e-17
0.992992992992993	8.982566405982394e-17
0.993993993993994	8.955156384559957e-17
0.994994994994995	8.927746363137521e-17
0.995995995995996	8.900336341715085e-17
0.996996996996997	8.87292632029265e-17
0.997997997997998	8.845516298870211e-17
0.998998998998999	8.818106277447775e-17
1.0	8.790696256025339e-17
